6.915332078933715820e-01
6.956112980842590332e-01
6.910969018936157227e-01
6.821457147598266602e-01
6.678080558776855469e-01
6.809036731719970703e-01
6.440091133117675781e-01
6.352173089981079102e-01
6.166679859161376953e-01
6.205832362174987793e-01
5.875533223152160645e-01
5.658344030380249023e-01
5.154792666435241699e-01
5.309186577796936035e-01
5.174449086189270020e-01
5.219366550445556641e-01
5.393332242965698242e-01
4.686144888401031494e-01
4.852882921695709229e-01
4.708021581172943115e-01
4.514525234699249268e-01
4.722051024436950684e-01
4.877287745475769043e-01
4.732961654663085938e-01
4.538611471652984619e-01
4.446081519126892090e-01
4.111180305480957031e-01
4.567641615867614746e-01
4.440653920173645020e-01
3.967182934284210205e-01
3.977980911731719971e-01
3.734338879585266113e-01
4.096016585826873779e-01
4.017051756381988525e-01
4.098139405250549316e-01
4.249426126480102539e-01
3.932133615016937256e-01
4.116287827491760254e-01
3.663578927516937256e-01
3.949671685695648193e-01
3.993036746978759766e-01
3.735626935958862305e-01
3.932769894599914551e-01
3.528268337249755859e-01
3.247069418430328369e-01
3.771793246269226074e-01
3.001541495323181152e-01
4.002478420734405518e-01
3.554148674011230469e-01
4.162424206733703613e-01
3.373925983905792236e-01
3.161720335483551025e-01
3.438372313976287842e-01
3.647995293140411377e-01
3.108727037906646729e-01
3.398070633411407471e-01
3.107198178768157959e-01
3.069658577442169189e-01
3.381485044956207275e-01
3.777067065238952637e-01
3.658994138240814209e-01
3.630923926830291748e-01
4.033592939376831055e-01
4.150051772594451904e-01
3.405311107635498047e-01
3.766700923442840576e-01
3.244697153568267822e-01
3.794852793216705322e-01
3.641397953033447266e-01
2.626768052577972412e-01
2.798123955726623535e-01
2.618221640586853027e-01
2.857821285724639893e-01
2.740648686885833740e-01
2.892681360244750977e-01
3.617617189884185791e-01
