1.966184750199317932e-02
1.056825816631317139e-01
4.060174338519573212e-03
1.781240454874932766e-03
2.369688078761100769e-02
4.531838893890380859e+00
1.200317498296499252e-02
1.837010262534022331e-03
4.571320023387670517e-03
3.773347735404968262e-01
8.035738952457904816e-03
1.583866961300373077e-02
3.911906480789184570e-02
1.182658784091472626e-02
1.280307420529425144e-03
1.000430155545473099e-02
1.353527652099728584e-03
5.465013440698385239e-03
1.475174445658922195e-02
5.496295052580535412e-04
5.079412832856178284e-02
2.205494232475757599e-02
1.297518610954284668e-01
2.262933552265167236e-02
9.939328432083129883e-01
9.237614460289478302e-03
4.240324720740318298e-02
3.585405647754669189e-02
7.491964846849441528e-02
5.609778761863708496e-01
3.934944397769868374e-04
8.189447544282302260e-05
5.915950518101453781e-03
2.427839860320091248e-02
2.762543596327304840e-02
1.014800742268562317e-02
4.049206152558326721e-03
2.833196485880762339e-04
4.585871472954750061e-03
3.207800211384892464e-03
1.889012604951858521e-01
7.193388789892196655e-02
1.894344808533787727e-03
8.015856742858886719e+00
1.403507590293884277e-01
1.051832586526870728e-01
7.559295278042554855e-03
3.382050991058349609e-01
1.789557165466248989e-03
1.648890972137451172e-02
9.533800184726715088e-02
3.550818935036659241e-02
1.034381017088890076e-01
2.626546286046504974e-02
4.114958865102380514e-04
1.837060204707086086e-03
3.330898936837911606e-03
6.372887175530195236e-03
2.404581196606159210e-02
7.824193954467773438e+00
1.041441131383180618e-02
8.780882835388183594e+00
9.261811152100563049e-03
2.280970569700002670e-03
6.970447301864624023e-02
2.167654223740100861e-02
1.362789124250411987e-01
1.325815357267856598e-02
5.591971874237060547e-01
6.172954440116882324e-01
6.794200453441590071e-05
7.781277298927307129e-01
8.759883348830044270e-04
3.539533168077468872e-02
6.570578366518020630e-02
2.270036190748214722e-02
3.780602943152189255e-03
3.416911512613296509e-02
2.377230115234851837e-02
8.941806852817535400e-03
8.334396034479141235e-02
9.882180951535701752e-03
1.741888187825679779e-02
1.545718114357441664e-04
1.696552382782101631e-03
1.077068503946065903e-03
2.752463478827849030e-05
2.096862159669399261e-02
4.231270849704742432e-01
4.584788985084742308e-04
7.413944229483604431e-03
6.472680717706680298e-03
1.378441811539232731e-03
4.037693887948989868e-02
7.625233847647905350e-04
6.610838174819946289e-01
3.457516729831695557e-01
6.420978158712387085e-02
9.524995693936944008e-04
6.143006309866905212e-02
1.578755736351013184e+00
3.535946831107139587e-02
1.079696114175021648e-03
1.305896136909723282e-02
1.223616488277912140e-02
4.783664345741271973e-01
5.298634618520736694e-02
1.062953937798738480e-02
2.517420798540115356e-02
1.401463598012924194e-01
8.749856054782867432e-02
2.528253793716430664e-01
4.518584161996841431e-02
4.865278303623199463e-02
1.287135109305381775e-02
2.864584699273109436e-02
2.964574471116065979e-02
5.562404636293649673e-03
2.488158410415053368e-03
3.279224410653114319e-02
7.292206864804029465e-04
1.203026771545410156e+01
5.055860280990600586e-01
3.486641645431518555e-01
1.102760215871967375e-04
1.470041573047637939e-01
1.347158290445804596e-02
2.978378615807741880e-04
5.761297419667243958e-02
3.650256246328353882e-02
9.981790781021118164e-01
1.913901604712009430e-02
1.954159000888466835e-03
8.610218646936118603e-04
3.951882943511009216e-02
1.149587053805589676e-02
2.588903158903121948e-02
1.592807412147521973e+00
1.415713280439376831e-01
3.155157566070556641e-01
1.048213336616754532e-02
5.850140005350112915e-03
7.580657005310058594e-01
7.635775208473205566e-01
1.903833389282226562e+01
2.479442022740840912e-02
1.851998567581176758e-01
9.637756273150444031e-03
4.779836535453796387e-02
6.755174137651920319e-03
7.988708093762397766e-03
6.725794076919555664e-02
1.132343858480453491e-01
1.812784932553768158e-02
9.640689194202423096e-02
8.181053213775157928e-03
1.471275649964809418e-02
2.842934243381023407e-02
1.355141517706215382e-03
4.287732299417257309e-03
3.565674275159835815e-02
2.849457378033548594e-04
1.000658944249153137e-01
1.924474239349365234e-01
2.256753444671630859e-01
9.758519381284713745e-02
8.545521646738052368e-02
1.211951747536659241e-01
8.669180870056152344e-01
3.647414851002395153e-04
1.471294555813074112e-02
1.163598224520683289e-01
7.843312050681561232e-05
7.637697737663984299e-03
3.175072744488716125e-02
1.508302330970764160e+00
1.438708230853080750e-02
8.631167002022266388e-03
1.055998448282480240e-02
9.753700345754623413e-02
2.877345681190490723e-02
3.249883279204368591e-02
1.269095987081527710e-01
3.704980388283729553e-02
1.088105082511901855e+00
1.095689553767442703e-02
4.639321938157081604e-03
4.038894549012184143e-02
3.183911740779876709e-01
2.488314919173717499e-02
1.399194002151489258e-01
2.255927398800849915e-02
1.280486321775242686e-04
1.202560737729072571e-01
1.979557573795318604e-01
1.910376735031604767e-02
2.739281356334686279e-01
4.402589797973632812e-02
2.861391520127654076e-03
1.734815165400505066e-02
2.313083503395318985e-03
3.014576248824596405e-02
1.118417270481586456e-02
1.645455509424209595e-02
4.030847456306219101e-03
3.133197315037250519e-03
1.474725306034088135e-01
1.092665576934814453e+01
2.778405556455254555e-03
1.561470562592148781e-03
2.959459321573376656e-03
3.109590709209442139e-02
7.582999387523159385e-05
8.713293075561523438e-01
2.193278074264526367e-02
1.540304303169250488e+00
1.073139831423759460e-01
1.559005863964557648e-02
3.274588962085545063e-04
2.632048726081848145e-01
3.903833627700805664e-01
4.920123610645532608e-03
1.643315656110644341e-03
1.930100284516811371e-02
5.010718086850829422e-05
4.031891375780105591e-02
8.946314337663352489e-04
3.056018829345703125e+00
2.421736270189285278e-01
4.451757296919822693e-03
1.340044848620891571e-02
8.663497865200042725e-03
1.752671040594577789e-02
2.016743645071983337e-03
1.192760914564132690e-01
1.305327098816633224e-02
7.203358411788940430e-02
2.764198463410139084e-03
1.831004619598388672e-01
2.472338674124330282e-04
4.894946515560150146e-02
2.877672947943210602e-02
1.315643638372421265e-01
2.571567427366971970e-03
8.174802176654338837e-03
6.738049909472465515e-03
2.415217086672782898e-02
5.537873134016990662e-02
2.710116282105445862e-02
5.208687111735343933e-02
2.207473292946815491e-02
6.944897174835205078e-01
5.506074012373574078e-05
4.344828054308891296e-02
8.011283352971076965e-03
2.072148919105529785e-01
2.491069793701171875e+00
1.864911243319511414e-02
8.700454607605934143e-03
8.038941025733947754e-02
3.756619989871978760e-03
3.959221648983657360e-04
9.097292423248291016e-01
2.807155996561050415e-02
3.563938662409782410e-03
2.306086942553520203e-02
9.739633649587631226e-03
1.162748098373413086e+00
4.163345787674188614e-03
3.633520565927028656e-03
1.797975897789001465e+00
2.773709036409854889e-02
4.933627843856811523e-01
1.747098867781460285e-03
1.002098782919347286e-03
1.066703721880912781e-02
6.344824563711881638e-03
7.383768912404775620e-03
2.436264306306838989e-01
7.408680915832519531e-01
1.403984874486923218e-01
9.106227196753025055e-03
5.377892870455980301e-03
6.311848759651184082e-03
1.179164610221050680e-04
4.224198870360851288e-03
3.654143810272216797e+00
1.026734232902526855e+00
3.785529115702956915e-04
4.173275083303451538e-02
6.608183961361646652e-03
1.066189492121338844e-03
7.662835717201232910e-02
2.041611261665821075e-02
4.530274891294538975e-04
1.135993003845214844e-02
2.344780042767524719e-02
3.727002814412117004e-02
1.845727920532226562e+00
3.810113668441772461e-02
7.311415672302246094e-01
4.682542979717254639e-01
7.172810286283493042e-02
7.441351413726806641e-01
1.523877263069152832e+00
5.754934158176183701e-03
1.654717884957790375e-02
6.097314134240150452e-02
5.364630836993455887e-03
8.331400156021118164e-02
6.763585805892944336e-01
4.803308099508285522e-02
8.501101285219192505e-03
2.285742461681365967e-01
2.408624626696109772e-03
2.805398404598236084e-02
6.590970442630350590e-04
3.509443104267120361e-01
1.579373609274625778e-03
4.566507413983345032e-03
2.138853818178176880e-01
8.978580008260905743e-04
6.845748052000999451e-03
3.925433009862899780e-02
3.297668648883700371e-03
3.190895020961761475e-01
3.311709035187959671e-03
3.419798798859119415e-03
6.140996702015399933e-03
1.953376457095146179e-03
2.023468958213925362e-03
1.923385262489318848e-01
4.554816056042909622e-03
9.768550284206867218e-03
6.218447349965572357e-03
6.426705978810787201e-03
4.432253539562225342e-03
3.534892341122031212e-03
1.274066977202892303e-02
1.360501050949096680e-01
1.682600239291787148e-03
4.039155028294771910e-04
2.918329788371920586e-03
1.437286972999572754e+00
7.198646781034767628e-04
8.470329456031322479e-03
1.223406717181205750e-01
2.680576033890247345e-02
2.780577167868614197e-02
2.202644012868404388e-02
6.553597748279571533e-02
1.033073067665100098e-01
6.416279211407527328e-05
1.226774696260690689e-02
2.355694770812988281e-03
1.501096761785447598e-03
1.868362165987491608e-02
1.576158218085765839e-02
3.041866421699523926e-02
3.984496369957923889e-02
1.824436336755752563e-02
8.479316602461040020e-04
1.588184572756290436e-02
7.093996740877628326e-03
1.360681802034378052e-01
9.745993651449680328e-03
5.836157500743865967e-02
8.614365942776203156e-04
9.242203831672668457e-02
2.590200747363269329e-04
1.029410362243652344e-01
1.014534905552864075e-01
5.147715657949447632e-02
1.385002769529819489e-02
6.600122451782226562e-01
1.497516408562660217e-03
9.201789274811744690e-03
3.897516522556543350e-03
1.240720786154270172e-02
1.498991716653108597e-02
2.911754511296749115e-02
9.862907463684678078e-04
3.216256141662597656e+00
7.269848883152008057e-02
1.609430089592933655e-02
2.934603929519653320e+00
7.719956398010253906e+00
5.165559705346822739e-03
6.904442561790347099e-04
3.862697922158986330e-04
2.436761185526847839e-02
5.406997632235288620e-03
2.218318544328212738e-02
6.028665065765380859e+00
1.078112036339007318e-04
3.081000089645385742e+00
7.909607887268066406e-02
1.664896123111248016e-02
4.258744884282350540e-04
2.643479034304618835e-03
8.241641044616699219e+00
9.232872772216796875e+01
1.125261383056640625e+02
6.623744368553161621e-01
3.295294570922851562e+01
1.678425669670104980e+00
3.515343933105468750e+02
8.788099288940429688e+00
8.036341094970703125e+01
8.918244361877441406e+00
1.699018707275390625e+02
1.294651985168457031e+01
6.499217224121093750e+01
3.913872241973876953e-01
8.353324890136718750e+00
1.135998535156250000e+02
6.689639282226562500e+01
1.497781677246093750e+02
1.088780517578125000e+02
6.748049259185791016e+00
5.019933700561523438e+01
4.305021286010742188e+00
7.729503631591796875e+00
4.271129608154296875e+01
2.865756273269653320e+00
4.177101254463195801e-01
1.978478851318359375e+02
6.581618652343750000e+02
1.168911254882812500e+03
3.459340515136718750e+02
6.049774646759033203e+00
2.346767663955688477e+00
9.257116317749023438e+00
2.785941162109375000e+02
9.118670463562011719e+00
1.124585437774658203e+01
5.921962261199951172e-01
3.863692283630371094e-02
2.587774038314819336e+00
9.173690032958984375e+01
1.025031738281250000e+03
2.146704673767089844e+01
7.210367321968078613e-01
3.431486816406250000e+02
2.498831558227539062e+01
1.185073318481445312e+02
1.124221496582031250e+02
1.370511627197265625e+01
5.236576795578002930e-01
6.816147460937500000e+02
1.499764099121093750e+02
2.916687774658203125e+01
1.275181484222412109e+01
2.103532028198242188e+01
3.619682312011718750e+00
7.337737560272216797e+00
5.192390918731689453e+00
2.396884262561798096e-01
1.999366378784179688e+01
1.243572875976562500e+03
3.012227478027343750e+02
4.603533020019531250e+02
5.754531860351562500e+00
4.244252395629882812e+01
4.372110366821289062e+00
3.880096435546875000e+01
4.635985565185546875e+01
2.243545410156250000e+03
2.645189208984375000e+02
5.602103805541992188e+01
4.046936333179473877e-02
1.079243850708007812e+02
1.044985175132751465e+00
1.396002807617187500e+02
7.490947246551513672e+00
1.033803653717041016e+01
7.520783543586730957e-01
7.324660778045654297e+00
2.699328308105468750e+02
2.850237846374511719e+01
2.663212776184082031e+01
4.491068363189697266e+00
8.126822471618652344e+00
2.912724685668945312e+01
5.528473854064941406e+00
2.370114326477050781e+01
6.616686284542083740e-02
9.848423004150390625e+00
1.602311515808105469e+01
2.479846954345703125e+00
1.227001571655273438e+01
4.094783401489257812e+01
4.530755233764648438e+01
1.169812202453613281e+01
7.878536987304687500e+01
2.320446777343750000e+02
3.049283504486083984e+00
5.517723999023437500e+02
5.170571804046630859e-01
3.053781738281250000e+02
1.817696452140808105e+00
2.362603950500488281e+01
3.044471025466918945e+00
9.977357482910156250e+01
3.747041320800781250e+01
1.025461502075195312e+02
1.831047296524047852e+00
2.643372314453125000e+03
3.349465637207031250e+02
1.096396207809448242e+00
4.383049011230468750e-01
1.026198120117187500e+03
2.538350219726562500e+02
8.822708725929260254e-01
3.577550888061523438e+01
9.777237701416015625e+01
7.065724182128906250e+01
1.064897823333740234e+01
8.722579956054687500e+01
9.393404960632324219e+00
1.545184783935546875e+02
8.074457031250000000e+03
4.621702880859375000e+02
1.146352691650390625e+02
3.438272714614868164e+00
2.239579925537109375e+02
2.691783332824707031e+01
2.076448440551757812e+00
5.677880859375000000e+02
6.938745117187500000e+01
3.713054809570312500e+02
1.947581481933593750e+01
2.697407305240631104e-01
1.541492652893066406e+01
1.817256927490234375e+00
2.303286552429199219e+00
8.539445400238037109e-01
4.325743103027343750e+02
5.381967773437500000e+02
2.818626403808593750e+02
2.951814651489257812e+01
2.252515554428100586e+00
5.135318603515625000e+02
2.541728019714355469e+01
5.150147094726562500e+02
2.992735481262207031e+01
4.390579528808593750e+02
1.331389069557189941e+00
3.986968612670898438e+01
1.600719726562500000e+03
3.509032726287841797e-01
4.233568420410156250e+02
2.988769531250000000e+01
3.643969595432281494e-01
1.412976379394531250e+02
2.588260269165039062e+01
1.530992865562438965e+00
7.017203569412231445e-01
6.452723503112792969e+00
2.163724422454833984e+00
9.194220581054687500e+02
1.160635070800781250e+02
1.956380157470703125e+02
2.783057975769042969e+01
1.724694213867187500e+02
5.958698272705078125e+01
5.462020492553710938e+01
2.850967712402343750e+02
8.767846069335937500e+02
8.129791259765625000e+00
6.120955467224121094e+00
1.689805541992187500e+03
1.518939852714538574e+00
5.717586994171142578e+00
3.583876342773437500e+02
1.805383682250976562e+01
5.688782215118408203e+00
5.844993209838867188e+01
2.320719957351684570e+00
1.695959854125976562e+01
9.696767807006835938e+00
2.114352989196777344e+01
3.475714416503906250e+02
4.721460342407226562e+00
1.757250585937500000e+04
4.185885429382324219e+00
3.695016503334045410e-01
2.407032394409179688e+01
5.064678649902343750e+02
4.721554565429687500e+01
3.001791954040527344e+00
2.340285034179687500e+02
7.599084377288818359e+00
4.840553283691406250e+01
1.430474243164062500e+02
1.496549248695373535e+00
7.932737731933593750e+01
1.022401571273803711e+00
5.141779899597167969e+00
2.112182855606079102e+00
1.380483722686767578e+01
8.627202987670898438e+00
7.373350620269775391e+00
3.741585922241210938e+01
4.184270477294921875e+01
8.512567281723022461e-01
5.687839126586914062e+01
4.744517517089843750e+02
4.324023723602294922e+00
3.141354560852050781e+01
5.992223262786865234e+00
3.029990196228027344e+00
7.147178053855895996e-01
4.099540527343750000e+03
1.373819828033447266e+01
3.768961486816406250e+02
3.335026264190673828e+00
2.258808593750000000e+02
1.063677787780761719e+00
1.533607635498046875e+02
3.859497314453125000e+03
1.272000074386596680e-01
1.380519032478332520e+00
9.566199340820312500e+02
2.750001430511474609e+00
1.191850585937500000e+03
2.832087516784667969e+00
2.356687736511230469e+01
6.934078693389892578e+00
9.645094871520996094e+00
6.415951251983642578e-02
9.351427078247070312e+00
2.292912244796752930e+00
3.879176330566406250e+02
4.853538894653320312e+01
1.686023521423339844e+01
3.377079725265502930e+00
1.932543182373046875e+01
2.060021400451660156e+01
1.286064028739929199e+00
4.035447998046875000e+02
1.196307067871093750e+02
1.211299610137939453e+01
1.624179458618164062e+01
1.106419982910156250e+02
7.271968078613281250e+01
1.524389038085937500e+02
4.476201832294464111e-01
5.995879394531250000e+03
8.964487075805664062e+00
5.181725311279296875e+01
2.404357910156250000e+01
7.068412899971008301e-01
5.452988281250000000e+02
8.299381256103515625e+01
7.613016366958618164e-01
6.265541381835937500e+02
4.539495849609375000e+01
4.014940738677978516e+00
2.177081542968750000e+03
5.937933349609375000e+01
4.654345321655273438e+01
5.103667449951171875e+01
6.379868774414062500e+02
2.335018157958984375e+02
1.397427368164062500e+02
2.571075439453125000e+01
1.302794677734375000e+03
3.633985221385955811e-01
1.077070426940917969e+01
6.469250488281250000e+02
1.201946830749511719e+01
4.009475708007812500e+02
9.617216587066650391e-01
5.812308192253112793e-01
5.561344528198242188e+01
3.128116369247436523e+00
5.472546100616455078e+00
9.299467468261718750e+01
5.628685951232910156e-01
1.523434543609619141e+01
3.696002483367919922e+00
5.004535198211669922e+00
2.005093383789062500e+01
1.106370925903320312e+00
1.055097699165344238e+00
4.489290771484375000e+02
1.172499511718750000e+03
2.264039278030395508e+00
1.260189743041992188e+02
1.428978824615478516e+01
6.232432842254638672e+00
2.203141357421875000e+03
3.427570581436157227e+00
1.244026565551757812e+02
2.711628341674804688e+01
2.886808013916015625e+01
1.127592529296875000e+03
2.238347244262695312e+01
1.176633987426757812e+02
5.689456176757812500e+02
1.145253372192382812e+02
4.349324417114257812e+01
3.591160278320312500e+02
4.244389343261718750e+01
1.775892257690429688e+00
5.753107452392578125e+01
2.258927536010742188e+01
1.218140220642089844e+01
1.158045776367187500e+03
5.996577148437500000e+02
6.576433105468750000e+02
3.672336120605468750e+02
7.897217273712158203e+00
3.002402544021606445e+00
6.824668645858764648e-01
2.256175041198730469e+01
9.394070625305175781e+00
6.846549510955810547e+00
1.184655785560607910e+00
5.666877746582031250e+00
6.254249811172485352e-01
1.162121963500976562e+02
3.984438705444335938e+01
6.343615341186523438e+01
1.201807327270507812e+02
1.376356983184814453e+01
5.412825775146484375e+01
1.696938133239746094e+01
7.510853290557861328e+00
2.330096811056137085e-01
6.100834472656250000e+03
1.315011352539062500e+03
7.710187530517578125e+01
1.552085571289062500e+02
6.847930145263671875e+01
6.770676879882812500e+02
2.951261711120605469e+01
1.471115779876708984e+01
2.114984703063964844e+01
2.202630758285522461e+00
5.164256286621093750e+01
8.826345825195312500e+02
6.319631195068359375e+01
7.229770183563232422e+00
5.072986125946044922e+00
1.070327453613281250e+02
5.182312011718750000e+02
5.467020797729492188e+01
1.106925010681152344e+01
1.243145656585693359e+01
6.864195317029953003e-02
1.090612262487411499e-01
2.701007843017578125e+01
1.387177371978759766e+01
3.807981729507446289e+00
1.285101318359375000e+01
1.669515075683593750e+02
3.900905609130859375e+01
8.889665222167968750e+01
5.244093894958496094e+00
1.921317458152770996e+00
5.571989059448242188e+00
2.513146972656250000e+01
1.168591918945312500e+03
1.057996511459350586e+00
6.250104904174804688e+01
8.304502964019775391e-01
3.960670471191406250e+00
2.258594036102294922e-01
1.615537834167480469e+01
3.565025390625000000e+03
2.403510546875000000e+04
4.359503269195556641e+00
9.167664337158203125e+01
5.272000122070312500e+01
4.120461940765380859e+00
1.335255432128906250e+02
6.015424194335937500e+02
3.502518177032470703e+00
2.876356601715087891e+00
6.230422019958496094e+00
7.879074859619140625e+01
2.274633407592773438e+01
1.105425167083740234e+01
3.045760192871093750e+02
6.204426879882812500e+02
4.164043426513671875e+00
4.221384048461914062e+00
2.735997676849365234e+00
1.865949096679687500e+02
6.859638690948486328e+00
2.107489585876464844e+01
3.140022583007812500e+02
1.639985084533691406e+01
5.888777465820312500e+02
9.376333618164062500e+02
1.411869201660156250e+02
1.662052512168884277e+00
2.612227821350097656e+01
