6.448539346456527710e-02
4.943872094154357910e-01
3.740453422069549561e-01
2.403483726084232330e-02
8.557035326957702637e-01
1.309483647346496582e+00
1.128743886947631836e-01
2.609173208475112915e-02
1.048594951629638672e+00
9.828633815050125122e-02
5.243625640869140625e-01
1.975173056125640869e-01
5.400389805436134338e-02
3.768604248762130737e-02
6.500099599361419678e-02
2.246727943420410156e-01
1.430772095918655396e-01
1.283508688211441040e-01
4.285151883959770203e-02
7.869397848844528198e-02
1.461308747529983521e-01
2.574150636792182922e-02
1.094662308692932129e+00
6.271094083786010742e-02
8.392621994018554688e+00
6.194357946515083313e-02
1.563422679901123047e-01
2.370731830596923828e-01
3.028764009475708008e+00
1.110374689102172852e+00
1.874369382858276367e-02
9.614355862140655518e-03
3.128232061862945557e-01
1.086450934410095215e+00
1.049741450697183609e-02
4.723773002624511719e-01
3.379960358142852783e-02
3.716604784131050110e-02
1.204107925295829773e-01
1.830644756555557251e-01
4.109474182128906250e+00
7.022866606712341309e-01
1.356102675199508667e-01
1.917239546775817871e+00
3.537387549877166748e-01
1.168492436408996582e+00
1.024616807699203491e-01
4.429165422916412354e-01
1.750244013965129852e-02
1.007995724678039551e+00
3.197425603866577148e-01
4.594365879893302917e-02
8.515686988830566406e-01
4.326160550117492676e-01
5.921873450279235840e-02
2.341271378099918365e-02
1.102711912244558334e-02
3.816772103309631348e-01
5.532000586390495300e-02
2.069803476333618164e+00
9.334768354892730713e-02
1.650715470314025879e+00
8.516547828912734985e-02
9.444583207368850708e-02
3.987254500389099121e-01
1.190916657447814941e+00
2.522826492786407471e-01
2.003444880247116089e-01
2.322393894195556641e+00
1.876403927803039551e+00
1.460443600080907345e-03
6.673047542572021484e-01
3.235101327300071716e-02
3.413018703460693359e+00
1.332496762275695801e+00
4.679531455039978027e-01
4.152225703001022339e-02
3.897247090935707092e-02
1.431663334369659424e-01
1.605947613716125488e-01
3.450918793678283691e-01
3.590136021375656128e-02
1.019513159990310669e-01
2.077617123723030090e-02
4.734650626778602600e-02
3.353092074394226074e-02
4.121885634958744049e-03
8.677989989519119263e-02
6.136353611946105957e-01
4.993356764316558838e-03
6.724181026220321655e-02
1.204764991998672485e-01
9.787792712450027466e-02
1.168462187051773071e-01
1.279160678386688232e-01
7.206730246543884277e-01
9.065621346235275269e-02
1.358955383300781250e+00
3.839606046676635742e-02
2.379416376352310181e-01
4.305459856986999512e-01
5.492064356803894043e-02
1.944244652986526489e-02
3.561050593852996826e-01
1.055402159690856934e-01
4.220858514308929443e-01
1.025460436940193176e-01
4.028532207012176514e-01
2.433282136917114258e+00
5.106982588768005371e-01
2.596322447061538696e-02
5.241288542747497559e-01
8.882776498794555664e-01
4.508261978626251221e-01
3.510355353355407715e-01
1.314439177513122559e-01
2.884344160556793213e-01
4.866669327020645142e-02
6.356250029057264328e-03
1.277139633893966675e-01
2.208293974399566650e-02
6.853574752807617188e+00
8.496624827384948730e-01
1.420759439468383789e+00
1.157064177095890045e-02
3.484239056706428528e-02
2.355759032070636749e-02
6.509221624583005905e-03
2.031698822975158691e-01
1.292555928230285645e-01
6.526212692260742188e-01
3.395180702209472656e-01
6.103542167693376541e-03
2.950842678546905518e-02
7.159733027219772339e-02
1.341615151613950729e-02
5.530195310711860657e-02
4.393050372600555420e-01
1.196132376790046692e-01
9.490670561790466309e-01
2.695843875408172607e-01
2.245740145444869995e-01
5.327956676483154297e+00
8.811999559402465820e-01
1.009145021438598633e+00
1.453275829553604126e-01
2.070142775774002075e-01
3.619165122509002686e-01
5.990794301033020020e-01
7.741875201463699341e-02
3.316367045044898987e-02
2.053103685379028320e+00
4.565712511539459229e-01
8.071128278970718384e-02
1.882560998201370239e-01
9.284966439008712769e-02
4.073316231369972229e-02
2.739508152008056641e-01
2.985002100467681885e-02
1.234546024352312088e-02
1.819971442222595215e+00
5.313478782773017883e-02
1.840654760599136353e-01
1.851517111063003540e-01
9.271185398101806641e-01
2.132328301668167114e-01
2.588307857513427734e-01
3.605938255786895752e-01
6.737229824066162109e+00
1.029223576188087463e-02
3.191543221473693848e-01
1.879268437623977661e-01
3.198342397809028625e-02
6.104712188243865967e-02
3.558398783206939697e-01
1.081624150276184082e+00
1.006831228733062744e-01
9.009246528148651123e-02
1.644880771636962891e-01
1.880062341690063477e+00
1.460375934839248657e-01
8.671369552612304688e-01
3.009362220764160156e-01
3.502441570162773132e-02
9.350231885910034180e-01
3.437530398368835449e-01
2.225463092327117920e-01
2.256074249744415283e-01
4.219254255294799805e-01
1.945065855979919434e-01
4.557300209999084473e-01
2.957250773906707764e-01
3.514387458562850952e-02
1.356362551450729370e-01
2.797107696533203125e-01
4.943486303091049194e-02
4.311350882053375244e-01
2.176148891448974609e-01
1.539762504398822784e-02
3.258658945560455322e-01
6.652750819921493530e-02
1.532610803842544556e-01
4.797874689102172852e-01
6.989751756191253662e-02
6.109811067581176758e-01
1.971318759024143219e-02
4.093774408102035522e-02
1.369081592559814453e+01
3.339282423257827759e-02
2.033201791346073151e-02
6.908024102449417114e-02
1.454405039548873901e-01
1.186917349696159363e-02
2.503487169742584229e-01
5.337212085723876953e-01
2.690169811248779297e-01
3.809870481491088867e-01
6.345942616462707520e-02
5.923608783632516861e-03
1.337917923927307129e+00
5.374300479888916016e-01
7.935744524002075195e-02
3.745795786380767822e-02
1.136763542890548706e-01
4.905592184513807297e-03
4.553014636039733887e-01
3.686408326029777527e-02
1.531508207321166992e+00
2.111274749040603638e-01
2.543618716299533844e-02
4.784603416919708252e-02
1.551409214735031128e-01
3.982682526111602783e-02
3.383715748786926270e-01
1.652464419603347778e-01
8.308537602424621582e-01
1.390646100044250488e-01
9.337951429188251495e-03
1.193389520049095154e-01
1.372894495725631714e-01
4.832940697669982910e-01
2.214887738227844238e-02
3.899922966957092285e-02
6.613633036613464355e-02
3.203903436660766602e-01
1.232459172606468201e-01
3.299518525600433350e-01
3.643003478646278381e-02
1.394325345754623413e-01
1.657058596611022949e-01
8.887112885713577271e-02
6.346715688705444336e-01
2.881474979221820831e-02
7.630036473274230957e-01
1.003116145730018616e-01
9.823278337717056274e-02
2.673344612121582031e+00
3.960568457841873169e-02
1.848600059747695923e-01
1.302831470966339111e-01
1.235017105937004089e-01
3.251593932509422302e-02
2.902245819568634033e-01
1.535897105932235718e-01
1.475947499275207520e-01
5.646085143089294434e-01
8.223928511142730713e-02
9.973786473274230957e-01
1.380193978548049927e-02
8.471216261386871338e-02
1.722792506217956543e+00
1.712906360626220703e-01
1.556868255138397217e-01
2.764456346631050110e-02
2.550491690635681152e-02
6.820268929004669189e-02
4.621595516800880432e-02
1.388915926218032837e-01
4.322651773691177368e-02
2.625586092472076416e-01
5.939792990684509277e-01
3.374783098697662354e-01
1.067181676626205444e-01
1.711419224739074707e-02
1.472082640975713730e-02
1.806669533252716064e-01
1.341543555259704590e+00
7.330909967422485352e-01
2.945548482239246368e-02
1.445770710706710815e-01
2.616527862846851349e-02
2.030217461287975311e-02
3.100854456424713135e-01
2.701348252594470978e-02
5.975408107042312622e-02
2.223031781613826752e-02
4.141655191779136658e-02
2.583908289670944214e-02
2.174558639526367188e-01
2.193341851234436035e-01
8.748171329498291016e-01
8.155843615531921387e-01
2.665493488311767578e-01
1.875851392745971680e+00
3.119280338287353516e-01
1.414120942354202271e-01
6.550613790750503540e-02
2.362531721591949463e-01
5.661287903785705566e-01
1.980290114879608154e-01
2.098999261856079102e+00
1.074727773666381836e+00
9.983870983123779297e-01
1.531794190406799316e+00
1.570499390363693237e-01
1.593062728643417358e-01
2.126742340624332428e-02
7.615372538566589355e-01
1.244328357279300690e-02
5.914637446403503418e-02
9.557262063026428223e-02
1.209948658943176270e-01
1.458529829978942871e+00
4.220459461212158203e+00
1.688875406980514526e-01
1.023028135299682617e+00
7.410738617181777954e-02
1.440912932157516479e-01
1.989773660898208618e-01
3.483329713344573975e-02
8.656606078147888184e-03
3.315613269805908203e+00
1.870586574077606201e-01
2.001112997531890869e-01
4.026753455400466919e-02
1.219003573060035706e-01
3.052513897418975830e-01
5.233916640281677246e-02
1.021715849637985229e-01
9.563590288162231445e-01
4.423152208328247070e-01
3.398993611335754395e-02
4.240821301937103271e-02
2.399935722351074219e+00
5.126327648758888245e-02
2.773023955523967743e-02
2.052699804306030273e+00
7.532034814357757568e-02
3.112514317035675049e-01
2.179243266582489014e-01
3.483020067214965820e-01
2.355903945863246918e-02
2.942887833341956139e-03
8.358927071094512939e-02
2.078490406274795532e-01
2.506242878735065460e-02
2.872486785054206848e-02
1.060550093650817871e+00
6.718599200248718262e-01
2.508166134357452393e-01
3.263378441333770752e-01
9.477505087852478027e-02
1.420332491397857666e-01
5.328137427568435669e-02
4.914737641811370850e-01
9.847024828195571899e-02
1.678944230079650879e-01
4.451723396778106689e-02
3.650606274604797363e-01
8.227936923503875732e-03
3.808064460754394531e-01
4.070971906185150146e-02
1.147763490676879883e+00
2.330691069364547729e-01
3.926059603691101074e-01
1.985346339643001556e-02
2.494911700487136841e-01
6.174699068069458008e-01
1.629559844732284546e-01
8.505156263709068298e-03
1.795218288898468018e-01
6.366673111915588379e-02
1.072546601295471191e+00
1.155859947204589844e+00
1.662603914737701416e-01
1.192029476165771484e+00
3.371020555496215820e+00
5.950767174363136292e-02
8.969983458518981934e-02
2.255791239440441132e-02
1.491780877113342285e-01
7.168259620666503906e-01
1.087807118892669678e-01
4.283353805541992188e+00
1.079308539628982544e-01
6.455438137054443359e+00
5.527503490447998047e-01
3.881595730781555176e-01
2.463915385305881500e-02
1.090104579925537109e-01
9.722341299057006836e-01
2.982004165649414062e+01
1.852445411682128906e+01
7.324764132499694824e-01
1.510754776000976562e+01
1.151780319213867188e+01
7.391956329345703125e+00
8.207873106002807617e-01
3.391552352905273438e+01
5.950527787208557129e-01
2.697225189208984375e+01
4.419382095336914062e+00
1.250231862068176270e+00
4.929269552230834961e-01
1.831186413764953613e+00
2.304865264892578125e+01
3.056066751480102539e+00
3.732330083847045898e+00
6.413532733917236328e+00
1.212467074394226074e+00
1.462787628173828125e+00
4.632546305656433105e-01
8.410050392150878906e+00
3.024842977523803711e+00
5.303929901123046875e+01
1.407920598983764648e+00
6.590066909790039062e+00
3.662217617034912109e+00
6.979338073730468750e+01
2.220396232604980469e+01
9.770390987396240234e-01
7.764662504196166992e-01
3.709896802902221680e+00
6.841816711425781250e+01
3.289730846881866455e-01
8.674082756042480469e+00
4.972522258758544922e-01
3.052914738655090332e-01
1.282730937004089355e+00
3.165584325790405273e+00
8.161824798583984375e+01
4.238752841949462891e+00
8.154290318489074707e-01
1.281622409820556641e+01
2.156656503677368164e+00
1.817549896240234375e+01
6.593777656555175781e+00
5.542654514312744141e+00
9.448094964027404785e-01
1.797562789916992188e+01
6.319996356964111328e+00
2.328637361526489258e+00
1.089045810699462891e+01
2.387798118591308594e+01
2.287646055221557617e+00
2.061177492141723633e-01
2.141489833593368530e-01
8.967239856719970703e-01
4.285005927085876465e-01
1.379123115539550781e+01
4.957212924957275391e+00
3.176644325256347656e+01
8.447639942169189453e-01
2.078795194625854492e+00
8.067441582679748535e-01
2.074810028076171875e+01
2.607938289642333984e+00
1.139838504791259766e+01
1.174844360351562500e+01
8.715021514892578125e+01
1.896094344556331635e-02
5.537701129913330078e+00
4.859927892684936523e-01
3.780663681030273438e+01
3.898533630371093750e+01
3.241996049880981445e+00
1.759972929954528809e+00
7.425069808959960938e-01
3.471813917160034180e+00
3.355065822601318359e+00
3.796417713165283203e+00
4.638147652149200439e-01
3.310616254806518555e+00
1.444206118583679199e+00
2.402704954147338867e+00
9.338868260383605957e-01
6.249698996543884277e-01
3.447703838348388672e+00
3.802093982696533203e+00
1.551749110221862793e-01
2.214987754821777344e+00
3.158890247344970703e+00
6.776006221771240234e+00
1.952106475830078125e+00
3.674194812774658203e+00
1.620471382141113281e+01
4.636220037937164307e-01
3.049715232849121094e+01
9.013862609863281250e-01
3.025394439697265625e+00
1.081492900848388672e+00
1.370271921157836914e+00
2.772771120071411133e-01
5.299844360351562500e+01
3.667797803878784180e+00
6.600425243377685547e+00
7.553340792655944824e-01
2.763857460021972656e+01
6.189318466186523438e+01
1.757859587669372559e+00
2.496940344572067261e-01
6.986916542053222656e+00
8.858655929565429688e+00
3.113744735717773438e+00
4.861371040344238281e+00
1.567174196243286133e+00
2.720446348190307617e+00
9.798846244812011719e-01
4.608317315578460693e-01
4.927829265594482422e+00
1.033144831657409668e+00
2.432788543701171875e+02
9.310471343994140625e+01
2.106052589416503906e+01
7.300369739532470703e-01
4.786071777343750000e+00
3.070947408676147461e+00
1.144004464149475098e+00
2.289605712890625000e+01
4.344118595123291016e+00
1.414829969406127930e+00
6.529850959777832031e+00
1.008949950337409973e-01
3.371477127075195312e-01
1.215599417686462402e+00
3.200069665908813477e-01
8.388612866401672363e-01
4.795426845550537109e+00
3.988535642623901367e+00
1.598752307891845703e+01
2.313542556762695312e+01
1.515603065490722656e+00
4.429151916503906250e+01
1.047595787048339844e+01
1.783951377868652344e+01
6.511208057403564453e+00
1.146236515045166016e+01
5.036842346191406250e+00
1.329268932342529297e+01
3.799009084701538086e+00
1.228114724159240723e+00
3.742097854614257812e+01
1.879436969757080078e+00
1.207265853881835938e+00
8.442213058471679688e+00
1.552584648132324219e+00
5.134827494621276855e-01
4.438844203948974609e+00
1.481194615364074707e+00
5.413300395011901855e-01
1.662263488769531250e+01
4.009674072265625000e+00
8.378214836120605469e+00
1.413709402084350586e+00
4.536029338836669922e+00
1.640994906425476074e+00
3.289116859436035156e+00
7.053722381591796875e+00
1.668167877197265625e+02
3.098737597465515137e-01
8.277333259582519531e+00
8.109722137451171875e+00
1.503733634948730469e+00
4.539092481136322021e-01
2.640235519409179688e+01
1.214098358154296875e+01
1.942515373229980469e+00
4.594427585601806641e+00
5.374571800231933594e+00
2.155313110351562500e+01
7.607059478759765625e-01
2.104180526733398438e+01
8.123202323913574219e+00
3.451911732554435730e-02
2.198163604736328125e+01
2.383823585510253906e+01
5.977092981338500977e-01
3.091851234436035156e+00
2.594233703613281250e+01
4.405498027801513672e+00
1.438194274902343750e+00
4.577598571777343750e+00
6.246855258941650391e-01
4.311107635498046875e+00
1.118726253509521484e+01
5.614666938781738281e-01
2.729245185852050781e+00
1.518646359443664551e+00
7.128291130065917969e-01
3.045880794525146484e+00
5.680805683135986328e+00
2.310949802398681641e+00
7.311133861541748047e+00
1.835410594940185547e+00
9.820682525634765625e+00
1.421754062175750732e-01
1.392726421356201172e+00
7.411544799804687500e+01
3.937063455581665039e+00
2.311787843704223633e+00
2.601854085922241211e+00
3.421802759170532227e+00
3.047426640987396240e-01
3.434550762176513672e+00
3.194861412048339844e+00
8.362049102783203125e+00
8.281077146530151367e-01
4.334240913391113281e+00
2.315142899751663208e-01
9.381317138671875000e+00
2.287027359008789062e+01
9.181576967239379883e-01
5.724903941154479980e-01
5.681756019592285156e+00
5.618734955787658691e-01
5.808562850952148438e+01
6.835750341415405273e-01
1.212250423431396484e+01
1.188562750816345215e+00
8.713983893394470215e-01
4.506254196166992188e-01
4.837185382843017578e+00
9.558851122856140137e-01
2.774118041992187500e+01
2.550125837326049805e+00
3.620305776596069336e+00
5.660792589187622070e-01
3.644213378429412842e-01
2.889745831489562988e-01
3.029925584793090820e+00
6.121021747589111328e+00
1.816835045814514160e+00
1.148971676826477051e+00
1.078300237655639648e+00
1.317688369750976562e+01
2.067899703979492188e+00
3.966802835464477539e+00
6.747637987136840820e-01
7.667225837707519531e+00
6.812564134597778320e-01
1.059900164604187012e+00
6.195034503936767578e+00
8.852914571762084961e-01
1.290734481811523438e+01
2.476772308349609375e+00
1.357833504676818848e+00
2.165972328186035156e+01
9.170644879341125488e-01
5.969919562339782715e-01
9.395608901977539062e+00
1.198977088928222656e+01
2.887266874313354492e+00
2.626329898834228516e+00
4.841745853424072266e+00
1.131113815307617188e+01
8.922245025634765625e+00
1.551574993133544922e+01
1.842625236511230469e+01
8.128072619438171387e-01
4.290750980377197266e+00
1.926906394958496094e+01
8.485621452331542969e+00
1.549376964569091797e+01
6.298229694366455078e-01
1.171041846275329590e+00
1.737584352493286133e+00
7.001593112945556641e-01
5.082042217254638672e+00
3.344812631607055664e+00
1.528090000152587891e+00
4.912056922912597656e+00
2.785744190216064453e+00
2.092157125473022461e+00
8.868226408958435059e-01
1.264742165803909302e-01
4.484000205993652344e+00
2.169628524780273438e+01
5.170010089874267578e+00
1.167039275169372559e+00
7.743993997573852539e-01
1.142924070358276367e+00
9.672402739524841309e-01
2.846665573120117188e+01
1.146449565887451172e+00
1.253817558288574219e+00
1.019121050834655762e+00
2.332662105560302734e+00
3.831681251525878906e+00
6.898400187492370605e-01
5.817519187927246094e+00
2.032977104187011719e+01
1.576840114593505859e+01
1.977272868156433105e+00
1.137014675140380859e+01
3.472970008850097656e+00
4.342008113861083984e+00
8.361630439758300781e+00
2.838322162628173828e+00
8.071688652038574219e+00
8.845572471618652344e+00
2.921815299987792969e+01
4.762881469726562500e+01
3.126273918151855469e+01
1.145280647277832031e+01
1.085974693298339844e+00
4.603283703327178955e-01
4.665450155735015869e-01
4.986224651336669922e+00
4.369626939296722412e-01
3.304637074470520020e-01
5.608573555946350098e-01
7.297341823577880859e-01
5.854859542846679688e+01
1.266777420043945312e+01
1.561160373687744141e+01
1.353867340087890625e+01
1.054374933242797852e+00
5.538549900054931641e+00
4.290857315063476562e+00
2.361855745315551758e+00
6.604579687118530273e-01
3.743016052246093750e+01
2.237038612365722656e+01
2.429758548736572266e+00
2.430096626281738281e+00
6.900812149047851562e+00
3.732320785522460938e+01
1.766669988632202148e+00
2.955209314823150635e-01
1.004137229919433594e+01
1.853565335273742676e+00
1.575584292411804199e+00
1.491696596145629883e+00
2.135150337219238281e+01
8.171017765998840332e-01
1.628642439842224121e+00
4.392383575439453125e+01
5.305196285247802734e+00
4.788369178771972656e+00
3.962436437606811523e+00
5.757025241851806641e+00
1.929943412542343140e-01
8.994577080011367798e-02
5.067945003509521484e+00
2.030061244964599609e+00
8.322547674179077148e-01
3.849853992462158203e+00
3.361064910888671875e+01
4.673876953125000000e+01
5.846576213836669922e+00
2.271101474761962891e+00
1.586467027664184570e+00
3.037691116333007812e+00
2.707830429077148438e+00
6.182885646820068359e+00
1.140526533126831055e+00
6.982198238372802734e+00
5.405055284500122070e-01
3.677436590194702148e+00
3.055325150489807129e-01
3.512982606887817383e+00
4.225824832916259766e+00
1.356925659179687500e+02
3.636002779006958008e+00
6.552753448486328125e+00
6.609182357788085938e-01
3.538015127182006836e+00
1.404287147521972656e+01
9.026065826416015625e+00
1.240724325180053711e-01
1.929830074310302734e+00
2.589236974716186523e+00
8.400262832641601562e+00
4.898328018188476562e+01
1.605159759521484375e+00
7.465472221374511719e+00
3.043313980102539062e+01
1.945192456245422363e+00
3.514827013015747070e+00
1.405775547027587891e+00
3.401927709579467773e+00
9.325288772583007812e+00
4.232852458953857422e+00
1.852113342285156250e+02
4.887841701507568359e+00
2.648233222961425781e+01
4.630344009399414062e+01
1.409140205383300781e+01
1.430648207664489746e+00
1.227376937866210938e+01
