1.049341559410095215e-01
2.224143892526626587e-01
1.277325022965669632e-02
3.331779036670923233e-03
2.592641301453113556e-02
2.206474065780639648e+00
1.695930585265159607e-02
6.346585694700479507e-03
1.980684511363506317e-02
2.410980165004730225e-01
4.938326403498649597e-02
4.664174839854240417e-02
1.000917851924896240e-01
2.685576491057872772e-02
4.888916388154029846e-03
3.813233599066734314e-02
2.510360209271311760e-03
2.142610214650630951e-02
5.053960531949996948e-02
2.451419830322265625e-03
1.735927350819110870e-02
3.381627053022384644e-02
1.269470602273941040e-01
1.534022111445665359e-02
2.857817173004150391e+00
8.350026793777942657e-03
4.933615773916244507e-02
1.107975244522094727e-01
1.165407896041870117e-01
7.103743553161621094e-01
1.988923177123069763e-03
6.380756385624408722e-04
2.092255279421806335e-02
7.015962898731231689e-02
2.325992658734321594e-02
4.226555302739143372e-02
8.532254025340080261e-03
6.886867340654134750e-04
1.571299880743026733e-02
8.440433070063591003e-03
1.884258091449737549e-01
9.562798589468002319e-02
1.402153540402650833e-02
3.722012519836425781e+00
2.033225744962692261e-01
1.179925426840782166e-01
1.382613461464643478e-02
5.985720753669738770e-01
1.615588087588548660e-03
1.169919520616531372e-01
1.082513183355331421e-01
7.652166485786437988e-02
1.283223181962966919e-01
3.009859472513198853e-02
1.827328582294285297e-03
2.750805113464593887e-03
5.808891728520393372e-03
3.381973877549171448e-02
2.907357178628444672e-02
1.080783081054687500e+01
1.454919204115867615e-02
6.361881256103515625e+00
1.593274250626564026e-02
1.406190358102321625e-02
1.164541020989418030e-01
8.964294195175170898e-02
4.389308393001556396e-01
4.495490714907646179e-02
8.845030069351196289e-01
5.740895271301269531e-01
2.400630328338593245e-04
6.263369917869567871e-01
3.554400755092501640e-03
2.863609194755554199e-01
8.646377176046371460e-02
2.249003387987613678e-02
1.139797084033489227e-02
5.015067756175994873e-02
2.394592389464378357e-02
1.345439162105321884e-02
3.519669771194458008e-01
2.785685844719409943e-02
5.560634657740592957e-02
6.789581966586410999e-04
3.539361758157610893e-03
3.964352887123823166e-03
1.445809466531500220e-04
2.220630086958408356e-02
6.399555206298828125e-01
9.037206182256340981e-04
1.638383232057094574e-02
1.723108254373073578e-02
6.422680336982011795e-03
3.828593716025352478e-02
5.793174263089895248e-03
7.941568493843078613e-01
2.348818480968475342e-01
3.326587378978729248e-01
2.480951603502035141e-03
1.099028736352920532e-01
2.372853755950927734e+00
5.278282985091209412e-02
3.898328635841608047e-03
2.936949022114276886e-02
1.617944054305553436e-02
2.617580294609069824e-01
6.062832847237586975e-02
3.549247980117797852e-02
1.442126631736755371e-01
2.013702988624572754e-01
2.890260703861713409e-02
1.439768522977828979e-01
6.516731530427932739e-02
2.522318065166473389e-01
1.443309895694255829e-02
7.045772671699523926e-02
5.813113227486610413e-02
2.584725990891456604e-02
6.036827806383371353e-03
3.323532640933990479e-02
3.535495838150382042e-03
3.412953948974609375e+01
4.303643107414245605e-01
7.803650498390197754e-01
5.366117111407220364e-04
1.764742136001586914e-01
1.761106401681900024e-02
6.730066961608827114e-04
1.651726663112640381e-01
4.280489683151245117e-02
6.460647583007812500e-01
4.129597544670104980e-02
5.256213247776031494e-03
2.586412942036986351e-03
4.214464500546455383e-02
1.090320292860269547e-02
2.502449043095111847e-02
1.040079474449157715e+00
1.921599954366683960e-01
9.980828166007995605e-01
1.794328540563583374e-02
9.609273634850978851e-03
1.125592350959777832e+00
7.122621536254882812e-01
1.019275760650634766e+01
8.277763426303863525e-02
3.878854811191558838e-01
5.071125179529190063e-02
1.596246957778930664e-01
3.370978310704231262e-02
1.777260564267635345e-02
2.468534111976623535e-01
1.654241830110549927e-01
5.756210535764694214e-02
2.107852846384048462e-01
3.350323066115379333e-02
2.963113225996494293e-02
3.896849602460861206e-02
1.584595884196460247e-03
5.090375896543264389e-03
1.077846139669418335e-01
3.193207550793886185e-03
7.344856858253479004e-02
1.155977249145507812e-01
6.709355115890502930e-01
2.358868122100830078e-01
2.120038121938705444e-01
2.359508275985717773e-01
1.933993577957153320e+00
2.235765103250741959e-03
8.277481049299240112e-02
2.084480524063110352e-01
7.145405979827046394e-04
1.203908678144216537e-02
5.376785621047019958e-02
8.808815479278564453e-01
3.151690214872360229e-02
2.512632124125957489e-02
2.478509955108165741e-02
4.117406010627746582e-01
7.798375189304351807e-02
4.105360805988311768e-02
1.353767067193984985e-01
5.606586113572120667e-02
9.628635048866271973e-01
3.311456367373466492e-02
1.445509772747755051e-02
2.529509551823139191e-02
3.363299965858459473e-01
2.826391160488128662e-02
5.235079526901245117e-01
2.941405773162841797e-02
3.226995759177953005e-04
7.431618869304656982e-02
1.260655373334884644e-01
7.306610792875289917e-02
2.364180386066436768e-01
3.388140723109245300e-02
7.582901977002620697e-03
1.605182886123657227e-01
3.923983313143253326e-03
7.084415107965469360e-02
2.498554252088069916e-02
5.057199299335479736e-02
1.568382792174816132e-02
1.048715785145759583e-02
1.049048155546188354e-01
8.603515625000000000e+00
3.887797705829143524e-03
2.441087272018194199e-03
5.642614793032407761e-03
4.418535530567169189e-02
3.387693723198026419e-04
1.089663028717041016e+00
3.081123717129230499e-02
1.539199471473693848e+00
5.404695868492126465e-01
2.072310261428356171e-02
7.466268725693225861e-04
7.834206819534301758e-01
8.148206472396850586e-01
4.474044777452945709e-03
1.189991086721420288e-02
2.495564520359039307e-02
1.252777001354843378e-04
1.676243692636489868e-01
1.926922588609158993e-03
2.016471385955810547e+00
9.456723183393478394e-02
1.041939854621887207e-02
2.214070968329906464e-02
1.726863160729408264e-02
1.536787394434213638e-02
5.917426198720932007e-03
4.918844997882843018e-02
8.389431983232498169e-02
5.237413197755813599e-02
4.666758701205253601e-03
3.187602460384368896e-01
8.880469831638038158e-04
2.589549422264099121e-01
2.976430207490921021e-02
1.791341602802276611e-01
4.799507558345794678e-03
9.994154796004295349e-03
1.570079848170280457e-02
6.743205338716506958e-02
5.513431131839752197e-02
4.601169005036354065e-02
8.102764189243316650e-02
4.369548335671424866e-02
8.664451837539672852e-01
2.268418902531266212e-04
1.784518063068389893e-01
4.307799413800239563e-02
1.552684456110000610e-01
2.263238906860351562e+00
1.101933270692825317e-01
1.211802661418914795e-02
6.652560830116271973e-02
8.849995210766792297e-03
2.143199788406491280e-03
9.640301465988159180e-01
6.851587444543838501e-02
8.170215412974357605e-03
1.493623107671737671e-01
5.342037416994571686e-03
1.373990416526794434e+00
2.247147727757692337e-03
1.349539123475551605e-02
3.498259067535400391e+00
9.157452732324600220e-02
3.614355623722076416e-01
4.050302784889936447e-03
2.013845369219779968e-03
2.101561613380908966e-02
2.382146753370761871e-02
1.432665344327688217e-02
2.903316915035247803e-01
5.241258740425109863e-01
3.467676341533660889e-01
4.075694456696510315e-02
1.969776861369609833e-02
1.557083148509263992e-02
4.351478128228336573e-04
1.477332692593336105e-02
5.459044456481933594e+00
1.297946453094482422e+00
3.641605144366621971e-03
6.091265380382537842e-02
1.680381782352924347e-02
5.012169014662504196e-03
2.411325573921203613e-01
3.037752769887447357e-02
1.987816765904426575e-03
1.018506847321987152e-02
2.874175272881984711e-02
4.507860168814659119e-02
1.427385926246643066e+00
1.312512010335922241e-01
2.996519088745117188e+00
2.776069641113281250e-01
1.730773001909255981e-01
1.319271922111511230e+00
9.941003322601318359e-01
2.026617527008056641e-02
1.305337063968181610e-02
1.632065325975418091e-01
3.287283331155776978e-02
1.704518646001815796e-01
9.793034195899963379e-01
1.257391273975372314e-01
3.956273198127746582e-02
2.728188931941986084e-01
1.294305920600891113e-02
4.912641644477844238e-02
2.709523076191544533e-03
1.092529773712158203e+00
2.859353786334395409e-03
1.038787700235843658e-02
1.415215730667114258e-01
1.225063693709671497e-03
3.030901774764060974e-02
1.549368053674697876e-01
1.175216306000947952e-02
2.267774581909179688e+00
4.227092489600181580e-03
5.625214427709579468e-03
2.076364308595657349e-02
6.231517065316438675e-03
1.541347708553075790e-03
8.579296469688415527e-01
1.717352494597434998e-02
3.561755642294883728e-02
1.923568174242973328e-02
1.756331324577331543e-02
1.625092327594757080e-02
1.480842195451259613e-02
3.373060375452041626e-02
1.846843212842941284e-01
1.544132083654403687e-02
6.662115338258445263e-04
6.695816759020090103e-03
1.062956452369689941e+00
1.067840028554201126e-03
1.483180560171604156e-02
2.569308280944824219e-01
3.131207227706909180e-01
3.887135908007621765e-02
7.082314789295196533e-02
1.389727592468261719e-01
7.622671872377395630e-02
1.924446114571765065e-04
1.876881159842014313e-02
2.091206423938274384e-02
5.463710520416498184e-03
2.789648994803428650e-02
5.182054638862609863e-02
7.075911015272140503e-02
1.116736605763435364e-01
3.210547938942909241e-02
2.332261530682444572e-03
6.782961636781692505e-02
2.234699763357639313e-02
3.212215602397918701e-01
1.730342395603656769e-02
1.149563267827033997e-01
2.107981359586119652e-03
3.164578080177307129e-01
9.313684422522783279e-04
8.045226335525512695e-02
6.387636810541152954e-02
1.312327027320861816e+00
5.120492726564407349e-02
5.005152225494384766e-01
5.233697127550840378e-03
1.122170593589544296e-02
9.205923415720462799e-03
7.931216619908809662e-03
3.504708781838417053e-02
5.625749751925468445e-02
5.420439410954713821e-03
9.676792621612548828e-01
1.905007511377334595e-01
4.912838339805603027e-02
4.396007537841796875e+00
1.115549755096435547e+01
1.492311432957649231e-02
5.035941023379564285e-03
4.856693849433213472e-04
5.556811019778251648e-02
2.527332678437232971e-02
4.280738532543182373e-02
5.359562397003173828e+00
4.198727256152778864e-04
4.246299743652343750e+00
2.390987426042556763e-01
1.784013211727142334e-02
3.182380227372050285e-03
7.484237663447856903e-03
1.478878498077392578e+01
3.847800827026367188e+01
3.355830001831054688e+01
3.608597218990325928e-01
1.243442344665527344e+01
1.407861351966857910e+00
1.714479827880859375e+02
8.850049018859863281e+00
7.704479980468750000e+01
9.044536590576171875e+00
5.664664840698242188e+01
1.986419868469238281e+01
1.133839225769042969e+01
6.822154521942138672e-01
1.022887039184570312e+01
5.392393112182617188e+01
2.087676239013671875e+01
1.682739257812500000e+02
2.598251724243164062e+01
3.841634511947631836e+00
9.430314064025878906e+00
5.212329387664794922e+00
7.562097072601318359e+00
1.583229446411132812e+01
9.537349700927734375e+00
9.652647972106933594e-01
4.123472595214843750e+01
2.768068847656250000e+02
4.042701416015625000e+02
7.274756622314453125e+01
2.583087921142578125e+00
2.760670900344848633e+00
2.150598049163818359e+00
2.272000274658203125e+02
2.496616125106811523e+00
6.941559314727783203e+00
4.835017621517181396e-01
1.089833304286003113e-01
1.766871213912963867e+00
5.494763183593750000e+01
9.756782836914062500e+02
1.557630252838134766e+01
5.216314196586608887e-01
1.876986999511718750e+02
1.105672645568847656e+01
1.664478759765625000e+02
8.658951568603515625e+01
8.540322303771972656e+00
8.944034576416015625e-01
2.521078948974609375e+02
5.288142395019531250e+01
1.012727260589599609e+01
1.207950687408447266e+01
3.303218841552734375e+01
3.005789995193481445e+00
2.511397600173950195e+00
3.217414617538452148e+00
7.659151554107666016e-01
4.958303928375244141e+00
3.832262573242187500e+02
6.228050994873046875e+01
2.934928588867187500e+02
2.324853420257568359e+00
1.402363300323486328e+01
3.857612848281860352e+00
1.270974636077880859e+01
3.313413619995117188e+01
8.549494628906250000e+02
8.788934326171875000e+02
1.552696228027343750e+01
7.375779002904891968e-02
2.903965568542480469e+01
1.106184363365173340e+00
7.452107238769531250e+01
6.537886142730712891e+00
8.742716789245605469e+00
4.077853858470916748e-01
3.533761739730834961e+00
5.729079818725585938e+01
2.181804084777832031e+01
2.600331497192382812e+01
3.140064477920532227e+00
9.107075691223144531e+00
1.564165496826171875e+01
1.067842483520507812e+01
6.320971965789794922e+00
1.700076907873153687e-01
1.549064445495605469e+01
1.110319614410400391e+01
2.121076107025146484e+00
4.650252342224121094e+00
4.352406311035156250e+01
3.975419616699218750e+01
1.660873413085937500e+01
5.180718612670898438e+01
2.373780632019042969e+01
4.616697311401367188e+00
1.232971313476562500e+03
1.332729697227478027e+00
4.160015487670898438e+01
8.618468642234802246e-01
6.316252231597900391e+00
8.541714549064636230e-01
9.207742309570312500e+01
1.434611415863037109e+01
2.727106285095214844e+01
3.462723016738891602e+00
4.065971984863281250e+02
2.928164367675781250e+02
1.635225415229797363e+00
1.685588061809539795e-01
9.103385162353515625e+01
4.137854766845703125e+01
3.685527086257934570e+00
2.640042304992675781e+01
4.773219299316406250e+01
2.073750305175781250e+01
9.293642044067382812e+00
3.429481506347656250e+01
1.487999534606933594e+01
4.871084594726562500e+01
4.643049804687500000e+03
1.563922424316406250e+02
4.910874938964843750e+01
1.788793802261352539e+00
1.612959747314453125e+02
1.088636970520019531e+01
2.009228706359863281e+00
4.428557434082031250e+02
7.968856811523437500e+01
6.215308761596679688e+01
9.990418434143066406e+00
1.830174028873443604e-01
6.544294834136962891e+00
1.095515012741088867e+00
1.832298040390014648e+00
3.650106668472290039e+00
1.239962081909179688e+02
7.785553741455078125e+01
1.652022705078125000e+02
3.108214569091796875e+01
8.420147895812988281e-01
2.895104675292968750e+02
1.498137283325195312e+01
1.943999176025390625e+02
1.948045921325683594e+01
3.379725341796875000e+02
1.089699506759643555e+00
2.691161346435546875e+01
2.541643371582031250e+02
4.934307932853698730e-01
2.319315185546875000e+02
5.983631896972656250e+01
5.818793177604675293e-01
1.033111572265625000e+02
1.007933998107910156e+01
1.549978494644165039e+00
9.883644580841064453e-01
1.349911928176879883e+00
1.115012526512145996e+00
3.801948242187500000e+02
1.305514068603515625e+02
1.009374465942382812e+02
1.241666603088378906e+01
5.954080200195312500e+01
8.876580238342285156e+00
2.781370353698730469e+01
9.718934631347656250e+01
4.031326599121093750e+02
2.059562206268310547e+00
1.106513881683349609e+01
3.372014770507812500e+02
1.447285056114196777e+00
4.625437736511230469e+00
1.274826202392578125e+02
1.539332389831542969e+01
6.706865787506103516e+00
2.177690315246582031e+01
2.529189586639404297e+00
1.575033187866210938e+01
2.782806396484375000e+00
2.341100883483886719e+01
1.182312698364257812e+02
5.256574153900146484e-01
4.131268066406250000e+03
6.437034606933593750e+00
1.328265070915222168e+00
9.104784965515136719e+00
1.126292037963867188e+02
2.063395309448242188e+01
1.719784140586853027e+00
3.275045394897460938e+01
3.654045343399047852e+00
4.225645065307617188e+01
3.106443214416503906e+01
7.348522543907165527e-01
2.564301109313964844e+01
1.128779172897338867e+00
1.436933875083923340e+00
2.454758644104003906e+00
1.021453285217285156e+01
2.843543052673339844e+00
5.072000980377197266e+00
1.825770568847656250e+01
6.413448333740234375e+01
5.161143541336059570e-01
1.339596462249755859e+01
1.524573059082031250e+02
5.781886577606201172e+00
1.503284549713134766e+01
9.976805686950683594e+00
2.800912857055664062e+00
1.129504084587097168e+00
1.313124023437500000e+03
1.034660053253173828e+01
8.022393035888671875e+01
7.620511531829833984e+00
1.934444427490234375e+02
1.054517865180969238e+00
1.201258468627929688e+02
1.634895874023437500e+03
1.704228818416595459e-01
1.403703570365905762e+00
1.975191955566406250e+02
2.184366941452026367e+00
3.313132629394531250e+02
2.531250000000000000e+00
1.010821819305419922e+01
2.002145290374755859e+00
1.058419036865234375e+01
2.224433422088623047e-01
8.629551887512207031e+00
1.045592308044433594e+00
1.029929199218750000e+02
9.123909950256347656e+00
2.760307312011718750e+01
1.595327019691467285e+00
8.539572715759277344e+00
1.150512886047363281e+01
7.833909988403320312e-01
2.924313049316406250e+02
2.014818572998046875e+01
7.370662212371826172e+00
5.101671218872070312e+00
4.384977340698242188e+01
6.672305297851562500e+01
1.091520996093750000e+02
3.031406998634338379e-01
7.017139892578125000e+02
5.183562278747558594e+00
1.856913375854492188e+01
2.816098785400390625e+01
1.232640862464904785e+00
1.056843338012695312e+02
4.351594161987304688e+01
1.256643176078796387e+00
5.454922866821289062e+01
1.845383071899414062e+01
2.570453405380249023e+00
3.783925476074218750e+02
2.050644111633300781e+01
3.543250274658203125e+01
2.804233741760253906e+01
2.369935302734375000e+02
4.384057617187500000e+01
5.824424362182617188e+01
1.773850822448730469e+01
1.799666290283203125e+02
2.095852047204971313e-01
6.176887989044189453e+00
7.331289062500000000e+02
2.768019294738769531e+01
1.522069244384765625e+02
6.267811059951782227e-01
3.031956851482391357e-01
2.090852165222167969e+01
9.112377166748046875e+00
5.921426296234130859e+00
2.780017280578613281e+01
1.299609303474426270e+00
8.340421676635742188e+00
3.211744070053100586e+00
3.386563301086425781e+00
1.671318435668945312e+01
9.751065373420715332e-01
1.715020537376403809e+00
2.823446350097656250e+02
3.101019897460937500e+02
2.699185132980346680e+00
6.335519790649414062e+01
1.642629623413085938e+01
5.747944831848144531e+00
2.049135986328125000e+03
3.731367826461791992e+00
4.376216888427734375e+01
9.184559822082519531e+00
1.747861099243164062e+01
2.031878204345703125e+02
9.201627731323242188e+00
8.401793670654296875e+01
1.347152709960937500e+02
5.682891464233398438e+01
2.211028480529785156e+01
4.085914611816406250e+02
8.938486099243164062e+00
5.380450725555419922e+00
1.031613082885742188e+02
1.138006401062011719e+01
9.344852447509765625e+00
4.522684631347656250e+02
2.280599060058593750e+02
1.752492523193359375e+02
6.783283081054687500e+02
2.169425249099731445e+00
4.718283176422119141e+00
7.649396061897277832e-01
7.486013889312744141e+00
1.111854457855224609e+01
3.952498674392700195e+00
1.208350539207458496e+00
3.243102312088012695e+00
1.056475639343261719e+00
1.996190948486328125e+02
2.242975616455078125e+01
6.816458892822265625e+01
1.604267578125000000e+02
5.339168548583984375e+00
3.737343978881835938e+01
1.624260902404785156e+01
1.463804626464843750e+01
5.834279656410217285e-01
1.793203247070312500e+03
3.381816406250000000e+02
1.989908599853515625e+01
7.963941192626953125e+01
4.137146377563476562e+01
4.622544860839843750e+02
2.616905593872070312e+01
2.263318300247192383e+00
1.843504905700683594e+01
9.362436532974243164e-01
2.876611328125000000e+01
3.243721008300781250e+02
2.085444641113281250e+01
3.964728355407714844e+00
3.363282203674316406e+00
7.182090759277343750e+01
5.615537719726562500e+02
4.670296859741210938e+01
1.390875530242919922e+01
1.610612869262695312e+01
1.857296228408813477e-01
7.252543419599533081e-02
1.903306007385253906e+01
1.075743865966796875e+01
4.099492549896240234e+00
1.399710083007812500e+01
7.306318664550781250e+01
4.464979934692382812e+01
2.959028053283691406e+01
1.592948794364929199e+00
1.027864217758178711e+00
5.068435192108154297e+00
8.429357528686523438e+00
2.859217834472656250e+02
2.341284275054931641e+00
3.721545791625976562e+01
2.816486656665802002e-01
5.506022453308105469e+00
2.606348097324371338e-01
6.887311458587646484e+00
7.565079956054687500e+02
1.782623242187500000e+04
3.915663242340087891e+00
4.523365020751953125e+01
1.280995845794677734e+01
2.919476270675659180e+00
6.049389266967773438e+01
1.356727752685546875e+02
2.151663303375244141e+00
2.823817253112792969e+00
1.121255493164062500e+01
6.759944152832031250e+01
1.661543083190917969e+01
4.518775939941406250e+00
1.299529266357421875e+02
6.191721801757812500e+02
6.629205703735351562e+00
2.396916389465332031e+00
3.034966468811035156e+00
6.147252655029296875e+01
1.567151188850402832e+00
3.917648553848266602e+00
1.984853363037109375e+02
1.530013084411621094e+01
1.364335632324218750e+02
8.860654907226562500e+02
6.333852767944335938e+01
1.123582720756530762e+00
4.121258926391601562e+01
