1.014438346028327942e-01
2.528429329395294189e-01
2.226888388395309448e-02
2.782666822895407677e-03
2.379772812128067017e-02
1.394243597984313965e+00
1.637193188071250916e-02
8.804494515061378479e-03
2.919656224548816681e-02
1.774274110794067383e-01
9.213320910930633545e-02
5.148815736174583435e-02
9.340982139110565186e-02
1.699145697057247162e-02
7.378918584436178207e-03
4.698166251182556152e-02
2.439065137878060341e-03
2.345438674092292786e-02
3.169843181967735291e-02
4.646492656320333481e-03
1.005423348397016525e-02
1.673334091901779175e-02
1.078993156552314758e-01
1.481103431433439255e-02
3.415737628936767578e+00
7.123504299670457840e-03
3.369021043181419373e-02
1.357150226831436157e-01
1.842269748449325562e-01
1.055860280990600586e+00
2.262819558382034302e-03
8.710898691788315773e-04
3.300384059548377991e-02
9.660292416810989380e-02
1.722890511155128479e-02
1.069328263401985168e-01
9.906110353767871857e-03
9.319037781096994877e-04
2.755798026919364929e-02
1.289599854499101639e-02
2.792482376098632812e-01
1.081698909401893616e-01
1.881484128534793854e-02
2.837338447570800781e+00
2.238762080669403076e-01
1.179609596729278564e-01
1.639297604560852051e-02
7.646705508232116699e-01
1.457269419915974140e-03
1.503625363111495972e-01
1.231229826807975769e-01
5.510191619396209717e-02
1.768630146980285645e-01
3.939789533615112305e-02
2.527970355004072189e-03
3.774919547140598297e-03
4.742175806313753128e-03
7.224115729331970215e-02
1.855819858610630035e-02
1.280509376525878906e+01
1.281107496470212936e-02
6.166237831115722656e+00
1.359241269528865814e-02
2.045843191444873810e-02
1.282709389925003052e-01
1.313878893852233887e-01
3.921067118644714355e-01
4.533678665757179260e-02
1.136769294738769531e+00
4.732923805713653564e-01
1.926928962348029017e-04
5.586500167846679688e-01
4.110632929950952530e-03
4.829871356487274170e-01
8.984235674142837524e-02
1.985953561961650848e-02
1.352321263402700424e-02
3.622277826070785522e-02
2.257426828145980835e-02
1.450142171233892441e-02
3.482114672660827637e-01
2.160723507404327393e-02
8.895570784807205200e-02
1.030872343108057976e-03
2.906177425757050514e-03
4.214684478938579559e-03
1.664183218963444233e-04
1.953182741999626160e-02
6.950155496597290039e-01
9.985532378777861595e-04
1.146750524640083313e-02
3.182324767112731934e-02
7.522944360971450806e-03
3.970833495259284973e-02
1.341347116976976395e-02
6.541031002998352051e-01
1.539259701967239380e-01
4.437520503997802734e-01
4.439889919012784958e-03
1.257549524307250977e-01
1.456943869590759277e+00
5.082985386252403259e-02
3.480814164504408836e-03
2.466593123972415924e-02
2.359269186854362488e-02
2.140958309173583984e-01
5.084839835762977600e-02
4.650468379259109497e-02
3.051961064338684082e-01
9.895787388086318970e-02
1.724220253527164459e-02
1.291339546442031860e-01
6.514196097850799561e-02
3.150002360343933105e-01
2.247240580618381500e-02
6.217375770211219788e-02
6.177656725049018860e-02
2.056998386979103088e-02
5.103577859699726105e-03
1.827388815581798553e-02
2.350569237023591995e-03
4.345228576660156250e+01
2.993757426738739014e-01
9.503173828125000000e-01
6.207594997249543667e-04
8.974160999059677124e-02
1.431763172149658203e-02
5.629185470752418041e-04
1.518435031175613403e-01
3.942401707172393799e-02
7.325845360755920410e-01
5.518203228712081909e-02
6.534626241773366928e-03
1.705129048787057400e-03
3.454618901014328003e-02
8.305306546390056610e-03
2.326430752873420715e-02
9.013291001319885254e-01
1.578459292650222778e-01
9.810280203819274902e-01
2.437587454915046692e-02
8.900517597794532776e-03
1.680876493453979492e+00
5.543999075889587402e-01
6.802469253540039062e+00
1.051000133156776428e-01
2.925105690956115723e-01
4.904292896389961243e-02
2.005474567413330078e-01
3.305951878428459167e-02
1.763658598065376282e-02
3.241444826126098633e-01
1.366192698478698730e-01
5.368519574403762817e-02
1.839505285024642944e-01
5.041817203164100647e-02
1.857253164052963257e-02
3.282499685883522034e-02
1.299335039220750332e-03
3.956141881644725800e-03
1.227854490280151367e-01
9.192443452775478363e-03
5.615214258432388306e-02
1.249457970261573792e-01
1.012900710105895996e+00
2.566280961036682129e-01
3.129591643810272217e-01
2.173938751220703125e-01
2.126107215881347656e+00
2.795988693833351135e-03
1.354356408119201660e-01
1.603896915912628174e-01
1.238681259565055370e-03
1.908693090081214905e-02
5.338284000754356384e-02
1.154969930648803711e+00
3.428023308515548706e-02
3.187116608023643494e-02
2.859046496450901031e-02
5.632004141807556152e-01
9.337051957845687866e-02
4.981457814574241638e-02
1.443440020084381104e-01
4.651692509651184082e-02
1.095343232154846191e+00
5.733535438776016235e-02
1.910213567316532135e-02
2.334745042026042938e-02
3.221521079540252686e-01
2.710666880011558533e-02
6.661383509635925293e-01
3.747607395052909851e-02
4.527186683844774961e-04
4.771038889884948730e-02
1.309537887573242188e-01
6.532578170299530029e-02
1.442912220954895020e-01
3.446842730045318604e-02
5.440867971628904343e-03
2.400851845741271973e-01
4.015703219920396805e-03
5.860550329089164734e-02
4.240575432777404785e-02
3.449378907680511475e-02
2.140300348401069641e-02
8.737689815461635590e-03
7.658636569976806641e-02
9.730977058410644531e+00
4.409224260598421097e-03
2.619432751089334488e-03
9.890793822705745697e-03
3.939003497362136841e-02
6.649385322816669941e-04
8.096085786819458008e-01
3.863028809428215027e-02
1.230375409126281738e+00
5.706647634506225586e-01
1.767920702695846558e-02
8.481880649924278259e-04
8.260675072669982910e-01
9.257662296295166016e-01
4.624565597623586655e-03
1.200638059526681900e-02
1.571936160326004028e-02
1.687734038569033146e-04
1.556668132543563843e-01
2.744736149907112122e-03
1.653973102569580078e+00
7.230366766452789307e-02
1.204409357160329819e-02
2.309988997876644135e-02
1.996107399463653564e-02
1.569350063800811768e-02
1.328466925770044327e-02
2.431643567979335785e-02
1.581821590662002563e-01
6.850902736186981201e-02
4.119089338928461075e-03
2.649500668048858643e-01
1.451321528293192387e-03
2.467240244150161743e-01
2.126379869878292084e-02
1.411245912313461304e-01
5.621154792606830597e-03
9.831762872636318207e-03
1.842871867120265961e-02
8.105549961328506470e-02
3.763710334897041321e-02
5.191351473331451416e-02
8.168795704841613770e-02
6.035947054624557495e-02
7.260786890983581543e-01
3.896434791386127472e-04
2.312562167644500732e-01
6.564725190401077271e-02
1.149650439620018005e-01
1.916709184646606445e+00
8.407340943813323975e-02
1.775048300623893738e-02
4.334262385964393616e-02
1.127061806619167328e-02
2.717634895816445351e-03
4.938467741012573242e-01
7.279650121927261353e-02
8.955405093729496002e-03
2.442473322153091431e-01
4.150501452386379242e-03
1.409549832344055176e+00
1.360368798486888409e-03
1.368906162679195404e-02
4.862102031707763672e+00
1.421718746423721313e-01
1.651125103235244751e-01
3.712801029905676842e-03
1.793851959519088268e-03
2.134999074041843414e-02
2.776019833981990814e-02
1.549291145056486130e-02
1.672630757093429565e-01
4.658014476299285889e-01
3.762709200382232666e-01
4.799485951662063599e-02
2.212754264473915100e-02
1.254230644553899765e-02
5.906068254262208939e-04
1.530823763459920883e-02
4.236644744873046875e+00
1.739110589027404785e+00
5.667449440807104111e-03
5.903431773185729980e-02
1.633099652826786041e-02
6.147254724055528641e-03
2.542181909084320068e-01
2.064571715891361237e-02
2.713235095143318176e-03
1.146137714385986328e-02
2.650915831327438354e-02
5.114423856139183044e-02
1.356775045394897461e+00
1.499869972467422485e-01
2.973968982696533203e+00
1.958799511194229126e-01
1.888738572597503662e-01
1.516568422317504883e+00
5.526095628738403320e-01
1.802284456789493561e-02
1.014796365052461624e-02
1.671751290559768677e-01
5.827390775084495544e-02
1.916276216506958008e-01
9.025952219963073730e-01
1.520398557186126709e-01
5.590353906154632568e-02
1.806547194719314575e-01
1.109634898602962494e-02
6.210461631417274475e-02
2.838158980011940002e-03
1.126222610473632812e+00
1.698982785455882549e-03
8.630565367639064789e-03
1.243258193135261536e-01
1.550608081743121147e-03
4.633002728223800659e-02
2.070562094449996948e-01
3.190175816416740417e-02
2.479445219039916992e+00
5.094666499644517899e-03
5.642905365675687790e-03
2.193306200206279755e-02
6.242166738957166672e-03
1.613931846804916859e-03
1.639694690704345703e+00
2.170260064303874969e-02
3.012952394783496857e-02
1.319379452615976334e-02
1.822594739496707916e-02
2.271357178688049316e-02
1.151565462350845337e-02
5.536800995469093323e-02
2.375266551971435547e-01
2.853905409574508667e-02
7.371223764494061470e-04
5.529198329895734787e-03
1.044067740440368652e+00
1.215555123053491116e-03
1.543342228978872299e-02
3.745834529399871826e-01
4.051262140274047852e-01
3.814913332462310791e-02
1.143636330962181091e-01
1.312861293554306030e-01
7.256158441305160522e-02
2.648981753736734390e-04
1.534006744623184204e-02
3.894854336977005005e-02
3.349984297528862953e-03
2.218278869986534119e-02
5.909191444516181946e-02
8.410955965518951416e-02
1.546512544155120850e-01
3.456751257181167603e-02
4.961652215570211411e-03
6.427740305662155151e-02
2.346010878682136536e-02
3.413575589656829834e-01
2.927477657794952393e-02
8.031105995178222656e-02
3.625552402809262276e-03
3.352958559989929199e-01
9.991838596761226654e-04
8.211901783943176270e-02
2.679741568863391876e-02
3.308692932128906250e+00
5.449623614549636841e-02
4.277164041996002197e-01
4.097843542695045471e-03
1.159498747438192368e-02
1.327523402869701385e-02
7.464001886546611786e-03
1.671579666435718536e-02
5.824448913335800171e-02
8.486953563988208771e-03
6.773418784141540527e-01
3.410015106201171875e-01
5.091866478323936462e-02
2.987944364547729492e+00
1.316219520568847656e+01
1.396425347775220871e-02
7.546653505414724350e-03
3.400145214982330799e-04
6.072836369276046753e-02
3.142195940017700195e-02
3.743294253945350647e-02
7.877466201782226562e+00
5.536522367037832737e-04
3.732146263122558594e+00
1.788593083620071411e-01
1.586029306054115295e-02
5.521302577108144760e-03
7.884345948696136475e-03
8.138229370117187500e+00
3.681316375732421875e+01
3.239315032958984375e+01
2.220239341259002686e-01
7.258257865905761719e+00
1.796888351440429688e+00
1.020797958374023438e+02
7.971515178680419922e+00
7.598043060302734375e+01
6.955026149749755859e+00
5.387445449829101562e+01
1.604895973205566406e+01
7.391193389892578125e+00
5.659128427505493164e-01
1.289677810668945312e+01
3.639501571655273438e+01
1.486986637115478516e+01
1.149999542236328125e+02
1.885192871093750000e+01
2.664546251296997070e+00
3.770942926406860352e+00
3.452622413635253906e+00
8.717845916748046875e+00
1.205690860748291016e+01
1.517688083648681641e+01
1.063617467880249023e+00
2.191850662231445312e+01
1.865088043212890625e+02
3.366711425781250000e+02
4.423301315307617188e+01
1.957905054092407227e+00
1.851152658462524414e+00
2.256571054458618164e+00
2.563092651367187500e+02
1.762092828750610352e+00
1.200689983367919922e+01
4.298895597457885742e-01
1.389936953783035278e-01
1.558343768119812012e+00
3.882090759277343750e+01
1.061363769531250000e+03
1.476761245727539062e+01
4.294613003730773926e-01
9.258147430419921875e+01
1.314994621276855469e+01
1.191467514038085938e+02
9.740703582763671875e+01
1.107187843322753906e+01
1.205163717269897461e+00
1.660325012207031250e+02
3.536228942871093750e+01
8.087790489196777344e+00
1.080366039276123047e+01
4.742785644531250000e+01
4.041972637176513672e+00
1.270893931388854980e+00
1.879699945449829102e+00
1.259540081024169922e+00
3.628680706024169922e+00
2.091463470458984375e+02
3.678881454467773438e+01
2.109094696044921875e+02
1.670289158821105957e+00
1.129932403564453125e+01
2.467445850372314453e+00
1.560883808135986328e+01
1.563579368591308594e+01
7.314203491210937500e+02
9.699504394531250000e+02
2.192688941955566406e+01
5.551633238792419434e-02
3.110040473937988281e+01
1.191869497299194336e+00
7.736600494384765625e+01
8.218768119812011719e+00
6.747003078460693359e+00
4.305670559406280518e-01
1.951076626777648926e+00
2.840424919128417969e+01
1.960990142822265625e+01
1.850586509704589844e+01
2.026334047317504883e+00
8.947597503662109375e+00
1.000569820404052734e+01
6.153598785400390625e+00
3.355484962463378906e+00
1.907642483711242676e-01
1.983415603637695312e+01
1.346662902832031250e+01
1.421678066253662109e+00
3.450797080993652344e+00
6.108393478393554688e+01
3.822563171386718750e+01
1.425641536712646484e+01
3.123785400390625000e+01
2.122565078735351562e+01
3.547609329223632812e+00
1.225729492187500000e+03
1.790142655372619629e+00
2.791493606567382812e+01
6.054082512855529785e-01
2.912713527679443359e+00
3.391573131084442139e-01
7.607112884521484375e+01
1.224916648864746094e+01
2.085673332214355469e+01
3.065990447998046875e+00
2.546903839111328125e+02
2.908775939941406250e+02
2.198758602142333984e+00
1.211569830775260925e-01
4.620767211914062500e+01
1.705475616455078125e+01
6.060934066772460938e+00
3.177740478515625000e+01
3.330791473388671875e+01
1.081196784973144531e+01
6.757258892059326172e+00
1.638154602050781250e+01
1.023872280120849609e+01
2.316369628906250000e+01
4.808804199218750000e+03
1.595360565185546875e+02
2.781562042236328125e+01
2.229092836380004883e+00
1.770681457519531250e+02
8.339155197143554688e+00
1.677836656570434570e+00
2.872645874023437500e+02
7.934879302978515625e+01
3.085707664489746094e+01
9.355262756347656250e+00
1.626694947481155396e-01
3.731684446334838867e+00
9.700764417648315430e-01
1.372462630271911621e+00
4.607337474822998047e+00
1.114196319580078125e+02
5.466405868530273438e+01
1.026668472290039062e+02
4.265567016601562500e+01
4.094915688037872314e-01
3.216876525878906250e+02
1.555478477478027344e+01
1.105940551757812500e+02
1.542924118041992188e+01
2.427277679443359375e+02
1.019751548767089844e+00
2.953845787048339844e+01
1.123033065795898438e+02
8.384947776794433594e-01
2.059727783203125000e+02
3.850341796875000000e+01
6.625369787216186523e-01
8.482549285888671875e+01
6.753221988677978516e+00
1.061710119247436523e+00
7.753257751464843750e-01
7.500179409980773926e-01
1.131961941719055176e+00
2.311648254394531250e+02
9.556205749511718750e+01
5.933048248291015625e+01
9.546900749206542969e+00
4.076358413696289062e+01
3.681313514709472656e+00
2.599940299987792969e+01
7.375183868408203125e+01
3.208539733886718750e+02
1.318942666053771973e+00
1.404478645324707031e+01
2.423391876220703125e+02
1.235797524452209473e+00
4.102344512939453125e+00
1.062412414550781250e+02
1.591937446594238281e+01
4.580979347229003906e+00
2.160669136047363281e+01
2.680361986160278320e+00
1.883388328552246094e+01
1.899975180625915527e+00
3.340865707397460938e+01
8.705074310302734375e+01
2.404110133647918701e-01
2.051721191406250000e+03
1.182058715820312500e+01
1.086753010749816895e+00
5.634629726409912109e+00
8.769693756103515625e+01
1.293769454956054688e+01
1.627507805824279785e+00
1.525001907348632812e+01
2.464114904403686523e+00
2.441107940673828125e+01
2.314058494567871094e+01
4.310211837291717529e-01
1.711890220642089844e+01
1.279071688652038574e+00
9.782807826995849609e-01
3.250833511352539062e+00
8.262819290161132812e+00
2.234970569610595703e+00
6.735072612762451172e+00
1.015338993072509766e+01
4.711231994628906250e+01
3.670812249183654785e-01
8.765633583068847656e+00
1.042821273803710938e+02
5.778112411499023438e+00
1.796198844909667969e+01
1.037363529205322266e+01
3.519324541091918945e+00
1.021768212318420410e+00
7.334226074218750000e+02
1.084539604187011719e+01
4.138255310058593750e+01
6.179646968841552734e+00
1.399958343505859375e+02
8.331344723701477051e-01
7.826800537109375000e+01
1.506003173828125000e+03
1.807340979576110840e-01
9.249370694160461426e-01
8.661987304687500000e+01
1.412577152252197266e+00
2.688808288574218750e+02
3.485862255096435547e+00
7.391716957092285156e+00
1.125043869018554688e+00
7.462603569030761719e+00
3.233562409877777100e-01
1.102725219726562500e+01
9.820385575294494629e-01
6.734790039062500000e+01
4.018433570861816406e+00
3.361999511718750000e+01
9.576519727706909180e-01
4.554306507110595703e+00
9.068849563598632812e+00
6.956533789634704590e-01
1.841630859375000000e+02
1.155316829681396484e+01
5.059521198272705078e+00
3.565146684646606445e+00
2.249724388122558594e+01
6.186872482299804688e+01
8.275035095214843750e+01
2.639950513839721680e-01
3.397590026855468750e+02
4.350790500640869141e+00
1.118937778472900391e+01
1.933218383789062500e+01
1.411853432655334473e+00
1.056619567871093750e+02
2.659519958496093750e+01
2.032097578048706055e+00
2.792643928527832031e+01
8.646592140197753906e+00
2.335005760192871094e+00
1.935027465820312500e+02
1.830017089843750000e+01
2.505332756042480469e+01
1.500539493560791016e+01
1.334749450683593750e+02
2.544053649902343750e+01
5.622710418701171875e+01
2.075413703918457031e+01
1.603918762207031250e+02
1.550084054470062256e-01
6.662940502166748047e+00
8.145794677734375000e+02
3.915839004516601562e+01
9.584389495849609375e+01
4.317611455917358398e-01
2.903862893581390381e-01
1.562313461303710938e+01
7.363374710083007812e+00
9.346331596374511719e+00
1.583708190917968750e+01
1.675811529159545898e+00
9.636311531066894531e+00
2.961489200592041016e+00
2.581262111663818359e+00
9.658641815185546875e+00
7.327272891998291016e-01
2.033813476562500000e+00
2.080456695556640625e+02
1.706634979248046875e+02
3.368018627166748047e+00
2.689952850341796875e+01
1.682558631896972656e+01
4.630733013153076172e+00
1.849434082031250000e+03
3.189513683319091797e+00
3.063301658630371094e+01
7.667527675628662109e+00
2.207083702087402344e+01
1.100887451171875000e+02
6.185175418853759766e+00
4.743533325195312500e+01
6.927402496337890625e+01
4.932173156738281250e+01
1.892784309387207031e+01
3.179501647949218750e+02
5.693001270294189453e+00
4.946232318878173828e+00
1.066025009155273438e+02
8.228914260864257812e+00
7.850810050964355469e+00
2.569537963867187500e+02
1.274595794677734375e+02
1.500797882080078125e+02
5.465089721679687500e+02
1.132160902023315430e+00
3.954427957534790039e+00
6.298032402992248535e-01
3.378818035125732422e+00
9.868138313293457031e+00
2.514742374420166016e+00
6.685419678688049316e-01
2.929088592529296875e+00
8.843932151794433594e-01
2.454006042480468750e+02
1.508509540557861328e+01
1.338676452636718750e+02
8.675313568115234375e+01
4.205894470214843750e+00
3.659313583374023438e+01
1.612870788574218750e+01
1.584650135040283203e+01
8.069326281547546387e-01
1.302172363281250000e+03
1.607158660888671875e+02
1.009068584442138672e+01
3.458738327026367188e+01
5.769882583618164062e+01
4.941911315917968750e+02
1.263963603973388672e+01
1.644906044006347656e+00
1.566015148162841797e+01
6.560059189796447754e-01
1.481062984466552734e+01
1.477621002197265625e+02
1.730295944213867188e+01
2.540668249130249023e+00
2.573185682296752930e+00
1.028453979492187500e+02
3.681693725585937500e+02
3.153579521179199219e+01
1.823273277282714844e+01
1.456423854827880859e+01
2.324175089597702026e-01
7.069759815931320190e-02
1.633860397338867188e+01
8.328801155090332031e+00
2.997661113739013672e+00
1.678516769409179688e+01
8.456822967529296875e+01
7.252540588378906250e+01
2.631197166442871094e+01
1.878245711326599121e+00
1.225565552711486816e+00
3.930672883987426758e+00
5.712345600128173828e+00
1.376187438964843750e+02
2.319327354431152344e+00
2.435262298583984375e+01
3.897692561149597168e-01
5.018115043640136719e+00
1.831610053777694702e-01
4.406354427337646484e+00
2.669660339355468750e+02
2.200150390625000000e+04
5.741388797760009766e+00
3.696460342407226562e+01
5.004666805267333984e+00
2.579541444778442383e+00
5.421480560302734375e+01
1.114687347412109375e+02
1.318200111389160156e+00
2.251430749893188477e+00
8.251189231872558594e+00
6.722579193115234375e+01
2.541928672790527344e+01
3.953569173812866211e+00
1.298640289306640625e+02
5.592860717773437500e+02
3.970184803009033203e+00
2.024660110473632812e+00
2.108284711837768555e+00
5.100892639160156250e+01
1.793931365013122559e+00
2.920973062515258789e+00
3.315084228515625000e+02
1.215876388549804688e+01
7.724984741210937500e+01
9.012510986328125000e+02
3.876389694213867188e+01
1.061943292617797852e+00
4.449665451049804688e+01
