1.383615285158157349e-02
7.308413833379745483e-02
3.793358802795410156e-03
9.488359210081398487e-04
2.518359571695327759e-02
3.784177541732788086e+00
1.009741611778736115e-02
2.025122521445155144e-03
3.124675014987587929e-03
3.970602154731750488e-01
3.454552963376045227e-03
8.777457289397716522e-03
2.737131528556346893e-02
8.399128913879394531e-03
6.423611193895339966e-04
6.295535713434219360e-03
1.446733716875314713e-03
2.753579523414373398e-03
1.144309993833303452e-02
3.419841232243925333e-04
8.498375862836837769e-02
1.236525550484657288e-02
1.530986875295639038e-01
2.587705850601196289e-02
5.747736096382141113e-01
9.613632224500179291e-03
2.476407214999198914e-02
1.513643562793731689e-02
6.095985695719718933e-02
6.267573833465576172e-01
2.780419890768826008e-04
7.960051880218088627e-05
3.633666085079312325e-03
1.547316182404756546e-02
3.860595449805259705e-02
4.114494193345308304e-03
3.534275339916348457e-03
2.786267432384192944e-04
5.562065169215202332e-03
3.324412275105714798e-03
1.752450317144393921e-01
5.236044898629188538e-02
9.900589939206838608e-04
8.761722564697265625e+00
1.164228171110153198e-01
4.426905885338783264e-02
3.190329531207680702e-03
2.464279383420944214e-01
2.072658622637391090e-03
7.540794089436531067e-03
1.034491509199142456e-01
2.108841948211193085e-02
7.357707619667053223e-02
2.279371395707130432e-02
2.586404443718492985e-04
1.043647876940667629e-03
2.328413305804133415e-03
7.763384375721216202e-03
1.353892404586076736e-02
4.690503597259521484e+00
7.592920679599046707e-03
7.143873214721679688e+00
8.279399015009403229e-03
1.554688904434442520e-03
7.633326947689056396e-02
1.061677467077970505e-02
1.013314351439476013e-01
5.032493732869625092e-03
3.887261748313903809e-01
4.538897573947906494e-01
8.092710049822926521e-05
1.053606390953063965e+00
5.238995072431862354e-04
1.541651319712400436e-02
5.148651078343391418e-02
2.342082001268863678e-02
3.531473921611905098e-03
2.520186267793178558e-02
2.005832456052303314e-02
8.292694576084613800e-03
3.107183799147605896e-02
1.136014610528945923e-02
1.056622993201017380e-02
1.821068290155380964e-04
1.473887707106769085e-03
7.388216909021139145e-04
1.767860703694168478e-05
2.157529443502426147e-02
4.031680226325988770e-01
5.787296104244887829e-04
4.532228223979473114e-03
4.213366191834211349e-03
7.248992333188652992e-04
5.498382076621055603e-02
2.812328166328370571e-04
4.183828830718994141e-01
2.962018251419067383e-01
3.434323146939277649e-02
8.413976174779236317e-04
3.057877346873283386e-02
1.517825007438659668e+00
3.004547394812107086e-02
6.139910547062754631e-04
1.145530119538307190e-02
7.463966030627489090e-03
3.015987873077392578e-01
5.563873052597045898e-02
9.853253141045570374e-03
2.059274725615978241e-02
5.916891619563102722e-02
8.055423945188522339e-02
2.060462534427642822e-01
2.843645401298999786e-02
3.509224578738212585e-02
9.590408764779567719e-03
2.525559999048709869e-02
3.174422681331634521e-02
3.517771372571587563e-03
1.709333620965480804e-03
3.918835520744323730e-02
4.093886527698487043e-04
5.215525150299072266e+00
2.863334715366363525e-01
2.059849053621292114e-01
8.335565507877618074e-05
1.128274649381637573e-01
7.023703772574663162e-03
3.088735393248498440e-04
3.504692018032073975e-02
4.396633803844451904e-02
8.597663044929504395e-01
2.853927016258239746e-02
1.891758642159402370e-03
5.156394909135997295e-04
2.443544752895832062e-02
1.380608696490526199e-02
2.641862444579601288e-02
1.746798753738403320e+00
9.874837845563888550e-02
2.773312628269195557e-01
1.061645057052373886e-02
4.724095575511455536e-03
4.926674962043762207e-01
3.866065144538879395e-01
1.909811210632324219e+01
1.474730670452117920e-02
1.998859643936157227e-01
4.266521427780389786e-03
3.237461671233177185e-02
5.661631468683481216e-03
1.059271488338708878e-02
5.367412418127059937e-02
5.243659019470214844e-02
1.007285714149475098e-02
5.184935405850410461e-02
5.582468584179878235e-03
7.755096536129713058e-03
2.011374197900295258e-02
1.225636224262416363e-03
2.404049737378954887e-03
2.465430833399295807e-02
2.208023797720670700e-04
1.002413555979728699e-01
3.322416245937347412e-01
1.768829971551895142e-01
5.527871102094650269e-02
8.232161402702331543e-02
8.930927515029907227e-02
6.105911135673522949e-01
1.526598643977195024e-04
1.260342821478843689e-02
7.547033578157424927e-02
3.715941056725569069e-05
8.519070222973823547e-03
2.426329068839550018e-02
1.266918540000915527e+00
1.302147936075925827e-02
6.132455077022314072e-03
5.372390151023864746e-03
5.559492111206054688e-02
2.608561888337135315e-02
1.991753838956356049e-02
8.244687318801879883e-02
2.502178214490413666e-02
1.419662714004516602e+00
7.097610738128423691e-03
3.351113991811871529e-03
4.114808142185211182e-02
1.758422851562500000e-01
1.708364859223365784e-02
8.450654894113540649e-02
1.176199689507484436e-02
1.597000373294577003e-04
5.036382004618644714e-02
2.104609608650207520e-01
7.852522656321525574e-03
1.349254399538040161e-01
3.755266219377517700e-02
2.148787956684827805e-03
1.411154214292764664e-02
1.582056866027414799e-03
1.955565623939037323e-02
7.587701547890901566e-03
1.332470122724771500e-02
4.811099264770746231e-03
9.811114287003874779e-04
1.038106158375740051e-01
8.741192817687988281e+00
4.355914890766143799e-03
1.836434006690979004e-03
3.463234985247254372e-03
2.229184098541736603e-02
8.275637082988396287e-05
4.813772141933441162e-01
1.364204660058021545e-02
1.768553495407104492e+00
4.210744053125381470e-02
1.125072408467531204e-02
3.125189105048775673e-04
4.283390343189239502e-01
1.773094087839126587e-01
6.726550869643688202e-03
7.411017431877553463e-04
1.476374268531799316e-02
5.700311157852411270e-05
1.547285169363021851e-02
4.729085194412618876e-04
3.516196489334106445e+00
1.948311179876327515e-01
4.109768662601709366e-03
1.255188509821891785e-02
6.026438903063535690e-03
1.370676234364509583e-02
1.254133763723075390e-03
1.428276598453521729e-01
1.040510926395654678e-02
9.668704867362976074e-02
2.158889779821038246e-03
8.157927542924880981e-02
2.575809776317328215e-04
1.770424470305442810e-02
3.411865979433059692e-02
1.017624288797378540e-01
1.958776032552123070e-03
4.997330252081155777e-03
4.969906993210315704e-03
1.907602138817310333e-02
6.254382431507110596e-02
2.295922487974166870e-02
5.561310797929763794e-02
2.006406337022781372e-02
8.370864391326904297e-01
2.828605465765576810e-05
2.953046932816505432e-02
9.506959468126296997e-03
1.546519249677658081e-01
2.028633117675781250e+00
8.768705651164054871e-03
9.774905629456043243e-03
1.415571421384811401e-01
1.803292776457965374e-03
2.883606648538261652e-04
6.633140444755554199e-01
1.392234675586223602e-02
1.727402559481561184e-03
1.176996901631355286e-02
7.993268780410289764e-03
1.109675884246826172e+00
4.335117060691118240e-03
4.941882099956274033e-03
1.051170945167541504e+00
2.023566141724586487e-02
3.109121620655059814e-01
1.556464703753590584e-03
6.955446442589163780e-04
1.040263846516609192e-02
3.520597238093614578e-03
4.961397033184766769e-03
1.249333471059799194e-01
9.432755708694458008e-01
8.178704977035522461e-02
5.016532726585865021e-03
2.850632881745696068e-03
6.653759628534317017e-03
7.390171958832070231e-05
1.930535188876092434e-03
2.827921867370605469e+00
8.731492757797241211e-01
2.559416170697659254e-04
3.716388717293739319e-02
5.741728004068136215e-03
6.264342227950692177e-04
3.948831558227539062e-02
1.180825661867856979e-02
4.446497769095003605e-04
1.007792539894580841e-02
1.238581538200378418e-02
3.138112276792526245e-02
1.662128090858459473e+00
2.546048536896705627e-02
3.310213685035705566e-01
4.436950683593750000e-01
4.764684289693832397e-02
5.649745464324951172e-01
1.512556314468383789e+00
3.494074335321784019e-03
2.168946713209152222e-02
2.601992711424827576e-02
3.334204200655221939e-03
4.725262522697448730e-02
3.936070501804351807e-01
1.664250716567039490e-02
3.952717874199151993e-03
1.145256832242012024e-01
1.369453850202262402e-03
1.703014783561229706e-02
4.467171675059944391e-04
2.870538234710693359e-01
1.150106312707066536e-03
2.116162097081542015e-03
1.853566318750381470e-01
5.695483414456248283e-04
5.188693292438983917e-03
1.806928589940071106e-02
3.840785007923841476e-03
1.845457106828689575e-01
3.602618584409356117e-03
2.268265467137098312e-03
2.589099342003464699e-03
1.198620535433292389e-03
2.476672874763607979e-03
1.324166357517242432e-01
2.842190675437450409e-03
6.588177289813756943e-03
3.752135438844561577e-03
8.016694337129592896e-03
1.640594913624227047e-03
2.480715047568082809e-03
1.330932788550853729e-02
1.511971056461334229e-01
5.883261328563094139e-04
3.267361316829919815e-04
2.466824138537049294e-03
1.064444780349731445e+00
5.337016191333532333e-04
6.628090981394052505e-03
8.467763662338256836e-02
1.169212628155946732e-02
2.705717086791992188e-02
1.762094162404537201e-02
4.620993882417678833e-02
1.410726308822631836e-01
3.860250944853760302e-05
7.965276949107646942e-03
1.885972567833960056e-03
6.516600260511040688e-04
1.006427779793739319e-02
1.343026477843523026e-02
2.292174287140369415e-02
2.481300756335258484e-02
9.924804791808128357e-03
7.286124746315181255e-04
7.659657392650842667e-03
3.445521462708711624e-03
4.973205551505088806e-02
1.431307196617126465e-02
4.294748976826667786e-02
8.236686117015779018e-04
5.597506463527679443e-02
1.636149536352604628e-04
1.498897969722747803e-01
7.487270236015319824e-02
2.234063111245632172e-02
8.282463066279888153e-03
4.556263387203216553e-01
9.350681211799383163e-04
5.304227583110332489e-03
2.637800294905900955e-03
1.032625325024127960e-02
1.209198310971260071e-02
3.191762790083885193e-02
5.341996438801288605e-04
2.652847051620483398e+00
5.582114681601524353e-02
9.235984645783901215e-03
2.371501684188842773e+00
5.460202217102050781e+00
5.674897227436304092e-03
2.287425159011036158e-04
3.269624430686235428e-04
2.013367228209972382e-02
2.024716930463910103e-03
1.079133525490760803e-02
6.443006515502929688e+00
1.009535990306176245e-04
2.348607301712036133e+00
5.805107951164245605e-02
1.470520906150341034e-02
2.017563965637236834e-04
1.335367327556014061e-03
4.166124820709228516e+00
8.680084991455078125e+01
1.066512069702148438e+02
5.927863121032714844e-01
3.267802047729492188e+01
1.889622330665588379e+00
5.315535888671875000e+02
7.613541603088378906e+00
6.051399993896484375e+01
5.319274902343750000e+00
1.959908752441406250e+02
1.073561954498291016e+01
7.533430480957031250e+01
5.584445595741271973e-01
1.545381927490234375e+01
8.121279144287109375e+01
9.864137268066406250e+01
1.449167022705078125e+02
1.048223953247070312e+02
6.670138359069824219e+00
7.685128784179687500e+01
3.104424953460693359e+00
6.292769908905029297e+00
5.593231201171875000e+01
1.885777235031127930e+00
4.073183536529541016e-01
1.952797546386718750e+02
3.862310180664062500e+02
1.658233886718750000e+03
4.087448425292968750e+02
7.127217769622802734e+00
2.803934574127197266e+00
1.179157543182373047e+01
2.569708251953125000e+02
1.385377407073974609e+01
1.272431182861328125e+01
6.069490909576416016e-01
4.013485461473464966e-02
3.920466661453247070e+00
9.694311523437500000e+01
9.404978027343750000e+02
1.275595951080322266e+01
6.703185439109802246e-01
3.076352233886718750e+02
3.168534278869628906e+01
7.266847991943359375e+01
7.163836669921875000e+01
1.993652915954589844e+01
6.480304598808288574e-01
9.580816650390625000e+02
2.488730621337890625e+02
3.092492294311523438e+01
1.005955791473388672e+01
1.777337837219238281e+01
3.827781438827514648e+00
6.693108081817626953e+00
2.966862201690673828e+00
2.957482337951660156e-01
1.353208732604980469e+01
1.817902832031250000e+03
4.969921875000000000e+02
3.740050048828125000e+02
1.167009258270263672e+01
4.479454421997070312e+01
2.504899740219116211e+00
7.857048034667968750e+01
4.067465972900390625e+01
3.274332275390625000e+03
1.565339202880859375e+02
7.489257812500000000e+01
5.025210231542587280e-02
3.467841186523437500e+02
1.693938851356506348e+00
1.555252685546875000e+02
5.684319019317626953e+00
8.511995315551757812e+00
1.107519984245300293e+00
5.985371589660644531e+00
2.619966430664062500e+02
2.234599876403808594e+01
2.118886566162109375e+01
5.087586402893066406e+00
7.276591300964355469e+00
2.803617477416992188e+01
3.922870159149169922e+00
1.520387744903564453e+01
7.654368877410888672e-02
1.006103706359863281e+01
1.712529563903808594e+01
1.899589776992797852e+00
1.917957687377929688e+01
3.029489707946777344e+01
2.931128501892089844e+01
1.383867073059082031e+01
5.246558380126953125e+01
5.093868408203125000e+02
1.796430230140686035e+00
3.052097473144531250e+02
2.729271054267883301e-01
4.831710815429687500e+02
1.731800079345703125e+00
1.484774971008300781e+01
3.030663251876831055e+00
9.158820343017578125e+01
4.277093887329101562e+01
1.109728164672851562e+02
1.622052669525146484e+00
5.246698730468750000e+03
4.238931274414062500e+02
7.605599164962768555e-01
6.624937057495117188e-01
1.459765747070312500e+03
1.541627960205078125e+02
1.241922140121459961e+00
2.710341453552246094e+01
9.406359100341796875e+01
9.311363220214843750e+01
1.354307079315185547e+01
8.542709350585937500e+01
6.153259277343750000e+00
2.335658416748046875e+02
3.979110595703125000e+03
5.110721435546875000e+02
1.165150985717773438e+02
3.727382183074951172e+00
4.661448669433593750e+02
2.960359573364257812e+01
1.837679147720336914e+00
5.846995239257812500e+02
1.095589370727539062e+02
5.257738037109375000e+02
2.875157165527343750e+01
3.883926868438720703e-01
2.922718238830566406e+01
1.485470175743103027e+00
2.063573122024536133e+00
4.303754270076751709e-01
6.678328247070312500e+02
5.534060668945312500e+02
2.489448699951171875e+02
3.700574111938476562e+01
1.733962774276733398e+00
5.544047241210937500e+02
1.579368495941162109e+01
7.534300537109375000e+02
3.343370056152343750e+01
6.578672485351562500e+02
8.964747190475463867e-01
9.471607971191406250e+01
1.706137817382812500e+03
4.408395886421203613e-01
7.440223388671875000e+02
1.868665695190429688e+01
3.286913335323333740e-01
9.695739746093750000e+01
4.269969940185546875e+01
1.590016126632690430e+00
5.410366058349609375e-01
4.731011390686035156e+00
2.425163269042968750e+00
1.028151977539062500e+03
1.073907012939453125e+02
1.478576049804687500e+02
5.594359588623046875e+01
2.132955017089843750e+02
7.965578460693359375e+01
9.545202636718750000e+01
2.753860778808593750e+02
2.281673828125000000e+03
1.456006813049316406e+01
8.542623519897460938e+00
1.796454589843750000e+03
2.684338808059692383e+00
4.994369983673095703e+00
3.981646118164062500e+02
1.709623336791992188e+01
8.273901939392089844e+00
5.912854766845703125e+01
2.533949136734008789e+00
1.496262168884277344e+01
1.433473873138427734e+01
2.854394149780273438e+01
2.692267150878906250e+02
5.859793186187744141e+00
2.215174414062500000e+04
3.593198776245117188e+00
4.467738866806030273e-01
2.255250549316406250e+01
9.355504150390625000e+02
5.455102157592773438e+01
6.234901428222656250e+00
3.145166931152343750e+02
9.174057006835937500e+00
4.036303329467773438e+01
1.780081634521484375e+02
1.193391323089599609e+00
7.213484954833984375e+01
9.229967594146728516e-01
9.806573867797851562e+00
2.876457929611206055e+00
2.240364837646484375e+01
1.020577239990234375e+01
4.296631336212158203e+00
3.137087631225585938e+01
3.304610061645507812e+01
8.385875225067138672e-01
9.565132141113281250e+01
4.746253051757812500e+02
6.822535991668701172e+00
4.354156494140625000e+01
7.322765350341796875e+00
5.038550853729248047e+00
7.592468261718750000e-01
4.592078125000000000e+03
1.393586444854736328e+01
4.611323547363281250e+02
1.787063360214233398e+00
1.994677124023437500e+02
1.108399271965026855e+00
1.936578216552734375e+02
3.423958740234375000e+03
1.433783918619155884e-01
1.382490873336791992e+00
1.318710449218750000e+03
2.642875671386718750e+00
9.109177856445312500e+02
3.174327850341796875e+00
3.187676429748535156e+01
1.056871986389160156e+01
9.823956489562988281e+00
3.224505484104156494e-02
1.031853866577148438e+01
2.664870738983154297e+00
6.245130004882812500e+02
6.544552612304687500e+01
8.973393440246582031e+00
4.097589492797851562e+00
2.005182838439941406e+01
1.490791606903076172e+01
1.608647823333740234e+00
4.720619506835937500e+02
1.218981018066406250e+02
9.464492797851562500e+00
1.851956558227539062e+01
1.357131500244140625e+02
9.681579589843750000e+01
1.155569534301757812e+02
5.606616139411926270e-01
9.827499023437500000e+03
9.918040275573730469e+00
5.818569946289062500e+01
1.576670169830322266e+01
4.132641851902008057e-01
1.130731567382812500e+03
1.282162475585937500e+02
5.795026421546936035e-01
8.624219360351562500e+02
4.111141967773437500e+01
6.483093261718750000e+00
5.239213867187500000e+03
4.700409698486328125e+01
6.316799163818359375e+01
4.843069839477539062e+01
6.550388183593750000e+02
2.217682189941406250e+02
2.763367309570312500e+02
3.914676666259765625e+01
2.076565673828125000e+03
4.806414246559143066e-01
1.806288337707519531e+01
3.906340026855468750e+02
7.857251644134521484e+00
4.100848388671875000e+02
8.025643229484558105e-01
1.125342845916748047e+00
6.489391326904296875e+01
3.034053087234497070e+00
9.480929374694824219e+00
1.170249633789062500e+02
6.010456085205078125e-01
1.464607906341552734e+01
5.970500469207763672e+00
3.773105382919311523e+00
3.526057815551757812e+01
7.674573063850402832e-01
6.342242956161499023e-01
2.239347076416015625e+02
9.844645996093750000e+02
3.937676429748535156e+00
1.238309402465820312e+02
1.479026603698730469e+01
7.866220474243164062e+00
1.746209716796875000e+03
2.579672098159790039e+00
2.728741455078125000e+02
3.354549407958984375e+01
2.298773193359375000e+01
1.200119750976562500e+03
3.180280303955078125e+01
1.801016693115234375e+02
5.960187377929687500e+02
1.488863677978515625e+02
4.078531265258789062e+01
2.723645629882812500e+02
3.774232482910156250e+01
1.569019436836242676e+00
3.655490875244140625e+01
2.004136085510253906e+01
5.322651386260986328e+00
9.068655395507812500e+02
4.045154113769531250e+02
7.876464233398437500e+02
2.005388031005859375e+02
9.616014480590820312e+00
2.046346902847290039e+00
3.775447010993957520e-01
2.743083953857421875e+01
8.844214439392089844e+00
6.151176452636718750e+00
7.685108184814453125e-01
9.629936218261718750e+00
2.973813414573669434e-01
8.421221923828125000e+01
2.960640525817871094e+01
8.286078643798828125e+01
8.915079498291015625e+01
2.179359054565429688e+01
5.080506896972656250e+01
9.758020401000976562e+00
5.737727642059326172e+00
2.213835865259170532e-01
7.770174316406250000e+03
2.571382812500000000e+03
1.877311859130859375e+02
1.430899963378906250e+02
9.318186187744140625e+01
9.033226928710937500e+02
1.937150192260742188e+01
3.438371658325195312e+01
1.337193965911865234e+01
1.772596836090087891e+00
5.430045318603515625e+01
1.116524780273437500e+03
6.149674224853515625e+01
5.811998844146728516e+00
7.666016101837158203e+00
1.291243591308593750e+02
4.005017700195312500e+02
9.927972412109375000e+01
9.326022148132324219e+00
1.352711009979248047e+01
7.139506191015243530e-02
7.476711273193359375e-02
2.838393402099609375e+01
2.278503227233886719e+01
3.575296401977539062e+00
1.727491760253906250e+01
2.011350402832031250e+02
3.926233673095703125e+01
9.801940917968750000e+01
8.193695068359375000e+00
1.652101278305053711e+00
9.136674880981445312e+00
3.349410629272460938e+01
9.427800903320312500e+02
1.498265743255615234e+00
1.083235931396484375e+02
8.753821849822998047e-01
3.018121957778930664e+00
1.779209673404693604e-01
8.268693923950195312e+00
3.951847900390625000e+03
2.540850976562500000e+04
4.552703857421875000e+00
7.898337554931640625e+01
8.021585845947265625e+01
3.352226257324218750e+00
1.271154403686523438e+02
5.563195800781250000e+02
5.054682254791259766e+00
3.933693170547485352e+00
2.248638391494750977e+00
5.990569305419921875e+01
2.252392959594726562e+01
1.808460426330566406e+01
2.614209899902343750e+02
4.753478088378906250e+02
3.465186357498168945e+00
3.140101194381713867e+00
3.066388845443725586e+00
2.132543182373046875e+02
7.470837116241455078e+00
2.357424545288085938e+01
2.669463195800781250e+02
1.147893524169921875e+01
7.260032348632812500e+02
9.867496337890625000e+02
1.747289886474609375e+02
1.266811490058898926e+00
1.675739288330078125e+01
