1.499770283699035645e-01
2.800308465957641602e-01
1.964955404400825500e-02
4.611806478351354599e-03
3.675653785467147827e-02
2.721998214721679688e+00
2.531762421131134033e-02
9.542461484670639038e-03
2.898594923317432404e-02
3.092839419841766357e-01
7.154695689678192139e-02
7.338596135377883911e-02
1.407883763313293457e-01
2.836131677031517029e-02
7.902793586254119873e-03
4.513352364301681519e-02
3.475254867225885391e-03
2.963124401867389679e-02
6.355769932270050049e-02
3.460286883637309074e-03
2.608946897089481354e-02
4.178209975361824036e-02
1.723306477069854736e-01
2.237701416015625000e-02
3.691625118255615234e+00
1.231242716312408447e-02
7.183673977851867676e-02
1.958911120891571045e-01
1.710548698902130127e-01
1.017783403396606445e+00
2.765792421996593475e-03
7.890284759923815727e-04
3.433571755886077881e-02
1.252105236053466797e-01
2.794313989579677582e-02
6.555158644914627075e-02
1.233403943479061127e-02
7.883744547143578529e-04
2.560886740684509277e-02
1.254806108772754669e-02
3.039133846759796143e-01
1.750156581401824951e-01
1.919963210821151733e-02
4.769907951354980469e+00
2.350162565708160400e-01
1.701094806194305420e-01
1.909928582608699799e-02
8.978613018989562988e-01
2.127634827047586441e-03
1.546831578016281128e-01
1.798804104328155518e-01
1.542227268218994141e-01
1.844590604305267334e-01
4.741330444812774658e-02
2.568540396168828011e-03
4.642778541892766953e-03
7.545325905084609985e-03
5.235673859715461731e-02
3.976410999894142151e-02
1.386913108825683594e+01
1.663948409259319305e-02
1.087783336639404297e+01
1.825005374848842621e-02
2.557757124304771423e-02
1.567313224077224731e-01
1.362139731645584106e-01
5.295853614807128906e-01
6.155472248792648315e-02
1.619024157524108887e+00
1.002852201461791992e+00
2.509177720639854670e-04
8.408504724502563477e-01
5.219785030931234360e-03
4.481672644615173340e-01
1.132594197988510132e-01
2.629186585545539856e-02
1.628952845931053162e-02
8.982516080141067505e-02
2.941114827990531921e-02
1.834973134100437164e-02
4.104133844375610352e-01
3.896653279662132263e-02
1.007135882973670959e-01
8.861654205247759819e-04
4.472830798476934433e-03
6.499408278614282608e-03
1.625409204280003905e-04
2.715436741709709167e-02
1.072892427444458008e+00
1.100992201827466488e-03
1.907065138220787048e-02
3.096409514546394348e-02
8.724512532353401184e-03
5.165236070752143860e-02
1.049982197582721710e-02
1.091515064239501953e+00
2.742494344711303711e-01
4.962198138236999512e-01
3.499149577692151070e-03
1.573425382375717163e-01
3.910457134246826172e+00
8.652079105377197266e-02
5.318795796483755112e-03
3.332816809415817261e-02
2.750098332762718201e-02
3.043705821037292480e-01
7.620785385370254517e-02
4.454659298062324524e-02
2.535659968852996826e-01
2.128732502460479736e-01
3.607525676488876343e-02
2.379189133644104004e-01
1.047417223453521729e-01
3.862700164318084717e-01
2.212522178888320923e-02
9.714516252279281616e-02
6.986562907695770264e-02
3.353818878531455994e-02
8.123334497213363647e-03
3.867894038558006287e-02
4.135743714869022369e-03
5.231568145751953125e+01
5.268988609313964844e-01
1.354809284210205078e+00
7.445872179232537746e-04
1.721847951412200928e-01
2.015042677521705627e-02
9.506097412668168545e-04
2.214905470609664917e-01
5.809347331523895264e-02
9.027109146118164062e-01
6.242343783378601074e-02
8.780584670603275299e-03
3.103426191955804825e-03
6.145859882235527039e-02
1.445320248603820801e-02
3.575772047042846680e-02
1.552782654762268066e+00
3.177646696567535400e-01
1.186475515365600586e+00
2.548789605498313904e-02
1.243259012699127197e-02
1.589050412178039551e+00
9.270178079605102539e-01
1.205787181854248047e+01
1.268896907567977905e-01
5.455389618873596191e-01
8.030347526073455811e-02
2.055227309465408325e-01
4.540135338902473450e-02
2.533693611621856689e-02
4.498658478260040283e-01
2.473276704549789429e-01
6.675363332033157349e-02
2.553505003452301025e-01
5.458915233612060547e-02
3.108264692127704620e-02
5.139618366956710815e-02
2.012281678617000580e-03
6.614643614739179611e-03
1.381303668022155762e-01
5.336207337677478790e-03
9.026855230331420898e-02
1.820977926254272461e-01
1.005650997161865234e+00
3.564506173133850098e-01
3.541503846645355225e-01
3.289972841739654541e-01
2.715295076370239258e+00
3.735763020813465118e-03
9.722966700792312622e-02
2.733674049377441406e-01
9.807927999645471573e-04
1.632788963615894318e-02
7.713086158037185669e-02
1.264997243881225586e+00
3.720773011445999146e-02
4.190971329808235168e-02
3.825362771749496460e-02
6.695901751518249512e-01
1.114085763692855835e-01
5.910024046897888184e-02
1.779712587594985962e-01
7.962334156036376953e-02
1.233719706535339355e+00
4.738880321383476257e-02
2.052139677107334137e-02
3.416560962796211243e-02
5.060653686523437500e-01
4.724347963929176331e-02
6.882389187812805176e-01
4.804243892431259155e-02
4.092157178092747927e-04
7.944291830062866211e-02
1.710548698902130127e-01
7.986444234848022461e-02
2.531855106353759766e-01
4.060099273920059204e-02
8.423144929111003876e-03
2.272551655769348145e-01
4.705368541181087494e-03
7.020191103219985962e-02
3.645807504653930664e-02
6.118655577301979065e-02
1.941378787159919739e-02
1.356060057878494263e-02
1.300298571586608887e-01
1.464443397521972656e+01
4.468737635761499405e-03
3.613643348217010498e-03
9.372979402542114258e-03
5.780844017863273621e-02
4.893781733699142933e-04
1.657891154289245605e+00
4.753333702683448792e-02
2.170497417449951172e+00
8.025394678115844727e-01
2.864164859056472778e-02
9.258322534151375294e-04
9.790099859237670898e-01
1.147392988204956055e+00
5.763944704085588455e-03
1.564697176218032837e-02
3.201070427894592285e-02
1.561154931550845504e-04
2.367858886718750000e-01
3.132920945063233376e-03
2.651629447937011719e+00
1.360225528478622437e-01
1.290448755025863647e-02
2.617372013628482819e-02
2.559712342917919159e-02
2.076493017375469208e-02
8.750281296670436859e-03
7.166858017444610596e-02
1.439915597438812256e-01
8.501071482896804810e-02
5.834235809743404388e-03
3.665878772735595703e-01
1.466350513510406017e-03
2.863026857376098633e-01
4.000851511955261230e-02
2.347013801336288452e-01
7.044619880616664886e-03
1.271890848875045776e-02
1.901789382100105286e-02
8.139272779226303101e-02
6.104552373290061951e-02
6.365481019020080566e-02
9.463519603013992310e-02
6.980973482131958008e-02
1.092216968536376953e+00
3.997507446911185980e-04
2.466404289007186890e-01
7.204461097717285156e-02
2.134661823511123657e-01
2.869771003723144531e+00
1.587846577167510986e-01
1.920322515070438385e-02
8.035963028669357300e-02
1.197209674865007401e-02
3.442054847255349159e-03
1.074398159980773926e+00
1.068564653396606445e-01
1.101662870496511459e-02
2.520800530910491943e-01
6.398299708962440491e-03
1.662676811218261719e+00
2.557589905336499214e-03
1.829506456851959229e-02
6.244394779205322266e+00
1.379118561744689941e-01
4.361474215984344482e-01
4.177174065262079239e-03
1.999000553041696548e-03
2.381148561835289001e-02
3.735524415969848633e-02
2.021035179495811462e-02
3.525298535823822021e-01
7.952927350997924805e-01
5.039207339286804199e-01
6.561012566089630127e-02
3.108140267431735992e-02
1.847699098289012909e-02
5.224154447205364704e-04
2.237856760621070862e-02
7.441920757293701172e+00
2.179494380950927734e+00
5.202019121497869492e-03
8.874525129795074463e-02
2.665248326957225800e-02
6.734689697623252869e-03
3.853374719619750977e-01
4.258221387863159180e-02
2.543717389926314354e-03
1.420753914862871170e-02
3.523756563663482666e-02
7.454105466604232788e-02
2.170419454574584961e+00
2.244655042886734009e-01
4.204920768737792969e+00
3.615051209926605225e-01
2.958081662654876709e-01
1.896733522415161133e+00
1.323461532592773438e+00
3.013873472809791565e-02
1.431329082697629929e-02
2.274120002985000610e-01
4.726871475577354431e-02
2.325024157762527466e-01
1.425650000572204590e+00
1.858655214309692383e-01
6.174352392554283142e-02
3.401664495468139648e-01
1.681451685726642609e-02
5.381838604807853699e-02
3.634882625192403793e-03
1.311305284500122070e+00
3.298992989584803581e-03
1.534449309110641479e-02
1.859085708856582642e-01
1.737135346047580242e-03
4.346277564764022827e-02
2.194705009460449219e-01
1.579126529395580292e-02
3.002586364746093750e+00
6.556568201631307602e-03
7.176256738603115082e-03
2.967054396867752075e-02
9.605704806745052338e-03
2.034046454355120659e-03
1.593526721000671387e+00
2.502259425818920135e-02
3.973706811666488647e-02
1.917342096567153931e-02
2.586043812334537506e-02
3.000052087008953094e-02
1.866911351680755615e-02
5.254843831062316895e-02
2.649596929550170898e-01
2.283008769154548645e-02
8.094574441201984882e-04
8.409447968006134033e-03
1.170549511909484863e+00
1.375324558466672897e-03
1.881011389195919037e-02
4.058407843112945557e-01
4.880961477756500244e-01
4.517544433474540710e-02
1.090132370591163635e-01
1.973060518503189087e-01
1.275480538606643677e-01
2.696415176615118980e-04
2.806093543767929077e-02
3.436383232474327087e-02
7.629842497408390045e-03
3.588624671101570129e-02
7.625547051429748535e-02
1.128881424665451050e-01
1.845039576292037964e-01
4.163885116577148438e-02
3.718622960150241852e-03
9.519854187965393066e-02
2.602512575685977936e-02
4.852961301803588867e-01
3.093679249286651611e-02
1.511303186416625977e-01
2.598339226096868515e-03
4.282491505146026611e-01
1.167781651020050049e-03
1.003026962280273438e-01
6.140020489692687988e-02
2.434186458587646484e+00
6.750959157943725586e-02
7.663738727569580078e-01
5.365611054003238678e-03
1.547061651945114136e-02
1.331218425184488297e-02
1.107458118349313736e-02
4.161194339394569397e-02
8.144070953130722046e-02
7.490803487598896027e-03
1.097584366798400879e+00
3.103895187377929688e-01
6.398841738700866699e-02
5.103181362152099609e+00
2.105383300781250000e+01
1.929061114788055420e-02
9.325434453785419464e-03
4.397929296828806400e-04
8.036166429519653320e-02
3.722219169139862061e-02
5.406670272350311279e-02
8.009235382080078125e+00
6.770375184714794159e-04
5.137167930603027344e+00
3.430245220661163330e-01
2.174514345824718475e-02
5.298380739986896515e-03
1.067669503390789032e-02
1.891934776306152344e+01
5.404210662841796875e+01
4.772008514404296875e+01
5.052036046981811523e-01
1.906641960144042969e+01
1.944925785064697266e+00
2.733067321777343750e+02
1.125023174285888672e+01
1.082902297973632812e+02
1.345239448547363281e+01
7.512757110595703125e+01
3.090071105957031250e+01
1.641452026367187500e+01
8.123329281806945801e-01
1.589897155761718750e+01
5.396750640869140625e+01
2.915334892272949219e+01
2.343446350097656250e+02
2.995738029479980469e+01
5.301129341125488281e+00
1.307542133331298828e+01
7.630674839019775391e+00
1.213839340209960938e+01
1.963552474975585938e+01
1.399884986877441406e+01
1.617918014526367188e+00
6.082658767700195312e+01
4.549700622558593750e+02
5.564915161132812500e+02
8.587389373779296875e+01
3.551178455352783203e+00
3.166565656661987305e+00
3.342648744583129883e+00
3.770748291015625000e+02
3.346966505050659180e+00
9.896741867065429688e+00
6.831752657890319824e-01
1.394443064928054810e-01
2.767333507537841797e+00
6.841128540039062500e+01
1.561629516601562500e+03
2.718597602844238281e+01
6.382234096527099609e-01
2.472088165283203125e+02
1.553900909423828125e+01
2.177564086914062500e+02
1.181479721069335938e+02
1.315993881225585938e+01
1.437085747718811035e+00
2.919070739746093750e+02
8.825066375732421875e+01
2.371459579467773438e+01
1.661103820800781250e+01
5.170809555053710938e+01
4.195995330810546875e+00
3.888121366500854492e+00
4.504346370697021484e+00
1.134021878242492676e+00
7.081830501556396484e+00
4.176977539062500000e+02
7.343128204345703125e+01
4.258536376953125000e+02
3.048406839370727539e+00
2.362813568115234375e+01
4.559779644012451172e+00
1.979187965393066406e+01
3.840603256225585938e+01
1.167285888671875000e+03
1.401012939453125000e+03
3.074466323852539062e+01
8.994975686073303223e-02
3.914565658569335938e+01
1.723656773567199707e+00
1.136207656860351562e+02
9.772736549377441406e+00
1.226090335845947266e+01
5.234279632568359375e-01
6.117037773132324219e+00
6.239292907714843750e+01
3.251035308837890625e+01
2.755961990356445312e+01
4.165425777435302734e+00
1.420285320281982422e+01
1.892615509033203125e+01
1.690367889404296875e+01
8.747076034545898438e+00
1.970133930444717407e-01
2.013272857666015625e+01
2.006616210937500000e+01
2.386689901351928711e+00
5.251826286315917969e+00
8.283045196533203125e+01
5.945744705200195312e+01
2.127166938781738281e+01
6.897095489501953125e+01
3.573222351074218750e+01
5.704439163208007812e+00
1.960142333984375000e+03
2.070551156997680664e+00
5.280170440673828125e+01
1.264654278755187988e+00
8.626989364624023438e+00
1.026069521903991699e+00
1.100819702148437500e+02
2.259169960021972656e+01
2.696616935729980469e+01
4.647911071777343750e+00
4.936419067382812500e+02
4.065180969238281250e+02
2.752858638763427734e+00
2.253815531730651855e-01
1.289230499267578125e+02
6.067296981811523438e+01
5.677845954895019531e+00
3.911686706542968750e+01
7.693411254882812500e+01
2.162523460388183594e+01
1.187837791442871094e+01
4.394364166259765625e+01
1.866116714477539062e+01
5.850821304321289062e+01
6.902524902343750000e+03
2.044347991943359375e+02
6.869842529296875000e+01
2.781723499298095703e+00
1.975171203613281250e+02
1.279486465454101562e+01
2.988355159759521484e+00
6.183445434570312500e+02
1.078032531738281250e+02
8.206900024414062500e+01
1.334091091156005859e+01
2.830683887004852295e-01
8.538612365722656250e+00
1.485243439674377441e+00
2.946412801742553711e+00
6.395436763763427734e+00
2.030801086425781250e+02
1.137468566894531250e+02
2.096333923339843750e+02
4.362953948974609375e+01
1.041823983192443848e+00
4.481255493164062500e+02
2.367130851745605469e+01
2.319039764404296875e+02
3.025775718688964844e+01
4.759184265136718750e+02
1.626068711280822754e+00
3.496805953979492188e+01
3.395497741699218750e+02
8.448146581649780273e-01
3.982508239746093750e+02
8.226725769042968750e+01
8.488299250602722168e-01
1.529976654052734375e+02
1.480257415771484375e+01
1.562446832656860352e+00
1.331880927085876465e+00
1.658998608589172363e+00
1.362985134124755859e+00
4.366044616699218750e+02
1.419085083007812500e+02
1.360195159912109375e+02
1.805321311950683594e+01
8.277738189697265625e+01
1.046266174316406250e+01
4.309321212768554688e+01
1.122969360351562500e+02
5.069750366210937500e+02
3.211801052093505859e+00
1.184072685241699219e+01
5.025571594238281250e+02
2.052846193313598633e+00
6.160134792327880859e+00
1.569608459472656250e+02
2.225569534301757812e+01
7.505388259887695312e+00
3.722278976440429688e+01
3.898230075836181641e+00
2.256226730346679688e+01
3.730981111526489258e+00
3.541781616210937500e+01
1.429997558593750000e+02
6.347518563270568848e-01
4.721342285156250000e+03
9.715892791748046875e+00
1.728154778480529785e+00
1.221640777587890625e+01
1.538079986572265625e+02
3.496038818359375000e+01
2.236989736557006836e+00
4.700586700439453125e+01
4.819361686706542969e+00
5.398860931396484375e+01
4.745140457153320312e+01
7.703818082809448242e-01
3.586308670043945312e+01
1.398957371711730957e+00
1.498731017112731934e+00
3.286682128906250000e+00
1.195424556732177734e+01
3.101596832275390625e+00
7.469075679779052734e+00
2.303591346740722656e+01
8.240576934814453125e+01
6.405209898948669434e-01
1.744149589538574219e+01
2.154964294433593750e+02
7.178109645843505859e+00
2.451430130004882812e+01
1.517873764038085938e+01
4.394876956939697266e+00
1.624889492988586426e+00
1.831519653320312500e+03
1.791654777526855469e+01
9.532530975341796875e+01
1.084277915954589844e+01
2.862594299316406250e+02
1.228167891502380371e+00
1.524783172607421875e+02
2.228492675781250000e+03
2.350361049175262451e-01
1.541910648345947266e+00
2.541924438476562500e+02
2.130672454833984375e+00
4.247230834960937500e+02
4.129151821136474609e+00
1.584876823425292969e+01
2.847589969635009766e+00
1.172919940948486328e+01
2.792659401893615723e-01
1.506193351745605469e+01
1.528520822525024414e+00
1.237777557373046875e+02
1.094028186798095703e+01
4.152872467041015625e+01
2.180012702941894531e+00
9.614224433898925781e+00
1.581993389129638672e+01
1.250568866729736328e+00
2.946425476074218750e+02
2.814791107177734375e+01
1.010038185119628906e+01
6.316359996795654297e+00
4.807685089111328125e+01
7.410357666015625000e+01
1.217171173095703125e+02
4.185739457607269287e-01
7.857951049804687500e+02
6.470728397369384766e+00
2.626066970825195312e+01
3.339870071411132812e+01
2.268560171127319336e+00
1.556869506835937500e+02
6.251678466796875000e+01
2.169347763061523438e+00
7.260253906250000000e+01
2.414975929260253906e+01
3.324370861053466797e+00
4.948799438476562500e+02
2.691624069213867188e+01
6.586221313476562500e+01
3.234390640258789062e+01
3.402468566894531250e+02
6.056243896484375000e+01
8.588184356689453125e+01
2.430408668518066406e+01
2.175611877441406250e+02
2.591105401515960693e-01
9.410187721252441406e+00
1.151759521484375000e+03
4.041399383544921875e+01
1.960603179931640625e+02
7.153066992759704590e-01
3.207370936870574951e-01
2.467734527587890625e+01
1.235914707183837891e+01
9.468791961669921875e+00
3.607247161865234375e+01
1.966095805168151855e+00
1.290799713134765625e+01
5.122408390045166016e+00
4.810710430145263672e+00
2.015946769714355469e+01
1.126961827278137207e+00
2.602949142456054688e+00
4.140643920898437500e+02
4.709959716796875000e+02
3.781021833419799805e+00
7.156492614746093750e+01
2.724990844726562500e+01
6.891703128814697266e+00
3.138703613281250000e+03
5.264857292175292969e+00
6.171365356445312500e+01
1.256749057769775391e+01
2.455230903625488281e+01
3.142156677246093750e+02
1.428208351135253906e+01
1.060353088378906250e+02
1.509470520019531250e+02
6.984601593017578125e+01
3.875338745117187500e+01
5.485085449218750000e+02
1.139732837677001953e+01
8.419146537780761719e+00
1.220653305053710938e+02
1.528768253326416016e+01
1.261534309387207031e+01
6.176517333984375000e+02
2.919507751464843750e+02
2.550166625976562500e+02
9.222554931640625000e+02
2.940529108047485352e+00
6.306636333465576172e+00
8.333661556243896484e-01
9.668032646179199219e+00
1.309702110290527344e+01
5.462321758270263672e+00
1.770304918289184570e+00
4.420186519622802734e+00
1.522318601608276367e+00
2.855182495117187500e+02
2.733056259155273438e+01
8.513767242431640625e+01
1.727161407470703125e+02
8.501623153686523438e+00
5.061274337768554688e+01
2.607726287841796875e+01
2.553867721557617188e+01
9.958814978599548340e-01
2.684071289062500000e+03
4.362469482421875000e+02
2.243358612060546875e+01
8.111464691162109375e+01
6.905036163330078125e+01
7.758544921875000000e+02
3.547859191894531250e+01
3.238289833068847656e+00
2.519880104064941406e+01
1.082037925720214844e+00
3.859193420410156250e+01
4.455937500000000000e+02
2.582082557678222656e+01
5.172720909118652344e+00
4.067550659179687500e+00
1.198385848999023438e+02
9.103850097656250000e+02
5.069371795654296875e+01
2.154292869567871094e+01
2.402759742736816406e+01
2.958251535892486572e-01
9.477708488702774048e-02
2.974682426452636719e+01
1.362101078033447266e+01
6.808652877807617188e+00
1.808814048767089844e+01
1.103590011596679688e+02
8.283901977539062500e+01
4.952674484252929688e+01
2.089345693588256836e+00
1.573907017707824707e+00
6.827928543090820312e+00
9.431491851806640625e+00
3.722785949707031250e+02
4.166543006896972656e+00
5.525198364257812500e+01
4.036066830158233643e-01
6.856363773345947266e+00
2.994557917118072510e-01
8.296426773071289062e+00
8.023074340820312500e+02
2.651196289062500000e+04
5.692080974578857422e+00
6.329652786254882812e+01
1.282073211669921875e+01
4.668798923492431641e+00
6.624852752685546875e+01
2.159536743164062500e+02
2.591107845306396484e+00
4.217905998229980469e+00
1.403577518463134766e+01
8.629056549072265625e+01
2.829556274414062500e+01
5.938660144805908203e+00
1.708474273681640625e+02
1.149614135742187500e+03
7.878897666931152344e+00
3.827886104583740234e+00
2.941593647003173828e+00
9.840182495117187500e+01
2.431928873062133789e+00
4.657751560211181641e+00
3.317658691406250000e+02
2.555830383300781250e+01
1.682725677490234375e+02
1.383129272460937500e+03
7.165995788574218750e+01
1.656129360198974609e+00
6.000755691528320312e+01
