2.511488273739814758e-02
8.575873821973800659e-02
6.276083178818225861e-03
1.122602494433522224e-03
4.297479614615440369e-02
4.131202220916748047e+00
1.229499001055955887e-02
2.689649118110537529e-03
4.719576798379421234e-03
4.232280850410461426e-01
4.499280825257301331e-03
8.261490613222122192e-03
5.535354465246200562e-02
9.303400292992591858e-03
9.102406911551952362e-04
8.483498357236385345e-03
2.952430164441466331e-03
2.254382474347949028e-03
1.845318265259265900e-02
3.628530539572238922e-04
1.467184424400329590e-01
1.540551241487264633e-02
2.539632618427276611e-01
5.124823376536369324e-02
3.891479074954986572e-01
1.283677015453577042e-02
3.367964923381805420e-02
1.403948571532964706e-02
7.758577167987823486e-02
8.194186687469482422e-01
3.154955047648400068e-04
1.298115676036104560e-04
7.086410187184810638e-03
1.405721064656972885e-02
8.233302086591720581e-02
4.319371189922094345e-03
5.808825138956308365e-03
5.954417283646762371e-04
7.828844711184501648e-03
4.543256945908069611e-03
1.660497486591339111e-01
5.114413052797317505e-02
1.373534672893583775e-03
8.804304122924804688e+00
1.619344055652618408e-01
5.944577604532241821e-02
3.232583170756697655e-03
1.956391334533691406e-01
3.177893115207552910e-03
6.630006246268749237e-03
1.518471837043762207e-01
2.413964271545410156e-02
8.043626695871353149e-02
2.199684642255306244e-02
3.395647509023547173e-04
1.414402620866894722e-03
3.908530343323945999e-03
1.010165922343730927e-02
1.710090227425098419e-02
3.967199563980102539e+00
9.450182318687438965e-03
8.878121376037597656e+00
1.524833124130964279e-02
2.235288498923182487e-03
1.107302680611610413e-01
1.130493078380823135e-02
1.283618211746215820e-01
4.567517898976802826e-03
4.689545631408691406e-01
3.377749025821685791e-01
1.233890943694859743e-04
1.230947136878967285e+00
7.357696886174380779e-04
1.790547370910644531e-02
6.725043803453445435e-02
4.161005839705467224e-02
5.377254448831081390e-03
3.645651787519454956e-02
4.033917933702468872e-02
8.820143528282642365e-03
3.782562166452407837e-02
1.267802529036998749e-02
1.189274061471223831e-02
2.940834092441946268e-04
1.781727187335491180e-03
1.004678546451032162e-03
2.343650339753367007e-05
3.236116468906402588e-02
7.369418144226074219e-01
9.191312128677964211e-04
5.146466195583343506e-03
8.545291610062122345e-03
9.200095082633197308e-04
9.073343127965927124e-02
2.384066610829904675e-04
3.391522765159606934e-01
4.930424094200134277e-01
3.583116456866264343e-02
1.540175871923565865e-03
5.008160322904586792e-02
1.336720108985900879e+00
4.048198461532592773e-02
8.011821773834526539e-04
1.492445170879364014e-02
7.023797370493412018e-03
3.336324691772460938e-01
6.090937182307243347e-02
1.132438052445650101e-02
2.295893989503383636e-02
7.912775129079818726e-02
1.443142592906951904e-01
3.058367967605590820e-01
4.564590752124786377e-02
4.478532448410987854e-02
1.166162453591823578e-02
2.467875555157661438e-02
5.307456105947494507e-02
3.158586099743843079e-03
1.816639909520745277e-03
6.632690876722335815e-02
4.775371053256094456e-04
6.138342857360839844e+00
4.911085665225982666e-01
3.394998311996459961e-01
1.195563163491897285e-04
1.405162811279296875e-01
9.582404978573322296e-03
6.731411558575928211e-04
4.594863206148147583e-02
5.350339040160179138e-02
1.385660171508789062e+00
6.685516983270645142e-02
3.230251837521791458e-03
8.842562674544751644e-04
3.053693287074565887e-02
2.241080626845359802e-02
4.008860513567924500e-02
2.736687660217285156e+00
9.899159520864486694e-02
3.508721590042114258e-01
1.855701394379138947e-02
6.238095927983522415e-03
4.392522871494293213e-01
4.209935665130615234e-01
1.595898342132568359e+01
1.535970531404018402e-02
2.118262350559234619e-01
5.584561266005039215e-03
4.964061826467514038e-02
8.821220137178897858e-03
1.450112462043762207e-02
5.712632834911346436e-02
5.573101341724395752e-02
1.046371087431907654e-02
5.405639111995697021e-02
1.079744007438421249e-02
8.756446652114391327e-03
2.844586595892906189e-02
1.505509600974619389e-03
3.703846363350749016e-03
3.389392048120498657e-02
2.697372110560536385e-04
1.110140830278396606e-01
4.025310873985290527e-01
2.184996306896209717e-01
8.489856123924255371e-02
1.083872392773628235e-01
1.052241921424865723e-01
4.846089184284210205e-01
1.749284419929608703e-04
2.029767818748950958e-02
6.111247837543487549e-02
6.830406346125528216e-05
1.173432264477014542e-02
2.987791784107685089e-02
1.162260174751281738e+00
1.683350652456283569e-02
7.096189074218273163e-03
1.256930828094482422e-02
8.724725246429443359e-02
6.064839288592338562e-02
2.058191038668155670e-02
1.478572338819503784e-01
2.163065224885940552e-02
1.436020731925964355e+00
6.886933464556932449e-03
4.805864766240119934e-03
6.558524072170257568e-02
2.088752239942550659e-01
1.949929445981979370e-02
1.170094683766365051e-01
1.719424687325954437e-02
3.212079755030572414e-04
7.325981557369232178e-02
3.150263428688049316e-01
1.073141116648912430e-02
1.129769682884216309e-01
5.939823016524314880e-02
2.628228161484003067e-03
1.455674879252910614e-02
2.330076182261109352e-03
2.627591788768768311e-02
7.117935921996831894e-03
1.712022349238395691e-02
7.182165514677762985e-03
1.004185294732451439e-03
1.406493037939071655e-01
8.757083892822265625e+00
8.476850576698780060e-03
2.963074250146746635e-03
6.561625748872756958e-03
2.982025966048240662e-02
1.557499635964632034e-04
5.426475405693054199e-01
1.900361292064189911e-02
1.761490583419799805e+00
3.560471162199974060e-02
1.290261745452880859e-02
4.501875373534858227e-04
4.536349177360534668e-01
2.366412132978439331e-01
1.450154650956392288e-02
9.766723960638046265e-04
2.024949714541435242e-02
1.147103757830336690e-04
1.588757894933223724e-02
5.296642193570733070e-04
3.007007360458374023e+00
2.623031139373779297e-01
5.154170561581850052e-03
1.539884321391582489e-02
7.180233951658010483e-03
2.251347899436950684e-02
1.933630672283470631e-03
2.429614812135696411e-01
1.395724993199110031e-02
1.537306755781173706e-01
3.148993011564016342e-03
6.218644976615905762e-02
3.052572719752788544e-04
1.577840372920036316e-02
6.590107828378677368e-02
1.194736659526824951e-01
2.057567937299609184e-03
7.572398055344820023e-03
5.883800331503152847e-03
2.950738556683063507e-02
6.232734024524688721e-02
2.540753595530986786e-02
1.269163787364959717e-01
2.924768067896366119e-02
1.063517570495605469e+00
3.039565854123793542e-05
2.864631824195384979e-02
8.353141136467456818e-03
1.954768002033233643e-01
2.766915559768676758e+00
1.107766013592481613e-02
1.652924716472625732e-02
1.770278811454772949e-01
1.716220169328153133e-03
4.558357759378850460e-04
6.476174592971801758e-01
1.705080270767211914e-02
2.225792733952403069e-03
1.248304732143878937e-02
9.301586076617240906e-03
1.388296365737915039e+00
6.593783851712942123e-03
8.886256255209445953e-03
1.070479631423950195e+00
3.027394786477088928e-02
3.272555768489837646e-01
2.690311055630445480e-03
9.315692004747688770e-04
1.669615320861339569e-02
5.314060021191835403e-03
6.388084031641483307e-03
1.624033302068710327e-01
1.724219799041748047e+00
1.082867309451103210e-01
9.394376538693904877e-03
2.803423209115862846e-03
1.298442576080560684e-02
1.057618501363322139e-04
3.417225088924169540e-03
3.944166183471679688e+00
8.532432317733764648e-01
2.627089270390570164e-04
4.551851749420166016e-02
8.971056900918483734e-03
9.416252723895013332e-04
5.792337656021118164e-02
1.221477612853050232e-02
7.323824102059006691e-04
1.509255170822143555e-02
1.491726562380790710e-02
4.084315150976181030e-02
1.560436606407165527e+00
3.260245174169540405e-02
3.118169903755187988e-01
7.035442590713500977e-01
6.988010555505752563e-02
4.856362640857696533e-01
1.253695487976074219e+00
2.676509786397218704e-03
3.291176259517669678e-02
1.857688091695308685e-02
4.074206110090017319e-03
5.931747704744338989e-02
4.799645543098449707e-01
1.725868694484233856e-02
3.899323288351297379e-03
1.395361721515655518e-01
1.602349104359745979e-03
1.630454137921333313e-02
5.493193166330456734e-04
5.017895102500915527e-01
2.028003102168440819e-03
2.163282828405499458e-03
2.506574392318725586e-01
1.108657452277839184e-03
5.985623225569725037e-03
1.962385140359401703e-02
5.175372119992971420e-03
1.792214810848236084e-01
7.854477502405643463e-03
2.783713862299919128e-03
5.371544975787401199e-03
1.671643345616757870e-03
5.371463019400835037e-03
1.653411090373992920e-01
3.033790038898587227e-03
6.593878380954265594e-03
3.266638610512018204e-03
1.351438183337450027e-02
2.036562887951731682e-03
3.800481325015425682e-03
2.799809724092483521e-02
2.939214110374450684e-01
8.205709164030849934e-04
4.498877387959510088e-04
4.117934964597225189e-03
1.261907458305358887e+00
9.164017974399030209e-04
1.088706124573945999e-02
8.628621697425842285e-02
1.287348754703998566e-02
3.209310397505760193e-02
2.082372829318046570e-02
5.654208362102508545e-02
2.026067972183227539e-01
4.730842192657291889e-05
1.335064973682165146e-02
3.738154191523790359e-03
8.118529221974313259e-04
1.550035923719406128e-02
2.128320373594760895e-02
3.035596013069152832e-02
4.130476713180541992e-02
1.096540410071611404e-02
9.973526466637849808e-04
8.601080626249313354e-03
4.469347186386585236e-03
5.495045334100723267e-02
1.980932056903839111e-02
4.695454984903335571e-02
1.103058457374572754e-03
5.479014664888381958e-02
2.275291481055319309e-04
1.831859797239303589e-01
9.190145134925842285e-02
2.247111499309539795e-02
1.020958926528692245e-02
3.596502244472503662e-01
7.749252254143357277e-04
6.623023189604282379e-03
3.806526307016611099e-03
1.209381595253944397e-02
1.563710346817970276e-02
5.485128983855247498e-02
1.019895309582352638e-03
2.217658042907714844e+00
7.160539925098419189e-02
2.061487734317779541e-02
2.837559700012207031e+00
6.452254295349121094e+00
7.720086257904767990e-03
5.093027139082551003e-04
3.979521279688924551e-04
1.756032370030879974e-02
4.172400571405887604e-03
1.365796755999326706e-02
6.198928356170654297e+00
2.062769344775006175e-04
3.197870969772338867e+00
6.427258998155593872e-02
2.411221154034137726e-02
2.142037992598488927e-04
1.473732409067451954e-03
4.152175903320312500e+00
1.068430023193359375e+02
1.470889282226562500e+02
6.644900441169738770e-01
4.051023864746093750e+01
3.682958602905273438e+00
7.482415771484375000e+02
8.326865196228027344e+00
6.944660186767578125e+01
4.133958339691162109e+00
2.110507202148437500e+02
1.692522239685058594e+01
1.204450302124023438e+02
8.451398611068725586e-01
2.595049667358398438e+01
6.635079956054687500e+01
1.544403228759765625e+02
1.408562774658203125e+02
1.165428848266601562e+02
6.934118747711181641e+00
9.191410064697265625e+01
4.042154312133789062e+00
8.006109237670898438e+00
6.273208999633789062e+01
2.427368402481079102e+00
5.970840454101562500e-01
4.103252563476562500e+02
2.405667114257812500e+02
1.898211547851562500e+03
3.249424133300781250e+02
1.198803043365478516e+01
4.368935585021972656e+00
2.015787124633789062e+01
2.968887329101562500e+02
2.313882446289062500e+01
1.920466041564941406e+01
1.050250530242919922e+00
5.975298583507537842e-02
4.959692001342773438e+00
9.874000549316406250e+01
8.057514648437500000e+02
1.303411579132080078e+01
7.871170639991760254e-01
3.270615234375000000e+02
3.383068466186523438e+01
6.075052642822265625e+01
8.761138153076171875e+01
1.943730354309082031e+01
9.192317724227905273e-01
9.961043090820312500e+02
4.971893920898437500e+02
5.610163497924804688e+01
1.197056198120117188e+01
1.271159172058105469e+01
4.433769226074218750e+00
1.137422370910644531e+01
5.547643661499023438e+00
4.752197861671447754e-01
9.292734146118164062e+00
1.682557983398437500e+03
7.811472778320312500e+02
4.895750122070312500e+02
1.727955436706542969e+01
5.600250244140625000e+01
2.167977809906005859e+00
1.069028854370117188e+02
4.302495193481445312e+01
4.308369140625000000e+03
1.149391021728515625e+02
7.628941345214843750e+01
7.328224182128906250e-02
4.464938659667968750e+02
3.322037935256958008e+00
2.751099548339843750e+02
6.937716007232666016e+00
1.218942070007324219e+01
2.237435102462768555e+00
9.013610839843750000e+00
2.822837829589843750e+02
1.881663894653320312e+01
3.259042739868164062e+01
6.087699413299560547e+00
1.204708194732666016e+01
3.622991943359375000e+01
5.616587638854980469e+00
2.392786216735839844e+01
1.363342106342315674e-01
1.317938423156738281e+01
2.445188331604003906e+01
1.795900821685791016e+00
2.835428237915039062e+01
5.730981826782226562e+01
2.334022903442382812e+01
1.549661445617675781e+01
4.853521728515625000e+01
7.751943969726562500e+02
2.538453578948974609e+00
2.626717529296875000e+02
4.889542758464813232e-01
8.185412597656250000e+02
2.806494712829589844e+00
1.401034259796142578e+01
3.968729257583618164e+00
1.059844512939453125e+02
4.420547485351562500e+01
1.708817291259765625e+02
1.704146742820739746e+00
5.672828613281250000e+03
4.630897521972656250e+02
1.084040164947509766e+00
8.767659068107604980e-01
1.916532470703125000e+03
1.636663360595703125e+02
2.000395536422729492e+00
3.079022407531738281e+01
1.162110366821289062e+02
1.078683013916015625e+02
1.529532814025878906e+01
8.125385284423828125e+01
6.917456626892089844e+00
2.681354370117187500e+02
5.347023437500000000e+03
8.012468872070312500e+02
1.801739044189453125e+02
5.997234821319580078e+00
8.552279663085937500e+02
4.851203155517578125e+01
1.625953555107116699e+00
4.286001586914062500e+02
1.300253753662109375e+02
7.995714111328125000e+02
6.826861572265625000e+01
5.373528003692626953e-01
6.232444763183593750e+01
2.337001800537109375e+00
2.190753221511840820e+00
4.637354314327239990e-01
7.119630737304687500e+02
4.961045227050781250e+02
3.047485961914062500e+02
4.443756866455078125e+01
2.810489892959594727e+00
5.075841064453125000e+02
2.241598510742187500e+01
7.437970581054687500e+02
4.213495254516601562e+01
7.947117309570312500e+02
9.878786206245422363e-01
1.777168426513671875e+02
2.319515380859375000e+03
6.614703536033630371e-01
8.260428466796875000e+02
2.276184272766113281e+01
3.859571814537048340e-01
9.847467803955078125e+01
7.250179290771484375e+01
1.575328707695007324e+00
9.817211627960205078e-01
5.616966247558593750e+00
3.468659162521362305e+00
9.473663330078125000e+02
1.316729888916015625e+02
6.959992980957031250e+01
4.924013137817382812e+01
2.614839477539062500e+02
1.600885314941406250e+02
1.156762542724609375e+02
2.537211456298828125e+02
4.687934570312500000e+03
2.719620513916015625e+01
1.068730354309082031e+01
2.163614257812500000e+03
5.559535980224609375e+00
3.948961973190307617e+00
3.495754699707031250e+02
1.559384441375732422e+01
9.837489128112792969e+00
7.192262268066406250e+01
5.343894481658935547e+00
1.722617530822753906e+01
2.600067329406738281e+01
4.158760833740234375e+01
3.235282287597656250e+02
6.165108203887939453e+00
1.944284960937500000e+04
3.699300050735473633e+00
7.820824384689331055e-01
4.670411300659179688e+01
1.276642700195312500e+03
4.504174804687500000e+01
1.085416507720947266e+01
3.790207824707031250e+02
1.161361598968505859e+01
6.912817382812500000e+01
2.007640228271484375e+02
1.783513665199279785e+00
9.164775085449218750e+01
1.617834687232971191e+00
2.113227081298828125e+01
3.866570711135864258e+00
4.745864868164062500e+01
2.087927055358886719e+01
4.602671623229980469e+00
3.092244529724121094e+01
4.309253311157226562e+01
1.263970732688903809e+00
1.498836212158203125e+02
3.238753662109375000e+02
1.059685802459716797e+01
8.332773590087890625e+01
1.443146228790283203e+01
9.093421936035156250e+00
9.921187162399291992e-01
5.705240234375000000e+03
1.499819087982177734e+01
1.004526916503906250e+03
2.626648664474487305e+00
1.327648925781250000e+02
1.398924708366394043e+00
1.855447692871093750e+02
3.716172119140625000e+03
2.630786895751953125e-01
2.170438051223754883e+00
2.572049804687500000e+03
2.879362583160400391e+00
7.153521118164062500e+02
3.053719997406005859e+00
3.267301177978515625e+01
1.066083145141601562e+01
1.136634063720703125e+01
3.149387240409851074e-02
1.285243511199951172e+01
4.274583339691162109e+00
7.965468139648437500e+02
8.803375244140625000e+01
1.056069755554199219e+01
5.558593273162841797e+00
2.184300422668457031e+01
2.441764068603515625e+01
1.470038890838623047e+00
7.172539062500000000e+02
1.271004638671875000e+02
1.062252807617187500e+01
1.998023605346679688e+01
1.635129699707031250e+02
1.521815185546875000e+02
1.993525695800781250e+02
5.676531195640563965e-01
1.114920312500000000e+04
1.285545444488525391e+01
6.770767211914062500e+01
1.893160247802734375e+01
6.178742647171020508e-01
1.420439086914062500e+03
1.056802520751953125e+02
9.424369335174560547e-01
1.022811767578125000e+03
4.152034759521484375e+01
1.148014736175537109e+01
5.061750000000000000e+03
3.435668182373046875e+01
8.266717529296875000e+01
4.123920822143554688e+01
7.568233642578125000e+02
2.754534606933593750e+02
3.013020324707031250e+02
5.329116058349609375e+01
3.613311523437500000e+03
7.421290278434753418e-01
2.417716407775878906e+01
3.806530456542968750e+02
6.890444755554199219e+00
3.229223632812500000e+02
1.086092710494995117e+00
1.545887470245361328e+00
7.209145355224609375e+01
3.948985576629638672e+00
1.024827671051025391e+01
1.902755279541015625e+02
1.115246653556823730e+00
1.931182098388671875e+01
1.425582027435302734e+01
4.093043804168701172e+00
5.457537460327148438e+01
7.401568293571472168e-01
1.289252758026123047e+00
1.999836120605468750e+02
7.992969360351562500e+02
5.748982429504394531e+00
1.030817489624023438e+02
1.314878940582275391e+01
1.099732875823974609e+01
2.430580810546875000e+03
2.340456962585449219e+00
4.037251586914062500e+02
6.334078979492187500e+01
2.472191810607910156e+01
1.173088989257812500e+03
4.467166137695312500e+01
2.116515655517578125e+02
9.225884399414062500e+02
1.815373382568359375e+02
5.407279205322265625e+01
2.670351867675781250e+02
3.421777725219726562e+01
1.718457102775573730e+00
3.852286911010742188e+01
2.331990432739257812e+01
3.708374023437500000e+00
8.466563110351562500e+02
4.541306152343750000e+02
1.034906860351562500e+03
1.470952453613281250e+02
1.784551620483398438e+01
2.376218080520629883e+00
4.214390218257904053e-01
3.444021224975585938e+01
1.394147396087646484e+01
7.920659542083740234e+00
9.345911741256713867e-01
1.650202751159667969e+01
3.602908551692962646e-01
7.246775054931640625e+01
2.382044219970703125e+01
1.047075500488281250e+02
1.199899902343750000e+02
4.156735610961914062e+01
6.774794006347656250e+01
1.790068626403808594e+01
8.483570098876953125e+00
1.784672141075134277e-01
6.701395019531250000e+03
2.293280517578125000e+03
2.113094177246093750e+02
1.553428649902343750e+02
1.459526214599609375e+02
1.060285888671875000e+03
1.969259643554687500e+01
5.608317947387695312e+01
1.433452987670898438e+01
2.392749071121215820e+00
5.578943634033203125e+01
1.276755859375000000e+03
8.257096862792968750e+01
8.593738555908203125e+00
1.633943939208984375e+01
1.916746215820312500e+02
3.498012390136718750e+02
1.039554901123046875e+02
1.081668567657470703e+01
1.175044155120849609e+01
1.344505101442337036e-01
8.934550732374191284e-02
4.152007293701171875e+01
4.071789550781250000e+01
5.699435234069824219e+00
2.695830726623535156e+01
3.508437805175781250e+02
5.979983901977539062e+01
1.730492706298828125e+02
1.124942684173583984e+01
1.557291030883789062e+00
1.369413566589355469e+01
6.932838439941406250e+01
1.100809204101562500e+03
2.232347726821899414e+00
1.300641937255859375e+02
1.089011907577514648e+00
3.609765768051147461e+00
2.440934479236602783e-01
5.617553234100341797e+00
5.332342285156250000e+03
2.241801367187500000e+04
8.079987525939941406e+00
8.934693908691406250e+01
8.233620452880859375e+01
4.038465499877929688e+00
1.638506927490234375e+02
5.923312988281250000e+02
7.967674732208251953e+00
5.386225700378417969e+00
2.024117708206176758e+00
6.281527328491210938e+01
2.807688522338867188e+01
4.232347106933593750e+01
2.375698852539062500e+02
4.612717895507812500e+02
3.975897789001464844e+00
4.796346187591552734e+00
3.497287511825561523e+00
1.551350860595703125e+02
1.686323356628417969e+01
3.284471130371093750e+01
2.949558715820312500e+02
1.533840084075927734e+01
1.001028686523437500e+03
8.424925537109375000e+02
2.265020141601562500e+02
1.185264348983764648e+00
1.491522216796875000e+01
