1.354566961526870728e-01
2.039376646280288696e-01
2.136042155325412750e-02
4.065362736582756042e-03
3.221298381686210632e-02
2.286492824554443359e+00
2.363767102360725403e-02
1.035987958312034607e-02
3.069937042891979218e-02
2.742839157581329346e-01
9.873156994581222534e-02
7.207668572664260864e-02
1.138439178466796875e-01
3.245635330677032471e-02
7.794776465743780136e-03
4.298865050077438354e-02
3.394300816580653191e-03
2.512860298156738281e-02
5.335173383355140686e-02
4.209078848361968994e-03
1.700012013316154480e-02
2.897530794143676758e-02
1.388778090476989746e-01
2.140732109546661377e-02
4.331890106201171875e+00
1.037773769348859787e-02
5.206458643078804016e-02
1.839450001716613770e-01
1.854070574045181274e-01
9.886372089385986328e-01
3.190858988091349602e-03
1.111380173824727535e-03
3.713278099894523621e-02
9.454900026321411133e-02
2.298607863485813141e-02
6.790257990360260010e-02
1.205702871084213257e-02
1.035239314660429955e-03
2.820797637104988098e-02
1.534478552639484406e-02
2.538369596004486084e-01
1.557697951793670654e-01
2.223058789968490601e-02
5.039679050445556641e+00
2.270796000957489014e-01
1.383581757545471191e-01
1.828520931303501129e-02
6.920832991600036621e-01
1.665282645262777805e-03
1.472631245851516724e-01
2.182793319225311279e-01
1.127871721982955933e-01
1.649994105100631714e-01
5.775798857212066650e-02
2.986635779961943626e-03
4.626017063856124878e-03
6.290272809565067291e-03
7.009527832269668579e-02
2.916178479790687561e-02
1.253358554840087891e+01
1.502365712076425552e-02
8.005971908569335938e+00
1.882487535476684570e-02
2.537948079407215118e-02
1.159723848104476929e-01
1.526466906070709229e-01
5.334848761558532715e-01
5.271642655134201050e-02
1.480895876884460449e+00
7.491359114646911621e-01
2.555862301960587502e-04
9.170562624931335449e-01
5.025791469961404800e-03
4.748259186744689941e-01
1.051997095346450806e-01
2.439289167523384094e-02
1.439307909458875656e-02
6.805140525102615356e-02
2.725997753441333771e-02
1.506249234080314636e-02
3.522975742816925049e-01
2.919055707752704620e-02
9.751644730567932129e-02
1.100822701118886471e-03
4.344928544014692307e-03
6.477379705756902695e-03
1.830515975598245859e-04
3.020773828029632568e-02
9.747315645217895508e-01
9.724277770146727562e-04
1.541324984282255173e-02
3.987543284893035889e-02
8.172669447958469391e-03
4.944324120879173279e-02
1.196454651653766632e-02
8.836576938629150391e-01
1.705616414546966553e-01
4.484951198101043701e-01
4.413014277815818787e-03
1.492927819490432739e-01
3.137366533279418945e+00
7.743379473686218262e-02
3.789710346609354019e-03
2.894120849668979645e-02
2.585227601230144501e-02
2.464716881513595581e-01
6.060018762946128845e-02
5.239365249872207642e-02
3.286714851856231689e-01
1.526865512132644653e-01
3.216566890478134155e-02
2.154046446084976196e-01
7.068178802728652954e-02
3.159179985523223877e-01
2.232763357460498810e-02
7.375179231166839600e-02
6.483561545610427856e-02
2.725941874086856842e-02
7.365142460912466049e-03
3.857891261577606201e-02
3.817468881607055664e-03
5.374981307983398438e+01
4.328256845474243164e-01
1.305836915969848633e+00
7.493497105315327644e-04
1.153737604618072510e-01
1.774059981107711792e-02
8.680182509124279022e-04
1.745959073305130005e-01
5.316686257719993591e-02
8.994457125663757324e-01
6.151241436600685120e-02
8.282191120088100433e-03
3.144022310152649879e-03
4.844467714428901672e-02
1.119250617921352386e-02
2.966696396470069885e-02
1.255478262901306152e+00
1.932692676782608032e-01
1.199154376983642578e+00
2.714370749890804291e-02
1.164553780108690262e-02
1.236932635307312012e+00
7.030544877052307129e-01
7.172416210174560547e+00
1.347973495721817017e-01
4.542203247547149658e-01
6.932442635297775269e-02
2.218035012483596802e-01
3.811950236558914185e-02
2.331462688744068146e-02
4.157563745975494385e-01
1.524158418178558350e-01
6.797535717487335205e-02
2.359450906515121460e-01
5.924053862690925598e-02
2.893997915089130402e-02
4.781049117445945740e-02
1.529102679342031479e-03
5.329275503754615784e-03
1.594211161136627197e-01
7.902530021965503693e-03
8.826355636119842529e-02
1.892007440328598022e-01
1.163630962371826172e+00
3.241037428379058838e-01
4.123838245868682861e-01
2.830621898174285889e-01
1.942470550537109375e+00
3.713535610586404800e-03
1.305830776691436768e-01
1.887436062097549438e-01
1.539214747026562691e-03
1.503209862858057022e-02
6.788109987974166870e-02
1.266114115715026855e+00
3.901230543851852417e-02
3.381174057722091675e-02
2.882576547563076019e-02
8.724250197410583496e-01
1.117326989769935608e-01
5.527218803763389587e-02
1.705229580402374268e-01
6.596370786428451538e-02
1.115539073944091797e+00
5.629153549671173096e-02
1.967586763203144073e-02
2.751530706882476807e-02
3.871832489967346191e-01
3.751209005713462830e-02
6.985673904418945312e-01
3.484498336911201477e-02
5.501247942447662354e-04
6.476023048162460327e-02
1.702890992164611816e-01
7.052177190780639648e-02
1.865618228912353516e-01
4.115783423185348511e-02
6.900456734001636505e-03
1.614966988563537598e-01
4.399542231112718582e-03
7.101981341838836670e-02
4.670917615294456482e-02
6.491298228502273560e-02
2.201314270496368408e-02
1.079593691974878311e-02
1.082789078354835510e-01
1.113966274261474609e+01
4.495840985327959061e-03
3.438062267377972603e-03
1.010988466441631317e-02
4.908560588955879211e-02
6.053029792383313179e-04
1.134952545166015625e+00
4.304252564907073975e-02
1.633744001388549805e+00
7.476378679275512695e-01
1.998723298311233521e-02
9.308338630944490433e-04
1.003246307373046875e+00
1.158078193664550781e+00
5.574509967118501663e-03
1.282131765037775040e-02
2.898061461746692657e-02
2.001385873882099986e-04
2.255340516567230225e-01
2.568196272477507591e-03
2.103149414062500000e+00
1.415242850780487061e-01
1.431034877896308899e-02
2.925951592624187469e-02
2.871016785502433777e-02
1.844989135861396790e-02
1.037314720451831818e-02
4.825072735548019409e-02
1.731830537319183350e-01
5.825130641460418701e-02
5.819462705403566360e-03
3.121386766433715820e-01
1.507668406702578068e-03
2.626895010471343994e-01
2.711816877126693726e-02
1.962578743696212769e-01
6.220262497663497925e-03
1.206304412335157394e-02
2.038084901869297028e-02
9.446094185113906860e-02
6.355447322130203247e-02
7.126635313034057617e-02
8.916349709033966064e-02
6.657982617616653442e-02
8.247224092483520508e-01
4.586684808600693941e-04
2.330011576414108276e-01
8.226124197244644165e-02
1.783926784992218018e-01
2.405922174453735352e+00
1.297771930694580078e-01
1.874164119362831116e-02
6.431677192449569702e-02
1.346031390130519867e-02
3.216475713998079300e-03
7.890741825103759766e-01
9.412603825330734253e-02
1.038908120244741440e-02
3.105630278587341309e-01
5.541672930121421814e-03
1.382494330406188965e+00
1.778814592398703098e-03
1.845847629010677338e-02
4.854430675506591797e+00
1.405245065689086914e-01
2.374117821455001831e-01
4.790087696164846420e-03
2.175375120714306831e-03
2.444913052022457123e-02
2.656781300902366638e-02
2.043667435646057129e-02
2.450001686811447144e-01
6.482489109039306641e-01
4.147142469882965088e-01
6.472618877887725830e-02
2.921473048627376556e-02
1.748690009117126465e-02
4.590697644744068384e-04
1.645247638225555420e-02
5.731325149536132812e+00
2.198505163192749023e+00
5.317862611263990402e-03
7.245721668004989624e-02
2.221168577671051025e-02
7.079496514052152634e-03
3.097663819789886475e-01
3.622542321681976318e-02
2.809288445860147476e-03
1.318520959466695786e-02
3.188900649547576904e-02
6.987920403480529785e-02
2.006344318389892578e+00
1.801437139511108398e-01
3.798140287399291992e+00
2.637619972229003906e-01
2.277946919202804565e-01
1.533599615097045898e+00
8.964538574218750000e-01
2.907477132976055145e-02
1.646205037832260132e-02
2.065108418464660645e-01
5.366822704672813416e-02
2.190389484167098999e-01
1.203468441963195801e+00
1.594023108482360840e-01
6.154651939868927002e-02
3.289029002189636230e-01
1.809048466384410858e-02
5.005576089024543762e-02
3.304998157545924187e-03
1.183886885643005371e+00
3.071101615205407143e-03
1.393056754022836685e-02
1.665530204772949219e-01
1.647351426072418690e-03
5.068295821547508240e-02
2.697417438030242920e-01
2.035842090845108032e-02
2.997245073318481445e+00
7.083410397171974182e-03
7.823556661605834961e-03
2.554805949330329895e-02
8.322678506374359131e-03
1.949954545125365257e-03
1.581055283546447754e+00
2.639833092689514160e-02
3.773782029747962952e-02
1.412584818899631500e-02
1.968719996511936188e-02
2.828418277204036713e-02
1.777467317879199982e-02
6.049557402729988098e-02
3.133108317852020264e-01
2.521940693259239197e-02
8.608793723396956921e-04
8.551225997507572174e-03
1.247647404670715332e+00
1.559344818815588951e-03
1.832083612680435181e-02
4.431519210338592529e-01
4.690922498703002930e-01
4.263980686664581299e-02
1.234520152211189270e-01
1.732866615056991577e-01
1.289643645286560059e-01
3.232049930375069380e-04
2.162327803671360016e-02
3.630625084042549133e-02
6.640982348471879959e-03
2.962557226419448853e-02
6.906000524759292603e-02
9.461184591054916382e-02
1.920991837978363037e-01
4.210831597447395325e-02
4.207146819680929184e-03
7.292938232421875000e-02
2.698869816958904266e-02
4.830493330955505371e-01
2.880696207284927368e-02
1.495665907859802246e-01
3.571299603208899498e-03
3.849435448646545410e-01
1.164633664302527905e-03
9.719417989253997803e-02
4.625247418880462646e-02
2.414737224578857422e+00
6.145785003900527954e-02
5.996412038803100586e-01
5.623779725283384323e-03
1.286747958511114120e-02
1.343433838337659836e-02
1.052806805819272995e-02
2.762311138212680817e-02
7.234584540128707886e-02
8.349807932972908020e-03
8.090656399726867676e-01
3.203099966049194336e-01
6.015989929437637329e-02
3.866060972213745117e+00
1.696352005004882812e+01
1.721140742301940918e-02
7.769213058054447174e-03
4.712209629360586405e-04
6.390943378210067749e-02
3.557367250323295593e-02
6.370501965284347534e-02
8.201461791992187500e+00
7.246348541229963303e-04
4.151596069335937500e+00
2.705152034759521484e-01
2.058143354952335358e-02
5.524515174329280853e-03
8.185598999261856079e-03
1.422245883941650391e+01
3.292325592041015625e+01
3.481038665771484375e+01
3.445887863636016846e-01
1.206509304046630859e+01
1.751027107238769531e+00
1.812887115478515625e+02
9.474356651306152344e+00
7.654349517822265625e+01
1.030147266387939453e+01
6.616057586669921875e+01
2.537888908386230469e+01
9.523227691650390625e+00
9.704935550689697266e-01
1.462553310394287109e+01
4.007738113403320312e+01
2.191201591491699219e+01
1.518606109619140625e+02
2.589921379089355469e+01
3.783420085906982422e+00
7.114086151123046875e+00
5.516511440277099609e+00
1.014446640014648438e+01
1.659187698364257812e+01
1.626943206787109375e+01
1.278016567230224609e+00
3.244066619873046875e+01
2.907816467285156250e+02
4.503733520507812500e+02
4.870358657836914062e+01
2.873789072036743164e+00
3.045908451080322266e+00
2.902467250823974609e+00
2.605518493652343750e+02
2.428392887115478516e+00
7.793143749237060547e+00
4.842934608459472656e-01
1.563449352979660034e-01
2.031921625137329102e+00
5.861452102661132812e+01
1.130704101562500000e+03
2.185544395446777344e+01
5.561453104019165039e-01
2.096389007568359375e+02
1.557490539550781250e+01
1.327783813476562500e+02
1.083700866699218750e+02
1.101234912872314453e+01
1.225851178169250488e+00
1.895846862792968750e+02
7.808300018310546875e+01
1.457594776153564453e+01
1.381822013854980469e+01
6.080863571166992188e+01
3.841072082519531250e+00
2.190089464187622070e+00
3.073842763900756836e+00
1.424065589904785156e+00
4.955226898193359375e+00
2.635821533203125000e+02
5.409174728393554688e+01
2.869620361328125000e+02
2.397790193557739258e+00
1.795838737487792969e+01
3.180545330047607422e+00
1.717557334899902344e+01
2.521775054931640625e+01
9.117677612304687500e+02
1.076482299804687500e+03
2.070586395263671875e+01
8.525887131690979004e-02
3.976926803588867188e+01
1.343085765838623047e+00
9.358528900146484375e+01
8.079463005065917969e+00
1.007871437072753906e+01
4.637048244476318359e-01
3.533405065536499023e+00
4.213241195678710938e+01
2.214861488342285156e+01
2.138324165344238281e+01
3.223006010055541992e+00
1.089316940307617188e+01
1.410580825805664062e+01
1.053937816619873047e+01
6.520375251770019531e+00
2.079335898160934448e-01
2.281096649169921875e+01
1.872559165954589844e+01
1.520465493202209473e+00
3.960593700408935547e+00
7.930078887939453125e+01
3.941626739501953125e+01
1.873391532897949219e+01
5.110827255249023438e+01
2.853666114807128906e+01
4.118090152740478516e+00
1.344290771484375000e+03
2.277136087417602539e+00
4.057407379150390625e+01
1.244443535804748535e+00
5.481571197509765625e+00
5.084446072578430176e-01
8.149038696289062500e+01
1.457778358459472656e+01
2.275115013122558594e+01
3.473976612091064453e+00
3.729848632812500000e+02
3.679277343750000000e+02
2.253904819488525391e+00
1.973991394042968750e-01
9.944688415527343750e+01
2.834619140625000000e+01
5.270051956176757812e+00
3.170461082458496094e+01
4.359963226318359375e+01
1.352058410644531250e+01
8.893393516540527344e+00
2.916414642333984375e+01
1.670955085754394531e+01
3.784726715087890625e+01
5.275563964843750000e+03
1.571927490234375000e+02
5.272504043579101562e+01
2.170125961303710938e+00
1.653261413574218750e+02
1.014852333068847656e+01
2.292127132415771484e+00
3.647697143554687500e+02
1.030004806518554688e+02
5.294510650634765625e+01
1.188914489746093750e+01
2.411194294691085815e-01
6.905250549316406250e+00
1.122966766357421875e+00
2.080975294113159180e+00
4.545009613037109375e+00
1.401322937011718750e+02
6.565519714355468750e+01
1.457044525146484375e+02
4.005487442016601562e+01
7.764804363250732422e-01
2.777333068847656250e+02
1.820867919921875000e+01
1.353152313232421875e+02
2.346999549865722656e+01
3.296654968261718750e+02
1.200754523277282715e+00
3.164761543273925781e+01
1.781427612304687500e+02
9.000912308692932129e-01
2.752767333984375000e+02
5.262511062622070312e+01
8.092309236526489258e-01
1.176226119995117188e+02
1.086270046234130859e+01
1.631272792816162109e+00
1.075339078903198242e+00
1.096518039703369141e+00
1.031919360160827637e+00
3.164859619140625000e+02
1.325294799804687500e+02
9.017552947998046875e+01
1.511171913146972656e+01
5.860457229614257812e+01
6.225371360778808594e+00
3.865597915649414062e+01
9.028502655029296875e+01
3.298784179687500000e+02
2.204027175903320312e+00
1.272345066070556641e+01
3.055162658691406250e+02
2.065073490142822266e+00
4.073622226715087891e+00
1.361033477783203125e+02
1.987394332885742188e+01
5.351105690002441406e+00
2.670388603210449219e+01
2.669505357742309570e+00
2.568516349792480469e+01
2.772504091262817383e+00
3.257453918457031250e+01
1.135323791503906250e+02
4.715623557567596436e-01
2.930547363281250000e+03
1.064802932739257812e+01
1.259274721145629883e+00
8.081604003906250000e+00
1.013714599609375000e+02
2.210978317260742188e+01
1.830588698387145996e+00
2.033098411560058594e+01
3.850301980972290039e+00
3.385842132568359375e+01
3.527875137329101562e+01
6.548280119895935059e-01
2.239263725280761719e+01
1.658289790153503418e+00
1.199209094047546387e+00
2.427273750305175781e+00
7.558605670928955078e+00
2.387906074523925781e+00
7.000183105468750000e+00
1.622230911254882812e+01
6.302550125122070312e+01
5.219585299491882324e-01
1.141474342346191406e+01
1.324280853271484375e+02
5.380944252014160156e+00
2.143066215515136719e+01
1.209001541137695312e+01
3.806198596954345703e+00
1.428117513656616211e+00
9.917578125000000000e+02
1.403480148315429688e+01
6.028948974609375000e+01
9.631104469299316406e+00
1.826333160400390625e+02
1.039601683616638184e+00
1.214345626831054688e+02
1.748816162109375000e+03
2.150909751653671265e-01
1.125289320945739746e+00
1.614275360107421875e+02
1.896286964416503906e+00
2.938240051269531250e+02
3.052141666412353516e+00
1.202414894104003906e+01
2.367100000381469727e+00
1.172653770446777344e+01
3.339054286479949951e-01
1.621665573120117188e+01
1.101587891578674316e+00
8.157334899902343750e+01
7.220586776733398438e+00
4.312574386596679688e+01
1.209628105163574219e+00
7.045633792877197266e+00
1.045747470855712891e+01
9.127308726310729980e-01
2.286686096191406250e+02
1.465625762939453125e+01
6.813159942626953125e+00
4.624070644378662109e+00
3.481582260131835938e+01
7.607254791259765625e+01
1.015510482788085938e+02
4.049094021320343018e-01
6.258798828125000000e+02
5.225409030914306641e+00
1.872583198547363281e+01
2.469413757324218750e+01
1.965045571327209473e+00
1.111190643310546875e+02
4.762571334838867188e+01
2.268354654312133789e+00
4.436510848999023438e+01
1.543729877471923828e+01
2.616047382354736328e+00
3.481214599609375000e+02
2.322132492065429688e+01
3.632059860229492188e+01
2.356601905822753906e+01
2.037248992919921875e+02
3.378565979003906250e+01
7.362987518310546875e+01
2.227887916564941406e+01
1.508533020019531250e+02
1.913812458515167236e-01
8.119859695434570312e+00
7.826531982421875000e+02
4.151844024658203125e+01
1.137432785034179688e+02
6.531324982643127441e-01
3.067122101783752441e-01
1.930557060241699219e+01
8.700542449951171875e+00
9.283627510070800781e+00
2.370398521423339844e+01
1.909793496131896973e+00
1.034826087951660156e+01
3.988041162490844727e+00
3.898208141326904297e+00
1.595347499847412109e+01
6.930947899818420410e-01
1.924267530441284180e+00
3.499248657226562500e+02
3.523778686523437500e+02
2.860139846801757812e+00
4.731607818603515625e+01
2.089439010620117188e+01
5.751590728759765625e+00
2.246540771484375000e+03
4.777840137481689453e+00
4.769648361206054688e+01
8.834210395812988281e+00
2.182022666931152344e+01
1.812862091064453125e+02
1.118559265136718750e+01
6.698828887939453125e+01
9.645863342285156250e+01
5.816414642333984375e+01
2.335953521728515625e+01
3.760292663574218750e+02
9.276594161987304688e+00
7.539300918579101562e+00
1.374973907470703125e+02
1.208412170410156250e+01
9.419851303100585938e+00
3.830790100097656250e+02
1.960286254882812500e+02
1.846493530273437500e+02
6.598282470703125000e+02
2.337744235992431641e+00
5.661690711975097656e+00
5.820688605308532715e-01
5.913722038269042969e+00
1.077508068084716797e+01
4.471956253051757812e+00
1.430686354637145996e+00
3.852212667465209961e+00
1.194761395454406738e+00
3.047608032226562500e+02
2.494080734252929688e+01
7.779712677001953125e+01
1.373546752929687500e+02
6.637065410614013672e+00
5.177515411376953125e+01
2.098052024841308594e+01
1.880162048339843750e+01
8.289898633956909180e-01
1.870463867187500000e+03
3.244483642578125000e+02
1.717683410644531250e+01
4.465076828002929688e+01
4.774682998657226562e+01
6.082368774414062500e+02
2.346158790588378906e+01
2.555373430252075195e+00
2.317355155944824219e+01
8.639851212501525879e-01
2.618502616882324219e+01
2.924551696777343750e+02
2.118199729919433594e+01
4.171285152435302734e+00
3.663229703903198242e+00
1.251186828613281250e+02
5.761346435546875000e+02
4.113095092773437500e+01
2.179188728332519531e+01
2.027272415161132812e+01
3.293915987014770508e-01
8.655260503292083740e-02
2.280462074279785156e+01
1.109644508361816406e+01
5.506477355957031250e+00
1.558641433715820312e+01
9.106936645507812500e+01
6.494969940185546875e+01
3.938275146484375000e+01
2.240597009658813477e+00
1.404537320137023926e+00
4.600904464721679688e+00
7.269662857055664062e+00
2.274201812744140625e+02
3.148159265518188477e+00
4.417160415649414062e+01
4.501727521419525146e-01
5.398349285125732422e+00
2.563193142414093018e-01
5.156641960144042969e+00
4.673674316406250000e+02
1.717514843750000000e+04
4.963154792785644531e+00
5.807133865356445312e+01
8.236394882202148438e+00
3.640861272811889648e+00
5.273157882690429688e+01
1.609180755615234375e+02
1.737094879150390625e+00
3.521987438201904297e+00
1.063265037536621094e+01
8.047251129150390625e+01
2.687693214416503906e+01
4.820126056671142578e+00
1.292010345458984375e+02
7.839406738281250000e+02
5.825345039367675781e+00
2.438294887542724609e+00
2.625007152557373047e+00
6.124615478515625000e+01
2.153034925460815430e+00
4.133734703063964844e+00
2.699735107421875000e+02
1.783722496032714844e+01
1.075258255004882812e+02
1.057883544921875000e+03
5.327285385131835938e+01
1.190730690956115723e+00
4.473611068725585938e+01
