2.346022613346576691e-02
1.169200912117958069e-01
8.882460184395313263e-03
1.238462748005986214e-03
4.339488223195075989e-02
4.254562854766845703e+00
1.712759584188461304e-02
3.720254637300968170e-03
6.411153823137283325e-03
4.585464596748352051e-01
4.121482372283935547e-03
1.366035081446170807e-02
6.648975610733032227e-02
1.012058276683092117e-02
1.165196881629526615e-03
1.244437508285045624e-02
3.539744997397065163e-03
2.902885433286428452e-03
2.315847016870975494e-02
4.741056472994387150e-04
1.847373247146606445e-01
1.895288936793804169e-02
3.172079622745513916e-01
6.133660301566123962e-02
3.758276998996734619e-01
1.488465256989002228e-02
4.373892396688461304e-02
1.300929579883813858e-02
8.750075101852416992e-02
8.863866925239562988e-01
4.374462587293237448e-04
1.602965057827532291e-04
7.408480625599622726e-03
1.469652447849512100e-02
9.687492251396179199e-02
5.764417350292205811e-03
6.000385619699954987e-03
7.478158804588019848e-04
1.122445147484540939e-02
5.538043100386857986e-03
1.945549547672271729e-01
5.569599941372871399e-02
1.904005650430917740e-03
1.039392852783203125e+01
1.796310096979141235e-01
5.829797685146331787e-02
3.710951423272490501e-03
2.199397385120391846e-01
4.362905398011207581e-03
7.911548018455505371e-03
1.632350981235504150e-01
2.025720477104187012e-02
1.208888739347457886e-01
2.445344440639019012e-02
4.396069562062621117e-04
1.584063284099102020e-03
6.027798634022474289e-03
1.496034767478704453e-02
2.022726833820343018e-02
5.840979099273681641e+00
1.286494545638561249e-02
1.041585731506347656e+01
1.429777871817350388e-02
2.794659696519374847e-03
8.937986940145492554e-02
1.415158901363611221e-02
1.732716560363769531e-01
5.035316571593284607e-03
4.045352935791015625e-01
4.152393639087677002e-01
1.912389416247606277e-04
1.359222173690795898e+00
8.837820496410131454e-04
1.469702832400798798e-02
8.950795233249664307e-02
5.055381357669830322e-02
7.594698574393987656e-03
3.650507703423500061e-02
5.410869047045707703e-02
9.360834956169128418e-03
4.742982238531112671e-02
1.950037851929664612e-02
1.274039689451456070e-02
3.382954455446451902e-04
3.001941600814461708e-03
1.120694098062813282e-03
3.109196768491528928e-05
4.212312772870063782e-02
7.970431447029113770e-01
1.146746682934463024e-03
5.917544476687908173e-03
1.102612540125846863e-02
1.310157938860356808e-03
1.156879886984825134e-01
3.512252005748450756e-04
3.945286870002746582e-01
5.103157162666320801e-01
4.377457126975059509e-02
1.922310097143054008e-03
5.810092762112617493e-02
1.088179588317871094e+00
3.684573620557785034e-02
9.005807805806398392e-04
1.222236733883619308e-02
1.014334335923194885e-02
4.969614744186401367e-01
8.005297929048538208e-02
1.191133353859186172e-02
2.888455241918563843e-02
5.555988475680351257e-02
1.529017686843872070e-01
2.850716710090637207e-01
4.900331795215606689e-02
6.474302709102630615e-02
1.279407367110252380e-02
2.978138066828250885e-02
6.410586833953857422e-02
4.966587759554386139e-03
2.799842972308397293e-03
6.346289068460464478e-02
5.802330560982227325e-04
5.800962448120117188e+00
5.803088545799255371e-01
3.186723589897155762e-01
1.874760200735181570e-04
2.396552562713623047e-01
1.405114494264125824e-02
1.043065800331532955e-03
4.207839071750640869e-02
7.600080221891403198e-02
1.820067882537841797e+00
7.021696120500564575e-02
3.596470458433032036e-03
1.315558562055230141e-03
2.947300486266613007e-02
2.797005511820316315e-02
6.185628473758697510e-02
2.290182113647460938e+00
1.279989480972290039e-01
4.420096278190612793e-01
2.866466343402862549e-02
8.749693632125854492e-03
5.555667281150817871e-01
6.085014939308166504e-01
2.143143844604492188e+01
1.821503415703773499e-02
2.441913783550262451e-01
4.509113263338804245e-03
6.619277596473693848e-02
1.153887808322906494e-02
1.877448707818984985e-02
7.195843011140823364e-02
7.363887131214141846e-02
1.147965062409639359e-02
5.690091475844383240e-02
1.208270899951457977e-02
8.832617662847042084e-03
3.228621929883956909e-02
2.946219872683286667e-03
4.649762064218521118e-03
3.839080408215522766e-02
3.178108308929949999e-04
1.666042953729629517e-01
4.781007766723632812e-01
2.188232988119125366e-01
1.378802806138992310e-01
1.249496713280677795e-01
1.720979064702987671e-01
6.018494367599487305e-01
2.007928123930469155e-04
2.251025848090648651e-02
5.794299021363258362e-02
8.971612260211259127e-05
1.167439855635166168e-02
4.296272993087768555e-02
1.107982754707336426e+00
2.214992232620716095e-02
9.108403697609901428e-03
1.358266826719045639e-02
9.700310230255126953e-02
6.660241633653640747e-02
1.925330050289630890e-02
1.910605877637863159e-01
2.227931283414363861e-02
1.404617667198181152e+00
8.311771787703037262e-03
5.953066051006317139e-03
5.664283409714698792e-02
2.589049041271209717e-01
1.871878653764724731e-02
1.474013030529022217e-01
2.310867048799991608e-02
4.052431904710829258e-04
8.408427238464355469e-02
3.545443415641784668e-01
1.160690281540155411e-02
1.353701949119567871e-01
6.770863384008407593e-02
3.171970602124929428e-03
1.952923834323883057e-02
2.889794064685702324e-03
2.462369762361049652e-02
9.513920173048973083e-03
2.015222422778606415e-02
1.058909390121698380e-02
1.277767238207161427e-03
2.122453749179840088e-01
1.256277847290039062e+01
1.043908670544624329e-02
4.358272999525070190e-03
1.148450747132301331e-02
3.475811704993247986e-02
2.125544851878657937e-04
5.492388010025024414e-01
1.546727493405342102e-02
1.529758334159851074e+00
3.366175666451454163e-02
1.438122428953647614e-02
4.643770516850054264e-04
6.873810887336730957e-01
1.858572065830230713e-01
2.426797710359096527e-02
1.257036929018795490e-03
2.088376507163047791e-02
1.646942109800875187e-04
1.902660168707370758e-02
7.074006134644150734e-04
3.766959905624389648e+00
2.306731045246124268e-01
6.403912790119647980e-03
1.934628188610076904e-02
9.040874429047107697e-03
3.376439958810806274e-02
2.186127239838242531e-03
3.207110166549682617e-01
1.342789549380540848e-02
2.146030217409133911e-01
4.248803947120904922e-03
5.044582486152648926e-02
4.880217020399868488e-04
1.762321963906288147e-02
7.067386806011199951e-02
1.185216754674911499e-01
2.618677215650677681e-03
7.867161184549331665e-03
5.692345090210437775e-03
2.894262224435806274e-02
8.083154261112213135e-02
3.007897362112998962e-02
1.540066003799438477e-01
2.742467075586318970e-02
1.341768145561218262e+00
3.889161962433718145e-05
3.514724224805831909e-02
1.273609604686498642e-02
1.979839950799942017e-01
2.941587686538696289e+00
1.518148276954889297e-02
1.909654773771762848e-02
1.994530707597732544e-01
2.341043669730424881e-03
5.693194689229130745e-04
8.185606002807617188e-01
2.156380005180835724e-02
2.970230765640735626e-03
1.750405132770538330e-02
1.120765786617994308e-02
1.278320550918579102e+00
1.106279529631137848e-02
1.289707515388727188e-02
1.426322102546691895e+00
3.503894805908203125e-02
4.206116497516632080e-01
3.493397962301969528e-03
1.578816329129040241e-03
1.571700163185596466e-02
6.048998795449733734e-03
9.652579203248023987e-03
2.265557497739791870e-01
1.960261225700378418e+00
1.047558560967445374e-01
8.537422865629196167e-03
3.273775801062583923e-03
1.554423663765192032e-02
1.985843264264985919e-04
3.542485414072871208e-03
4.386300563812255859e+00
1.083163022994995117e+00
3.632347797974944115e-04
4.925920814275741577e-02
9.553689509630203247e-03
9.159221081063151360e-04
5.830540135502815247e-02
1.227543037384748459e-02
9.936818387359380722e-04
1.236704271286725998e-02
1.820580475032329559e-02
5.018200352787971497e-02
1.942001461982727051e+00
3.474249318242073059e-02
3.292314708232879639e-01
9.099820852279663086e-01
7.512867450714111328e-02
6.298528313636779785e-01
1.676538348197937012e+00
3.812029957771301270e-03
4.780833795666694641e-02
2.005995623767375946e-02
4.563929978758096695e-03
8.575557172298431396e-02
4.620229601860046387e-01
1.924322731792926788e-02
4.284227266907691956e-03
1.281611621379852295e-01
2.166537567973136902e-03
3.129711374640464783e-02
7.897613686509430408e-04
7.188754677772521973e-01
2.177700866013765335e-03
2.674505580216646194e-03
4.018330276012420654e-01
1.831725356169044971e-03
7.808421738445758820e-03
3.049213998019695282e-02
7.021289318799972534e-03
1.958386003971099854e-01
8.828192017972469330e-03
4.366553854197263718e-03
6.220336537808179855e-03
2.379091456532478333e-03
6.817680783569812775e-03
2.435119599103927612e-01
3.607526421546936035e-03
8.091024123132228851e-03
4.281850066035985947e-03
1.562475413084030151e-02
2.919844118878245354e-03
4.933469928801059723e-03
3.280089423060417175e-02
2.907475829124450684e-01
9.915585396811366081e-04
5.450480966828763485e-04
4.838133230805397034e-03
1.420209050178527832e+00
9.737715590745210648e-04
1.413904968649148941e-02
1.040653884410858154e-01
1.291808113455772400e-02
4.264299571514129639e-02
2.737018093466758728e-02
6.196462735533714294e-02
2.491739392280578613e-01
8.032933692447841167e-05
1.769684255123138428e-02
4.088621120899915695e-03
1.157805905677378178e-03
1.749992929399013519e-02
2.420428767800331116e-02
3.973513841629028320e-02
4.397030174732208252e-02
1.441342197358608246e-02
1.159333391115069389e-03
1.549684908241033554e-02
4.964418709278106689e-03
6.117669492959976196e-02
2.723955735564231873e-02
3.547922149300575256e-02
1.802534447051584721e-03
7.113148272037506104e-02
2.959956182166934013e-04
2.020028233528137207e-01
1.060179546475410461e-01
2.834284305572509766e-02
1.117205806076526642e-02
4.033974111080169678e-01
7.262776489369571209e-04
8.631701581180095673e-03
4.590231459587812424e-03
1.587576605379581451e-02
1.638706028461456299e-02
7.897580415010452271e-02
1.191959367133677006e-03
3.449274539947509766e+00
8.007138222455978394e-02
2.290072850883007050e-02
3.005869150161743164e+00
6.422590732574462891e+00
9.903725236654281616e-03
6.519764428958296776e-04
4.847894597332924604e-04
2.319729514420032501e-02
4.679101053625345230e-03
1.458257902413606644e-02
4.712448120117187500e+00
2.986780891660600901e-04
3.482488632202148438e+00
8.617314696311950684e-02
2.957407012581825256e-02
2.691947156563401222e-04
1.475215889513492584e-03
3.963670253753662109e+00
1.239125137329101562e+02
1.254714202880859375e+02
9.063836932182312012e-01
3.927989196777343750e+01
3.972306251525878906e+00
5.831658325195312500e+02
8.777256965637207031e+00
6.709736633300781250e+01
4.524872303009033203e+00
1.561008605957031250e+02
1.904413604736328125e+01
1.025458526611328125e+02
8.382024765014648438e-01
2.860196304321289062e+01
7.493566131591796875e+01
1.883055114746093750e+02
1.935252532958984375e+02
1.579399414062500000e+02
7.695428848266601562e+00
8.061995697021484375e+01
3.668130874633789062e+00
9.529067039489746094e+00
7.638507080078125000e+01
2.259400129318237305e+00
7.102942466735839844e-01
5.452345581054687500e+02
1.920299530029296875e+02
1.853359985351562500e+03
2.926732177734375000e+02
1.256562995910644531e+01
6.804830074310302734e+00
1.779639434814453125e+01
2.396693878173828125e+02
2.603763389587402344e+01
2.193723869323730469e+01
1.089143276214599609e+00
7.637761533260345459e-02
5.141787528991699219e+00
8.926667022705078125e+01
7.856812133789062500e+02
1.344268321990966797e+01
1.116749644279479980e+00
3.245257263183593750e+02
2.660856819152832031e+01
9.383686065673828125e+01
9.792279815673828125e+01
1.843481254577636719e+01
1.035997509956359863e+00
1.143172973632812500e+03
5.455008544921875000e+02
4.940764999389648438e+01
1.522000503540039062e+01
9.501868247985839844e+00
4.471701622009277344e+00
1.169645404815673828e+01
6.049367904663085938e+00
5.644965767860412598e-01
1.055685901641845703e+01
2.225134033203125000e+03
1.162487304687500000e+03
5.319456176757812500e+02
1.469058704376220703e+01
5.588040924072265625e+01
2.179161787033081055e+00
1.237998886108398438e+02
5.188468933105468750e+01
4.300791015625000000e+03
9.949844360351562500e+01
6.447047424316406250e+01
8.773620426654815674e-02
5.481338500976562500e+02
3.494243860244750977e+00
2.282402801513671875e+02
8.139135360717773438e+00
1.609387969970703125e+01
2.911892414093017578e+00
9.658114433288574219e+00
2.704146423339843750e+02
2.202150726318359375e+01
3.802587509155273438e+01
7.348202228546142578e+00
1.493537425994873047e+01
3.510194015502929688e+01
6.577289581298828125e+00
2.025974655151367188e+01
1.815211921930313110e-01
1.966303443908691406e+01
2.026764106750488281e+01
1.856939554214477539e+00
3.228137969970703125e+01
5.622637939453125000e+01
2.543555259704589844e+01
2.164709663391113281e+01
7.572449493408203125e+01
9.133460693359375000e+02
2.620971202850341797e+00
2.877742004394531250e+02
4.524003267288208008e-01
9.325929565429687500e+02
2.332982778549194336e+00
1.526564693450927734e+01
3.924396753311157227e+00
1.012497711181640625e+02
5.571632766723632812e+01
2.241296691894531250e+02
2.295095682144165039e+00
4.471727050781250000e+03
5.186952514648437500e+02
9.832404255867004395e-01
1.064797043800354004e+00
1.711854492187500000e+03
1.722435607910156250e+02
2.336097478866577148e+00
3.080385780334472656e+01
1.232441101074218750e+02
1.302315673828125000e+02
1.903802490234375000e+01
9.705471801757812500e+01
6.716355323791503906e+00
3.007818298339843750e+02
3.885867187500000000e+03
8.198142700195312500e+02
1.764313964843750000e+02
6.838030815124511719e+00
1.107724487304687500e+03
5.773556518554687500e+01
1.992190957069396973e+00
4.187684936523437500e+02
1.211417999267578125e+02
8.572256469726562500e+02
8.031242370605468750e+01
6.036777496337890625e-01
8.083463287353515625e+01
2.536544084548950195e+00
2.036792755126953125e+00
6.800855994224548340e-01
6.131207885742187500e+02
6.462584838867187500e+02
2.870111694335937500e+02
6.084071350097656250e+01
3.321427106857299805e+00
6.275001220703125000e+02
3.152233886718750000e+01
9.249692993164062500e+02
4.233658981323242188e+01
8.851676635742187500e+02
9.682816267013549805e-01
2.342016448974609375e+02
2.516261962890625000e+03
8.132868409156799316e-01
7.979324951171875000e+02
3.275912475585937500e+01
4.473204910755157471e-01
1.011386413574218750e+02
6.985021209716796875e+01
2.087630033493041992e+00
9.314254522323608398e-01
7.432375431060791016e+00
3.913470029830932617e+00
9.101957397460937500e+02
1.353884124755859375e+02
8.023028564453125000e+01
6.050399017333984375e+01
2.340634307861328125e+02
1.746621856689453125e+02
1.355219268798828125e+02
2.526284790039062500e+02
6.342115722656250000e+03
2.660951995849609375e+01
1.383470535278320312e+01
1.655850830078125000e+03
6.686146259307861328e+00
3.794044733047485352e+00
3.985104980468750000e+02
1.219245433807373047e+01
1.190372848510742188e+01
6.760272979736328125e+01
5.117733955383300781e+00
1.601107406616210938e+01
2.386385536193847656e+01
5.194338226318359375e+01
3.488727416992187500e+02
6.446791172027587891e+00
1.885749218750000000e+04
3.509767532348632812e+00
1.136091351509094238e+00
3.575893402099609375e+01
1.451142578125000000e+03
5.244317245483398438e+01
1.722553062438964844e+01
4.114551696777343750e+02
1.259856224060058594e+01
7.274021148681640625e+01
2.628363952636718750e+02
2.072348117828369141e+00
1.164836578369140625e+02
1.952696204185485840e+00
2.626465797424316406e+01
3.892791271209716797e+00
6.387786483764648438e+01
2.060870742797851562e+01
5.101474285125732422e+00
3.180872535705566406e+01
4.938648605346679688e+01
1.464761495590209961e+00
1.698514862060546875e+02
4.228091125488281250e+02
1.203534317016601562e+01
8.691047668457031250e+01
1.878410530090332031e+01
9.538045883178710938e+00
1.028656005859375000e+00
4.772774414062500000e+03
1.019294929504394531e+01
6.791361083984375000e+02
2.859985828399658203e+00
1.615646972656250000e+02
1.289304137229919434e+00
2.932558898925781250e+02
2.342674316406250000e+03
3.920247256755828857e-01
2.116214752197265625e+00
2.010098266601562500e+03
3.995097875595092773e+00
6.335967407226562500e+02
3.831542015075683594e+00
3.067898178100585938e+01
1.163421058654785156e+01
1.149802589416503906e+01
4.278038814663887024e-02
1.723652458190917969e+01
4.690666198730468750e+00
9.932514038085937500e+02
1.045760726928710938e+02
9.790533065795898438e+00
8.790827751159667969e+00
2.475093460083007812e+01
2.050254058837890625e+01
2.052342891693115234e+00
7.840057373046875000e+02
1.476629333496093750e+02
7.942320823669433594e+00
2.265311050415039062e+01
1.385557861328125000e+02
1.842735137939453125e+02
1.863882446289062500e+02
8.536093831062316895e-01
1.116835839843750000e+04
1.466144371032714844e+01
6.537076568603515625e+01
1.850222587585449219e+01
6.630585789680480957e-01
1.535815551757812500e+03
1.543527221679687500e+02
8.989831805229187012e-01
9.511154785156250000e+02
5.434767532348632812e+01
1.509115695953369141e+01
4.996361328125000000e+03
5.452366256713867188e+01
9.783034515380859375e+01
5.325024032592773438e+01
8.317502441406250000e+02
2.934714355468750000e+02
4.166907653808593750e+02
6.250414657592773438e+01
3.837545654296875000e+03
1.092100501060485840e+00
3.347270965576171875e+01
5.744031982421875000e+02
8.403546333312988281e+00
4.589358825683593750e+02
1.157235622406005859e+00
2.251191139221191406e+00
7.035956573486328125e+01
5.632432460784912109e+00
1.690300369262695312e+01
2.476275177001953125e+02
1.254473924636840820e+00
1.793109512329101562e+01
1.585457706451416016e+01
4.861554622650146484e+00
5.835399627685546875e+01
1.423613548278808594e+00
1.391909718513488770e+00
1.652033691406250000e+02
6.966663818359375000e+02
6.535096645355224609e+00
1.116811218261718750e+02
1.648689079284667969e+01
9.975330352783203125e+00
2.505455322265625000e+03
2.351247072219848633e+00
5.564655151367187500e+02
5.106949996948242188e+01
2.390793800354003906e+01
1.012713073730468750e+03
5.410411834716796875e+01
2.037216949462890625e+02
8.283045043945312500e+02
1.847198944091796875e+02
5.841134643554687500e+01
2.959360961914062500e+02
4.317307662963867188e+01
2.119325637817382812e+00
4.378424072265625000e+01
2.724406051635742188e+01
3.563711643218994141e+00
1.003282775878906250e+03
4.226917724609375000e+02
1.033240722656250000e+03
1.581959075927734375e+02
1.590543937683105469e+01
2.614728212356567383e+00
6.392629742622375488e-01
4.568509674072265625e+01
2.246813201904296875e+01
7.752932548522949219e+00
1.008670687675476074e+00
2.358938026428222656e+01
4.370639622211456299e-01
6.879798889160156250e+01
2.886655807495117188e+01
1.130135879516601562e+02
1.062586669921875000e+02
4.132478713989257812e+01
8.042816162109375000e+01
1.689280509948730469e+01
9.068672180175781250e+00
2.504280209541320801e-01
8.481760742187500000e+03
2.099493164062500000e+03
2.831640930175781250e+02
2.177216339111328125e+02
1.935823822021484375e+02
1.482734619140625000e+03
2.286234664916992188e+01
6.376179885864257812e+01
1.569893264770507812e+01
2.869393348693847656e+00
7.010053253173828125e+01
1.269472900390625000e+03
8.111685180664062500e+01
7.359256744384765625e+00
1.861755943298339844e+01
1.602787933349609375e+02
3.228327636718750000e+02
1.175005798339843750e+02
8.521498680114746094e+00
1.207202148437500000e+01
1.675274670124053955e-01
1.434885859489440918e-01
5.195772552490234375e+01
4.684426879882812500e+01
6.326432228088378906e+00
3.093440628051757812e+01
2.884748840332031250e+02
7.841451263427734375e+01
1.892377777099609375e+02
1.241732311248779297e+01
1.971373319625854492e+00
2.129837799072265625e+01
6.810169219970703125e+01
1.110343261718750000e+03
3.020034790039062500e+00
1.185683746337890625e+02
1.526997804641723633e+00
4.465579509735107422e+00
3.275091946125030518e-01
5.675491333007812500e+00
5.267093261718750000e+03
1.879051171875000000e+04
8.133372306823730469e+00
1.024549484252929688e+02
6.239117431640625000e+01
4.646691322326660156e+00
1.772445220947265625e+02
5.845751953125000000e+02
8.460227012634277344e+00
7.896746635437011719e+00
1.883377194404602051e+00
7.722653198242187500e+01
3.229951858520507812e+01
4.639789199829101562e+01
2.216137847900390625e+02
3.640643920898437500e+02
3.982059240341186523e+00
4.165818214416503906e+00
4.175369739532470703e+00
2.343283233642578125e+02
1.728654861450195312e+01
3.860688781738281250e+01
3.013132324218750000e+02
1.575243854522705078e+01
1.005678588867187500e+03
1.076357055664062500e+03
2.708004760742187500e+02
1.209890365600585938e+00
1.488565444946289062e+01
