1.408652514219284058e-01
7.621122598648071289e-01
4.818271100521087646e-01
4.079626873135566711e-02
1.061602234840393066e+00
2.963888168334960938e+00
1.995067447423934937e-01
6.115928292274475098e-02
1.634208679199218750e+00
1.522482931613922119e-01
6.608574390411376953e-01
3.837432563304901123e-01
8.941765874624252319e-02
7.347780466079711914e-02
1.065460294485092163e-01
3.273876309394836426e-01
3.123527765274047852e-01
2.052934169769287109e-01
5.563554540276527405e-02
1.347272694110870361e-01
4.449670314788818359e-01
9.020543098449707031e-02
1.793477773666381836e+00
9.261330217123031616e-02
1.063631725311279297e+01
1.794347614049911499e-01
2.521925866603851318e-01
4.781554937362670898e-01
2.227855682373046875e+00
1.936014413833618164e+00
5.628210306167602539e-02
2.733034454286098480e-02
4.137177467346191406e-01
1.882270216941833496e+00
2.855591289699077606e-02
4.345867037773132324e-01
4.572655260562896729e-02
7.094223797321319580e-02
1.100732758641242981e-01
2.672486305236816406e-01
4.378826618194580078e+00
2.147302627563476562e+00
2.163037955760955811e-01
1.907950758934020996e+00
4.288333356380462646e-01
1.384755134582519531e+00
3.029854595661163330e-01
2.520462572574615479e-01
3.461602330207824707e-02
1.230051994323730469e+00
6.028453111648559570e-01
1.043737232685089111e-01
1.063713073730468750e+00
4.393610656261444092e-01
1.928745359182357788e-01
3.260368853807449341e-02
2.370684966444969177e-02
4.584835469722747803e-01
1.065183728933334351e-01
2.085257053375244141e+00
1.851532757282257080e-01
1.395265221595764160e+00
1.278935819864273071e-01
1.426147818565368652e-01
6.042765974998474121e-01
1.628123641014099121e+00
3.431105315685272217e-01
3.643472194671630859e-01
1.963580369949340820e+00
2.128952026367187500e+00
4.896344617009162903e-03
5.086117386817932129e-01
9.023322165012359619e-02
2.681371450424194336e+00
1.791749000549316406e+00
5.810592770576477051e-01
7.923127710819244385e-02
1.228803992271423340e-01
2.563246190547943115e-01
1.647412925958633423e-01
2.842009663581848145e-01
5.773670226335525513e-02
2.377094179391860962e-01
9.602178633213043213e-02
1.026925668120384216e-01
1.252384930849075317e-01
1.157534867525100708e-02
3.119376599788665771e-01
3.316070437431335449e-01
1.227654889225959778e-02
1.540712565183639526e-01
3.161732852458953857e-01
1.444005221128463745e-01
2.510325908660888672e-01
2.936056852340698242e-01
1.032047867774963379e+00
8.787533640861511230e-02
1.156701445579528809e+00
7.749949395656585693e-02
2.993466556072235107e-01
8.358709812164306641e-01
1.571638584136962891e-01
2.974658645689487457e-02
4.287306368350982666e-01
1.698955744504928589e-01
3.605372309684753418e-01
1.212658435106277466e-01
5.691458582878112793e-01
2.990673780441284180e+00
6.592169404029846191e-01
4.745935648679733276e-02
6.988050937652587891e-01
1.184891819953918457e+00
5.217745900154113770e-01
4.067046642303466797e-01
1.420649737119674683e-01
3.847940564155578613e-01
5.488645285367965698e-02
2.409374155104160309e-02
2.381709069013595581e-01
3.807421401143074036e-02
7.401366233825683594e+00
1.059632062911987305e+00
1.486844897270202637e+00
2.885383926331996918e-02
3.697961941361427307e-02
5.003583431243896484e-02
1.473116222769021988e-02
5.024003386497497559e-01
2.055062204599380493e-01
3.903506398200988770e-01
4.220949709415435791e-01
1.541763730347156525e-02
1.115719974040985107e-01
1.296728402376174927e-01
4.283498227596282959e-02
5.428791791200637817e-02
6.035784482955932617e-01
1.846721917390823364e-01
1.675091981887817383e+00
6.503185033798217773e-01
4.913498163223266602e-01
2.837045907974243164e+00
8.377724885940551758e-01
5.458595156669616699e-01
2.390637546777725220e-01
2.173422873020172119e-01
5.849595069885253906e-01
1.057105183601379395e+00
1.559493094682693481e-01
4.325452819466590881e-02
1.955266475677490234e+00
4.227702915668487549e-01
1.048554554581642151e-01
2.424826920032501221e-01
1.688644587993621826e-01
7.631739974021911621e-02
5.954904556274414062e-01
1.033101901412010193e-01
2.348151803016662598e-02
3.334498643875122070e+00
7.459052652120590210e-02
2.849802374839782715e-01
2.676567733287811279e-01
6.069333553314208984e-01
3.307494819164276123e-01
2.963743805885314941e-01
4.691059887409210205e-01
5.139194488525390625e+00
3.404603153467178345e-02
4.247618913650512695e-01
4.904217123985290527e-01
6.446439772844314575e-02
6.567955017089843750e-02
3.747569918632507324e-01
1.182435512542724609e+00
1.684362739324569702e-01
1.579435020685195923e-01
2.140594422817230225e-01
2.237810373306274414e+00
1.349853277206420898e-01
1.861056923866271973e+00
6.193171739578247070e-01
6.214856356382369995e-02
7.674645185470581055e-01
5.788977146148681641e-01
1.899572610855102539e-01
2.605339586734771729e-01
6.507159471511840820e-01
2.595377564430236816e-01
6.263759732246398926e-01
3.930612802505493164e-01
8.154369145631790161e-02
1.723964065313339233e-01
3.445005416870117188e-01
1.127763092517852783e-01
9.535455703735351562e-01
4.066442251205444336e-01
4.133987054228782654e-02
4.414594173431396484e-01
1.167603358626365662e-01
1.185664460062980652e-01
7.276217937469482422e-01
1.192311644554138184e-01
8.937751054763793945e-01
2.345136739313602448e-02
5.932235717773437500e-02
1.313248538970947266e+01
6.656233221292495728e-02
5.606754496693611145e-02
1.177117601037025452e-01
3.075049221515655518e-01
3.247746080160140991e-02
3.128445148468017578e-01
1.080531597137451172e+00
6.406860351562500000e-01
8.070819973945617676e-01
1.272270381450653076e-01
1.356560643762350082e-02
7.835381627082824707e-01
2.944005727767944336e-01
1.439461410045623779e-01
7.065523415803909302e-02
2.717236280441284180e-01
2.731200121343135834e-02
5.688937306404113770e-01
8.622785657644271851e-02
1.880892157554626465e+00
2.810588181018829346e-01
4.781483486294746399e-02
7.045695185661315918e-02
3.718336522579193115e-01
1.098081171512603760e-01
5.979135036468505859e-01
3.824648559093475342e-01
6.008803248405456543e-01
1.846161186695098877e-01
2.817672677338123322e-02
1.088369041681289673e-01
3.207682967185974121e-01
8.117096424102783203e-01
4.517530649900436401e-02
5.968897044658660889e-02
1.254698783159255981e-01
3.031840324401855469e-01
1.444536149501800537e-01
4.188593029975891113e-01
6.486592441797256470e-02
2.204575240612030029e-01
1.973987221717834473e-01
1.236338987946510315e-01
7.463788986206054688e-01
1.186582669615745544e-01
8.077778220176696777e-01
1.106856539845466614e-01
1.641142517328262329e-01
2.217561483383178711e+00
5.260784551501274109e-02
1.697803139686584473e-01
3.310467302799224854e-01
1.867416650056838989e-01
1.023356989026069641e-01
5.078248977661132812e-01
2.178869247436523438e-01
4.181205332279205322e-01
6.347281932830810547e-01
3.553079664707183838e-01
1.072737216949462891e+00
3.227523714303970337e-02
9.676282852888107300e-02
1.154052376747131348e+00
1.906838715076446533e-01
1.702324301004409790e-01
4.384802654385566711e-02
1.948343217372894287e-01
9.131857007741928101e-02
6.336579471826553345e-02
2.368071973323822021e-01
1.370102763175964355e-01
2.465902119874954224e-01
4.794019162654876709e-01
4.059748351573944092e-01
1.502572298049926758e-01
3.609775379300117493e-02
3.213351592421531677e-02
3.143247067928314209e-01
1.490614056587219238e+00
9.623183012008666992e-01
7.667815685272216797e-02
1.571238338947296143e-01
4.195910319685935974e-02
4.356044530868530273e-02
5.803958773612976074e-01
3.085700049996376038e-02
8.452617377042770386e-02
6.092331558465957642e-02
1.375823765993118286e-01
4.204845428466796875e-02
1.237912550568580627e-01
2.150299698114395142e-01
9.571716189384460449e-01
8.809989690780639648e-01
2.418272048234939575e-01
1.287092804908752441e+00
4.965162575244903564e-01
2.594750523567199707e-01
1.294312179088592529e-01
5.600271224975585938e-01
4.432591199874877930e-01
1.929249167442321777e-01
2.249006271362304688e+00
1.455145597457885742e+00
9.223713874816894531e-01
2.360679149627685547e+00
5.031210780143737793e-01
1.660780161619186401e-01
3.512758016586303711e-02
7.869724631309509277e-01
3.632298484444618225e-02
1.004842221736907959e-01
1.616436839103698730e-01
2.092996984720230103e-01
1.949118733406066895e+00
6.730452060699462891e+00
3.199760615825653076e-01
7.843513488769531250e-01
1.739525049924850464e-01
2.958551943302154541e-01
3.004339933395385742e-01
1.558266729116439819e-01
1.957169361412525177e-02
2.308185577392578125e+00
2.841626107692718506e-01
2.503982186317443848e-01
7.700033485889434814e-02
1.061383113265037537e-01
7.302585244178771973e-01
1.100997850298881531e-01
1.403547525405883789e-01
1.396818518638610840e+00
1.039767384529113770e+00
3.323580324649810791e-02
7.796250283718109131e-02
2.407454490661621094e+00
1.740699112415313721e-01
7.168924063444137573e-02
1.991169691085815430e+00
1.406463831663131714e-01
4.371466636657714844e-01
2.132467627525329590e-01
4.886460304260253906e-01
4.316156730055809021e-02
6.145543418824672699e-03
1.518315970897674561e-01
3.578437268733978271e-01
6.302501261234283447e-02
9.318535774946212769e-02
1.110489249229431152e+00
7.024434208869934082e-01
5.821810364723205566e-01
4.293638765811920166e-01
1.101926639676094055e-01
2.536993622779846191e-01
1.247919425368309021e-01
6.438418626785278320e-01
1.029619276523590088e-01
3.414371311664581299e-01
7.452596724033355713e-02
3.773527741432189941e-01
2.062747441232204437e-02
4.291606247425079346e-01
1.304308027029037476e-01
9.298906326293945312e-01
4.130137264728546143e-01
4.713649451732635498e-01
6.342394649982452393e-02
6.285846233367919922e-01
1.245543003082275391e+00
2.718180716037750244e-01
1.116274949163198471e-02
2.145780622959136963e-01
2.179589122533798218e-01
9.048858880996704102e-01
9.975126981735229492e-01
2.131080180406570435e-01
1.519242286682128906e+00
1.585106968879699707e+00
1.312714368104934692e-01
2.459992617368698120e-01
1.171780079603195190e-01
2.681601643562316895e-01
7.280693650245666504e-01
9.050159156322479248e-02
3.553385496139526367e+00
3.843467831611633301e-01
7.160380840301513672e+00
1.244384407997131348e+00
6.230159401893615723e-01
3.863318264484405518e-02
2.019309997558593750e-01
1.431107878684997559e+00
2.095627212524414062e+01
1.047327899932861328e+01
5.771267414093017578e-01
1.003129386901855469e+01
1.610538673400878906e+01
6.018874645233154297e+00
8.633489608764648438e-01
2.159028434753417969e+01
8.936102390289306641e-01
1.858122825622558594e+01
3.633666515350341797e+00
1.122136950492858887e+00
6.733211278915405273e-01
9.893810749053955078e-01
8.398023605346679688e+00
2.788307666778564453e+00
1.873704552650451660e+00
1.908581018447875977e+00
1.322327613830566406e+00
2.087758064270019531e+00
8.448745012283325195e-01
1.340027713775634766e+01
2.083633661270141602e+00
4.291541671752929688e+01
2.893649339675903320e+00
4.076438903808593750e+00
3.610366582870483398e+00
2.214916992187500000e+01
2.309573554992675781e+01
1.244288206100463867e+00
6.737455129623413086e-01
3.887493133544921875e+00
3.299582672119140625e+01
3.779283761978149414e-01
4.198655605316162109e+00
4.082052707672119141e-01
3.107210099697113037e-01
9.256951212882995605e-01
2.595106840133666992e+00
2.927296447753906250e+01
9.278198242187500000e+00
8.601062297821044922e-01
1.053996086120605469e+01
2.737259864807128906e+00
7.866250514984130859e+00
7.798161983489990234e+00
2.334146738052368164e+00
8.951696753501892090e-01
1.525652122497558594e+01
7.690581321716308594e+00
2.199660778045654297e+00
1.114092159271240234e+01
1.052345085144042969e+01
2.311166048049926758e+00
1.356077641248703003e-01
2.062391191720962524e-01
1.059871077537536621e+00
4.441002309322357178e-01
1.169615554809570312e+01
3.089081525802612305e+00
2.046572685241699219e+01
9.225622415542602539e-01
1.647099018096923828e+00
1.439923286437988281e+00
1.408282375335693359e+01
2.208025932312011719e+00
6.028465270996093750e+00
6.983376979827880859e+00
5.232977676391601562e+01
2.179965935647487640e-02
3.209929227828979492e+00
6.853113174438476562e-01
1.538019084930419922e+01
2.083864593505859375e+01
2.886063337326049805e+00
1.576148986816406250e+00
1.126642584800720215e+00
2.632589817047119141e+00
2.225228071212768555e+00
1.984813332557678223e+00
4.234938919544219971e-01
4.106297492980957031e+00
2.219887256622314453e+00
1.968937993049621582e+00
1.036019206047058105e+00
4.484291076660156250e-01
4.547978878021240234e+00
1.954282641410827637e+00
1.353614181280136108e-01
2.619096994400024414e+00
3.595742464065551758e+00
2.830767869949340820e+00
2.338753461837768555e+00
4.336765766143798828e+00
2.032028388977050781e+01
3.747125267982482910e-01
1.460958194732666016e+01
9.425027966499328613e-01
2.204376459121704102e+00
1.826096773147583008e+00
2.377832651138305664e+00
3.192994892597198486e-01
1.736039543151855469e+01
2.605466365814208984e+00
2.767675161361694336e+00
6.690570116043090820e-01
1.043449974060058594e+01
4.001643753051757812e+01
2.223575353622436523e+00
4.033269286155700684e-01
5.044238567352294922e+00
6.154640197753906250e+00
2.946399450302124023e+00
3.836371183395385742e+00
1.011604189872741699e+00
2.233902215957641602e+00
7.325050234794616699e-01
5.300090909004211426e-01
4.316081047058105469e+00
5.592142343521118164e-01
1.361184082031250000e+02
4.356374359130859375e+01
1.812320518493652344e+01
5.087783336639404297e-01
1.421355009078979492e+00
1.428476810455322266e+00
6.627998352050781250e-01
1.538459968566894531e+01
3.524979829788208008e+00
8.552196025848388672e-01
4.139400005340576172e+00
1.574620902538299561e-01
5.518066287040710449e-01
1.671316504478454590e+00
5.114088058471679688e-01
3.238707780838012695e-01
3.471693754196166992e+00
1.722405433654785156e+00
1.350031280517578125e+01
1.527662086486816406e+01
2.606305360794067383e+00
1.878956985473632812e+01
6.194188594818115234e+00
5.711269378662109375e+00
4.914921283721923828e+00
3.474656581878662109e+00
4.961416721343994141e+00
1.067802047729492188e+01
2.369655370712280273e+00
6.356999874114990234e-01
1.665213394165039062e+01
1.614589571952819824e+00
1.008005619049072266e+00
4.300571918487548828e+00
1.405177474021911621e+00
6.563402414321899414e-01
6.477014541625976562e+00
1.930135846138000488e+00
2.656279206275939941e-01
1.061425971984863281e+01
1.832061171531677246e+00
6.200357913970947266e+00
1.287476301193237305e+00
2.292179584503173828e+00
1.734289288520812988e+00
3.452372312545776367e+00
4.960205554962158203e+00
5.851418304443359375e+01
4.673347175121307373e-01
5.281169891357421875e+00
7.644641399383544922e+00
1.090864658355712891e+00
3.002088963985443115e-01
1.064992809295654297e+01
9.535519599914550781e+00
1.564503669738769531e+00
3.970584392547607422e+00
3.850803613662719727e+00
1.554589462280273438e+01
6.052170395851135254e-01
1.895608711242675781e+01
6.663019180297851562e+00
8.486535400152206421e-02
1.151498889923095703e+01
1.537451934814453125e+01
4.166618287563323975e-01
2.718495368957519531e+00
1.350581836700439453e+01
2.874177217483520508e+00
2.290657520294189453e+00
2.714937686920166016e+00
7.580404877662658691e-01
1.904142141342163086e+00
6.886089324951171875e+00
9.616199731826782227e-01
6.393686771392822266e+00
2.242943763732910156e+00
6.058529019355773926e-01
3.203378915786743164e+00
2.808059930801391602e+00
1.139368176460266113e+00
7.906007289886474609e+00
1.431416034698486328e+00
4.679256916046142578e+00
1.281928867101669312e-01
6.419854164123535156e-01
5.876443862915039062e+01
2.252983808517456055e+00
1.578016281127929688e+00
1.987108945846557617e+00
3.453186035156250000e+00
3.937236368656158447e-01
2.910970211029052734e+00
6.828078269958496094e+00
1.042787170410156250e+01
1.735046744346618652e+00
2.413613080978393555e+00
2.527652382850646973e-01
3.802517890930175781e+00
4.698246479034423828e+00
1.259309291839599609e+00
5.447393655776977539e-01
4.703379154205322266e+00
6.197186708450317383e-01
2.297602272033691406e+01
6.359551548957824707e-01
1.700799369812011719e+01
1.456788301467895508e+00
7.912889719009399414e-01
4.369472265243530273e-01
4.085253715515136719e+00
1.322798967361450195e+00
1.923867797851562500e+01
3.693209171295166016e+00
1.910465836524963379e+00
6.139644384384155273e-01
3.513643145561218262e-01
3.193802237510681152e-01
4.916981697082519531e+00
5.357405185699462891e+00
1.621626138687133789e+00
8.458663225173950195e-01
9.368058443069458008e-01
5.302705764770507812e+00
1.654169917106628418e+00
2.195325613021850586e+00
1.056479811668395996e+00
5.578227519989013672e+00
5.787837505340576172e-01
9.745455980300903320e-01
5.090889930725097656e+00
1.574621081352233887e+00
8.631834030151367188e+00
1.843604445457458496e+00
1.072019696235656738e+00
1.643423652648925781e+01
6.961409449577331543e-01
3.615552783012390137e-01
9.197433471679687500e+00
4.591979503631591797e+00
2.968615055084228516e+00
2.693419218063354492e+00
2.446238040924072266e+00
7.605885028839111328e+00
5.279218673706054688e+00
1.305482578277587891e+01
7.475175857543945312e+00
8.222233653068542480e-01
1.778808474540710449e+00
6.892956733703613281e+00
3.434156894683837891e+00
5.033480644226074219e+00
5.039865374565124512e-01
2.122749328613281250e+00
1.048841595649719238e+00
5.559943914413452148e-01
3.450389385223388672e+00
3.585965394973754883e+00
1.161725878715515137e+00
4.092777729034423828e+00
2.091863870620727539e+00
1.632151842117309570e+00
1.189279079437255859e+00
1.056779474020004272e-01
5.521934986114501953e+00
1.364121532440185547e+01
4.923531055450439453e+00
1.255106091499328613e+00
6.004223227500915527e-01
8.416883349418640137e-01
7.334807515144348145e-01
1.246847057342529297e+01
6.280156970024108887e-01
7.759021520614624023e-01
1.174884438514709473e+00
2.758178472518920898e+00
1.949524164199829102e+00
4.366614222526550293e-01
2.998241424560546875e+00
1.249694633483886719e+01
6.975239276885986328e+00
1.500489950180053711e+00
6.522861480712890625e+00
3.164472341537475586e+00
4.018452167510986328e+00
4.274746417999267578e+00
2.586408853530883789e+00
4.245969295501708984e+00
3.435544252395629883e+00
1.943783187866210938e+01
2.067353439331054688e+01
8.921881675720214844e+00
1.725611686706542969e+01
2.089631557464599609e+00
4.334995448589324951e-01
4.271881580352783203e-01
4.199129581451416016e+00
4.071414768695831299e-01
3.957305252552032471e-01
6.605021357536315918e-01
8.755910396575927734e-01
2.753051376342773438e+01
1.810577392578125000e+01
6.780149936676025391e+00
6.476625919342041016e+00
1.383098244667053223e+00
4.233573436737060547e+00
2.796953916549682617e+00
2.993685960769653320e+00
5.837866663932800293e-01
1.688214492797851562e+01
1.032112216949462891e+01
1.682851672172546387e+00
1.215630650520324707e+00
2.809857130050659180e+00
2.779533576965332031e+01
1.170499086380004883e+00
3.248529732227325439e-01
8.310758590698242188e+00
3.959960937500000000e+00
5.977695584297180176e-01
1.157860755920410156e+00
1.575292682647705078e+01
1.269518375396728516e+00
1.471808910369873047e+00
2.199705886840820312e+01
3.839170455932617188e+00
2.549860477447509766e+00
2.637143373489379883e+00
4.384366512298583984e+00
3.015540838241577148e-01
8.114974945783615112e-02
4.006073474884033203e+00
1.809015870094299316e+00
9.351127147674560547e-01
3.994516372680664062e+00
1.993419647216796875e+01
1.799480438232421875e+01
5.874001502990722656e+00
2.081207990646362305e+00
1.111522912979125977e+00
2.699776172637939453e+00
1.776432752609252930e+00
4.259664058685302734e+00
6.952793002128601074e-01
5.335715293884277344e+00
4.898012876510620117e-01
4.212302684783935547e+00
3.755111694335937500e-01
2.173986434936523438e+00
4.089462280273437500e+00
3.311623382568359375e+01
4.122707843780517578e+00
5.330675601959228516e+00
8.036720752716064453e-01
5.684988498687744141e+00
8.553447723388671875e+00
6.210306644439697266e+00
9.180084615945816040e-02
2.057209968566894531e+00
3.278849124908447266e+00
6.626943588256835938e+00
2.232716751098632812e+01
1.446699857711791992e+00
4.605799198150634766e+00
9.482730865478515625e+00
2.494462728500366211e+00
4.032532215118408203e+00
1.709120273590087891e+00
2.542693853378295898e+00
6.336377143859863281e+00
1.388817310333251953e+00
6.414292144775390625e+01
5.519842147827148438e+00
2.076259994506835938e+01
2.618359756469726562e+01
7.503443241119384766e+00
8.124451637268066406e-01
5.338893413543701172e+00
