8.313319832086563110e-02
1.826613843441009521e-01
7.581470068544149399e-03
3.468679031357169151e-03
2.863774262368679047e-02
3.370111465454101562e+00
2.045940235257148743e-02
4.166895058006048203e-03
1.102567836642265320e-02
2.953015267848968506e-01
2.394313178956508636e-02
3.288895264267921448e-02
7.044041156768798828e-02
2.409466728568077087e-02
2.707733074203133583e-03
1.807877421379089355e-02
1.844372483901679516e-03
1.389007363468408585e-02
3.339075297117233276e-02
1.101411296986043453e-03
2.535652741789817810e-02
3.286413475871086121e-02
1.291434317827224731e-01
2.109780348837375641e-02
2.435543537139892578e+00
7.908817380666732788e-03
5.119353905320167542e-02
9.801664203405380249e-02
1.330491453409194946e-01
4.052449166774749756e-01
9.620904456824064255e-04
3.898246795870363712e-04
1.739674434065818787e-02
6.998910009860992432e-02
3.067861311137676239e-02
1.731935515999794006e-02
6.395511794835329056e-03
4.483289376366883516e-04
9.486663155257701874e-03
7.014011032879352570e-03
1.473526656627655029e-01
1.056942492723464966e-01
6.112792529165744781e-03
5.396896839141845703e+00
1.210662275552749634e-01
1.266479939222335815e-01
1.179100014269351959e-02
4.775069057941436768e-01
1.301106414757668972e-03
6.063772365450859070e-02
1.335602402687072754e-01
6.549820303916931152e-02
1.036586165428161621e-01
3.352047130465507507e-02
1.120139029808342457e-03
2.332844305783510208e-03
4.677760414779186249e-03
2.029844745993614197e-02
3.554039075970649719e-02
1.068078994750976562e+01
1.033165678381919861e-02
9.556330680847167969e+00
1.278741285204887390e-02
8.933044038712978363e-03
8.567938208580017090e-02
7.640551775693893433e-02
2.678633332252502441e-01
2.435668557882308960e-02
7.047277688980102539e-01
5.944621562957763672e-01
1.381913316436111927e-04
7.413828969001770020e-01
2.445582067593932152e-03
2.045174092054367065e-01
7.990885525941848755e-02
1.850274950265884399e-02
6.872135214507579803e-03
5.441269278526306152e-02
2.448635362088680267e-02
1.192903891205787659e-02
1.801570504903793335e-01
1.789038442075252533e-02
3.161437809467315674e-02
2.694746945053339005e-04
3.161678090691566467e-03
2.497232053428888321e-03
9.718117507873103023e-05
2.473087608814239502e-02
8.587605953216552734e-01
5.379210924729704857e-04
1.034720148891210556e-02
1.238488219678401947e-02
3.358453279361128807e-03
3.665284812450408936e-02
2.958950120955705643e-03
9.063158631324768066e-01
1.591275036334991455e-01
1.703169494867324829e-01
1.779620535671710968e-03
8.600533008575439453e-02
3.198170900344848633e+00
4.991079121828079224e-02
2.231415361166000366e-03
2.460912987589836121e-02
1.529408991336822510e-02
3.602477014064788818e-01
4.706929251551628113e-02
2.023082226514816284e-02
6.939965486526489258e-02
1.832539737224578857e-01
4.040053859353065491e-02
2.227306514978408813e-01
8.943410217761993408e-02
1.786677539348602295e-01
1.453364547342061996e-02
4.771671444177627563e-02
4.114698246121406555e-02
1.550220046192407608e-02
3.449591808021068573e-03
3.607137873768806458e-02
2.802689326927065849e-03
2.605257987976074219e+01
3.953758180141448975e-01
7.292540073394775391e-01
3.376181120984256268e-04
1.505470573902130127e-01
1.389373000711202621e-02
4.751551023218780756e-04
8.871324360370635986e-02
3.580359742045402527e-02
6.896777749061584473e-01
2.452749945223331451e-02
4.008517600595951080e-03
2.086540451273322105e-03
4.750739037990570068e-02
9.625750593841075897e-03
3.161560744047164917e-02
1.187332630157470703e+00
1.887070685625076294e-01
5.872991681098937988e-01
1.441103778779506683e-02
8.669891394674777985e-03
8.904940485954284668e-01
7.786194682121276855e-01
1.253155612945556641e+01
4.993912950158119202e-02
2.775133848190307617e-01
2.512591332197189331e-02
1.142101734876632690e-01
1.422458793967962265e-02
1.546153798699378967e-02
1.634432375431060791e-01
1.752870827913284302e-01
4.575432091951370239e-02
1.838413327932357788e-01
1.872500963509082794e-02
2.044539712369441986e-02
3.942565247416496277e-02
9.799378458410501480e-04
4.087605513632297516e-03
7.082340121269226074e-02
1.014367211610078812e-03
5.770946666598320007e-02
1.501685827970504761e-01
4.365802109241485596e-01
1.797372251749038696e-01
1.286408454179763794e-01
2.468302249908447266e-01
1.579024076461791992e+00
1.782499602995812893e-03
3.636418655514717102e-02
1.593114882707595825e-01
2.971073554363101721e-04
9.236209094524383545e-03
4.985482245683670044e-02
1.298684358596801758e+00
2.049414254724979401e-02
1.425415743142366409e-02
1.965484954416751862e-02
2.231049686670303345e-01
5.486019700765609741e-02
3.818405792117118835e-02
1.416958719491958618e-01
6.884849816560745239e-02
9.241135120391845703e-01
2.067079767584800720e-02
7.300077006220817566e-03
3.094121068716049194e-02
5.093551874160766602e-01
3.344512358307838440e-02
3.108041286468505859e-01
2.416192740201950073e-02
1.897762267617508769e-04
7.881525903940200806e-02
1.722806990146636963e-01
3.239799663424491882e-02
2.768436968326568604e-01
3.024633042514324188e-02
6.494510453194379807e-03
6.391131132841110229e-02
3.485752036795020103e-03
5.368808656930923462e-02
1.649888977408409119e-02
4.162188619375228882e-02
7.912770844995975494e-03
6.255229469388723373e-03
9.846757352352142334e-02
1.075968551635742188e+01
3.270656801760196686e-03
2.303139539435505867e-03
4.030605312436819077e-03
4.123847559094429016e-02
1.692755176918581128e-04
1.441710472106933594e+00
3.129703179001808167e-02
1.972784519195556641e+00
4.252847433090209961e-01
2.827750705182552338e-02
4.568907315842807293e-04
5.244219303131103516e-01
8.571318387985229492e-01
3.356253495439887047e-03
6.875137798488140106e-03
2.950400300323963165e-02
7.088437268976122141e-05
1.152028739452362061e-01
1.957481028512120247e-03
2.438242435455322266e+00
1.887454688549041748e-01
7.888543419539928436e-03
1.366769429296255112e-02
1.610870286822319031e-02
1.950419135391712189e-02
2.555412705987691879e-03
7.091058045625686646e-02
3.826636075973510742e-02
5.713260918855667114e-02
3.225537482649087906e-03
2.093006223440170288e-01
5.198589060455560684e-04
1.565099507570266724e-01
2.859186939895153046e-02
1.744133383035659790e-01
4.144157283008098602e-03
1.159215159714221954e-02
1.044911704957485199e-02
3.774331882596015930e-02
6.078824773430824280e-02
4.298718646168708801e-02
5.235829949378967285e-02
3.027124889194965363e-02
6.406192183494567871e-01
1.369942328892648220e-04
1.077483072876930237e-01
2.717203460633754730e-02
1.486214548349380493e-01
2.579051256179809570e+00
6.901620328426361084e-02
9.918697178363800049e-03
1.033573448657989502e-01
7.521961349993944168e-03
1.637667766772210598e-03
1.320607662200927734e+00
5.208473652601242065e-02
6.447095423936843872e-03
8.091846853494644165e-02
7.057867478579282761e-03
1.239548325538635254e+00
3.524384927004575729e-03
8.867348544299602509e-03
2.164062500000000000e+00
5.138238519430160522e-02
6.411806344985961914e-01
2.600339706987142563e-03
1.281795557588338852e-03
1.693641021847724915e-02
1.681997068226337433e-02
1.076027937233448029e-02
2.057095617055892944e-01
6.830065250396728516e-01
3.110342621803283691e-01
2.470496483147144318e-02
1.521896291524171829e-02
9.584781713783740997e-03
2.460366522427648306e-04
1.200616359710693359e-02
5.536138534545898438e+00
1.508070111274719238e+00
1.280246418900787830e-03
5.951775982975959778e-02
1.330369990319013596e-02
2.399615244939923286e-03
2.018534094095230103e-01
3.573438525199890137e-02
1.206046668812632561e-03
8.326000533998012543e-03
2.772542648017406464e-02
4.777539521455764771e-02
1.266435742378234863e+00
7.878752797842025757e-02
1.924041390419006348e+00
3.123282790184020996e-01
1.512454897165298462e-01
7.925895452499389648e-01
1.329015135765075684e+00
2.138875611126422882e-02
1.058895234018564224e-02
1.138659864664077759e-01
1.196092367172241211e-02
1.732199192047119141e-01
8.466093540191650391e-01
1.077792420983314514e-01
2.186126820743083954e-02
3.105924427509307861e-01
7.873740047216415405e-03
3.184350579977035522e-02
1.914024236612021923e-03
6.134368181228637695e-01
1.937194843776524067e-03
1.066116336733102798e-02
1.666480302810668945e-01
7.685922901146113873e-04
2.061323635280132294e-02
7.105607539415359497e-02
5.205259658396244049e-03
1.013566970825195312e+00
4.143123980611562729e-03
4.416445735841989517e-03
1.558587327599525452e-02
3.824725979939103127e-03
1.189449918456375599e-03
5.130285024642944336e-01
1.010073442012071609e-02
2.551924623548984528e-02
1.181426085531711578e-02
1.209695357829332352e-02
1.049028895795345306e-02
8.495342917740345001e-03
2.179358899593353271e-02
1.258132904767990112e-01
6.079517770558595657e-03
4.511094011832028627e-04
6.769936531782150269e-03
1.157258749008178711e+00
7.906671962700784206e-04
1.128360442817211151e-02
2.264272123575210571e-01
1.432080864906311035e-01
2.856600470840930939e-02
3.755536675453186035e-02
1.156279891729354858e-01
9.225481003522872925e-02
1.044126183842308819e-04
2.024183794856071472e-02
8.780182339251041412e-03
4.831129685044288635e-03
2.392742037773132324e-02
3.334237635135650635e-02
6.174040213227272034e-02
8.258602023124694824e-02
3.124087490141391754e-02
1.211878261528909206e-03
3.729280084371566772e-02
1.176555827260017395e-02
2.888890504837036133e-01
1.285304967314004898e-02
1.421639174222946167e-01
1.723238849081099033e-03
2.451594173908233643e-01
6.839460693299770355e-04
6.788360327482223511e-02
6.599888205528259277e-02
5.063693523406982422e-01
3.473972529172897339e-02
7.886827588081359863e-01
3.438685322180390358e-03
1.178069319576025009e-02
5.406701005995273590e-03
9.785856120288372040e-03
3.296494483947753906e-02
5.134765431284904480e-02
2.444940852001309395e-03
1.255004405975341797e+00
1.174248382449150085e-01
3.510374575853347778e-02
4.661998271942138672e+00
1.443452167510986328e+01
9.126428514719009399e-03
2.135474467650055885e-03
5.393954343162477016e-04
4.552613571286201477e-02
1.407112553715705872e-02
4.093249514698982239e-02
4.278571128845214844e+00
2.886468137148767710e-04
3.593219757080078125e+00
1.633216142654418945e-01
1.656263507902622223e-02
1.565910060890018940e-03
6.127784028649330139e-03
2.242212677001953125e+01
6.595451354980468750e+01
5.077756881713867188e+01
6.945505738258361816e-01
2.283892059326171875e+01
1.077863216400146484e+00
3.577959899902343750e+02
1.002442264556884766e+01
8.995220947265625000e+01
1.015641880035400391e+01
9.150644683837890625e+01
1.696634674072265625e+01
2.170434570312500000e+01
5.953051447868347168e-01
7.328619003295898438e+00
7.709812164306640625e+01
3.307910537719726562e+01
1.627275390625000000e+02
4.531169891357421875e+01
4.960899829864501953e+00
1.872799873352050781e+01
4.125862121582031250e+00
9.360775947570800781e+00
2.772868919372558594e+01
5.581544399261474609e+00
7.159388065338134766e-01
8.316455078125000000e+01
4.672918701171875000e+02
6.764926147460937500e+02
1.210719833374023438e+02
3.611351728439331055e+00
3.201751470565795898e+00
5.502726078033447266e+00
4.301652221679687500e+02
4.975891113281250000e+00
4.655498981475830078e+00
5.311620235443115234e-01
6.918153911828994751e-02
2.267683506011962891e+00
9.274964904785156250e+01
1.086506835937500000e+03
1.920078277587890625e+01
5.133178830146789551e-01
3.639925231933593750e+02
9.869399070739746094e+00
1.579197540283203125e+02
1.028319625854492188e+02
9.733656883239746094e+00
5.819265246391296387e-01
3.510104675292968750e+02
9.828557586669921875e+01
1.758479118347167969e+01
1.381706333160400391e+01
3.247498703002929688e+01
2.536392927169799805e+00
5.460710525512695312e+00
4.553728580474853516e+00
5.048062205314636230e-01
1.071648788452148438e+01
6.821414794921875000e+02
9.336452484130859375e+01
4.728677978515625000e+02
2.892304182052612305e+00
2.811028099060058594e+01
3.861980199813842773e+00
1.972400283813476562e+01
4.301482009887695312e+01
9.502918090820312500e+02
5.780705566406250000e+02
2.264983749389648438e+01
4.653652757406234741e-02
4.529959106445312500e+01
1.144119739532470703e+00
1.222657165527343750e+02
8.040818214416503906e+00
9.689407348632812500e+00
5.042132139205932617e-01
6.493068218231201172e+00
1.142622604370117188e+02
2.707734680175781250e+01
2.097545814514160156e+01
3.229717731475830078e+00
9.272733688354492188e+00
2.200342750549316406e+01
1.175511550903320312e+01
1.068014812469482422e+01
1.558948457241058350e-01
1.212637138366699219e+01
1.354109477996826172e+01
2.642372131347656250e+00
7.443798065185546875e+00
4.519291305541992188e+01
4.802254104614257812e+01
1.307701206207275391e+01
8.034571075439453125e+01
6.084477615356445312e+01
2.688360452651977539e+00
1.101673095703125000e+03
1.428252696990966797e+00
9.013108062744140625e+01
1.785481691360473633e+00
1.278188800811767578e+01
1.255061984062194824e+00
1.307176666259765625e+02
2.080023002624511719e+01
4.364115905761718750e+01
2.712141752243041992e+00
7.787109985351562500e+02
2.765500183105468750e+02
1.207489967346191406e+00
1.724231690168380737e-01
2.648165283203125000e+02
1.431116333007812500e+02
2.237677812576293945e+00
3.162480545043945312e+01
7.315675354003906250e+01
2.958120155334472656e+01
1.176531505584716797e+01
4.795852279663085938e+01
1.467519855499267578e+01
8.514441680908203125e+01
6.189188964843750000e+03
1.951650695800781250e+02
9.271267700195312500e+01
1.806200981140136719e+00
1.497512359619140625e+02
1.529092311859130859e+01
2.109343051910400391e+00
5.283876342773437500e+02
8.830075836181640625e+01
1.170590057373046875e+02
1.062650966644287109e+01
2.059599161148071289e-01
9.664918899536132812e+00
1.333419322967529297e+00
2.067708969116210938e+00
3.160028457641601562e+00
1.709324188232421875e+02
1.574335327148437500e+02
1.978674163818359375e+02
2.978366279602050781e+01
1.505501627922058105e+00
3.841683349609375000e+02
1.773248291015625000e+01
2.913103942871093750e+02
2.411743354797363281e+01
2.968104553222656250e+02
9.706266522407531738e-01
2.613886260986328125e+01
5.375706787109375000e+02
4.764907360076904297e-01
2.987204589843750000e+02
6.180936431884765625e+01
4.906415343284606934e-01
1.430859069824218750e+02
1.464341068267822266e+01
1.096443533897399902e+00
9.080962538719177246e-01
2.068174362182617188e+00
1.191369771957397461e+00
4.967884216308593750e+02
1.241594467163085938e+02
1.210351562500000000e+02
1.754600334167480469e+01
1.097200622558593750e+02
1.866068649291992188e+01
3.502308273315429688e+01
9.750959777832031250e+01
3.472196044921875000e+02
5.088426589965820312e+00
7.190143108367919922e+00
6.156434326171875000e+02
1.529073953628540039e+00
5.129165649414062500e+00
1.834744110107421875e+02
1.924222946166992188e+01
6.386379718780517578e+00
3.135211563110351562e+01
2.934330940246582031e+00
1.340989780426025391e+01
4.805629253387451172e+00
2.457622146606445312e+01
1.863021392822265625e+02
1.606092214584350586e+00
7.571388671875000000e+03
4.826925277709960938e+00
6.440407633781433105e-01
1.557860088348388672e+01
1.735777740478515625e+02
3.865409088134765625e+01
1.514051675796508789e+00
7.928619384765625000e+01
5.012010574340820312e+00
5.162173461914062500e+01
7.235094451904296875e+01
1.178990483283996582e+00
4.050337219238281250e+01
8.822765946388244629e-01
2.245384931564331055e+00
2.245470046997070312e+00
1.245951175689697266e+01
2.950630187988281250e+00
6.225227355957031250e+00
2.834223175048828125e+01
5.871010208129882812e+01
5.610365271568298340e-01
1.853469085693359375e+01
2.378749237060546875e+02
4.980869293212890625e+00
2.488683128356933594e+01
8.528913497924804688e+00
2.547610759735107422e+00
9.892106652259826660e-01
2.771473876953125000e+03
1.562385749816894531e+01
2.011721649169921875e+02
8.484152793884277344e+00
3.309305419921875000e+02
1.120423436164855957e+00
1.531131286621093750e+02
2.731947021484375000e+03
1.213018447160720825e-01
1.560613512992858887e+00
3.647349243164062500e+02
2.292294263839721680e+00
5.638142700195312500e+02
3.079954624176025391e+00
1.380679225921630859e+01
4.539115905761718750e+00
1.022106933593750000e+01
1.170463785529136658e-01
8.609310150146484375e+00
1.816426396369934082e+00
1.366393585205078125e+02
1.890540122985839844e+01
2.415009307861328125e+01
2.308886766433715820e+00
1.248725509643554688e+01
9.163620948791503906e+00
7.807521820068359375e-01
3.148855285644531250e+02
4.830224990844726562e+01
1.034074115753173828e+01
9.216872215270996094e+00
8.393728637695312500e+01
5.191385269165039062e+01
1.273227844238281250e+02
3.623698949813842773e-01
1.710660644531250000e+03
6.705799102783203125e+00
3.453800582885742188e+01
3.504856872558593750e+01
1.173745155334472656e+00
1.785431213378906250e+02
6.830088806152343750e+01
9.173612594604492188e-01
1.304281463623046875e+02
3.463862991333007812e+01
2.880346775054931641e+00
1.069225097656250000e+03
3.649727630615234375e+01
6.486508178710937500e+01
3.495397949218750000e+01
3.457140808105468750e+02
9.651222991943359375e+01
6.561791992187500000e+01
2.143412590026855469e+01
3.408648986816406250e+02
2.322383075952529907e-01
8.136260032653808594e+00
5.795521240234375000e+02
2.124777030944824219e+01
2.776590270996093750e+02
8.980797529220581055e-01
3.332104086875915527e-01
3.036918067932128906e+01
6.250223159790039062e+00
5.415503025054931641e+00
3.298744201660156250e+01
9.433683156967163086e-01
1.134810638427734375e+01
3.152584791183471680e+00
4.832045555114746094e+00
1.977274894714355469e+01
1.126948475837707520e+00
1.558895826339721680e+00
5.553670043945312500e+02
8.938938598632812500e+02
2.109462022781372070e+00
1.063775024414062500e+02
1.761583137512207031e+01
5.263302803039550781e+00
2.310804199218750000e+03
4.529816150665283203e+00
6.008403396606445312e+01
1.202347469329833984e+01
1.788163185119628906e+01
4.330109863281250000e+02
1.072964382171630859e+01
1.073856887817382812e+02
2.529613037109375000e+02
5.499808883666992188e+01
3.403943634033203125e+01
3.254260559082031250e+02
2.503940773010253906e+01
4.094444274902343750e+00
7.367247009277343750e+01
1.291503715515136719e+01
1.095410442352294922e+01
7.791373901367187500e+02
3.093041076660156250e+02
3.430889587402343750e+02
5.998859252929687500e+02
4.354234695434570312e+00
4.112875938415527344e+00
7.179641127586364746e-01
1.292455863952636719e+01
1.071660518646240234e+01
4.611539840698242188e+00
1.839688897132873535e+00
3.529561042785644531e+00
9.648352861404418945e-01
1.932649230957031250e+02
2.248039245605468750e+01
5.423793411254882812e+01
1.847156677246093750e+02
8.468908309936523438e+00
4.039777755737304688e+01
2.059668350219726562e+01
1.252702808380126953e+01
4.736361503601074219e-01
3.695772460937500000e+03
5.495845336914062500e+02
3.144505500793457031e+01
8.313933563232421875e+01
4.530386734008789062e+01
4.336488647460937500e+02
3.068984603881835938e+01
5.507169246673583984e+00
1.995062828063964844e+01
1.388823628425598145e+00
4.333695602416992188e+01
6.532050781250000000e+02
3.097999763488769531e+01
5.282700538635253906e+00
3.480499982833862305e+00
9.188395690917968750e+01
7.943021850585937500e+02
4.657269287109375000e+01
1.466005992889404297e+01
1.699519348144531250e+01
1.517347693443298340e-01
6.382376700639724731e-02
2.385338211059570312e+01
1.172111511230468750e+01
5.350012779235839844e+00
9.375165939331054688e+00
1.108746490478515625e+02
4.194224548339843750e+01
5.253871154785156250e+01
2.228588581085205078e+00
1.561288237571716309e+00
4.334474086761474609e+00
1.060391235351562500e+01
6.094594116210937500e+02
2.446319580078125000e+00
7.346129608154296875e+01
4.098799228668212891e-01
6.016936779022216797e+00
2.919452488422393799e-01
1.027980327606201172e+01
1.385924560546875000e+03
1.929583007812500000e+04
3.277115345001220703e+00
8.767339324951171875e+01
2.218889045715332031e+01
3.988339185714721680e+00
5.645096588134765625e+01
3.005816650390625000e+02
3.039954662322998047e+00
3.370592355728149414e+00
1.218345260620117188e+01
6.771006011962890625e+01
1.858629989624023438e+01
5.629348754882812500e+00
1.564149932861328125e+02
1.150548095703125000e+03
8.563870429992675781e+00
2.539082050323486328e+00
2.516214609146118164e+00
1.208555145263671875e+02
2.088569879531860352e+00
8.361773490905761719e+00
2.177920379638671875e+02
1.973840332031250000e+01
2.646433105468750000e+02
7.546237182617187500e+02
1.018826599121093750e+02
1.452441453933715820e+00
3.675904846191406250e+01
