8.580989390611648560e-02
6.602973937988281250e-01
6.757750511169433594e-01
3.580406680703163147e-02
1.363311648368835449e+00
1.190719723701477051e+00
2.221969366073608398e-01
4.184294119477272034e-02
1.311062097549438477e+00
2.079246789216995239e-01
9.877040982246398926e-01
2.706899344921112061e-01
1.139257028698921204e-01
5.266345292329788208e-02
1.117829009890556335e-01
3.232398033142089844e-01
1.568138003349304199e-01
1.614499837160110474e-01
8.235275000333786011e-02
1.012202426791191101e-01
2.037926763296127319e-01
4.326756298542022705e-02
1.810412406921386719e+00
1.196552813053131104e-01
1.551782894134521484e+01
7.966523617506027222e-02
2.193003743886947632e-01
4.368047118186950684e-01
5.999061107635498047e+00
2.248266696929931641e+00
2.455565519630908966e-02
9.973878972232341766e-03
7.676103711128234863e-01
1.393629312515258789e+00
2.167488820850849152e-02
1.118960976600646973e+00
7.013738900423049927e-02
4.782024025917053223e-02
2.583209574222564697e-01
3.051641583442687988e-01
6.808041095733642578e+00
7.926033735275268555e-01
2.098443806171417236e-01
3.959599971771240234e+00
1.016116619110107422e+00
1.645570278167724609e+00
1.539751887321472168e-01
1.074680328369140625e+00
2.919018827378749847e-02
2.051405429840087891e+00
4.934153258800506592e-01
6.988687068223953247e-02
1.756107449531555176e+00
6.530608534812927246e-01
6.297116726636886597e-02
4.316890239715576172e-02
2.380436286330223083e-02
6.063119173049926758e-01
7.565658539533615112e-02
6.370371818542480469e+00
1.224285587668418884e-01
3.853598833084106445e+00
1.674164980649948120e-01
1.532128751277923584e-01
6.478323936462402344e-01
2.133545637130737305e+00
4.908846318721771240e-01
3.264771997928619385e-01
7.148854255676269531e+00
4.268573284149169922e+00
1.986614195629954338e-03
1.487234234809875488e+00
4.472704976797103882e-02
5.745098590850830078e+00
1.757918238639831543e+00
8.129604458808898926e-01
4.902469366788864136e-02
4.530872404575347900e-02
2.565768063068389893e-01
2.317488640546798706e-01
6.362105011940002441e-01
6.270400434732437134e-02
1.655006259679794312e-01
1.990774832665920258e-02
6.703997403383255005e-02
4.208400845527648926e-02
4.287403076887130737e-03
1.111205145716667175e-01
2.291068553924560547e+00
8.657468482851982117e-03
8.506695926189422607e-02
2.426527440547943115e-01
1.660556644201278687e-01
1.725254952907562256e-01
1.794255077838897705e-01
1.581188201904296875e+00
2.031775265932083130e-01
3.137189626693725586e+00
6.816317141056060791e-02
3.730487227439880371e-01
9.495754837989807129e-01
8.296641707420349121e-02
3.404274955391883850e-02
4.326143860816955566e-01
2.110212147235870361e-01
7.567300796508789062e-01
2.252567559480667114e-01
6.394823193550109863e-01
3.701968908309936523e+00
7.667185664176940918e-01
5.105183273553848267e-02
1.015315175056457520e+00
1.430178284645080566e+00
7.781144380569458008e-01
8.227251768112182617e-01
2.774884700775146484e-01
4.752268195152282715e-01
8.400727063417434692e-02
8.878471329808235168e-03
2.052736878395080566e-01
3.349985182285308838e-02
1.271566009521484375e+01
1.889758229255676270e+00
2.723428726196289062e+00
1.182425860315561295e-02
6.251178681850433350e-02
4.030890762805938721e-02
1.201177481561899185e-02
3.425903320312500000e-01
2.002516388893127441e-01
1.486665368080139160e+00
6.965615153312683105e-01
1.099820062518119812e-02
4.172489047050476074e-02
1.111167222261428833e-01
2.457267418503761292e-02
1.100423857569694519e-01
1.081813812255859375e+00
1.745536774396896362e-01
1.694375157356262207e+00
3.495484292507171631e-01
3.322849571704864502e-01
1.304032897949218750e+01
1.796292066574096680e+00
2.645314216613769531e+00
2.396204620599746704e-01
5.634921789169311523e-01
5.837862491607666016e-01
7.620230317115783691e-01
1.096651554107666016e-01
5.349333956837654114e-02
4.644763469696044922e+00
7.690610289573669434e-01
1.559129804372787476e-01
4.016299247741699219e-01
1.585478931665420532e-01
6.279432028532028198e-02
4.065420329570770264e-01
2.739524282515048981e-02
1.498035714030265808e-02
2.570565223693847656e+00
9.978619962930679321e-02
3.563685715198516846e-01
2.725140452384948730e-01
2.254077434539794922e+00
3.401108086109161377e-01
6.529208421707153320e-01
5.299944281578063965e-01
1.314823436737060547e+01
1.367747317999601364e-02
5.154164433479309082e-01
2.771553099155426025e-01
5.252360180020332336e-02
1.698720157146453857e-01
6.199502944946289062e-01
2.015186786651611328e+00
1.797630041837692261e-01
1.930905878543853760e-01
3.390150070190429688e-01
3.396355628967285156e+00
3.113723397254943848e-01
1.296193122863769531e+00
5.727904438972473145e-01
8.098559081554412842e-02
1.924029946327209473e+00
5.476651191711425781e-01
4.811341464519500732e-01
3.519367277622222900e-01
6.406112313270568848e-01
3.666888177394866943e-01
8.267233967781066895e-01
4.801410436630249023e-01
5.296457186341285706e-02
2.566241919994354248e-01
4.523750841617584229e-01
9.535966813564300537e-02
5.679545998573303223e-01
2.314657866954803467e-01
2.139206230640411377e-02
5.913560986518859863e-01
9.541795402765274048e-02
3.365955054759979248e-01
6.666707992553710938e-01
1.136415898799896240e-01
8.594408631324768066e-01
4.115045443177223206e-02
8.980023115873336792e-02
2.761762237548828125e+01
4.125069081783294678e-02
3.163205087184906006e-02
9.848431497812271118e-02
2.148323655128479004e-01
1.608061417937278748e-02
4.384214878082275391e-01
8.272315263748168945e-01
5.051851272583007812e-01
6.934236288070678711e-01
7.982659339904785156e-02
1.278522424399852753e-02
2.976500511169433594e+00
1.637868523597717285e+00
1.114103272557258606e-01
6.594099849462509155e-02
1.779687255620956421e-01
4.951751325279474258e-03
9.809239506721496582e-01
5.738068744540214539e-02
3.269440412521362305e+00
4.328510761260986328e-01
4.652541130781173706e-02
6.989222019910812378e-02
1.918847858905792236e-01
5.469244346022605896e-02
5.107585787773132324e-01
1.850978285074234009e-01
1.679881572723388672e+00
2.445496022701263428e-01
1.257789973169565201e-02
3.542722165584564209e-01
1.529897898435592651e-01
8.075779080390930176e-01
3.918386250734329224e-02
6.356339901685714722e-02
9.216361492872238159e-02
4.569585323333740234e-01
2.238748520612716675e-01
5.904055237770080566e-01
6.738886982202529907e-02
2.359347939491271973e-01
3.943868577480316162e-01
1.607083231210708618e-01
1.128108024597167969e+00
2.602386660873889923e-02
1.622194886207580566e+00
2.468214035034179688e-01
1.857185512781143188e-01
5.138886928558349609e+00
7.479228824377059937e-02
3.765114843845367432e-01
1.789297312498092651e-01
1.852777004241943359e-01
4.848410189151763916e-02
5.025621056556701660e-01
2.698031663894653320e-01
1.855118572711944580e-01
1.065064191818237305e+00
7.683192938566207886e-02
2.002969264984130859e+00
1.752788014709949493e-02
1.600159406661987305e-01
5.115170478820800781e+00
3.914629220962524414e-01
3.826602101325988770e-01
3.964918106794357300e-02
2.148121036589145660e-02
1.444013863801956177e-01
9.160914272069931030e-02
2.112617343664169312e-01
6.661545485258102417e-02
6.171178221702575684e-01
1.418031692504882812e+00
5.757997632026672363e-01
1.716110855340957642e-01
2.948845364153385162e-02
2.426625229418277740e-02
2.367097139358520508e-01
3.529417991638183594e+00
1.385229945182800293e+00
4.934014379978179932e-02
3.220335543155670166e-01
5.452809110283851624e-02
3.246498107910156250e-02
4.874582588672637939e-01
4.693462699651718140e-02
7.264422625303268433e-02
3.311679139733314514e-02
8.768649399280548096e-02
6.847573071718215942e-02
5.923575162887573242e-01
4.150970280170440674e-01
1.602039337158203125e+00
1.185108065605163574e+00
5.068567991256713867e-01
5.296826839447021484e+00
5.115857720375061035e-01
2.438441067934036255e-01
1.067404374480247498e-01
2.942006587982177734e-01
8.657463192939758301e-01
4.941577911376953125e-01
3.214902639389038086e+00
1.553111314773559570e+00
1.585538506507873535e+00
2.818917512893676758e+00
1.797702461481094360e-01
3.207847177982330322e-01
2.837553434073925018e-02
1.438819646835327148e+00
1.874866709113121033e-02
7.608126103878021240e-02
2.023652791976928711e-01
1.422727406024932861e-01
2.226431131362915039e+00
8.704698562622070312e+00
2.402309626340866089e-01
2.021219253540039062e+00
1.179095283150672913e-01
2.312957346439361572e-01
2.863647937774658203e-01
3.954321146011352539e-02
1.493246760219335556e-02
7.008760929107666016e+00
3.306378722190856934e-01
3.366716504096984863e-01
6.639627367258071899e-02
2.698284685611724854e-01
3.637555837631225586e-01
8.605229854583740234e-02
2.175435274839401245e-01
1.543153166770935059e+00
6.838626265525817871e-01
5.403504148125648499e-02
6.130306422710418701e-02
5.452427387237548828e+00
5.613814294338226318e-02
3.391949832439422607e-02
3.759334325790405273e+00
1.686006486415863037e-01
6.386005878448486328e-01
4.934809505939483643e-01
4.373070001602172852e-01
4.474590718746185303e-02
4.437851719558238983e-03
1.049962714314460754e-01
3.543399274349212646e-01
4.184864833950996399e-02
4.386342689394950867e-02
1.644276738166809082e+00
1.355492353439331055e+00
3.626641035079956055e-01
5.483223795890808105e-01
1.431135833263397217e-01
2.269486784934997559e-01
7.598303258419036865e-02
8.821972608566284180e-01
1.951595097780227661e-01
2.975191473960876465e-01
5.814357846975326538e-02
7.526856064796447754e-01
1.105753704905509949e-02
4.713007509708404541e-01
5.244138091802597046e-02
2.674047946929931641e+00
3.351691365242004395e-01
6.958914995193481445e-01
2.767700888216495514e-02
2.811675667762756348e-01
8.725776672363281250e-01
2.584896683692932129e-01
1.546316035091876984e-02
2.724606394767761230e-01
6.848641484975814819e-02
2.472467660903930664e+00
1.780892252922058105e+00
2.788224816322326660e-01
2.090871810913085938e+00
1.191835975646972656e+01
9.262794256210327148e-02
1.237292066216468811e-01
1.841109618544578552e-02
2.449496686458587646e-01
1.287638306617736816e+00
2.779075801372528076e-01
1.477381038665771484e+01
8.692540973424911499e-02
8.489300727844238281e+00
8.512201905250549316e-01
7.129411697387695312e-01
5.250096321105957031e-02
1.724967062473297119e-01
1.447403788566589355e+00
4.981774139404296875e+01
4.651430130004882812e+01
1.621559739112854004e+00
3.245845413208007812e+01
1.260053539276123047e+01
2.006690216064453125e+01
2.175132751464843750e+00
7.160018157958984375e+01
1.371222615242004395e+00
5.622573852539062500e+01
1.039297199249267578e+01
3.364446640014648438e+00
8.044774532318115234e-01
4.810167312622070312e+00
6.213646697998046875e+01
6.529202461242675781e+00
9.776368141174316406e+00
2.230042266845703125e+01
2.071231603622436523e+00
3.311241149902343750e+00
1.044140577316284180e+00
1.370155906677246094e+01
8.025407791137695312e+00
1.132457656860351562e+02
2.218888282775878906e+00
1.408279323577880859e+01
1.100189685821533203e+01
2.423135375976562500e+02
4.917383575439453125e+01
2.125774145126342773e+00
1.597355961799621582e+00
8.749877929687500000e+00
1.492094573974609375e+02
8.971863985061645508e-01
2.906768989562988281e+01
1.166036367416381836e+00
5.873400568962097168e-01
3.131697893142700195e+00
8.107181549072265625e+00
2.591093139648437500e+02
7.637898921966552734e+00
1.567085742950439453e+00
2.871188163757324219e+01
6.673396110534667969e+00
4.800133895874023438e+01
1.569718837738037109e+01
1.642443466186523438e+01
2.212812185287475586e+00
4.728120803833007812e+01
1.448071098327636719e+01
4.695958137512207031e+00
2.407194328308105469e+01
5.455969619750976562e+01
5.311676025390625000e+00
5.176473855972290039e-01
6.430183649063110352e-01
1.564107537269592285e+00
8.992090821266174316e-01
4.268158340454101562e+01
1.176318359375000000e+01
7.831777191162109375e+01
1.898542761802673340e+00
4.970421791076660156e+00
1.554679274559020996e+00
4.779295730590820312e+01
5.537021160125732422e+00
3.858247756958007812e+01
5.066466903686523438e+01
2.296913757324218750e+02
4.702702537178993225e-02
1.504779529571533203e+01
1.043651580810546875e+00
9.219186401367187500e+01
7.475289916992187500e+01
7.596584796905517578e+00
2.573990345001220703e+00
1.273899674415588379e+00
1.036537742614746094e+01
7.622226715087890625e+00
8.317220687866210938e+00
1.100960135459899902e+00
6.430361747741699219e+00
2.515934944152832031e+00
5.076769828796386719e+00
2.103064060211181641e+00
1.226717948913574219e+00
7.482853889465332031e+00
1.482599449157714844e+01
4.720987975597381592e-01
4.007781028747558594e+00
1.054419612884521484e+01
2.088357734680175781e+01
3.929197311401367188e+00
7.262576580047607422e+00
3.464634704589843750e+01
1.289819121360778809e+00
1.287071533203125000e+02
2.030059576034545898e+00
6.266803264617919922e+00
2.088068008422851562e+00
2.276508808135986328e+00
4.978791475296020508e-01
1.129506072998046875e+02
1.111008071899414062e+01
1.704337120056152344e+01
1.945258617401123047e+00
8.229562377929687500e+01
1.200196380615234375e+02
3.015901327133178711e+00
5.436089038848876953e-01
1.926435470581054688e+01
1.869548416137695312e+01
6.018393039703369141e+00
1.351445388793945312e+01
4.181636333465576172e+00
5.990262508392333984e+00
2.055232048034667969e+00
1.277618765830993652e+00
1.092802906036376953e+01
2.992713689804077148e+00
5.688414306640625000e+02
3.082390136718750000e+02
4.163438796997070312e+01
1.565019726753234863e+00
1.544282054901123047e+01
8.213531494140625000e+00
3.309138774871826172e+00
6.814347076416015625e+01
9.790526390075683594e+00
3.697253465652465820e+00
1.711850738525390625e+01
2.175050824880599976e-01
8.643512129783630371e-01
2.077543258666992188e+00
7.775154709815979004e-01
2.762983322143554688e+00
1.730134582519531250e+01
1.146016216278076172e+01
3.787979125976562500e+01
5.788326263427734375e+01
2.368939161300659180e+00
1.175084228515625000e+02
2.629540443420410156e+01
4.860759353637695312e+01
1.294109439849853516e+01
5.774622344970703125e+01
1.057833290100097656e+01
2.458575630187988281e+01
9.467338562011718750e+00
2.794685840606689453e+00
1.222603530883789062e+02
4.474298000335693359e+00
2.665744781494140625e+00
2.332973098754882812e+01
3.619274139404296875e+00
1.017030715942382812e+00
7.696968555450439453e+00
2.354066371917724609e+00
1.286169290542602539e+00
5.052857208251953125e+01
1.311097431182861328e+01
2.292583847045898438e+01
2.892118692398071289e+00
1.278766441345214844e+01
2.877479076385498047e+00
8.017151832580566406e+00
1.479265689849853516e+01
4.400990905761718750e+02
6.005168557167053223e-01
1.682920265197753906e+01
1.952350044250488281e+01
3.835147380828857422e+00
1.917512893676757812e+00
7.550819396972656250e+01
2.286775016784667969e+01
4.764232635498046875e+00
1.325435638427734375e+01
1.368941211700439453e+01
4.825352478027343750e+01
1.703630805015563965e+00
5.284104537963867188e+01
2.341468048095703125e+01
8.733239769935607910e-02
5.625239181518554688e+01
4.721617507934570312e+01
1.440534234046936035e+00
5.472651958465576172e+00
6.772064971923828125e+01
1.298627853393554688e+01
2.216246604919433594e+00
1.085822391510009766e+01
1.531635761260986328e+00
1.324593734741210938e+01
2.337914848327636719e+01
9.911361336708068848e-01
4.010451316833496094e+00
1.816683888435363770e+00
1.871451616287231445e+00
5.466627597808837891e+00
1.452871036529541016e+01
5.659610271453857422e+00
1.228398323059082031e+01
4.542789459228515625e+00
2.816634559631347656e+01
3.646503686904907227e-01
4.230891227722167969e+00
1.643649749755859375e+02
8.223965644836425781e+00
7.209980487823486328e+00
5.332847595214843750e+00
7.289481639862060547e+00
5.765367150306701660e-01
9.987164497375488281e+00
5.037580966949462891e+00
1.678387069702148438e+01
1.587720155715942383e+00
1.201945972442626953e+01
6.135272383689880371e-01
2.648406219482421875e+01
1.113686981201171875e+02
1.577776074409484863e+00
1.175604701042175293e+00
1.533309555053710938e+01
1.179143905639648438e+00
1.944130859375000000e+02
1.837670922279357910e+00
2.109169578552246094e+01
2.267967224121093750e+00
2.172130584716796875e+00
7.538877129554748535e-01
1.051107883453369141e+01
1.679190039634704590e+00
5.852972793579101562e+01
3.700883626937866211e+00
1.119754123687744141e+01
9.006421566009521484e-01
8.114227652549743652e-01
9.381652474403381348e-01
4.590577602386474609e+00
1.497874450683593750e+01
4.390066623687744141e+00
2.385499477386474609e+00
2.660888671875000000e+00
2.838061141967773438e+01
5.519581317901611328e+00
1.175250911712646484e+01
1.008385658264160156e+00
1.947708320617675781e+01
2.068726539611816406e+00
2.127896070480346680e+00
1.227161884307861328e+01
1.177330851554870605e+00
3.545186996459960938e+01
7.642467498779296875e+00
3.817826032638549805e+00
3.745247650146484375e+01
1.988694667816162109e+00
1.781445980072021484e+00
2.179648590087890625e+01
3.471224212646484375e+01
7.370007038116455078e+00
7.125501155853271484e+00
1.319034576416015625e+01
2.922655487060546875e+01
2.214621353149414062e+01
3.246165084838867188e+01
5.904292297363281250e+01
1.459800004959106445e+00
1.211572551727294922e+01
8.008638000488281250e+01
2.924943351745605469e+01
6.413916015625000000e+01
1.236578702926635742e+00
1.654099106788635254e+00
6.814540863037109375e+00
1.863890647888183594e+00
1.236307239532470703e+01
6.963738918304443359e+00
3.758738756179809570e+00
1.127704334259033203e+01
6.390769004821777344e+00
4.815238475799560547e+00
1.494169473648071289e+00
3.764878213405609131e-01
6.472529888153076172e+00
5.842577362060546875e+01
1.229760360717773438e+01
2.852971792221069336e+00
2.265646934509277344e+00
3.572806119918823242e+00
2.665471076965332031e+00
9.140003967285156250e+01
2.722456455230712891e+00
2.800823926925659180e+00
2.106827497482299805e+00
7.430270671844482422e+00
1.356601810455322266e+01
1.845456838607788086e+00
1.497233486175537109e+01
4.151937866210937500e+01
3.601620101928710938e+01
4.517705917358398438e+00
3.690838241577148438e+01
7.099192619323730469e+00
8.901808738708496094e+00
3.010848045349121094e+01
4.978243827819824219e+00
1.643309211730957031e+01
3.458623886108398438e+01
6.011415100097656250e+01
1.088125000000000000e+02
9.697454833984375000e+01
1.965730285644531250e+01
1.799319624900817871e+00
1.156900167465209961e+00
9.731543660163879395e-01
9.327256202697753906e+00
1.216918230056762695e+00
5.617277622222900391e-01
1.375774741172790527e+00
1.217514514923095703e+00
1.861305847167968750e+02
3.136782455444335938e+01
4.370438385009765625e+01
2.660671043395996094e+01
2.393472194671630859e+00
1.533529281616210938e+01
1.121644783020019531e+01
4.585002899169921875e+00
1.584312319755554199e+00
1.017013168334960938e+02
6.336973190307617188e+01
5.727094173431396484e+00
7.433550834655761719e+00
2.619670295715332031e+01
8.597784423828125000e+01
5.124534130096435547e+00
8.147719502449035645e-01
2.059595108032226562e+01
3.005354166030883789e+00
4.546700000762939453e+00
3.908984184265136719e+00
5.389213180541992188e+01
1.548716068267822266e+00
3.425161838531494141e+00
1.044212493896484375e+02
1.464326477050781250e+01
1.707667922973632812e+01
1.019094753265380859e+01
1.022057247161865234e+01
3.597913086414337158e-01
1.989013850688934326e-01
9.853798866271972656e+00
4.932077884674072266e+00
2.000623703002929688e+00
7.711799621582031250e+00
8.201055145263671875e+01
1.453484039306640625e+02
1.337164020538330078e+01
5.292786598205566406e+00
3.394308328628540039e+00
7.135850906372070312e+00
6.135995864868164062e+00
1.685064125061035156e+01
2.767291069030761719e+00
1.929030418395996094e+01
1.087312221527099609e+00
6.319128036499023438e+00
5.405698418617248535e-01
5.955897808074951172e+00
1.124269390106201172e+01
5.596953125000000000e+02
6.718848228454589844e+00
1.242972278594970703e+01
1.509636759757995605e+00
5.316311359405517578e+00
3.999219131469726562e+01
2.632314682006835938e+01
3.351983428001403809e-01
2.890633821487426758e+00
4.596305370330810547e+00
2.382254981994628906e+01
8.896432495117187500e+01
3.025188446044921875e+00
2.120519447326660156e+01
1.243009033203125000e+02
3.228649854660034180e+00
6.631383895874023438e+00
3.001045703887939453e+00
9.473873138427734375e+00
1.806647491455078125e+01
1.507223606109619141e+01
7.921538085937500000e+02
8.514767646789550781e+00
4.474330902099609375e+01
1.517858276367187500e+02
4.406103515625000000e+01
4.531723499298095703e+00
4.187943267822265625e+01
