2.778982557356357574e-02
9.518058598041534424e-02
6.706725805997848511e-03
1.300162402912974358e-03
3.474969044327735901e-02
4.918969154357910156e+00
1.455934531986713409e-02
3.268296364694833755e-03
4.732802975922822952e-03
4.338114261627197266e-01
3.921448718756437302e-03
1.107608061283826828e-02
4.948076605796813965e-02
1.193746086210012436e-02
1.051623607054352760e-03
9.920626878738403320e-03
3.280359087511897087e-03
2.629207214340567589e-03
2.093267068266868591e-02
4.855341394431889057e-04
1.694581210613250732e-01
1.821367070078849792e-02
2.537406682968139648e-01
6.451392173767089844e-02
5.596563220024108887e-01
1.156686246395111084e-02
3.304244205355644226e-02
1.705989427864551544e-02
8.622976392507553101e-02
1.039864063262939453e+00
4.527011769823729992e-04
1.292360684601590037e-04
6.482351571321487427e-03
1.628981530666351318e-02
8.929663151502609253e-02
5.243106279522180557e-03
6.501020397990942001e-03
6.216695182956755161e-04
9.017887525260448456e-03
4.960682708770036697e-03
2.060895711183547974e-01
5.942022800445556641e-02
1.607323181815445423e-03
1.029140758514404297e+01
1.814729869365692139e-01
7.234162092208862305e-02
3.150933654978871346e-03
2.013017088174819946e-01
3.330504987388849258e-03
9.060696698725223541e-03
1.561445742845535278e-01
2.454563975334167480e-02
9.359975904226303101e-02
2.738521248102188110e-02
3.567367966752499342e-04
1.805234584026038647e-03
4.276981111615896225e-03
1.467301789671182632e-02
2.097527496516704559e-02
5.565881729125976562e+00
1.030748523771762848e-02
1.373428153991699219e+01
1.375181600451469421e-02
2.781269839033484459e-03
1.093280017375946045e-01
1.379107870161533356e-02
1.432255506515502930e-01
6.199484225362539291e-03
5.753789544105529785e-01
3.453725874423980713e-01
1.482538500567898154e-04
1.262663602828979492e+00
8.815706823952496052e-04
2.145458012819290161e-02
6.214274093508720398e-02
4.578451439738273621e-02
5.711467005312442780e-03
3.633635118603706360e-02
4.254133626818656921e-02
1.025726366788148880e-02
4.355711489915847778e-02
1.563215442001819611e-02
1.322004944086074829e-02
2.786668774206191301e-04
2.286687958985567093e-03
1.137797138653695583e-03
2.668107299541588873e-05
3.979322314262390137e-02
8.736923336982727051e-01
1.005648635327816010e-03
6.079329177737236023e-03
9.776131249964237213e-03
1.130120130255818367e-03
8.533295989036560059e-02
3.037857532035559416e-04
4.252721965312957764e-01
5.208892822265625000e-01
4.726229235529899597e-02
1.916205859743058681e-03
5.229124426841735840e-02
1.602415561676025391e+00
4.362317919731140137e-02
7.728281198069453239e-04
1.328326947987079620e-02
8.402645587921142578e-03
4.232185184955596924e-01
7.424824684858322144e-02
1.261852774769067764e-02
2.128426358103752136e-02
7.223124802112579346e-02
1.644662767648696899e-01
3.958453834056854248e-01
4.369748383760452271e-02
7.130335271358489990e-02
1.683322526514530182e-02
2.407670952379703522e-02
7.336570322513580322e-02
4.181951284408569336e-03
2.173096174374222755e-03
7.827437669038772583e-02
5.443748668767511845e-04
5.739413261413574219e+00
5.068104267120361328e-01
4.015403985977172852e-01
1.419793406967073679e-04
1.912032365798950195e-01
1.125463563948869705e-02
8.220904855988919735e-04
6.321110576391220093e-02
5.210745334625244141e-02
1.657743453979492188e+00
6.575717777013778687e-02
4.746241029351949692e-03
1.193444943055510521e-03
3.261874243617057800e-02
2.487152442336082458e-02
5.795075371861457825e-02
2.078294277191162109e+00
1.327692419290542603e-01
4.047128260135650635e-01
1.895309239625930786e-02
7.011255715042352676e-03
4.983440935611724854e-01
4.888987541198730469e-01
1.942388725280761719e+01
1.860378496348857880e-02
2.857979238033294678e-01
6.620269734412431717e-03
5.985383316874504089e-02
9.838074445724487305e-03
1.840368285775184631e-02
5.858785659074783325e-02
5.595710501074790955e-02
1.189346145838499069e-02
7.085045427083969116e-02
1.019810698926448822e-02
9.700020775198936462e-03
2.893356420099735260e-02
1.959703629836440086e-03
3.287540283054113388e-03
3.735107555985450745e-02
2.802066737785935402e-04
1.509409099817276001e-01
3.895522058010101318e-01
2.754771113395690918e-01
1.223769336938858032e-01
1.245224699378013611e-01
2.004889845848083496e-01
7.621242403984069824e-01
2.013258635997772217e-04
2.170668728649616241e-02
8.857992291450500488e-02
8.112391515169292688e-05
1.330695394426584244e-02
4.242470487952232361e-02
1.278441309928894043e+00
1.470828801393508911e-02
1.007025875151157379e-02
1.447347085922956467e-02
1.024105101823806763e-01
6.672126799821853638e-02
2.156081236898899078e-02
1.387342363595962524e-01
2.736556716263294220e-02
1.681926608085632324e+00
8.279723115265369415e-03
5.240004509687423706e-03
5.959016084671020508e-02
2.451765090227127075e-01
2.335998974740505219e-02
1.096032336354255676e-01
1.896684803068637848e-02
3.431741497479379177e-04
7.706616073846817017e-02
3.627433776855468750e-01
1.452675927430391312e-02
1.129773706197738647e-01
5.700233206152915955e-02
2.972370246425271034e-03
1.810047775506973267e-02
2.715216483920812607e-03
2.510492689907550812e-02
9.257095865905284882e-03
1.879295147955417633e-02
8.160792291164398193e-03
1.366709475405514240e-03
1.630007624626159668e-01
1.072588157653808594e+01
7.679281290620565414e-03
3.228179411962628365e-03
9.185652248561382294e-03
4.216210171580314636e-02
1.724317262414842844e-04
6.062975525856018066e-01
1.647950150072574615e-02
1.891470074653625488e+00
4.356057196855545044e-02
1.604023389518260956e-02
5.159353604540228844e-04
6.420384645462036133e-01
2.509454488754272461e-01
1.425792369991540909e-02
1.039007678627967834e-03
2.001880854368209839e-02
1.151382530224509537e-04
2.028513513505458832e-02
6.347536109387874603e-04
3.016916275024414062e+00
3.175106644630432129e-01
5.713864229619503021e-03
1.796210184693336487e-02
7.371775805950164795e-03
2.760686166584491730e-02
2.481271047145128250e-03
2.379216104745864868e-01
1.705333217978477478e-02
2.149967998266220093e-01
3.706425894051790237e-03
8.401408046483993530e-02
3.686198906507343054e-04
1.765527389943599701e-02
6.416632980108261108e-02
1.451237052679061890e-01
2.744514960795640945e-03
6.724578328430652618e-03
6.702195852994918823e-03
3.435784205794334412e-02
7.531530410051345825e-02
2.780471183359622955e-02
1.310491710901260376e-01
3.251616284251213074e-02
1.333272814750671387e+00
3.969664248870685697e-05
3.826202824711799622e-02
8.545442484319210052e-03
2.023363262414932251e-01
2.732520341873168945e+00
1.217459514737129211e-02
1.881640404462814331e-02
1.923686414957046509e-01
2.363335341215133667e-03
4.416260344441980124e-04
6.650696396827697754e-01
1.873774081468582153e-02
2.628235612064599991e-03
1.575626805424690247e-02
1.113951299339532852e-02
1.140272140502929688e+00
8.226676844060420990e-03
9.888049215078353882e-03
1.537091374397277832e+00
3.240213170647621155e-02
4.004573822021484375e-01
2.928472356870770454e-03
1.151926233433187008e-03
1.888216473162174225e-02
6.752082612365484238e-03
8.505497127771377563e-03
2.345604598522186279e-01
1.623716473579406738e+00
1.239542514085769653e-01
7.785712834447622299e-03
3.704309230670332909e-03
1.362718455493450165e-02
1.490720314905047417e-04
3.662327770143747330e-03
4.921413421630859375e+00
1.060529232025146484e+00
3.430946380831301212e-04
4.916064068675041199e-02
9.448267519474029541e-03
7.461016066372394562e-04
4.927464202046394348e-02
1.446351595222949982e-02
8.771904394961893559e-04
1.883080042898654938e-02
1.583086326718330383e-02
4.906114935874938965e-02
1.886278629302978516e+00
3.527484461665153503e-02
3.405783176422119141e-01
7.715111970901489258e-01
7.706288993358612061e-02
5.721412897109985352e-01
1.767547488212585449e+00
3.689716104418039322e-03
3.579017147421836853e-02
2.591245993971824646e-02
4.627680405974388123e-03
8.573029935359954834e-02
5.466338992118835449e-01
2.609922364354133606e-02
4.220226779580116272e-03
1.488960534334182739e-01
2.042906358838081360e-03
2.581452019512653351e-02
6.997308228164911270e-04
4.771223366260528564e-01
1.980240689590573311e-03
2.970761852338910103e-03
3.213248550891876221e-01
1.660525915212929249e-03
6.300860550254583359e-03
2.206636220216751099e-02
5.050831940025091171e-03
2.245695143938064575e-01
8.590030483901500702e-03
3.681329777464270592e-03
5.593470763415098190e-03
1.970087643712759018e-03
4.451088607311248779e-03
2.060643136501312256e-01
3.561862511560320854e-03
6.875507999211549759e-03
3.312557004392147064e-03
1.656311005353927612e-02
2.216972410678863525e-03
4.942749626934528351e-03
3.503226861357688904e-02
2.986584603786468506e-01
9.158133761957287788e-04
5.471330950967967510e-04
4.612798336893320084e-03
1.388342738151550293e+00
9.900896111503243446e-04
1.116423960775136948e-02
1.082172319293022156e-01
1.318063959479331970e-02
3.827000036835670471e-02
2.696174941956996918e-02
6.574039906263351440e-02
2.278588712215423584e-01
5.993185186525806785e-05
1.340267248451709747e-02
3.707458265125751495e-03
9.294310002587735653e-04
1.628733798861503601e-02
1.688208244740962982e-02
3.000949136912822723e-02
3.765010833740234375e-02
1.354253292083740234e-02
1.077315537258982658e-03
1.142761390656232834e-02
4.580036271363496780e-03
7.064302265644073486e-02
2.269974537193775177e-02
4.073993489146232605e-02
1.408764044754207134e-03
6.399080902338027954e-02
3.197418700437992811e-04
1.963925361633300781e-01
1.000985801219940186e-01
2.449797466397285461e-02
1.145661249756813049e-02
4.137105941772460938e-01
8.237825240939855576e-04
8.912146091461181641e-03
5.247986409813165665e-03
1.582849211990833282e-02
1.980461180210113525e-02
4.727771133184432983e-02
9.463498136028647423e-04
3.079450607299804688e+00
9.815981239080429077e-02
1.910781674087047577e-02
2.869821548461914062e+00
8.285610198974609375e+00
7.190954871475696564e-03
5.732320132665336132e-04
4.363003245089203119e-04
2.187347225844860077e-02
3.796500153839588165e-03
1.666168309748172760e-02
5.917217254638671875e+00
2.612037351354956627e-04
3.535023689270019531e+00
8.001615107059478760e-02
2.891145646572113037e-02
2.946105960290879011e-04
1.523389713838696480e-03
4.980166912078857422e+00
1.196497573852539062e+02
1.598214263916015625e+02
7.548127174377441406e-01
3.784872817993164062e+01
3.444703102111816406e+00
6.475361328125000000e+02
1.029109573364257812e+01
6.787654113769531250e+01
4.984196186065673828e+00
1.966752166748046875e+02
1.801918983459472656e+01
1.017133941650390625e+02
8.298826813697814941e-01
2.643931961059570312e+01
9.163009643554687500e+01
1.876197814941406250e+02
1.594537658691406250e+02
1.355049285888671875e+02
8.426465988159179688e+00
9.541516876220703125e+01
4.305228233337402344e+00
8.026858329772949219e+00
7.104146575927734375e+01
3.281555891036987305e+00
5.998192429542541504e-01
3.947019042968750000e+02
2.936397094726562500e+02
1.889347534179687500e+03
3.986093139648437500e+02
1.586897087097167969e+01
5.573350906372070312e+00
1.637659835815429688e+01
2.639986267089843750e+02
2.486166763305664062e+01
2.172102928161621094e+01
1.201490402221679688e+00
6.896841526031494141e-02
5.273878574371337891e+00
9.744275665283203125e+01
1.051661010742187500e+03
1.514208221435546875e+01
9.618068337440490723e-01
3.417046203613281250e+02
3.485705947875976562e+01
7.285413360595703125e+01
9.915842437744140625e+01
2.223108291625976562e+01
1.005122303962707520e+00
1.111660766601562500e+03
4.897459411621093750e+02
5.898087692260742188e+01
1.287873172760009766e+01
1.455048370361328125e+01
5.157268047332763672e+00
1.363464069366455078e+01
6.557350635528564453e+00
5.788120627403259277e-01
1.024142551422119141e+01
2.117710937500000000e+03
8.068795166015625000e+02
6.969667358398437500e+02
1.697027206420898438e+01
7.532849121093750000e+01
2.532662391662597656e+00
1.200448760986328125e+02
5.402433013916015625e+01
6.120181152343750000e+03
1.587912139892578125e+02
7.453531646728515625e+01
8.923144638538360596e-02
4.408423767089843750e+02
3.565615415573120117e+00
2.965167846679687500e+02
7.985494613647460938e+00
1.298775863647460938e+01
2.418406009674072266e+00
9.343448638916015625e+00
3.176696777343750000e+02
2.307821464538574219e+01
3.237205886840820312e+01
8.878574371337890625e+00
1.493760299682617188e+01
3.419615936279296875e+01
6.600008010864257812e+00
2.507880401611328125e+01
1.591534167528152466e-01
1.615394973754882812e+01
3.133723640441894531e+01
1.775144934654235840e+00
3.503728103637695312e+01
6.504738616943359375e+01
2.701716232299804688e+01
1.834506225585937500e+01
6.384984588623046875e+01
8.227686767578125000e+02
2.406555175781250000e+00
3.440442504882812500e+02
5.284944176673889160e-01
1.052932006835937500e+03
3.394196748733520508e+00
1.339220905303955078e+01
3.820873260498046875e+00
9.507613372802734375e+01
4.359878921508789062e+01
1.983658294677734375e+02
2.370851039886474609e+00
5.267921875000000000e+03
4.720707092285156250e+02
1.017300367355346680e+00
1.045335054397583008e+00
1.966258056640625000e+03
1.751276092529296875e+02
2.651911258697509766e+00
3.677835083007812500e+01
1.198684158325195312e+02
1.399411773681640625e+02
1.927461433410644531e+01
1.045762710571289062e+02
8.641777992248535156e+00
3.312723388671875000e+02
5.380749023437500000e+03
7.871515502929687500e+02
1.961635589599609375e+02
7.772480487823486328e+00
9.751708984375000000e+02
4.799333953857421875e+01
2.397116899490356445e+00
5.380461425781250000e+02
1.196312713623046875e+02
8.592108764648437500e+02
6.828121948242187500e+01
6.804051399230957031e-01
8.282772064208984375e+01
2.105792284011840820e+00
2.318164110183715820e+00
5.685508847236633301e-01
6.658067626953125000e+02
6.827610473632812500e+02
3.331426696777343750e+02
4.673315048217773438e+01
3.213097333908081055e+00
5.814978637695312500e+02
2.249288940429687500e+01
9.987453613281250000e+02
4.655675125122070312e+01
9.723635253906250000e+02
1.167955160140991211e+00
2.286521453857421875e+02
2.663477050781250000e+03
7.514141798019409180e-01
7.287081298828125000e+02
2.439686012268066406e+01
4.408469796180725098e-01
1.274643859863281250e+02
7.051107025146484375e+01
1.836619853973388672e+00
9.009532332420349121e-01
6.299144268035888672e+00
3.434711933135986328e+00
9.102755737304687500e+02
1.325622711181640625e+02
9.613114929199218750e+01
4.034531021118164062e+01
2.947192687988281250e+02
2.070382080078125000e+02
1.581785583496093750e+02
5.075911254882812500e+02
4.718938476562500000e+03
2.689882278442382812e+01
1.017905902862548828e+01
2.520044189453125000e+03
6.305392742156982422e+00
4.320305347442626953e+00
4.428791809082031250e+02
1.647681617736816406e+01
9.317940711975097656e+00
8.384236145019531250e+01
6.376453399658203125e+00
2.165522575378417969e+01
2.883636093139648438e+01
3.767044067382812500e+01
2.968937072753906250e+02
7.244615077972412109e+00
2.269968945312500000e+04
4.205733299255371094e+00
7.362120151519775391e-01
4.722267150878906250e+01
1.428325927734375000e+03
6.581433868408203125e+01
1.016401863098144531e+01
4.121974487304687500e+02
1.246244716644287109e+01
8.527825927734375000e+01
2.719855957031250000e+02
1.988474726676940918e+00
8.859407806396484375e+01
1.680221915245056152e+00
2.410904121398925781e+01
4.241710662841796875e+00
4.210530853271484375e+01
2.286981582641601562e+01
4.962825775146484375e+00
3.549569702148437500e+01
4.774439239501953125e+01
1.418110609054565430e+00
1.339363403320312500e+02
4.359059143066406250e+02
9.365148544311523438e+00
9.362836456298828125e+01
1.719449043273925781e+01
1.144229888916015625e+01
1.168685436248779297e+00
7.007613769531250000e+03
1.542329406738281250e+01
8.501362304687500000e+02
3.139682292938232422e+00
1.867490844726562500e+02
1.628174543380737305e+00
2.494065856933593750e+02
4.246933105468750000e+03
2.545584440231323242e-01
2.354664802551269531e+00
2.194339599609375000e+03
2.752179384231567383e+00
1.008455139160156250e+03
4.199171543121337891e+00
3.332628631591796875e+01
1.380879783630371094e+01
1.150991344451904297e+01
3.464045375585556030e-02
1.445915603637695312e+01
5.479744434356689453e+00
9.799842529296875000e+02
8.701406097412109375e+01
1.008538722991943359e+01
6.935153484344482422e+00
2.848627662658691406e+01
2.704147720336914062e+01
1.983527421951293945e+00
7.595424194335937500e+02
1.463756866455078125e+02
1.212988185882568359e+01
2.421668815612792969e+01
1.461611480712890625e+02
1.511661682128906250e+02
2.194076995849609375e+02
7.980987429618835449e-01
1.158772167968750000e+04
1.636619949340820312e+01
7.927818298339843750e+01
2.285571479797363281e+01
6.669105291366577148e-01
1.503073242187500000e+03
1.173848800659179688e+02
9.269337654113769531e-01
1.123464843750000000e+03
4.330805587768554688e+01
1.081294155120849609e+01
5.342497070312500000e+03
4.524629974365234375e+01
8.479406738281250000e+01
4.704020690917968750e+01
8.539769287109375000e+02
3.005444030761718750e+02
3.713334350585937500e+02
6.661700439453125000e+01
3.497722412109375000e+03
9.632772207260131836e-01
3.725999069213867188e+01
5.064454040527343750e+02
9.017886161804199219e+00
4.152721252441406250e+02
1.142557501792907715e+00
1.517255902290344238e+00
9.374285888671875000e+01
6.385761737823486328e+00
1.494020366668701172e+01
2.607805480957031250e+02
1.443299531936645508e+00
1.984123611450195312e+01
1.106115913391113281e+01
4.675459384918212891e+00
5.063485717773437500e+01
9.108970165252685547e-01
1.122025251388549805e+00
2.586137084960937500e+02
9.307213134765625000e+02
5.782671928405761719e+00
1.105274200439453125e+02
1.493590068817138672e+01
1.166737174987792969e+01
2.818743408203125000e+03
3.204445600509643555e+00
4.859045715332031250e+02
7.063659667968750000e+01
2.711574745178222656e+01
1.593782836914062500e+03
5.175722122192382812e+01
2.669897155761718750e+02
8.105324707031250000e+02
1.641070098876953125e+02
6.911261749267578125e+01
2.664730834960937500e+02
4.312550735473632812e+01
2.263099431991577148e+00
4.360863494873046875e+01
2.629439353942871094e+01
4.808442115783691406e+00
1.199074584960937500e+03
5.000181579589843750e+02
1.403387207031250000e+03
1.940617828369140625e+02
1.849060058593750000e+01
2.425959587097167969e+00
5.785526037216186523e-01
4.494184875488281250e+01
1.649408531188964844e+01
9.218816757202148438e+00
1.193968892097473145e+00
2.197678756713867188e+01
5.008859634399414062e-01
8.363297271728515625e+01
2.678668022155761719e+01
8.807850646972656250e+01
1.146549987792968750e+02
4.248804473876953125e+01
7.360484313964843750e+01
1.984751129150390625e+01
9.259804725646972656e+00
2.504688501358032227e-01
7.536471191406250000e+03
3.671844238281250000e+03
2.280426177978515625e+02
1.851357574462890625e+02
2.146016387939453125e+02
1.156674316406250000e+03
2.667743873596191406e+01
5.955817794799804688e+01
1.492708683013916016e+01
2.829874277114868164e+00
6.580407714843750000e+01
1.621606933593750000e+03
8.820371246337890625e+01
9.548527717590332031e+00
1.676453781127929688e+01
1.816593475341796875e+02
3.330422973632812500e+02
1.033152923583984375e+02
1.176996994018554688e+01
1.421792316436767578e+01
1.501674503087997437e-01
1.138361319899559021e-01
3.906968688964843750e+01
3.755323028564453125e+01
6.656741619110107422e+00
2.637018394470214844e+01
2.927541503906250000e+02
5.715447998046875000e+01
1.744622497558593750e+02
1.500972747802734375e+01
1.626267671585083008e+00
1.623795890808105469e+01
7.243748474121093750e+01
1.325751708984375000e+03
2.635614633560180664e+00
1.310159454345703125e+02
1.244760513305664062e+00
4.506619453430175781e+00
3.249498605728149414e-01
6.381880760192871094e+00
5.436481445312500000e+03
1.997380273437500000e+04
9.213539123535156250e+00
1.048655929565429688e+02
9.450458526611328125e+01
4.540955066680908203e+00
1.996208038330078125e+02
6.734928588867187500e+02
9.395107269287109375e+00
4.987867832183837891e+00
2.246489048004150391e+00
7.840689086914062500e+01
3.669586181640625000e+01
4.399498748779296875e+01
2.421477813720703125e+02
4.977231140136718750e+02
3.966948032379150391e+00
5.573370933532714844e+00
3.589504003524780273e+00
1.991073760986328125e+02
1.413692092895507812e+01
4.357329940795898438e+01
3.531646118164062500e+02
1.940895843505859375e+01
1.066001098632812500e+03
1.122474731445312500e+03
2.519528656005859375e+02
1.400729537010192871e+00
1.818112945556640625e+01
