2.195879444479942322e-02
6.619959324598312378e-02
5.112182814627885818e-03
8.132888469845056534e-04
2.756989002227783203e-02
4.311443328857421875e+00
1.049209944903850555e-02
2.131136832758784294e-03
3.913816064596176147e-03
3.666876852512359619e-01
2.944848965853452682e-03
8.423996157944202423e-03
3.521896898746490479e-02
7.761581800878047943e-03
8.015735074877738953e-04
7.426094263792037964e-03
2.580865519121289253e-03
1.824665931053459644e-03
1.571796834468841553e-02
3.877156123053282499e-04
1.283921897411346436e-01
1.271146349608898163e-02
1.803514361381530762e-01
4.100846871733665466e-02
4.956156909465789795e-01
9.927839040756225586e-03
2.574444003403186798e-02
1.164657063782215118e-02
6.966016441583633423e-02
6.027312278747558594e-01
2.536085958126932383e-04
1.017826580209657550e-04
4.135999828577041626e-03
1.452126726508140564e-02
4.852933436632156372e-02
4.045467823743820190e-03
5.164646077901124954e-03
4.797079600393772125e-04
5.656482651829719543e-03
3.622963558882474899e-03
1.769019961357116699e-01
5.030055344104766846e-02
1.251533278264105320e-03
1.067451477050781250e+01
1.164288669824600220e-01
5.627376958727836609e-02
2.727852435782551765e-03
1.584230810403823853e-01
2.418984659016132355e-03
6.891959346830844879e-03
1.173933222889900208e-01
1.985373161733150482e-02
7.251405715942382812e-02
2.121068350970745087e-02
2.439088275423273444e-04
1.468618400394916534e-03
2.941058715805411339e-03
1.089557819068431854e-02
1.328569557517766953e-02
4.253816604614257812e+00
8.204786106944084167e-03
1.174632358551025391e+01
9.633887559175491333e-03
2.157827606424689293e-03
8.658172935247421265e-02
1.159442868083715439e-02
9.318942576646804810e-02
5.916796624660491943e-03
4.151620268821716309e-01
2.816944122314453125e-01
1.005780504783615470e-04
1.059644699096679688e+00
6.090287934057414532e-04
1.599768735468387604e-02
5.805348977446556091e-02
3.535496816039085388e-02
4.782583564519882202e-03
2.880401536822319031e-02
2.595152892172336578e-02
8.890800178050994873e-03
3.303362056612968445e-02
9.508496150374412537e-03
9.856809861958026886e-03
1.843351637944579124e-04
1.771509647369384766e-03
7.772362441755831242e-04
1.713940037006977946e-05
2.730198204517364502e-02
6.482556462287902832e-01
7.774912519380450249e-04
3.682785434648394585e-03
6.201456300914287567e-03
8.342977962456643581e-04
6.378187984228134155e-02
2.496527158655226231e-04
3.760515451431274414e-01
4.108575582504272461e-01
3.061389178037643433e-02
1.370167825371026993e-03
4.701922461390495300e-02
1.167006850242614746e+00
3.233186155557632446e-02
7.049505948089063168e-04
9.312112815678119659e-03
5.934314802289009094e-03
3.241841793060302734e-01
5.595490336418151855e-02
9.151297621428966522e-03
1.789505966007709503e-02
4.475221410393714905e-02
1.472194790840148926e-01
3.127256035804748535e-01
3.038796596229076385e-02
4.346743971109390259e-02
1.145426370203495026e-02
2.028685063123703003e-02
6.428688764572143555e-02
2.799800131469964981e-03
1.547597232274711132e-03
5.167556554079055786e-02
4.101829545106738806e-04
5.462396621704101562e+00
3.473237454891204834e-01
3.678301572799682617e-01
1.083074021153151989e-04
1.720230877399444580e-01
9.001064114272594452e-03
6.267314893193542957e-04
5.295212194323539734e-02
4.132136330008506775e-02
1.298162102699279785e+00
4.973023012280464172e-02
2.914145588874816895e-03
6.628327537328004837e-04
2.685319073498249054e-02
2.089005894958972931e-02
3.589592501521110535e-02
1.724418044090270996e+00
9.052023291587829590e-02
3.799265921115875244e-01
1.285262126475572586e-02
5.133307538926601410e-03
4.782485961914062500e-01
4.645619392395019531e-01
1.718215560913085938e+01
1.220718305557966232e-02
2.670626044273376465e-01
4.326852038502693176e-03
4.730973392724990845e-02
7.384892087429761887e-03
1.461041998118162155e-02
4.825285449624061584e-02
4.730686917901039124e-02
9.571148082613945007e-03
5.285018682479858398e-02
9.835931472480297089e-03
7.845579646527767181e-03
2.208741009235382080e-02
1.640482223592698574e-03
2.818732289597392082e-03
3.182517737150192261e-02
2.273495483677834272e-04
1.295806914567947388e-01
3.332287669181823730e-01
2.182919532060623169e-01
8.718025684356689453e-02
9.391895681619644165e-02
1.246867254376411438e-01
6.189957261085510254e-01
1.359291782137006521e-04
1.893446780741214752e-02
6.596250832080841064e-02
5.704710929421707988e-05
8.769399486482143402e-03
3.012094087898731232e-02
1.024103879928588867e+00
1.006536744534969330e-02
6.509820464998483658e-03
1.046909578144550323e-02
6.700848788022994995e-02
4.243810847401618958e-02
1.960759609937667847e-02
1.045451462268829346e-01
1.743487827479839325e-02
1.184230566024780273e+00
6.723103579133749008e-03
4.593049176037311554e-03
4.793899133801460266e-02
2.141504883766174316e-01
1.603603549301624298e-02
8.627556264400482178e-02
1.549902930855751038e-02
2.244697388960048556e-04
7.277879863977432251e-02
3.015624582767486572e-01
1.030532829463481903e-02
1.100946888327598572e-01
4.379681870341300964e-02
1.846959115937352180e-03
1.265028864145278931e-02
1.963931135833263397e-03
2.178220264613628387e-02
8.132787421345710754e-03
1.643821969628334045e-02
5.952461156994104385e-03
9.954631095752120018e-04
1.191425919532775879e-01
8.201884269714355469e+00
6.204594857990741730e-03
2.261878922581672668e-03
6.815545260906219482e-03
2.978608757257461548e-02
1.283601595787331462e-04
4.995491206645965576e-01
1.334914099425077438e-02
1.553211450576782227e+00
3.244992345571517944e-02
1.295167766511440277e-02
3.436972037889063358e-04
3.994842767715454102e-01
1.703792810440063477e-01
1.208321005105972290e-02
8.420742815360426903e-04
1.130943279713392258e-02
8.381895895581692457e-05
1.406751014292240143e-02
4.485094104893505573e-04
2.929307222366333008e+00
2.391698509454727173e-01
4.718660842627286911e-03
1.352367084473371506e-02
5.849526263773441315e-03
1.926084049046039581e-02
1.750779105350375175e-03
2.325993031263351440e-01
1.154531165957450867e-02
1.751509457826614380e-01
3.102545859292149544e-03
6.333110481500625610e-02
2.523911243770271540e-04
1.385763753205537796e-02
3.950071707367897034e-02
1.191440969705581665e-01
2.047297544777393341e-03
5.987110082060098648e-03
5.744088441133499146e-03
2.631993219256401062e-02
6.093730404973030090e-02
1.927581056952476501e-02
9.040969610214233398e-02
2.338265255093574524e-02
1.000208854675292969e+00
3.019160612893756479e-05
2.866567485034465790e-02
7.060217205435037613e-03
1.685590893030166626e-01
2.315067291259765625e+00
1.077266223728656769e-02
1.593667827546596527e-02
1.853262037038803101e-01
2.032282995060086250e-03
3.489402297418564558e-04
5.637667775154113770e-01
1.522275153547525406e-02
2.048482187092304230e-03
1.250781025737524033e-02
8.106858469545841217e-03
1.231371283531188965e+00
5.518870428204536438e-03
6.174979265779256821e-03
1.187296271324157715e+00
2.322408556938171387e-02
3.901142477989196777e-01
2.366543747484683990e-03
8.761888602748513222e-04
1.262629777193069458e-02
4.514407832175493240e-03
5.733030848205089569e-03
1.451173573732376099e-01
1.450434327125549316e+00
8.679281175136566162e-02
7.075767498463392258e-03
2.601907588541507721e-03
1.259474083781242371e-02
1.003739525913260877e-04
2.622535917907953262e-03
3.641646385192871094e+00
7.970049977302551270e-01
2.609901130199432373e-04
3.846953064203262329e-02
6.519008893519639969e-03
6.502167088910937309e-04
3.633431345224380493e-02
1.062470488250255585e-02
6.729980232194066048e-04
1.421811804175376892e-02
1.196360494941473007e-02
3.609947487711906433e-02
1.476776242256164551e+00
2.951625175774097443e-02
3.921552002429962158e-01
6.537342667579650879e-01
6.048364564776420593e-02
5.245155692100524902e-01
1.455578446388244629e+00
3.334199311211705208e-03
3.089952282607555389e-02
1.842360571026802063e-02
3.290851367637515068e-03
7.196047157049179077e-02
4.587337672710418701e-01
2.379666268825531006e-02
3.556845476850867271e-03
1.081272214651107788e-01
1.822771038860082626e-03
1.968663185834884644e-02
5.641619209200143814e-04
3.446433246135711670e-01
1.370817422866821289e-03
2.462733071297407150e-03
2.430208027362823486e-01
1.026494079269468784e-03
4.784000106155872345e-03
1.503444276750087738e-02
3.593290457502007484e-03
1.722968220710754395e-01
4.877755884081125259e-03
2.397563308477401733e-03
4.521480761468410492e-03
1.258190022781491280e-03
3.549465211108326912e-03
1.875422000885009766e-01
2.372638555243611336e-03
6.282227113842964172e-03
3.391898004338145256e-03
1.100610662251710892e-02
1.777055440470576286e-03
3.882658435031771660e-03
2.544088661670684814e-02
2.130667120218276978e-01
6.183252553455531597e-04
4.263320588506758213e-04
3.560376819223165512e-03
9.941266179084777832e-01
7.883409853093326092e-04
7.961768656969070435e-03
8.567954599857330322e-02
9.921591728925704956e-03
2.894096635282039642e-02
2.325981669127941132e-02
5.031087994575500488e-02
2.482683658599853516e-01
4.316243575885891914e-05
1.162218861281871796e-02
2.500775968655943871e-03
6.553432904183864594e-04
1.086361613124608994e-02
1.186675671488046646e-02
2.498631738126277924e-02
2.855351008474826813e-02
9.530720300972461700e-03
8.964060689322650433e-04
9.527266956865787506e-03
3.491031704470515251e-03
5.227629840373992920e-02
2.062986977398395538e-02
3.910962492227554321e-02
9.858751436695456505e-04
4.667512327432632446e-02
2.089221379719674587e-04
1.808915585279464722e-01
7.808457314968109131e-02
2.483154833316802979e-02
9.974863380193710327e-03
3.330736458301544189e-01
6.074121920391917229e-04
6.320085376501083374e-03
4.016432445496320724e-03
1.180835813283920288e-02
1.319445576518774033e-02
4.085819795727729797e-02
7.641008705832064152e-04
2.270936012268066406e+00
7.454894483089447021e-02
1.454041805118322372e-02
2.554764032363891602e+00
7.183450222015380859e+00
6.140985060483217239e-03
4.946325789205729961e-04
3.676544001791626215e-04
1.719491928815841675e-02
2.996368566527962685e-03
1.297757402062416077e-02
4.546712875366210938e+00
2.027990558417513967e-04
2.948497772216796875e+00
4.829234257340431213e-02
2.441141009330749512e-02
2.328013652004301548e-04
1.258698292076587677e-03
4.543647289276123047e+00
9.565437316894531250e+01
1.540527954101562500e+02
5.898159146308898926e-01
3.316068267822265625e+01
2.947860717773437500e+00
5.513623657226562500e+02
7.172615528106689453e+00
5.723987197875976562e+01
4.222686767578125000e+00
1.687958068847656250e+02
1.545044422149658203e+01
7.998985290527343750e+01
5.845775008201599121e-01
2.242514801025390625e+01
8.522053527832031250e+01
1.443835296630859375e+02
1.250040054321289062e+02
1.110191268920898438e+02
7.443513870239257812e+00
7.748048400878906250e+01
3.266085147857666016e+00
5.469211578369140625e+00
6.328762435913085938e+01
2.666556596755981445e+00
4.600026309490203857e-01
3.044456176757812500e+02
2.187979736328125000e+02
1.818691772460937500e+03
2.956063842773437500e+02
1.100523662567138672e+01
4.262093544006347656e+00
1.397528934478759766e+01
2.745054626464843750e+02
1.808454895019531250e+01
1.722188758850097656e+01
9.429954290390014648e-01
4.946439713239669800e-02
3.889670848846435547e+00
8.671640777587890625e+01
9.743820800781250000e+02
1.326559543609619141e+01
7.127907276153564453e-01
3.627036743164062500e+02
2.793734741210937500e+01
5.955931472778320312e+01
7.839518737792968750e+01
1.870642662048339844e+01
8.237674236297607422e-01
1.134855712890625000e+03
3.970340881347656250e+02
4.993073272705078125e+01
1.115943717956542969e+01
1.203074169158935547e+01
4.489269256591796875e+00
1.136387825012207031e+01
4.937063217163085938e+00
4.296084940433502197e-01
7.708490371704101562e+00
1.719962890625000000e+03
7.805947265625000000e+02
6.015699462890625000e+02
1.437543201446533203e+01
5.630405044555664062e+01
2.008113384246826172e+00
1.049196090698242188e+02
3.491178512573242188e+01
5.525602050781250000e+03
1.172301559448242188e+02
6.152865600585937500e+01
6.454245746135711670e-02
3.861521911621093750e+02
2.669405698776245117e+00
2.878725891113281250e+02
6.052114009857177734e+00
1.138865184783935547e+01
1.970958471298217773e+00
7.907108306884765625e+00
2.245324096679687500e+02
2.293725013732910156e+01
2.869396591186523438e+01
5.588106632232666016e+00
1.049544334411621094e+01
2.778015708923339844e+01
4.694361686706542969e+00
2.061938667297363281e+01
1.049891859292984009e-01
1.280890750885009766e+01
2.600898170471191406e+01
1.522322773933410645e+00
2.730010986328125000e+01
5.763041305541992188e+01
2.666417503356933594e+01
1.462686157226562500e+01
6.491195678710937500e+01
7.346679687500000000e+02
2.035732984542846680e+00
2.843415222167968750e+02
3.578689694404602051e-01
1.004304687500000000e+03
2.149522304534912109e+00
1.197507476806640625e+01
4.002810001373291016e+00
8.177072143554687500e+01
3.659228134155273438e+01
1.816869812011718750e+02
1.712242364883422852e+00
3.982823486328125000e+03
4.208268737792968750e+02
6.683526039123535156e-01
9.826384782791137695e-01
1.816537109375000000e+03
1.500969543457031250e+02
1.951038837432861328e+00
3.003343009948730469e+01
1.055961761474609375e+02
1.197826538085937500e+02
1.379471397399902344e+01
7.579143524169921875e+01
5.869428634643554688e+00
3.108130187988281250e+02
4.914543945312500000e+03
6.629978637695312500e+02
1.800499725341796875e+02
6.008647918701171875e+00
8.975110473632812500e+02
4.330841827392578125e+01
2.233090639114379883e+00
5.288406372070312500e+02
1.169817276000976562e+02
6.662799682617187500e+02
5.849365234375000000e+01
5.750244855880737305e-01
5.608069229125976562e+01
1.876519441604614258e+00
2.101142406463623047e+00
4.216714203357696533e-01
6.318663940429687500e+02
5.419145507812500000e+02
3.119398193359375000e+02
3.945301055908203125e+01
2.721598148345947266e+00
5.971649169921875000e+02
2.308529663085937500e+01
8.883465576171875000e+02
3.556558609008789062e+01
9.369593505859375000e+02
8.152906298637390137e-01
1.792886810302734375e+02
2.213938720703125000e+03
5.800678730010986328e-01
6.432654418945312500e+02
2.185083770751953125e+01
3.603364825248718262e-01
1.056707305908203125e+02
7.742715454101562500e+01
1.529253005981445312e+00
7.377213239669799805e-01
5.986639976501464844e+00
2.795769929885864258e+00
1.001777893066406250e+03
1.175234375000000000e+02
9.140339660644531250e+01
3.784169769287109375e+01
2.703968505859375000e+02
1.651878509521484375e+02
1.272065734863281250e+02
3.549388122558593750e+02
4.404931640625000000e+03
2.024425315856933594e+01
9.095932006835937500e+00
2.310345703125000000e+03
4.871533393859863281e+00
3.405090332031250000e+00
3.974401855468750000e+02
1.290432262420654297e+01
7.070918083190917969e+00
7.117749786376953125e+01
4.605493545532226562e+00
1.476551055908203125e+01
2.147142791748046875e+01
3.662147521972656250e+01
2.669931640625000000e+02
5.677596092224121094e+00
2.071011328125000000e+04
3.715234518051147461e+00
6.828618645668029785e-01
4.209756851196289062e+01
1.334144897460937500e+03
5.515619277954101562e+01
8.053930282592773438e+00
3.936376953125000000e+02
1.025208187103271484e+01
7.417639923095703125e+01
2.316329956054687500e+02
1.580661296844482422e+00
9.825249481201171875e+01
1.356692910194396973e+00
1.531232357025146484e+01
3.309897661209106445e+00
3.717509078979492188e+01
2.148275375366210938e+01
5.214970111846923828e+00
4.046825790405273438e+01
4.374631118774414062e+01
1.332428216934204102e+00
1.279820556640625000e+02
3.679133300781250000e+02
7.430648326873779297e+00
7.052630615234375000e+01
1.476642990112304688e+01
8.196618080139160156e+00
8.760267496109008789e-01
6.286978515625000000e+03
1.490651607513427734e+01
7.340817871093750000e+02
2.497294664382934570e+00
1.603992156982421875e+02
1.225996136665344238e+00
1.967347869873046875e+02
3.497512207031250000e+03
2.082343846559524536e-01
1.782583355903625488e+00
1.661261108398437500e+03
2.646927833557128906e+00
9.282216186523437500e+02
3.267958164215087891e+00
3.227553939819335938e+01
1.108747482299804688e+01
1.152723979949951172e+01
2.905504219233989716e-02
1.278797245025634766e+01
4.458926200866699219e+00
8.061223144531250000e+02
8.742479705810546875e+01
8.303014755249023438e+00
6.578061103820800781e+00
2.837511062622070312e+01
2.086702346801757812e+01
1.584752917289733887e+00
7.574151000976562500e+02
1.159049453735351562e+02
1.130698013305664062e+01
1.885257530212402344e+01
1.389990844726562500e+02
1.441348571777343750e+02
1.858787841796875000e+02
6.564965248107910156e-01
1.174414355468750000e+04
1.286678409576416016e+01
6.727616882324218750e+01
1.564741039276123047e+01
6.170942187309265137e-01
1.263629150390625000e+03
1.205809402465820312e+02
7.567426562309265137e-01
1.034092895507812500e+03
4.341055297851562500e+01
1.138331794738769531e+01
5.761585449218750000e+03
4.578337097167968750e+01
7.249508666992187500e+01
4.027389526367187500e+01
7.503406372070312500e+02
3.006854553222656250e+02
3.072493591308593750e+02
5.120753097534179688e+01
3.629616455078125000e+03
7.438198924064636230e-01
2.572639083862304688e+01
4.310160827636718750e+02
6.697035312652587891e+00
4.189062805175781250e+02
1.136264324188232422e+00
1.404722332954406738e+00
7.085552978515625000e+01
4.227439403533935547e+00
1.131996250152587891e+01
1.958875274658203125e+02
1.085353374481201172e+00
1.799408340454101562e+01
1.012738800048828125e+01
3.408295392990112305e+00
5.844316101074218750e+01
6.516467928886413574e-01
9.713324308395385742e-01
2.279440155029296875e+02
7.694750976562500000e+02
4.749935626983642578e+00
1.037247543334960938e+02
1.309209823608398438e+01
9.010965347290039062e+00
2.565838134765625000e+03
2.373441934585571289e+00
4.023046264648437500e+02
6.269022369384765625e+01
2.568725204467773438e+01
1.672404296875000000e+03
4.671267700195312500e+01
2.188542022705078125e+02
8.589158935546875000e+02
1.698497772216796875e+02
6.003148269653320312e+01
2.802123413085937500e+02
3.799866485595703125e+01
2.340388059616088867e+00
4.808629989624023438e+01
2.127972602844238281e+01
3.774745225906372070e+00
1.045434692382812500e+03
4.568705749511718750e+02
1.216895507812500000e+03
1.580776672363281250e+02
1.570627021789550781e+01
2.307419538497924805e+00
4.807631969451904297e-01
4.102822875976562500e+01
1.228653430938720703e+01
6.589072227478027344e+00
9.682351350784301758e-01
1.881078529357910156e+01
3.787626624107360840e-01
7.380847930908203125e+01
2.206130790710449219e+01
8.331915283203125000e+01
9.642519378662109375e+01
3.116889762878417969e+01
5.425085449218750000e+01
1.818191337585449219e+01
8.002193450927734375e+00
2.170330882072448730e-01
8.099414062500000000e+03
2.971248291015625000e+03
2.196539001464843750e+02
1.819203491210937500e+02
1.443195800781250000e+02
1.081131103515625000e+03
2.423068237304687500e+01
5.320107650756835938e+01
1.207897472381591797e+01
2.189423084259033203e+00
5.838502883911132812e+01
1.552734863281250000e+03
7.885915374755859375e+01
8.099704742431640625e+00
1.279240608215332031e+01
1.778813171386718750e+02
3.469323120117187500e+02
8.047147369384765625e+01
1.158633899688720703e+01
1.278504276275634766e+01
1.452671736478805542e-01
9.867758303880691528e-02
4.080892944335937500e+01
3.074069023132324219e+01
4.587255001068115234e+00
2.093534278869628906e+01
2.383956756591796875e+02
5.528866958618164062e+01
1.367971191406250000e+02
1.041637229919433594e+01
1.386579632759094238e+00
1.303594589233398438e+01
5.815313720703125000e+01
1.013870788574218750e+03
2.655882358551025391e+00
1.224724502563476562e+02
1.033002853393554688e+00
3.240333318710327148e+00
2.595222294330596924e-01
5.654937267303466797e+00
4.761595214843750000e+03
2.291412500000000000e+04
6.953729629516601562e+00
9.805709075927734375e+01
7.581550598144531250e+01
3.925575494766235352e+00
1.593872528076171875e+02
5.497635498046875000e+02
7.253423690795898438e+00
4.410520553588867188e+00
2.159774303436279297e+00
6.586042022705078125e+01
3.173579978942871094e+01
3.710894393920898438e+01
2.646997375488281250e+02
4.873606567382812500e+02
4.361474037170410156e+00
4.859538555145263672e+00
3.761384725570678711e+00
1.898905792236328125e+02
1.215838432312011719e+01
3.610448074340820312e+01
2.756688232421875000e+02
1.743003082275390625e+01
9.649359741210937500e+02
8.983489379882812500e+02
2.241208038330078125e+02
1.254371881484985352e+00
1.668817901611328125e+01
