2.397277019917964935e-02
9.607291966676712036e-02
4.691327922046184540e-03
1.741336775012314320e-03
2.618782781064510345e-02
4.382852554321289062e+00
1.259647030383348465e-02
1.912159612402319908e-03
4.904252011328935623e-03
4.064436554908752441e-01
7.996391505002975464e-03
2.190640941262245178e-02
3.856461122632026672e-02
1.788466237485408783e-02
1.659782486967742443e-03
1.052271761000156403e-02
1.551547436974942684e-03
6.845770869404077530e-03
1.979713886976242065e-02
6.442464073188602924e-04
4.615937545895576477e-02
2.231667004525661469e-02
1.203580126166343689e-01
2.096952497959136963e-02
1.016798019409179688e+00
8.612411096692085266e-03
3.582147508859634399e-02
4.094573855400085449e-02
6.898820400238037109e-02
6.806354522705078125e-01
4.907224792987108231e-04
1.143486224464140832e-04
5.831390619277954102e-03
2.375886589288711548e-02
2.764128148555755615e-02
8.959160186350345612e-03
4.192755091935396194e-03
3.320084069855511189e-04
5.077585577964782715e-03
4.094848874956369400e-03
1.610053926706314087e-01
7.598195970058441162e-02
2.716766670346260071e-03
7.382726192474365234e+00
1.350384950637817383e-01
1.162661164999008179e-01
6.855574436485767365e-03
3.187776207923889160e-01
2.012823708355426788e-03
1.587326824665069580e-02
1.229172274470329285e-01
3.939600661396980286e-02
7.671103626489639282e-02
2.870980463922023773e-02
5.488040624186396599e-04
1.800671219825744629e-03
3.693229518830776215e-03
8.191248401999473572e-03
1.764248125255107880e-02
7.937329292297363281e+00
1.292112469673156738e-02
8.713232040405273438e+00
1.012073736637830734e-02
3.320003626868128777e-03
8.428444713354110718e-02
2.022349275648593903e-02
1.340062767267227173e-01
1.196977868676185608e-02
6.024245023727416992e-01
5.423210859298706055e-01
1.091294980142265558e-04
1.129985690116882324e+00
1.196480239741504192e-03
5.263691395521163940e-02
5.654687061905860901e-02
1.855235546827316284e-02
4.191420041024684906e-03
3.388252109289169312e-02
2.217814140021800995e-02
1.302493829280138016e-02
9.069188684225082397e-02
1.260635536164045334e-02
1.857998035848140717e-02
1.626179728191345930e-04
1.535162096843123436e-03
1.149108633399009705e-03
3.405103416298516095e-05
1.961920596659183502e-02
4.696153104305267334e-01
6.369660259224474430e-04
8.065504953265190125e-03
6.497109308838844299e-03
1.616549096070230007e-03
5.310555920004844666e-02
8.879923261702060699e-04
8.713049888610839844e-01
3.241672515869140625e-01
6.907599419355392456e-02
1.048341742716729641e-03
7.108259201049804688e-02
1.753003597259521484e+00
3.341406956315040588e-02
1.314171706326305866e-03
1.514487527310848236e-02
1.373660471290349960e-02
4.778722226619720459e-01
6.348974257707595825e-02
1.001926325261592865e-02
2.324723079800605774e-02
1.105963140726089478e-01
7.858092337846755981e-02
2.513804733753204346e-01
4.179283231496810913e-02
5.833325162529945374e-02
1.056616473942995071e-02
3.472781181335449219e-02
3.148845210671424866e-02
7.398775778710842133e-03
2.524539595469832420e-03
3.573502227663993835e-02
9.751321049407124519e-04
1.093958473205566406e+01
3.659403324127197266e-01
3.989580869674682617e-01
1.587434089742600918e-04
1.533819139003753662e-01
1.564356312155723572e-02
3.622336371336132288e-04
6.575053930282592773e-02
4.033931717276573181e-02
9.349411129951477051e-01
2.009351551532745361e-02
2.410704270005226135e-03
1.227294793352484703e-03
3.751957416534423828e-02
1.022085640579462051e-02
3.175155445933341980e-02
1.555555820465087891e+00
1.844092756509780884e-01
3.882952630519866943e-01
1.014573778957128525e-02
5.348271690309047699e-03
7.626206278800964355e-01
6.601773500442504883e-01
2.362228202819824219e+01
2.523544803261756897e-02
1.867080330848693848e-01
1.032560877501964569e-02
5.395543202757835388e-02
7.605494465678930283e-03
1.038641110062599182e-02
6.344083696603775024e-02
1.422319859266281128e-01
1.901930384337902069e-02
1.222455650568008423e-01
9.260609745979309082e-03
1.502498239278793335e-02
2.913353033363819122e-02
1.214688876643776894e-03
5.749097559601068497e-03
3.935235366225242615e-02
3.987347008660435677e-04
8.669301867485046387e-02
2.039463669061660767e-01
2.936137020587921143e-01
1.396036744117736816e-01
8.729021996259689331e-02
1.537559777498245239e-01
9.284912347793579102e-01
5.033749039284884930e-04
1.876661367714405060e-02
1.266043931245803833e-01
8.533408981747925282e-05
6.962697021663188934e-03
3.553646802902221680e-02
1.586600661277770996e+00
1.558980531990528107e-02
1.068378426134586334e-02
1.073878724128007889e-02
1.010928526520729065e-01
3.123198263347148895e-02
3.742721304297447205e-02
1.485639661550521851e-01
4.562074318528175354e-02
1.233793854713439941e+00
1.212455797940492630e-02
5.616476759314537048e-03
3.318815678358078003e-02
4.345672428607940674e-01
2.747900038957595825e-02
1.735123842954635620e-01
2.593491412699222565e-02
1.353956176899373531e-04
1.201008036732673645e-01
1.991604715585708618e-01
2.451613359153270721e-02
2.889220416545867920e-01
4.585057869553565979e-02
4.807086195796728134e-03
2.643956243991851807e-02
2.517046174034476280e-03
4.128888621926307678e-02
1.169646997004747391e-02
2.256253920495510101e-02
4.573613870888948441e-03
3.602115204557776451e-03
1.414960324764251709e-01
1.017384433746337891e+01
3.397884545847773552e-03
1.848611980676651001e-03
3.363724565133452415e-03
3.311428800225257874e-02
9.653476445237174630e-05
9.973254799842834473e-01
2.334766834974288940e-02
1.975110530853271484e+00
1.150400862097740173e-01
2.205163612961769104e-02
4.298877320252358913e-04
3.051575422286987305e-01
3.434237539768218994e-01
4.786354489624500275e-03
2.221877686679363251e-03
1.993457041680812836e-02
5.988819975755177438e-05
5.695555731654167175e-02
1.148341689258813858e-03
3.031697273254394531e+00
2.391347736120223999e-01
5.723617970943450928e-03
1.268399320542812347e-02
9.262416511774063110e-03
1.926005817949771881e-02
2.142621437087655067e-03
1.202218979597091675e-01
1.472263038158416748e-02
8.757100254297256470e-02
3.558932337909936905e-03
2.370426952838897705e-01
2.742568321991711855e-04
5.889147520065307617e-02
2.860947512090206146e-02
1.619821488857269287e-01
3.105795010924339294e-03
1.107463426887989044e-02
8.266435936093330383e-03
3.475135564804077148e-02
6.302455067634582520e-02
3.338394686579704285e-02
5.101382359862327576e-02
2.326646074652671814e-02
7.073153257369995117e-01
7.018788164714351296e-05
5.713128671050071716e-02
1.182052120566368103e-02
2.167344540357589722e-01
2.717757225036621094e+00
2.224678546190261841e-02
1.004996802657842636e-02
7.799337059259414673e-02
5.423469468951225281e-03
6.100992904976010323e-04
8.535130023956298828e-01
2.969327382743358612e-02
3.433142555877566338e-03
2.490597777068614960e-02
9.989486075937747955e-03
1.080059528350830078e+00
4.160821437835693359e-03
4.909865092486143112e-03
1.937216758728027344e+00
2.652573585510253906e-02
5.480770468711853027e-01
1.823137048631906509e-03
1.002504490315914154e-03
8.907264098525047302e-03
8.462799713015556335e-03
8.138867095112800598e-03
3.299238681793212891e-01
8.096562623977661133e-01
1.323560774326324463e-01
8.555231615900993347e-03
5.823415704071521759e-03
9.477959014475345612e-03
1.642785209696739912e-04
5.351572763174772263e-03
3.504484891891479492e+00
1.254308462142944336e+00
4.580337845254689455e-04
4.677252843976020813e-02
7.871086709201335907e-03
1.508708228357136250e-03
8.753108978271484375e-02
2.547939494252204895e-02
5.007589352317154408e-04
1.000696793198585510e-02
2.692471072077751160e-02
3.649005666375160217e-02
2.121582269668579102e+00
3.945071250200271606e-02
8.088192343711853027e-01
4.303958714008331299e-01
6.652931869029998779e-02
6.617588996887207031e-01
1.353689908981323242e+00
9.520541876554489136e-03
1.520007010549306870e-02
6.301562488079071045e-02
6.493714638054370880e-03
1.048973649740219116e-01
6.260216236114501953e-01
4.926263540983200073e-02
9.539250284433364868e-03
3.114446699619293213e-01
3.246978158131241798e-03
2.557557076215744019e-02
9.111117688007652760e-04
3.748280107975006104e-01
2.201486844569444656e-03
5.212502088397741318e-03
2.020737975835800171e-01
9.519038721919059753e-04
8.009812794625759125e-03
3.359653055667877197e-02
3.585614031180739403e-03
4.114938378334045410e-01
3.514766693115234375e-03
4.059609025716781616e-03
6.428091321140527725e-03
1.992770703509449959e-03
2.150274114683270454e-03
2.011264115571975708e-01
5.105983000248670578e-03
1.162537001073360443e-02
8.261163718998432159e-03
7.024246267974376678e-03
4.006575793027877808e-03
4.292730242013931274e-03
1.443311292678117752e-02
1.140866950154304504e-01
1.718922867439687252e-03
4.056826292071491480e-04
3.570281434804201126e-03
1.494999051094055176e+00
7.887422107160091400e-04
1.024777535349130630e-02
1.294877231121063232e-01
3.569874539971351624e-02
2.568836882710456848e-02
2.933319844305515289e-02
7.494106888771057129e-02
1.105591952800750732e-01
7.135324267437681556e-05
1.382175087928771973e-02
3.088716184720396996e-03
1.957820728421211243e-03
1.823492720723152161e-02
1.657406799495220184e-02
2.762708812952041626e-02
4.277520999312400818e-02
2.297793701291084290e-02
8.293560240417718887e-04
1.898370496928691864e-02
7.807427551597356796e-03
1.485772430896759033e-01
1.094971876591444016e-02
5.862716212868690491e-02
1.056975685060024261e-03
1.008208096027374268e-01
2.710228727664798498e-04
8.756493031978607178e-02
1.055780723690986633e-01
6.772681325674057007e-02
1.483003795146942139e-02
7.106801271438598633e-01
1.903468277305364609e-03
9.115845896303653717e-03
3.795912023633718491e-03
1.101114600896835327e-02
2.029018849134445190e-02
3.869855031371116638e-02
1.127399271354079247e-03
2.754379034042358398e+00
7.392230629920959473e-02
1.371739991009235382e-02
4.323430061340332031e+00
8.805049896240234375e+00
6.323928944766521454e-03
6.912968237884342670e-04
4.828713426832109690e-04
2.941195480525493622e-02
4.413437563925981522e-03
2.440191246569156647e-02
4.638868331909179688e+00
1.304028119193390012e-04
3.136104106903076172e+00
1.021295189857482910e-01
1.365174911916255951e-02
4.875095619354397058e-04
3.299955744296312332e-03
9.951663970947265625e+00
7.018910217285156250e+01
9.206179046630859375e+01
6.118372082710266113e-01
3.172001266479492188e+01
1.460008502006530762e+00
3.135086669921875000e+02
9.240249633789062500e+00
7.713004302978515625e+01
1.044595432281494141e+01
1.378589935302734375e+02
1.622208976745605469e+01
5.457929229736328125e+01
4.453910291194915771e-01
9.722617149353027344e+00
9.830943298339843750e+01
6.560005950927734375e+01
1.731495666503906250e+02
1.190019073486328125e+02
7.256269931793212891e+00
3.811533355712890625e+01
3.726611614227294922e+00
5.943315982818603516e+00
4.013135528564453125e+01
2.331629276275634766e+00
4.490868747234344482e-01
1.372177276611328125e+02
5.431425781250000000e+02
9.098494262695312500e+02
3.302215270996093750e+02
6.183305263519287109e+00
2.834091186523437500e+00
7.140593528747558594e+00
2.487639160156250000e+02
8.026358604431152344e+00
7.316229820251464844e+00
5.127822160720825195e-01
4.767287522554397583e-02
2.844337701797485352e+00
1.115643997192382812e+02
9.133129272460937500e+02
1.909278488159179688e+01
8.187192678451538086e-01
3.722572937011718750e+02
1.903818893432617188e+01
1.411560821533203125e+02
1.010304794311523438e+02
9.655206680297851562e+00
5.694534182548522949e-01
5.498474731445312500e+02
1.690480957031250000e+02
2.373811721801757812e+01
1.058806705474853516e+01
2.182699012756347656e+01
3.416818380355834961e+00
6.874280929565429688e+00
5.128845691680908203e+00
2.804589569568634033e-01
1.433452987670898438e+01
9.869674682617187500e+02
2.802999877929687500e+02
4.422678222656250000e+02
5.203337192535400391e+00
4.511426162719726562e+01
4.791370391845703125e+00
2.588804054260253906e+01
4.571435928344726562e+01
1.905933593750000000e+03
3.059785461425781250e+02
3.956462478637695312e+01
5.539291352033615112e-02
1.048856964111328125e+02
9.749431610107421875e-01
1.463461608886718750e+02
5.833658695220947266e+00
7.981362342834472656e+00
7.783792018890380859e-01
8.492810249328613281e+00
2.342448730468750000e+02
3.684739303588867188e+01
2.487709045410156250e+01
4.120199203491210938e+00
7.970241546630859375e+00
2.860208511352539062e+01
4.787932872772216797e+00
2.192703056335449219e+01
6.454128772020339966e-02
8.867588043212890625e+00
1.562093353271484375e+01
3.488122224807739258e+00
1.144576930999755859e+01
3.602531433105468750e+01
4.356683731079101562e+01
1.279809284210205078e+01
8.432260131835937500e+01
2.036901245117187500e+02
2.888161659240722656e+00
5.509938964843750000e+02
5.944002866744995117e-01
2.596614379882812500e+02
1.972710609436035156e+00
2.197140693664550781e+01
2.722791433334350586e+00
1.026894226074218750e+02
3.836858367919921875e+01
9.013150787353515625e+01
2.162351608276367188e+00
2.091421630859375000e+03
2.698815917968750000e+02
8.695982098579406738e-01
3.380013108253479004e-01
7.832736816406250000e+02
1.740792388916015625e+02
9.326746463775634766e-01
2.888617897033691406e+01
9.301818084716796875e+01
6.610984039306640625e+01
1.225918769836425781e+01
6.875302124023437500e+01
9.959225654602050781e+00
1.557114562988281250e+02
5.635632324218750000e+03
3.017998352050781250e+02
1.228939437866210938e+02
2.914337635040283203e+00
2.036931304931640625e+02
2.506418228149414062e+01
2.349700689315795898e+00
6.226982421875000000e+02
7.855122375488281250e+01
3.518169555664062500e+02
2.068535232543945312e+01
2.668591439723968506e-01
1.937272262573242188e+01
1.554136276245117188e+00
1.935708403587341309e+00
1.129608154296875000e+00
3.307182006835937500e+02
5.852277832031250000e+02
2.490978088378906250e+02
2.417047309875488281e+01
1.776914954185485840e+00
4.406240234375000000e+02
2.175900268554687500e+01
6.506780395507812500e+02
2.709013938903808594e+01
3.840241699218750000e+02
1.467167139053344727e+00
3.749399566650390625e+01
1.393989990234375000e+03
3.793446421623229980e-01
3.776002197265625000e+02
3.588070678710937500e+01
3.206679821014404297e-01
1.227638626098632812e+02
2.192928314208984375e+01
1.419396877288818359e+00
5.479119420051574707e-01
5.051892757415771484e+00
2.424970149993896484e+00
8.844652099609375000e+02
1.209209365844726562e+02
1.489862213134765625e+02
2.894457817077636719e+01
1.950883026123046875e+02
6.625411987304687500e+01
4.238016891479492188e+01
2.636504211425781250e+02
6.633543090820312500e+02
8.132878303527832031e+00
7.387304306030273438e+00
1.480798583984375000e+03
1.325432181358337402e+00
5.551397323608398438e+00
3.141822814941406250e+02
1.772256278991699219e+01
7.223767280578613281e+00
5.539324951171875000e+01
2.377031564712524414e+00
1.551249885559082031e+01
8.011085510253906250e+00
1.977454948425292969e+01
3.956140747070312500e+02
4.598747253417968750e+00
1.946551953125000000e+04
3.948541164398193359e+00
3.759455680847167969e-01
1.802533340454101562e+01
4.413829650878906250e+02
4.130766677856445312e+01
2.707756280899047852e+00
2.265156097412109375e+02
6.875186443328857422e+00
4.643838500976562500e+01
1.258276672363281250e+02
1.612366795539855957e+00
6.358866882324218750e+01
1.040634751319885254e+00
5.831418514251708984e+00
2.790429830551147461e+00
1.133167171478271484e+01
8.682653427124023438e+00
5.880836963653564453e+00
4.070158767700195312e+01
5.289591217041015625e+01
7.493944764137268066e-01
4.548058700561523438e+01
3.475121154785156250e+02
4.411062240600585938e+00
3.167021369934082031e+01
6.560008049011230469e+00
2.897800683975219727e+00
9.211385846138000488e-01
3.845048095703125000e+03
1.442942237854003906e+01
3.680719604492187500e+02
3.486093521118164062e+00
2.714566955566406250e+02
1.117842435836791992e+00
1.555156250000000000e+02
2.652993408203125000e+03
1.095944792032241821e-01
1.552533507347106934e+00
6.780013427734375000e+02
2.360925436019897461e+00
8.800638427734375000e+02
2.947039604187011719e+00
1.943807792663574219e+01
6.884191513061523438e+00
9.657969474792480469e+00
7.292612642049789429e-02
8.606162071228027344e+00
2.030159711837768555e+00
3.484266967773437500e+02
3.728999328613281250e+01
1.647791862487792969e+01
4.301035404205322266e+00
2.281093215942382812e+01
1.861181640625000000e+01
1.219935417175292969e+00
3.786791992187500000e+02
1.020754165649414062e+02
1.237610149383544922e+01
1.838038825988769531e+01
1.347982177734375000e+02
6.623649597167968750e+01
2.043125000000000000e+02
4.278823137283325195e-01
5.423302246093750000e+03
7.197015285491943359e+00
5.024766540527343750e+01
2.364640045166015625e+01
7.078450322151184082e-01
5.212187500000000000e+02
8.714755249023437500e+01
7.062785029411315918e-01
5.362069091796875000e+02
4.315079879760742188e+01
4.516151428222656250e+00
1.806647949218750000e+03
7.556135559082031250e+01
5.383162307739257812e+01
4.434762573242187500e+01
4.891382141113281250e+02
1.541456756591796875e+02
1.231818313598632812e+02
2.368442344665527344e+01
7.997182006835937500e+02
2.809070646762847900e-01
1.116538524627685547e+01
5.717539062500000000e+02
1.067615890502929688e+01
3.961739807128906250e+02
1.031840324401855469e+00
4.324527978897094727e-01
4.269669723510742188e+01
3.903425216674804688e+00
4.773818492889404297e+00
8.201994323730468750e+01
5.549411177635192871e-01
1.379479598999023438e+01
2.693654298782348633e+00
5.011103153228759766e+00
2.801198768615722656e+01
1.375275254249572754e+00
9.595397114753723145e-01
3.978736572265625000e+02
1.405004882812500000e+03
2.404990434646606445e+00
1.448078308105468750e+02
1.498154449462890625e+01
6.353178501129150391e+00
2.188409667968750000e+03
4.076457977294921875e+00
1.092848510742187500e+02
1.933438301086425781e+01
2.923606109619140625e+01
9.060983276367187500e+02
2.105507850646972656e+01
1.091936416625976562e+02
4.749956970214843750e+02
9.794703674316406250e+01
3.679225158691406250e+01
2.720819702148437500e+02
2.918737792968750000e+01
2.157557725906372070e+00
5.154110717773437500e+01
1.690952873229980469e+01
1.266935062408447266e+01
1.057769042968750000e+03
4.694907226562500000e+02
5.202379150390625000e+02
3.749544372558593750e+02
8.163523674011230469e+00
3.380744218826293945e+00
6.791479587554931641e-01
2.452426147460937500e+01
9.880813598632812500e+00
8.174954414367675781e+00
1.369808793067932129e+00
4.498891353607177734e+00
6.913960576057434082e-01
1.102942428588867188e+02
2.815826225280761719e+01
5.283768081665039062e+01
1.352680664062500000e+02
1.397362995147705078e+01
5.022926712036132812e+01
1.533704471588134766e+01
7.079138755798339844e+00
2.262824326753616333e-01
5.036340820312500000e+03
1.102725219726562500e+03
7.937925720214843750e+01
1.556222229003906250e+02
6.604184722900390625e+01
5.155350952148437500e+02
2.886537551879882812e+01
1.308503913879394531e+01
1.711013031005859375e+01
1.953706860542297363e+00
4.720030593872070312e+01
9.297756347656250000e+02
5.643656539916992188e+01
8.387116432189941406e+00
4.190093040466308594e+00
1.036886520385742188e+02
6.508604736328125000e+02
5.158283233642578125e+01
1.417980098724365234e+01
1.349377727508544922e+01
7.121583819389343262e-02
9.902799874544143677e-02
2.350649833679199219e+01
1.274960136413574219e+01
3.670433044433593750e+00
1.042398357391357422e+01
1.359748992919921875e+02
2.773225784301757812e+01
7.841631317138671875e+01
5.315213203430175781e+00
1.828012466430664062e+00
5.590102672576904297e+00
2.217420387268066406e+01
1.177806152343750000e+03
1.501582145690917969e+00
6.135146713256835938e+01
7.095071077346801758e-01
4.241754055023193359e+00
1.982019096612930298e-01
1.266646957397460938e+01
3.794942626953125000e+03
2.194749804687500000e+04
3.737947463989257812e+00
1.047911148071289062e+02
4.343299865722656250e+01
4.439689636230468750e+00
1.191851043701171875e+02
4.929933776855468750e+02
4.456123828887939453e+00
3.156888484954833984e+00
8.142354011535644531e+00
6.214360809326171875e+01
1.625604057312011719e+01
7.537755012512207031e+00
3.231939392089843750e+02
6.412475585937500000e+02
5.389475345611572266e+00
3.325984239578247070e+00
3.263068675994873047e+00
2.207057952880859375e+02
4.341154575347900391e+00
1.723718643188476562e+01
2.407006072998046875e+02
1.333574295043945312e+01
4.652701416015625000e+02
9.835435791015625000e+02
1.052191085815429688e+02
1.419619560241699219e+00
2.091667366027832031e+01
