6.567288190126419067e-02
1.473772525787353516e-01
8.045757189393043518e-03
1.744311070069670677e-03
1.419362332671880722e-02
1.641561508178710938e+00
1.073784008622169495e-02
3.552716458216309547e-03
1.236287970095872879e-02
1.751544475555419922e-01
3.235429897904396057e-02
2.826877124607563019e-02
6.484195590019226074e-02
1.230203919112682343e-02
3.383806208148598671e-03
2.084338851273059845e-02
1.242952537722885609e-03
1.281029917299747467e-02
2.799215726554393768e-02
1.557296956889331341e-03
1.100746635347604752e-02
1.462076231837272644e-02
6.082845106720924377e-02
9.109915234148502350e-03
1.569377064704895020e+00
4.498742520809173584e-03
2.776449546217918396e-02
8.652289211750030518e-02
6.306448578834533691e-02
4.395380020141601562e-01
8.229572558775544167e-04
3.972762206103652716e-04
1.204041298478841782e-02
6.257624924182891846e-02
1.116498559713363647e-02
2.530948817729949951e-02
5.693324841558933258e-03
3.294787602499127388e-04
1.087429281324148178e-02
6.329796742647886276e-03
1.078720241785049438e-01
7.841645181179046631e-02
8.783017285168170929e-03
2.668905496597290039e+00
8.623661100864410400e-02
8.675044029951095581e-02
7.671924773603677750e-03
4.133464992046356201e-01
7.414583815261721611e-04
7.803462445735931396e-02
6.799117475748062134e-02
5.326914042234420776e-02
8.361988514661788940e-02
1.753472723066806793e-02
1.064491341821849346e-03
1.837255549617111683e-03
2.904120367020368576e-03
2.573830261826515198e-02
1.545440312474966049e-02
6.951703071594238281e+00
8.149798959493637085e-03
4.749288558959960938e+00
7.122577168047428131e-03
9.772486984729766846e-03
7.766775786876678467e-02
5.991436913609504700e-02
3.001160323619842529e-01
2.197451703250408173e-02
5.387616157531738281e-01
3.456226289272308350e-01
1.015953966998495162e-04
3.550573885440826416e-01
2.162832999601960182e-03
2.137655019760131836e-01
5.946237221360206604e-02
9.146538563072681427e-03
7.021637633442878723e-03
2.810533903539180756e-02
1.138528157025575638e-02
7.647030521184206009e-03
1.914813518524169922e-01
1.543652825057506561e-02
3.549105674028396606e-02
2.997713163495063782e-04
1.874451059848070145e-03
2.279719104990363121e-03
8.039072417886927724e-05
1.081306207925081253e-02
5.257250070571899414e-01
4.035485908389091492e-04
6.421011406928300858e-03
1.389809045940637589e-02
3.440804313868284225e-03
2.105773240327835083e-02
4.842052236199378967e-03
5.096655488014221191e-01
1.237892508506774902e-01
2.245979011058807373e-01
1.494469004683196545e-03
6.297008693218231201e-02
1.420598149299621582e+00
3.235599771142005920e-02
2.273290650919079781e-03
1.361635047942399979e-02
1.074509229511022568e-02
1.574362367391586304e-01
3.122749924659729004e-02
1.865418627858161926e-02
1.290775835514068604e-01
9.264899045228958130e-02
1.508943550288677216e-02
1.058420985937118530e-01
4.603904485702514648e-02
1.665192246437072754e-01
9.760731831192970276e-03
3.722006082534790039e-02
3.488182276487350464e-02
1.327232271432876587e-02
2.798700472339987755e-03
1.689021475613117218e-02
1.648905104957520962e-03
2.353138923645019531e+01
2.344546169042587280e-01
5.552498102188110352e-01
3.233683819416910410e-04
6.326048076152801514e-02
7.435122039169073105e-03
3.273920738138258457e-04
9.308696538209915161e-02
2.620324678719043732e-02
4.093448817729949951e-01
2.292339317500591278e-02
3.015435999259352684e-03
1.122560119256377220e-03
2.675868012011051178e-02
5.459663458168506622e-03
1.232210639864206314e-02
6.739038825035095215e-01
1.295041441917419434e-01
6.728070974349975586e-01
1.047590281814336777e-02
6.059258710592985153e-03
6.369932293891906738e-01
4.986253678798675537e-01
5.844095706939697266e+00
4.735391214489936829e-02
2.066514641046524048e-01
2.720859088003635406e-02
1.021465659141540527e-01
1.981516368687152863e-02
1.069477852433919907e-02
1.605332493782043457e-01
8.605244010686874390e-02
3.503214195370674133e-02
1.175310760736465454e-01
2.168412506580352783e-02
1.430585328489542007e-02
2.160545252263545990e-02
7.580266101285815239e-04
2.852965146303176880e-03
6.591700017452239990e-02
2.455417299643158913e-03
4.056562483310699463e-02
9.689192473888397217e-02
4.684374928474426270e-01
1.519941389560699463e-01
1.511359959840774536e-01
1.523698121309280396e-01
1.252558588981628418e+00
1.673162565566599369e-03
5.767902731895446777e-02
1.225700974464416504e-01
4.488934646360576153e-04
5.967088043689727783e-03
3.697278723120689392e-02
6.564185023307800293e-01
1.564175821840763092e-02
1.653571054339408875e-02
1.129318587481975555e-02
2.116869986057281494e-01
4.396140947937965393e-02
2.621938847005367279e-02
8.939353376626968384e-02
2.870731987059116364e-02
6.614857316017150879e-01
2.483751066029071808e-02
8.541710674762725830e-03
1.555313356220722198e-02
2.769092321395874023e-01
1.962016522884368896e-02
2.862115502357482910e-01
1.550694648176431656e-02
1.542279787827283144e-04
3.526959568262100220e-02
7.876279205083847046e-02
3.539904579520225525e-02
1.475763320922851562e-01
1.701580360531806946e-02
2.996325492858886719e-03
7.927048206329345703e-02
1.990639604628086090e-03
3.642859309911727905e-02
1.581710763275623322e-02
3.057087212800979614e-02
8.706476539373397827e-03
5.540214478969573975e-03
4.421965777873992920e-02
6.531373023986816406e+00
1.891219289973378181e-03
1.486718072555959225e-03
3.587704151868820190e-03
2.179341763257980347e-02
2.087648026645183563e-04
8.179613947868347168e-01
2.085016295313835144e-02
1.064167737960815430e+00
3.209481835365295410e-01
1.486295647919178009e-02
3.694182378239929676e-04
4.416207373142242432e-01
5.037236809730529785e-01
2.080606995150446892e-03
7.676839362829923630e-03
1.422759238630533218e-02
6.950771057745441794e-05
7.735109329223632812e-02
1.287577673792839050e-03
1.210373520851135254e+00
5.362586304545402527e-02
5.547708831727504730e-03
1.059941947460174561e-02
1.145818550139665604e-02
7.902506738901138306e-03
3.738238010555505753e-03
2.884095720946788788e-02
5.500752851366996765e-02
3.345431759953498840e-02
2.199085196480154991e-03
1.404727101325988770e-01
5.204097833484411240e-04
1.381887793540954590e-01
1.463861390948295593e-02
9.835343062877655029e-02
3.597449744120240211e-03
6.000034045428037643e-03
8.718420751392841339e-03
3.725481033325195312e-02
3.029068373143672943e-02
2.762311697006225586e-02
3.761944919824600220e-02
2.652219496667385101e-02
4.916013181209564209e-01
1.701232249615713954e-04
1.042089983820915222e-01
2.698379382491111755e-02
9.242732077836990356e-02
1.565014839172363281e+00
6.224602088332176208e-02
8.644347079098224640e-03
3.557504713535308838e-02
6.219897419214248657e-03
1.283010584302246571e-03
5.047311186790466309e-01
3.996814787387847900e-02
4.419504664838314056e-03
9.675913304090499878e-02
3.024660982191562653e-03
9.337399005889892578e-01
9.798387764021754265e-04
6.591234356164932251e-03
2.048786401748657227e+00
5.586294084787368774e-02
1.898840218782424927e-01
2.079672645777463913e-03
9.178055333904922009e-04
1.021212153136730194e-02
1.534513756632804871e-02
8.295577950775623322e-03
1.520611047744750977e-01
3.940577208995819092e-01
2.166459709405899048e-01
2.467174828052520752e-02
1.094779744744300842e-02
7.544836495071649551e-03
1.585160352988168597e-04
1.063883397728204727e-02
3.913959503173828125e+00
9.009538888931274414e-01
1.748007140122354031e-03
3.706465661525726318e-02
1.093153841793537140e-02
2.567629329860210419e-03
1.597265154123306274e-01
1.725828461349010468e-02
1.146860420703887939e-03
7.311496417969465256e-03
1.279309764504432678e-02
2.971343509852886200e-02
9.118942022323608398e-01
8.896440267562866211e-02
1.915539741516113281e+00
1.591594517230987549e-01
1.358087360858917236e-01
9.059719443321228027e-01
7.134218215942382812e-01
1.438599079847335815e-02
5.588855594396591187e-03
1.083846017718315125e-01
2.065864764153957367e-02
8.748129010200500488e-02
6.533710360527038574e-01
8.358854800462722778e-02
2.492956258356571198e-02
1.584360897541046143e-01
6.658977363258600235e-03
2.388959936797618866e-02
1.715415972284972668e-03
6.639392375946044922e-01
1.507711480371654034e-03
7.201685104519128799e-03
7.666964083909988403e-02
6.470353691838681698e-04
1.722731254994869232e-02
8.227038383483886719e-02
8.399336598813533783e-03
1.330632567405700684e+00
2.484846860170364380e-03
2.572902012616395950e-03
1.257528550922870636e-02
3.693476086482405663e-03
7.354350527748465538e-04
5.977483987808227539e-01
9.371058084070682526e-03
2.069567143917083740e-02
9.002136997878551483e-03
1.008363626897335052e-02
1.253841444849967957e-02
6.121108308434486389e-03
2.006782405078411102e-02
1.099001765251159668e-01
9.068169631063938141e-03
3.595652233343571424e-04
3.794612595811486244e-03
5.542038679122924805e-01
6.586085073649883270e-04
6.957187782973051071e-03
1.567397713661193848e-01
1.984814107418060303e-01
1.935022510588169098e-02
5.533819645643234253e-02
9.090455621480941772e-02
5.232748761773109436e-02
1.090029109036549926e-04
1.053157728165388107e-02
1.501487661153078079e-02
2.656859112903475761e-03
1.448784768581390381e-02
3.538507968187332153e-02
4.851964861154556274e-02
8.468641340732574463e-02
1.726845838129520416e-02
1.692044315859675407e-03
3.558864444494247437e-02
1.173653919249773026e-02
2.463116943836212158e-01
1.343596540391445160e-02
8.498795330524444580e-02
1.227301894687116146e-03
2.062761783599853516e-01
4.248684272170066833e-04
4.281276464462280273e-02
3.023153543472290039e-02
1.029871702194213867e+00
2.792969159781932831e-02
3.439181447029113770e-01
2.253047889098525047e-03
7.623190991580486298e-03
5.433556623756885529e-03
4.441541619598865509e-03
1.559504028409719467e-02
3.456943109631538391e-02
3.512607188895344734e-03
4.807058274745941162e-01
1.373935639858245850e-01
3.145438805222511292e-02
2.597909927368164062e+00
1.061232376098632812e+01
9.322273544967174530e-03
3.305439371615648270e-03
2.703483332879841328e-04
4.656193032860755920e-02
1.421028934419155121e-02
2.182837203145027161e-02
3.615818977355957031e+00
2.856498758774250746e-04
2.475087642669677734e+00
1.112835630774497986e-01
1.016809418797492981e-02
2.137026749551296234e-03
4.012963734567165375e-03
9.577672958374023438e+00
2.937873077392578125e+01
2.613252639770507812e+01
2.354476600885391235e-01
8.212550163269042969e+00
1.132574558258056641e+00
1.390269165039062500e+02
5.127761840820312500e+00
5.350948333740234375e+01
7.675985336303710938e+00
4.321598815917968750e+01
1.304014587402343750e+01
8.961064338684082031e+00
3.770527243614196777e-01
7.245224952697753906e+00
3.099472808837890625e+01
1.223153114318847656e+01
1.177094726562500000e+02
1.450967121124267578e+01
2.381433248519897461e+00
6.142442226409912109e+00
2.977350950241088867e+00
4.672867774963378906e+00
1.093765258789062500e+01
5.968375682830810547e+00
6.736740469932556152e-01
2.802440643310546875e+01
2.465867309570312500e+02
2.484426574707031250e+02
4.889116287231445312e+01
1.188334345817565918e+00
1.502507805824279785e+00
1.693287253379821777e+00
2.432688751220703125e+02
1.548866033554077148e+00
4.564888000488281250e+00
3.445294797420501709e-01
5.540667474269866943e-02
1.176074981689453125e+00
4.581708145141601562e+01
6.797607421875000000e+02
1.303240013122558594e+01
3.336366117000579834e-01
1.476325836181640625e+02
6.505461215972900391e+00
1.224704055786132812e+02
6.272751235961914062e+01
6.894145965576171875e+00
6.781817674636840820e-01
1.791731414794921875e+02
3.358256530761718750e+01
8.868081092834472656e+00
8.487681388854980469e+00
2.457806777954101562e+01
2.307059764862060547e+00
1.752063393592834473e+00
1.992263436317443848e+00
5.722079873085021973e-01
3.203063726425170898e+00
2.339914550781250000e+02
3.700180435180664062e+01
2.056764831542968750e+02
1.314323663711547852e+00
1.071943664550781250e+01
2.398333787918090820e+00
9.484447479248046875e+00
2.195974540710449219e+01
6.157893676757812500e+02
6.124767456054687500e+02
1.353622055053710938e+01
3.497370705008506775e-02
1.943791007995605469e+01
8.025330305099487305e-01
6.101005554199218750e+01
5.672499179840087891e+00
5.254748821258544922e+00
2.486235350370407104e-01
2.402104854583740234e+00
2.755835914611816406e+01
1.732005500793457031e+01
1.400268173217773438e+01
1.876642823219299316e+00
5.981166839599609375e+00
7.364876270294189453e+00
7.551537513732910156e+00
3.867900371551513672e+00
9.664581716060638428e-02
9.859474182128906250e+00
9.821284294128417969e+00
1.088291287422180176e+00
2.288475513458251953e+00
3.919101333618164062e+01
2.950395584106445312e+01
9.988872528076171875e+00
3.377451324462890625e+01
1.887185096740722656e+01
2.761829853057861328e+00
1.005111938476562500e+03
9.130777120590209961e-01
2.575177192687988281e+01
5.118329524993896484e-01
3.889367103576660156e+00
4.584657847881317139e-01
5.623715972900390625e+01
1.005818557739257812e+01
1.665211105346679688e+01
1.956600785255432129e+00
2.601406860351562500e+02
2.539335632324218750e+02
1.430530309677124023e+00
9.626806527376174927e-02
6.742386627197265625e+01
2.917843818664550781e+01
2.747471570968627930e+00
2.161474037170410156e+01
3.335474395751953125e+01
1.220799064636230469e+01
6.118950843811035156e+00
2.047859382629394531e+01
8.624313354492187500e+00
2.679896354675292969e+01
3.497025390625000000e+03
1.086913604736328125e+02
2.925666618347167969e+01
1.148369312286376953e+00
8.251653289794921875e+01
5.922020435333251953e+00
1.165017604827880859e+00
3.521959533691406250e+02
6.292298507690429688e+01
3.350633239746093750e+01
6.274608135223388672e+00
1.134715601801872253e-01
3.527817010879516602e+00
7.260684967041015625e-01
1.099344849586486816e+00
2.428622007369995117e+00
9.138073730468750000e+01
5.226324462890625000e+01
1.234580917358398438e+02
2.240583419799804688e+01
5.678398013114929199e-01
2.065970001220703125e+02
1.246383094787597656e+01
1.090840454101562500e+02
1.282675170898437500e+01
2.113403472900390625e+02
6.332271099090576172e-01
1.932059478759765625e+01
1.668404998779296875e+02
4.090772271156311035e-01
1.858637237548828125e+02
3.405830764770507812e+01
4.330223202705383301e-01
7.061958312988281250e+01
7.051459789276123047e+00
9.037152528762817383e-01
6.208824515342712402e-01
7.873756289482116699e-01
6.746712327003479004e-01
2.811758728027343750e+02
8.514092254638671875e+01
7.323346710205078125e+01
9.342430114746093750e+00
4.559336471557617188e+01
5.205601692199707031e+00
2.330440330505371094e+01
5.729415893554687500e+01
2.457810974121093750e+02
1.513644099235534668e+00
7.516707420349121094e+00
2.683610534667968750e+02
9.895499944686889648e-01
2.564680099487304688e+00
8.600322723388671875e+01
1.222525119781494141e+01
3.639909505844116211e+00
1.727296447753906250e+01
1.405393838882446289e+00
8.424523353576660156e+00
1.644866704940795898e+00
1.864746093750000000e+01
7.661733245849609375e+01
2.929710149765014648e-01
3.018386962890625000e+03
5.864685058593750000e+00
7.296805381774902344e-01
6.385200500488281250e+00
8.361315155029296875e+01
1.878042984008789062e+01
9.448583722114562988e-01
1.956972503662109375e+01
2.482603073120117188e+00
2.420164108276367188e+01
2.362644958496093750e+01
4.175861775875091553e-01
2.054709053039550781e+01
6.745521426200866699e-01
6.124187707901000977e-01
1.427082419395446777e+00
5.596672058105468750e+00
1.590501308441162109e+00
3.597157478332519531e+00
1.350647163391113281e+01
4.491987609863281250e+01
2.824819684028625488e-01
6.615603923797607422e+00
1.153287277221679688e+02
3.225095510482788086e+00
1.305749034881591797e+01
6.343791484832763672e+00
1.725890159606933594e+00
6.565781235694885254e-01
1.172668945312500000e+03
9.599791526794433594e+00
5.004108810424804688e+01
4.668521881103515625e+00
1.466997680664062500e+02
6.701065301895141602e-01
7.604270172119140625e+01
1.264956054687500000e+03
9.398682415485382080e-02
8.189384341239929199e-01
1.373912811279296875e+02
1.033285856246948242e+00
1.902767028808593750e+02
1.837256312370300293e+00
7.471617221832275391e+00
1.229079961776733398e+00
5.661084651947021484e+00
1.163974478840827942e-01
6.859794139862060547e+00
6.920613050460815430e-01
6.079596710205078125e+01
5.579003334045410156e+00
2.143716239929199219e+01
9.612082839012145996e-01
5.230453014373779297e+00
6.568168640136718750e+00
4.646617472171783447e-01
1.789270782470703125e+02
1.284647083282470703e+01
4.635046958923339844e+00
3.763317346572875977e+00
2.849256706237792969e+01
4.235789489746093750e+01
6.369928741455078125e+01
2.044583261013031006e-01
4.765374755859375000e+02
2.745032787322998047e+00
1.157962799072265625e+01
1.804698944091796875e+01
1.064820885658264160e+00
7.561470031738281250e+01
2.648447990417480469e+01
1.000908732414245605e+00
4.080215835571289062e+01
1.162981986999511719e+01
1.613893032073974609e+00
2.908771972656250000e+02
1.455017089843750000e+01
2.612932968139648438e+01
1.444739151000976562e+01
1.566934356689453125e+02
3.116960334777832031e+01
4.235838699340820312e+01
1.250576305389404297e+01
1.427547607421875000e+02
1.034053787589073181e-01
4.150225639343261719e+00
4.430665283203125000e+02
1.959382438659667969e+01
8.901779174804687500e+01
4.361512959003448486e-01
1.648573577404022217e-01
1.237709903717041016e+01
6.101902008056640625e+00
4.628098964691162109e+00
1.634531784057617188e+01
1.017969608306884766e+00
6.161887168884277344e+00
2.195945262908935547e+00
2.182384490966796875e+00
1.050684261322021484e+01
3.870734274387359619e-01
1.210312962532043457e+00
2.498177032470703125e+02
2.284990234375000000e+02
1.389410376548767090e+00
3.873110961914062500e+01
1.302961349487304688e+01
3.122935533523559570e+00
1.483646972656250000e+03
2.473055839538574219e+00
3.192420768737792969e+01
7.080096721649169922e+00
9.698291778564453125e+00
1.422675933837890625e+02
6.197554111480712891e+00
4.949382019042968750e+01
7.789122772216796875e+01
3.661633300781250000e+01
1.837559318542480469e+01
3.011532287597656250e+02
7.049047946929931641e+00
4.403975486755371094e+00
5.426171875000000000e+01
7.787972927093505859e+00
5.212557315826416016e+00
2.669605712890625000e+02
1.568350067138671875e+02
1.316824035644531250e+02
4.373735656738281250e+02
1.492527723312377930e+00
2.915752649307250977e+00
3.920187652111053467e-01
5.049139499664306641e+00
6.836023330688476562e+00
2.582812309265136719e+00
8.038129806518554688e-01
1.887559413909912109e+00
6.238195896148681641e-01
1.440997467041015625e+02
1.311124897003173828e+01
5.568174743652343750e+01
9.631587219238281250e+01
4.074872970581054688e+00
2.447142028808593750e+01
1.303271102905273438e+01
1.128932857513427734e+01
4.082499444484710693e-01
1.384208007812500000e+03
1.912963409423828125e+02
1.343008327484130859e+01
4.114379882812500000e+01
3.007392883300781250e+01
3.588996582031250000e+02
1.336572456359863281e+01
1.466990232467651367e+00
1.232460784912109375e+01
5.123532414436340332e-01
2.115135002136230469e+01
2.218452148437500000e+02
1.157905387878417969e+01
2.748061418533325195e+00
1.749897956848144531e+00
5.136582946777343750e+01
4.353419494628906250e+02
2.456505012512207031e+01
1.369963836669921875e+01
1.106523895263671875e+01
1.286590546369552612e-01
3.883693739771842957e-02
1.330228042602539062e+01
7.059926509857177734e+00
2.605231523513793945e+00
8.731288909912109375e+00
6.329163742065429688e+01
3.919339752197265625e+01
2.614601898193359375e+01
1.050251364707946777e+00
8.682342171669006348e-01
2.767684936523437500e+00
4.693195343017578125e+00
1.936131286621093750e+02
1.885895609855651855e+00
3.053886604309082031e+01
2.051489055156707764e-01
3.408645153045654297e+00
1.156441420316696167e-01
3.650731086730957031e+00
4.478950500488281250e+02
1.533898730468750000e+04
2.857039213180541992e+00
3.476805877685546875e+01
7.526890277862548828e+00
2.191306591033935547e+00
3.554550170898437500e+01
1.078776626586914062e+02
1.178497791290283203e+00
1.821592330932617188e+00
7.749663352966308594e+00
4.214016723632812500e+01
1.539616107940673828e+01
3.521969079971313477e+00
9.416775512695312500e+01
6.715988159179687500e+02
5.147174835205078125e+00
1.622311949729919434e+00
1.632026910781860352e+00
6.365823364257812500e+01
9.795243144035339355e-01
2.332409620285034180e+00
1.638366394042968750e+02
1.254055881500244141e+01
8.648635864257812500e+01
5.774093627929687500e+02
4.172873306274414062e+01
7.720105051994323730e-01
2.769046401977539062e+01
