7.818558067083358765e-02
2.080117911100387573e-01
8.808862417936325073e-03
3.713638521730899811e-03
3.203425556421279907e-02
4.630494594573974609e+00
2.405177056789398193e-02
5.602244287729263306e-03
1.410291157662868500e-02
3.902618288993835449e-01
3.093632124364376068e-02
4.351782426238059998e-02
8.782158792018890381e-02
3.233613073825836182e-02
3.695006947964429855e-03
2.632173895835876465e-02
2.102083293721079826e-03
1.780256256461143494e-02
5.898355692625045776e-02
1.762041239999234676e-03
2.900069952011108398e-02
5.615100637078285217e-02
1.670364886522293091e-01
2.656126953661441803e-02
2.691037654876708984e+00
1.194878201931715012e-02
6.190616637468338013e-02
1.324203610420227051e-01
1.183190718293190002e-01
8.100392222404479980e-01
1.284491270780563354e-03
4.677909601014107466e-04
2.275151014328002930e-02
6.728176027536392212e-02
3.144278004765510559e-02
3.050127997994422913e-02
7.770076394081115723e-03
6.047513452358543873e-04
1.200992520898580551e-02
9.163327515125274658e-03
1.833334267139434814e-01
1.308676451444625854e-01
1.057645771652460098e-02
6.559968948364257812e+00
1.992629915475845337e-01
1.751419007778167725e-01
1.775958575308322906e-02
6.818457841873168945e-01
2.037883037701249123e-03
7.847454398870468140e-02
1.350593268871307373e-01
8.359695971012115479e-02
1.255263090133666992e-01
3.660757467150688171e-02
1.547165680676698685e-03
3.166574053466320038e-03
5.506127141416072845e-03
2.968976274132728577e-02
4.201659560203552246e-02
1.374530124664306641e+01
1.680279895663261414e-02
1.079362392425537109e+01
1.683036051690578461e-02
1.505795400589704514e-02
1.143047511577606201e-01
8.211377263069152832e-02
3.352204561233520508e-01
3.602365404367446899e-02
1.043192148208618164e+00
7.578263282775878906e-01
2.440167882014065981e-04
1.000174164772033691e+00
3.347332123667001724e-03
2.413595765829086304e-01
1.053523197770118713e-01
2.000458166003227234e-02
1.163846533745527267e-02
7.018283754587173462e-02
3.215370699763298035e-02
1.254993490874767303e-02
2.552100121974945068e-01
2.439633384346961975e-02
4.669487848877906799e-02
4.308119823690503836e-04
3.310987493023276329e-03
3.214831929653882980e-03
1.000313714030198753e-04
3.149791434407234192e-02
8.758807778358459473e-01
8.208146900869905949e-04
1.765270531177520752e-02
1.632103323936462402e-02
5.539495963603258133e-03
4.593522474169731140e-02
4.181949421763420105e-03
1.246593356132507324e+00
2.710785567760467529e-01
2.555781900882720947e-01
2.253953600302338600e-03
1.219427064061164856e-01
3.573037862777709961e+00
6.791784614324569702e-02
3.741578198969364166e-03
3.066165558993816376e-02
2.095630578696727753e-02
5.327413678169250488e-01
5.373272672295570374e-02
2.700560726225376129e-02
1.009479090571403503e-01
1.997783631086349487e-01
5.539305880665779114e-02
2.358488887548446655e-01
9.743229299783706665e-02
2.629809677600860596e-01
1.698928512632846832e-02
7.075087726116180420e-02
5.940005555748939514e-02
2.252089790999889374e-02
5.136635154485702515e-03
4.721549525856971741e-02
3.976973704993724823e-03
3.597751998901367188e+01
5.379217267036437988e-01
9.507325887680053711e-01
3.924350021407008171e-04
2.533190548419952393e-01
2.227683179080486298e-02
7.386247743852436543e-04
1.333754509687423706e-01
5.192611739039421082e-02
9.776579737663269043e-01
3.960324823856353760e-02
7.104779127985239029e-03
2.716620452702045441e-03
5.617636814713478088e-02
1.286444254219532013e-02
4.548170790076255798e-02
1.951606035232543945e+00
2.330313771963119507e-01
9.529277682304382324e-01
1.484976615756750107e-02
1.073254179209470749e-02
1.125868558883666992e+00
9.194467067718505859e-01
1.497717666625976562e+01
7.153591513633728027e-02
3.405012786388397217e-01
5.573733896017074585e-02
1.452371776103973389e-01
2.185517549514770508e-02
2.068681642413139343e-02
2.457017004489898682e-01
2.655268013477325439e-01
5.546791106462478638e-02
2.027883827686309814e-01
2.868244424462318420e-02
2.885817363858222961e-02
5.411847308278083801e-02
1.656395499594509602e-03
5.980102811008691788e-03
1.196067035198211670e-01
1.634860527701675892e-03
8.878054469823837280e-02
2.099674344062805176e-01
5.891024470329284668e-01
2.363166213035583496e-01
1.672365069389343262e-01
3.244887590408325195e-01
2.572236537933349609e+00
2.552704187110066414e-03
6.309556961059570312e-02
2.294476330280303955e-01
4.016177845187485218e-04
1.097970921546220779e-02
6.220145523548126221e-02
1.631065249443054199e+00
2.775283902883529663e-02
2.605384588241577148e-02
2.636078931391239166e-02
3.463536202907562256e-01
5.387762188911437988e-02
5.013282969594001770e-02
1.713828891515731812e-01
8.126424998044967651e-02
1.085772275924682617e+00
2.690113522112369537e-02
1.008630078285932541e-02
3.451474756002426147e-02
5.925975441932678223e-01
3.517284989356994629e-02
3.812300562858581543e-01
3.466896712779998779e-02
2.950888883788138628e-04
9.759890288114547729e-02
2.362165600061416626e-01
6.810545176267623901e-02
3.955150246620178223e-01
4.253758490085601807e-02
7.679907605051994324e-03
8.164837211370468140e-02
4.732703790068626404e-03
7.458785921335220337e-02
2.702824771404266357e-02
7.097400724887847900e-02
1.149527821689844131e-02
1.124847587198019028e-02
1.423234790563583374e-01
1.475800704956054688e+01
4.418621771037578583e-03
3.156441962346434593e-03
6.004063412547111511e-03
5.234835296869277954e-02
2.356014883844181895e-04
1.556953907012939453e+00
3.977593407034873962e-02
2.836121559143066406e+00
5.379388332366943359e-01
3.156800940632820129e-02
6.259206566028296947e-04
5.188835263252258301e-01
8.231399655342102051e-01
4.597194958478212357e-03
1.093793567270040512e-02
3.965646028518676758e-02
9.307557047577574849e-05
1.536261886358261108e-01
2.362090628594160080e-03
2.912300586700439453e+00
1.888779550790786743e-01
1.192657090723514557e-02
1.988920383155345917e-02
2.098486945033073425e-02
2.326005510985851288e-02
4.096796270459890366e-03
9.469287842512130737e-02
5.014266818761825562e-02
7.439611852169036865e-02
5.479262676090002060e-03
3.324884176254272461e-01
7.740824366919696331e-04
2.489076703786849976e-01
3.570451959967613220e-02
1.973014175891876221e-01
5.947462283074855804e-03
1.434951648116111755e-02
1.791426166892051697e-02
4.858640953898429871e-02
9.044464677572250366e-02
5.400680750608444214e-02
7.557749003171920776e-02
4.444610327482223511e-02
7.164365053176879883e-01
1.909063867060467601e-04
1.446428596973419189e-01
3.193976730108261108e-02
2.036233693361282349e-01
3.193189859390258789e+00
8.040982484817504883e-02
9.949440136551856995e-03
1.189853027462959290e-01
1.044578384608030319e-02
1.735365251079201698e-03
1.798455357551574707e+00
6.332242488861083984e-02
7.715361192822456360e-03
1.109221503138542175e-01
9.799593128263950348e-03
1.422050952911376953e+00
4.259571433067321777e-03
1.212133187800645828e-02
3.444722414016723633e+00
6.996641308069229126e-02
7.723736763000488281e-01
4.351028241217136383e-03
1.859487965703010559e-03
2.347144857048988342e-02
2.168725803494453430e-02
1.663882657885551453e-02
4.120140671730041504e-01
8.657262325286865234e-01
3.242361247539520264e-01
2.560588158667087555e-02
2.079118974506855011e-02
1.672339439392089844e-02
2.885617723222821951e-04
1.660271733999252319e-02
7.076359272003173828e+00
2.135681390762329102e+00
2.120529767125844955e-03
6.840065866708755493e-02
2.192272059619426727e-02
3.601747564971446991e-03
2.621469199657440186e-01
5.779135227203369141e-02
1.631383551284670830e-03
1.295953523367643356e-02
3.304787725210189819e-02
6.879986822605133057e-02
1.815227866172790527e+00
9.662595391273498535e-02
2.318078517913818359e+00
4.257692098617553711e-01
1.886193752288818359e-01
1.208387613296508789e+00
1.471457481384277344e+00
2.952980063855648041e-02
1.640749908983707428e-02
1.443627774715423584e-01
1.779553666710853577e-02
2.078875005245208740e-01
1.266966700553894043e+00
1.282692253589630127e-01
3.351880982518196106e-02
4.415649175643920898e-01
1.049812976270914078e-02
5.151398852467536926e-02
2.679813653230667114e-03
9.561377167701721191e-01
2.778573660179972649e-03
1.346249599009752274e-02
2.282198071479797363e-01
1.255884184502065182e-03
2.970783971250057220e-02
1.378736048936843872e-01
9.011276066303253174e-03
1.514130473136901855e+00
5.570465698838233948e-03
6.270872429013252258e-03
2.192120999097824097e-02
5.548058077692985535e-03
1.853782101534307003e-03
5.793649554252624512e-01
1.464106328785419464e-02
3.856643289327621460e-02
1.650398224592208862e-02
1.746998168528079987e-02
1.799132302403450012e-02
1.436780393123626709e-02
2.565906196832656860e-02
1.758974045515060425e-01
8.807686157524585724e-03
5.493048811331391335e-04
8.636222220957279205e-03
1.689171791076660156e+00
1.251391251571476460e-03
1.509888563305139542e-02
2.578898668289184570e-01
2.151513546705245972e-01
3.963084518909454346e-02
6.247048825025558472e-02
1.415172070264816284e-01
1.149352267384529114e-01
1.420898770447820425e-04
2.446251735091209412e-02
1.287164632230997086e-02
6.628353148698806763e-03
3.924484178423881531e-02
4.081998020410537720e-02
6.853059679269790649e-02
1.304057687520980835e-01
4.894848540425300598e-02
1.735048368573188782e-03
6.655884534120559692e-02
1.815131492912769318e-02
3.468734622001647949e-01
1.702595874667167664e-02
1.893369406461715698e-01
2.188253682106733322e-03
3.503201305866241455e-01
7.697031833231449127e-04
7.793390750885009766e-02
1.009721457958221436e-01
7.116455435752868652e-01
4.456616938114166260e-02
8.698620200157165527e-01
4.980991128832101822e-03
1.492493599653244019e-02
9.876523166894912720e-03
1.167740020900964737e-02
4.524526000022888184e-02
6.451471894979476929e-02
3.722384106367826462e-03
1.679472565650939941e+00
1.666542887687683105e-01
4.084277153015136719e-02
6.234044551849365234e+00
1.818673515319824219e+01
1.183014083653688431e-02
3.060879651457071304e-03
5.982626462355256081e-04
6.545358896255493164e-02
1.736260019242763519e-02
4.865299165248870850e-02
6.044896602630615234e+00
3.176947648171335459e-04
5.091145992279052734e+00
2.483096569776535034e-01
2.536918967962265015e-02
1.891627791337668896e-03
7.070671301335096359e-03
2.193381309509277344e+01
6.311079025268554688e+01
5.920983123779296875e+01
6.907154321670532227e-01
2.468171119689941406e+01
1.539897322654724121e+00
3.120932006835937500e+02
1.253931808471679688e+01
9.451112365722656250e+01
1.519674873352050781e+01
1.216574096679687500e+02
2.326755523681640625e+01
2.504260826110839844e+01
7.601214051246643066e-01
1.037529754638671875e+01
8.483329772949218750e+01
3.127352523803710938e+01
2.099694366455078125e+02
6.059005355834960938e+01
6.683883666992187500e+00
2.079911994934082031e+01
6.543083667755126953e+00
1.016896533966064453e+01
3.394385528564453125e+01
6.907949447631835938e+00
1.114801764488220215e+00
9.264705657958984375e+01
6.060418701171875000e+02
6.597687988281250000e+02
1.948580169677734375e+02
3.679809808731079102e+00
3.696916818618774414e+00
5.707823753356933594e+00
3.398063354492187500e+02
5.381558418273925781e+00
7.184163570404052734e+00
6.067169308662414551e-01
8.764805644750595093e-02
2.684502363204956055e+00
1.281191406250000000e+02
1.233537597656250000e+03
2.368105697631835938e+01
7.666769027709960938e-01
3.865129089355468750e+02
1.620273971557617188e+01
1.718656005859375000e+02
1.438875732421875000e+02
1.150396251678466797e+01
9.642667174339294434e-01
4.113135375976562500e+02
1.055512771606445312e+02
2.082077217102050781e+01
1.590023040771484375e+01
3.790932464599609375e+01
3.307420015335083008e+00
6.901495456695556641e+00
4.971104621887207031e+00
7.331718802452087402e-01
1.130535221099853516e+01
8.999104003906250000e+02
1.373269653320312500e+02
5.102466735839843750e+02
3.604545593261718750e+00
3.611231231689453125e+01
5.237044334411621094e+00
1.650562858581542969e+01
5.019505310058593750e+01
1.227533813476562500e+03
8.184370727539062500e+02
2.315626335144042969e+01
7.482439279556274414e-02
5.058082580566406250e+01
1.358122229576110840e+00
1.317830352783203125e+02
1.012579250335693359e+01
1.009672641754150391e+01
7.851159572601318359e-01
8.366925239562988281e+00
1.302964782714843750e+02
2.639703750610351562e+01
3.010743904113769531e+01
3.503892183303833008e+00
1.397261714935302734e+01
2.907550048828125000e+01
1.276914119720458984e+01
1.401944732666015625e+01
1.493926346302032471e-01
1.460307312011718750e+01
1.466075229644775391e+01
3.716833829879760742e+00
9.407713890075683594e+00
4.760332489013671875e+01
6.338447952270507812e+01
1.519168090820312500e+01
1.075117721557617188e+02
7.795655059814453125e+01
4.456052303314208984e+00
1.286481201171875000e+03
1.676207065582275391e+00
1.067440567016601562e+02
2.120345830917358398e+00
1.610266876220703125e+01
1.743387937545776367e+00
1.709849090576171875e+02
2.858078956604003906e+01
6.207907104492187500e+01
3.097721815109252930e+00
1.002459289550781250e+03
3.361340942382812500e+02
1.605695366859436035e+00
2.093357294797897339e-01
2.762646789550781250e+02
1.346608123779296875e+02
3.080954551696777344e+00
3.685320663452148438e+01
9.041741943359375000e+01
3.699257659912109375e+01
1.493666267395019531e+01
6.868683624267578125e+01
1.977891159057617188e+01
9.180587005615234375e+01
7.695213378906250000e+03
2.345497741699218750e+02
1.177370910644531250e+02
1.916342496871948242e+00
1.994811248779296875e+02
2.076283836364746094e+01
2.709160327911376953e+00
7.375057373046875000e+02
1.131067504882812500e+02
1.581128845214843750e+02
1.516636943817138672e+01
3.637331426143646240e-01
1.162547874450683594e+01
1.565732002258300781e+00
2.803227901458740234e+00
4.598884105682373047e+00
2.211829376220703125e+02
1.755389556884765625e+02
2.892435913085937500e+02
3.480185699462890625e+01
1.542081117630004883e+00
4.121469421386718750e+02
2.043621253967285156e+01
3.391989135742187500e+02
3.496844863891601562e+01
4.158764953613281250e+02
1.725725412368774414e+00
3.260129165649414062e+01
6.462624511718750000e+02
6.096661686897277832e-01
4.176437683105468750e+02
9.027439880371093750e+01
5.520526170730590820e-01
1.416368103027343750e+02
1.812339210510253906e+01
1.623517155647277832e+00
1.299669861793518066e+00
3.470229864120483398e+00
1.472044229507446289e+00
7.492633666992187500e+02
1.628433532714843750e+02
1.565830383300781250e+02
2.337995529174804688e+01
1.258543090820312500e+02
2.240929031372070312e+01
4.008154678344726562e+01
1.294148712158203125e+02
5.313549194335937500e+02
5.722398281097412109e+00
1.295445823669433594e+01
7.681842651367187500e+02
1.691595911979675293e+00
5.414282798767089844e+00
1.872070007324218750e+02
2.508784675598144531e+01
8.929632186889648438e+00
5.372982406616210938e+01
3.571404218673706055e+00
1.680579757690429688e+01
3.660172462463378906e+00
3.023608779907226562e+01
2.213976745605468750e+02
1.808805584907531738e+00
8.052540527343750000e+03
5.594209194183349609e+00
8.926970958709716797e-01
1.718558502197265625e+01
1.799567565917968750e+02
3.472350692749023438e+01
1.775305628776550293e+00
1.047176818847656250e+02
7.217420578002929688e+00
6.004267501831054688e+01
8.446638488769531250e+01
1.882597088813781738e+00
5.308539581298828125e+01
1.186421632766723633e+00
2.505200862884521484e+00
2.264467954635620117e+00
1.386820602416992188e+01
3.621991634368896484e+00
8.360288619995117188e+00
4.762913131713867188e+01
7.975326538085937500e+01
7.978813648223876953e-01
2.227246475219726562e+01
3.536786193847656250e+02
6.052576065063476562e+00
2.678929901123046875e+01
1.351957798004150391e+01
3.087511301040649414e+00
1.401591897010803223e+00
2.785083251953125000e+03
1.785746765136718750e+01
2.422929687500000000e+02
1.052408885955810547e+01
4.078735656738281250e+02
1.518009424209594727e+00
1.449746856689453125e+02
2.538867187500000000e+03
1.575635224580764771e-01
2.469312667846679688e+00
4.059692993164062500e+02
2.838991165161132812e+00
5.791307983398437500e+02
3.355507373809814453e+00
1.526124000549316406e+01
4.001370429992675781e+00
1.328337192535400391e+01
1.763914972543716431e-01
1.048483085632324219e+01
2.033383607864379883e+00
1.763763885498046875e+02
2.629811859130859375e+01
2.895590591430664062e+01
2.988365173339843750e+00
1.902825164794921875e+01
1.474833774566650391e+01
1.157466411590576172e+00
4.389445190429687500e+02
4.804198455810546875e+01
1.051921653747558594e+01
1.243049335479736328e+01
1.036067123413085938e+02
7.186164093017578125e+01
1.475729675292968750e+02
4.850376248359680176e-01
1.984718994140625000e+03
8.082154273986816406e+00
4.774397277832031250e+01
3.767982864379882812e+01
1.489418745040893555e+00
2.017475891113281250e+02
6.946932220458984375e+01
1.099285840988159180e+00
1.470989532470703125e+02
3.423417282104492188e+01
2.871385812759399414e+00
9.893021850585937500e+02
4.568492126464843750e+01
5.410477447509765625e+01
4.407454681396484375e+01
3.795141601562500000e+02
1.050100021362304688e+02
9.801459503173828125e+01
2.742827606201171875e+01
3.249297180175781250e+02
2.852346599102020264e-01
9.785254478454589844e+00
8.983853759765625000e+02
2.557827377319335938e+01
3.319492797851562500e+02
1.310397028923034668e+00
4.128572344779968262e-01
3.689347076416015625e+01
8.511693000793457031e+00
7.101507663726806641e+00
5.363131713867187500e+01
1.211737275123596191e+00
1.099386310577392578e+01
2.920882225036621094e+00
6.523343563079833984e+00
2.827878952026367188e+01
1.128970384597778320e+00
1.918545246124267578e+00
5.717745971679687500e+02
1.022809326171875000e+03
3.125978231430053711e+00
1.165312652587890625e+02
2.367762565612792969e+01
7.555151462554931641e+00
3.175701660156250000e+03
6.188787937164306641e+00
7.265836334228515625e+01
1.496694278717041016e+01
2.231982803344726562e+01
5.504844360351562500e+02
1.358220291137695312e+01
1.157207183837890625e+02
2.851904602050781250e+02
7.726322174072265625e+01
3.857465744018554688e+01
4.502193908691406250e+02
2.651997184753417969e+01
5.832794666290283203e+00
9.758355712890625000e+01
1.491133213043212891e+01
1.384019565582275391e+01
8.545830688476562500e+02
4.783170471191406250e+02
3.838982238769531250e+02
8.302507934570312500e+02
5.173790454864501953e+00
5.121334552764892578e+00
1.098684549331665039e+00
1.538912296295166016e+01
1.576688957214355469e+01
6.289764881134033203e+00
2.075879335403442383e+00
4.230134010314941406e+00
1.494197010993957520e+00
2.374338684082031250e+02
3.680094909667968750e+01
8.398953247070312500e+01
2.387084808349609375e+02
1.112058639526367188e+01
5.367656326293945312e+01
2.526507568359375000e+01
1.492689418792724609e+01
7.039571404457092285e-01
3.300447509765625000e+03
6.823350219726562500e+02
4.120418930053710938e+01
1.168735046386718750e+02
5.599646759033203125e+01
7.102554931640625000e+02
5.230799865722656250e+01
5.772142410278320312e+00
2.804159545898437500e+01
1.772341847419738770e+00
4.143798065185546875e+01
7.640499877929687500e+02
4.061918640136718750e+01
7.416975021362304688e+00
3.857242107391357422e+00
1.005470428466796875e+02
9.983963623046875000e+02
5.297441482543945312e+01
2.078150367736816406e+01
1.785540580749511719e+01
1.971550434827804565e-01
8.222436159849166870e-02
2.484807968139648438e+01
1.556665706634521484e+01
5.885396957397460938e+00
1.601100540161132812e+01
1.171384048461914062e+02
3.924002456665039062e+01
7.967485046386718750e+01
3.615150451660156250e+00
2.098901748657226562e+00
6.994794368743896484e+00
1.399275970458984375e+01
6.834340209960937500e+02
2.820965290069580078e+00
8.700982666015625000e+01
4.795436859130859375e-01
7.727006912231445312e+00
3.213587105274200439e-01
1.082282257080078125e+01
1.857086059570312500e+03
2.045809960937500000e+04
4.104237079620361328e+00
9.840830230712890625e+01
2.821411895751953125e+01
5.030206203460693359e+00
9.559778594970703125e+01
2.929502258300781250e+02
3.362682104110717773e+00
4.277909755706787109e+00
1.519478893280029297e+01
8.839537048339843750e+01
2.399985694885253906e+01
6.072275638580322266e+00
2.012205200195312500e+02
1.304923461914062500e+03
9.170151710510253906e+00
3.239563941955566406e+00
3.192733287811279297e+00
1.464846801757812500e+02
2.290684700012207031e+00
9.405948638916015625e+00
2.780490722656250000e+02
2.137038803100585938e+01
3.209017028808593750e+02
1.004603088378906250e+03
1.247435607910156250e+02
1.455565094947814941e+00
4.376733398437500000e+01
