2.710771001875400543e-02
1.158799529075622559e-01
6.533034145832061768e-03
1.756414072588086128e-03
3.460570797324180603e-02
5.121723175048828125e+00
1.625098474323749542e-02
3.582978621125221252e-03
5.650142673403024673e-03
5.293738245964050293e-01
6.553292274475097656e-03
1.738909818232059479e-02
4.589471220970153809e-02
1.236915960907936096e-02
1.313068089075386524e-03
1.391628012061119080e-02
2.467271173372864723e-03
4.356477875262498856e-03
1.965639553964138031e-02
4.959426587447524071e-04
1.336998790502548218e-01
2.280575968325138092e-02
2.184087932109832764e-01
3.700576350092887878e-02
6.287571191787719727e-01
1.213962770998477936e-02
4.928109049797058105e-02
2.907863818109035492e-02
7.702291756868362427e-02
6.973192691802978516e-01
5.196304409764707088e-04
1.282270532101392746e-04
6.032796110957860947e-03
2.376296743750572205e-02
4.547082260251045227e-02
7.842429913580417633e-03
5.127632059156894684e-03
4.930417053401470184e-04
8.684045635163784027e-03
5.994508974254131317e-03
1.986605077981948853e-01
8.330967277288436890e-02
1.897201291285455227e-03
1.030879402160644531e+01
1.812037676572799683e-01
8.411970734596252441e-02
4.349972121417522430e-03
2.983319759368896484e-01
3.395417705178260803e-03
9.930499829351902008e-03
1.497121900320053101e-01
3.495995327830314636e-02
1.266939193010330200e-01
3.032400831580162048e-02
4.789066733792424202e-04
1.809604931622743607e-03
4.776664543896913528e-03
1.084547024220228195e-02
2.007998526096343994e-02
6.641479492187500000e+00
1.104904152452945709e-02
1.080494785308837891e+01
1.111195795238018036e-02
2.617946825921535492e-03
1.172860637307167053e-01
1.683408394455909729e-02
1.487164348363876343e-01
7.987226359546184540e-03
6.013332009315490723e-01
5.012055039405822754e-01
1.093291866709478199e-04
1.706174731254577637e+00
7.203474524430930614e-04
2.754247374832630157e-02
7.920088618993759155e-02
4.115211218595504761e-02
6.332622841000556946e-03
3.958609327673912048e-02
2.698560245335102081e-02
1.126671116799116135e-02
5.927557498216629028e-02
1.504630502313375473e-02
1.667224615812301636e-02
2.819514484144747257e-04
2.235544379800558090e-03
1.755808712914586067e-03
2.996476905536837876e-05
2.939804457128047943e-02
6.303493380546569824e-01
8.058085222728550434e-04
5.933401174843311310e-03
7.747127674520015717e-03
1.248817890882492065e-03
8.686033636331558228e-02
4.227378522045910358e-04
5.436236858367919922e-01
3.977656364440917969e-01
7.069358229637145996e-02
1.142835477367043495e-03
4.217953607439994812e-02
1.917724847793579102e+00
3.928918018937110901e-02
1.141636632382869720e-03
1.629076339304447174e-02
1.287562958896160126e-02
3.358075618743896484e-01
6.570967286825180054e-02
1.505918893963098526e-02
3.277389332652091980e-02
9.973724931478500366e-02
1.178258955478668213e-01
2.905287146568298340e-01
4.465721547603607178e-02
4.458003863692283630e-02
1.414589490741491318e-02
3.233868256211280823e-02
5.851042643189430237e-02
6.590027827769517899e-03
3.143504960462450981e-03
5.446055904030799866e-02
6.874281680211424828e-04
8.302917480468750000e+00
5.095919966697692871e-01
3.101685345172882080e-01
1.271611254196614027e-04
1.310663223266601562e-01
9.310234338045120239e-03
6.658351630903780460e-04
6.562318652868270874e-02
5.952363461256027222e-02
1.156404852867126465e+00
3.653130307793617249e-02
3.213938325643539429e-03
1.020011492073535919e-03
3.361975029110908508e-02
2.208548970520496368e-02
4.231299459934234619e-02
3.105712175369262695e+00
1.338363885879516602e-01
3.962356746196746826e-01
1.529349945485591888e-02
7.911963388323783875e-03
6.433275938034057617e-01
5.442661046981811523e-01
2.352882385253906250e+01
2.647157944738864899e-02
3.278942406177520752e-01
8.821892552077770233e-03
4.405927658081054688e-02
1.106303837150335312e-02
1.569848507642745972e-02
9.144652634859085083e-02
8.296123892068862915e-02
1.402834989130496979e-02
6.801433861255645752e-02
1.032574102282524109e-02
1.058371271938085556e-02
3.631518408656120300e-02
2.335792873054742813e-03
4.539568908512592316e-03
2.846346981823444366e-02
3.149507974740117788e-04
1.467725038528442383e-01
3.949944674968719482e-01
2.618071436882019043e-01
9.556870162487030029e-02
1.621978133916854858e-01
1.104803532361984253e-01
9.822709560394287109e-01
2.437067741993814707e-04
1.928466372191905975e-02
9.025488793849945068e-02
6.430282519431784749e-05
1.581832207739353180e-02
3.309955075383186340e-02
2.042083501815795898e+00
2.159783057868480682e-02
1.226892881095409393e-02
8.544700220227241516e-03
9.416586160659790039e-02
4.532508179545402527e-02
2.924585342407226562e-02
1.564308702945709229e-01
4.065833613276481628e-02
1.733313798904418945e+00
1.002888940274715424e-02
4.989425186067819595e-03
5.312544107437133789e-02
3.003705143928527832e-01
3.102497197687625885e-02
1.038952022790908813e-01
2.475858666002750397e-02
2.476123627275228500e-04
9.132202714681625366e-02
3.522141575813293457e-01
1.321968995034694672e-02
3.037632703781127930e-01
5.607214197516441345e-02
4.049441777169704437e-03
1.938530057668685913e-02
3.238107776269316673e-03
3.420713171362876892e-02
1.186026819050312042e-02
2.189690619707107544e-02
9.486508555710315704e-03
1.792042050510644913e-03
1.569554358720779419e-01
1.601534652709960938e+01
5.043056327849626541e-03
3.263342659920454025e-03
4.636269994080066681e-03
3.115048445761203766e-02
1.059402202372439206e-04
7.414752244949340820e-01
2.153912000358104706e-02
1.919066071510314941e+00
5.706573650240898132e-02
1.512912660837173462e-02
4.583997651934623718e-04
4.927274882793426514e-01
3.138362765312194824e-01
1.031270623207092285e-02
1.326838042587041855e-03
1.967842876911163330e-02
9.720888920128345490e-05
2.877290174365043640e-02
7.977311033755540848e-04
3.981926441192626953e+00
2.902790307998657227e-01
7.195966318249702454e-03
1.639880798757076263e-02
8.571998216211795807e-03
1.818670704960823059e-02
1.750966883264482021e-03
2.447428107261657715e-01
1.740221120417118073e-02
1.318357288837432861e-01
3.007004503160715103e-03
1.349282115697860718e-01
4.489908751565963030e-04
2.163720689713954926e-02
4.519810155034065247e-02
1.389722377061843872e-01
3.358155488967895508e-03
7.416058331727981567e-03
7.543606217950582504e-03
2.741307951509952545e-02
7.655911147594451904e-02
2.848406694829463959e-02
7.542493194341659546e-02
2.641064487397670746e-02
1.154706358909606934e+00
4.991892637917771935e-05
3.858879208564758301e-02
1.151501759886741638e-02
2.876195907592773438e-01
3.602957725524902344e+00
1.682885922491550446e-02
1.486586313694715500e-02
1.777556687593460083e-01
3.333550877869129181e-03
5.914883804507553577e-04
7.157614231109619141e-01
2.720006741583347321e-02
3.037798218429088593e-03
1.602327078580856323e-02
1.002139877527952194e-02
1.677050232887268066e+00
6.738136522471904755e-03
5.705018527805805206e-03
1.466947078704833984e+00
2.951677888631820679e-02
4.467389285564422607e-01
1.840291079133749008e-03
1.140528242103755474e-03
1.505357399582862854e-02
5.796354729682207108e-03
1.003423798829317093e-02
2.447638809680938721e-01
1.511789917945861816e+00
1.158372759819030762e-01
7.659635506570339203e-03
4.639425780624151230e-03
9.940031915903091431e-03
1.554029295220971107e-04
4.206897690892219543e-03
4.546729564666748047e+00
1.423596739768981934e+00
3.635227621998637915e-04
5.506047233939170837e-02
8.881447836756706238e-03
1.164058456197381020e-03
6.309599429368972778e-02
1.842388696968555450e-02
6.965812062844634056e-04
1.842210441827774048e-02
2.336513064801692963e-02
4.527535662055015564e-02
2.025782823562622070e+00
4.644320905208587646e-02
5.576549768447875977e-01
6.163776516914367676e-01
6.362967193126678467e-02
6.838930845260620117e-01
1.643739581108093262e+00
5.164761561900377274e-03
3.159837797284126282e-02
3.009258769452571869e-02
4.214780870825052261e-03
9.858509898185729980e-02
5.633803606033325195e-01
2.706330083310604095e-02
5.892307497560977936e-03
1.875601559877395630e-01
2.459307666867971420e-03
2.658575773239135742e-02
7.331853848882019520e-04
4.392994344234466553e-01
2.460677642375230789e-03
3.599333809688687325e-03
3.124701380729675293e-01
1.063667354173958302e-03
8.337697014212608337e-03
3.197268769145011902e-02
4.577357787638902664e-03
2.298066616058349609e-01
5.589319393038749695e-03
5.084536504000425339e-03
4.894948564469814301e-03
2.495908411219716072e-03
3.651128150522708893e-03
1.966079026460647583e-01
3.606635378673672676e-03
9.958899579942226410e-03
4.162958823144435883e-03
1.318942289799451828e-02
3.235340351238846779e-03
3.984167706221342087e-03
2.159822173416614532e-02
2.371890097856521606e-01
1.003395533189177513e-03
6.914125406183302402e-04
3.424833295866847038e-03
1.610831022262573242e+00
9.374999208375811577e-04
1.025655958801507950e-02
1.232584640383720398e-01
2.215223014354705811e-02
3.931112214922904968e-02
2.802306599915027618e-02
6.942178308963775635e-02
2.093059420585632324e-01
6.498279981315135956e-05
1.523360703140497208e-02
3.065780270844697952e-03
9.220794308930635452e-04
1.600616425275802612e-02
2.097619511187076569e-02
3.294705972075462341e-02
3.513307496905326843e-02
1.630311086773872375e-02
8.712955168448388577e-04
1.590754650533199310e-02
6.880972068756818771e-03
1.096549853682518005e-01
2.617704123258590698e-02
6.534746289253234863e-02
1.298850635066628456e-03
6.957269459962844849e-02
2.375104959355667233e-04
1.848488301038742065e-01
1.036599949002265930e-01
3.110904805362224579e-02
1.374524738639593124e-02
8.435539603233337402e-01
1.086048316210508347e-03
9.045453742146492004e-03
5.033077206462621689e-03
1.404393091797828674e-02
1.872665248811244965e-02
4.949184507131576538e-02
1.041929936036467552e-03
3.812485218048095703e+00
9.232634305953979492e-02
1.573850959539413452e-02
3.449542284011840820e+00
9.730162620544433594e+00
8.221328258514404297e-03
5.193235119804739952e-04
4.416559240780770779e-04
3.418809920549392700e-02
3.357005771249532700e-03
1.528992690145969391e-02
9.380534172058105469e+00
1.755966804921627045e-04
3.402971267700195312e+00
7.325364649295806885e-02
2.281547710299491882e-02
3.756028891075402498e-04
2.537347842007875443e-03
6.901633739471435547e+00
1.210157699584960938e+02
1.528840484619140625e+02
7.558157444000244141e-01
4.391436767578125000e+01
2.260829210281372070e+00
5.540442504882812500e+02
9.795182228088378906e+00
9.612890625000000000e+01
8.825798034667968750e+00
2.584056396484375000e+02
1.598532772064208984e+01
9.991235351562500000e+01
5.608161091804504395e-01
1.830848121643066406e+01
1.225974884033203125e+02
1.203629302978515625e+02
1.610386657714843750e+02
1.359660797119140625e+02
7.882568836212158203e+00
9.378595733642578125e+01
4.259669780731201172e+00
7.366395950317382812e+00
6.006443786621093750e+01
2.370361804962158203e+00
4.489687085151672363e-01
2.874262695312500000e+02
6.507745361328125000e+02
1.641006713867187500e+03
4.151198730468750000e+02
1.069643974304199219e+01
4.402004241943359375e+00
1.605298995971679688e+01
3.264708251953125000e+02
1.494926452636718750e+01
1.577158546447753906e+01
9.784107804298400879e-01
6.103779375553131104e-02
5.317323684692382812e+00
1.426477355957031250e+02
1.123968017578125000e+03
1.689445304870605469e+01
9.155620932579040527e-01
3.782480468750000000e+02
3.892967224121093750e+01
1.061466979980468750e+02
9.975425720214843750e+01
1.829250717163085938e+01
7.913634777069091797e-01
9.181348876953125000e+02
3.028498840332031250e+02
4.117573165893554688e+01
1.441365337371826172e+01
1.930732345581054688e+01
4.969622135162353516e+00
9.202375411987304688e+00
4.562464237213134766e+00
3.938324451446533203e-01
1.668176269531250000e+01
1.719061767578125000e+03
5.697714843750000000e+02
4.695061645507812500e+02
1.314482784271240234e+01
5.572402954101562500e+01
3.897144794464111328e+00
9.248409271240234375e+01
5.272969436645507812e+01
3.468183593750000000e+03
2.141150970458984375e+02
7.179994964599609375e+01
6.163481622934341431e-02
3.757358703613281250e+02
2.341537475585937500e+00
2.305029754638671875e+02
8.775213241577148438e+00
1.114836406707763672e+01
1.400132417678833008e+00
8.521648406982421875e+00
3.324277954101562500e+02
2.310907554626464844e+01
3.063404464721679688e+01
6.650885581970214844e+00
8.842262268066406250e+00
3.135277366638183594e+01
5.710696220397949219e+00
2.672033119201660156e+01
1.311203390359878540e-01
1.425010108947753906e+01
2.576411628723144531e+01
2.356283426284790039e+00
2.005947875976562500e+01
4.548844909667968750e+01
4.574085235595703125e+01
1.566355705261230469e+01
5.800381088256835938e+01
6.184542236328125000e+02
2.343446969985961914e+00
5.393615722656250000e+02
4.173844158649444580e-01
5.352625122070312500e+02
2.585337400436401367e+00
1.928512573242187500e+01
4.237647056579589844e+00
9.666780853271484375e+01
4.714509582519531250e+01
1.155819168090820312e+02
2.041316986083984375e+00
4.874099609375000000e+03
4.607619934082031250e+02
1.303420782089233398e+00
9.932181239128112793e-01
1.381285888671875000e+03
1.495942993164062500e+02
1.435477375984191895e+00
3.922085952758789062e+01
1.112826461791992188e+02
1.485103607177734375e+02
1.741074943542480469e+01
1.139621658325195312e+02
8.742112159729003906e+00
2.873724060058593750e+02
4.904327636718750000e+03
5.749769897460937500e+02
1.312662048339843750e+02
5.093507766723632812e+00
4.289876098632812500e+02
3.584928894042968750e+01
2.834239959716796875e+00
6.873817749023437500e+02
1.019417953491210938e+02
5.971922607421875000e+02
3.558133697509765625e+01
5.465437769889831543e-01
4.145145797729492188e+01
1.855924487113952637e+00
2.691630840301513672e+00
6.456890106201171875e-01
9.310338134765625000e+02
6.000080566406250000e+02
2.671128540039062500e+02
4.247721862792968750e+01
2.569492101669311523e+00
5.780427246093750000e+02
2.623554420471191406e+01
8.443775634765625000e+02
4.987823486328125000e+01
8.344157714843750000e+02
1.641375184059143066e+00
9.857276916503906250e+01
2.601864746093750000e+03
5.941970944404602051e-01
1.011796447753906250e+03
2.350321388244628906e+01
4.013565480709075928e-01
1.070314178466796875e+02
4.631002044677734375e+01
2.012431621551513672e+00
7.685161232948303223e-01
8.237407684326171875e+00
3.569317579269409180e+00
1.114201171875000000e+03
1.367329559326171875e+02
2.006980743408203125e+02
5.809770584106445312e+01
2.391679840087890625e+02
9.738854980468750000e+01
1.151120376586914062e+02
3.139456481933593750e+02
2.347909179687500000e+03
1.658619308471679688e+01
1.012806892395019531e+01
2.007506347656250000e+03
3.141091585159301758e+00
6.996704101562500000e+00
5.202540893554687500e+02
2.253597259521484375e+01
1.040489196777343750e+01
7.965213775634765625e+01
3.606489419937133789e+00
2.298320007324218750e+01
2.204057884216308594e+01
3.853420257568359375e+01
3.847795410156250000e+02
7.140491008758544922e+00
2.247139648437500000e+04
4.811429500579833984e+00
5.365456342697143555e-01
3.094755172729492188e+01
9.561775512695312500e+02
6.781238555908203125e+01
6.162426471710205078e+00
5.256542358398437500e+02
9.889660835266113281e+00
6.911463165283203125e+01
2.277319488525390625e+02
1.440024733543395996e+00
1.355340118408203125e+02
1.162806630134582520e+00
1.458860683441162109e+01
3.663267374038696289e+00
2.606113433837890625e+01
1.557190227508544922e+01
6.687893390655517578e+00
3.850182342529296875e+01
5.131717300415039062e+01
1.205205559730529785e+00
1.015040893554687500e+02
6.490802612304687500e+02
7.330335617065429688e+00
5.801249694824218750e+01
8.917154312133789062e+00
6.558128356933593750e+00
1.005240917205810547e+00
5.104097167968750000e+03
1.694095230102539062e+01
5.511428833007812500e+02
2.268387794494628906e+00
2.199900512695312500e+02
1.941070556640625000e+00
1.908485412597656250e+02
4.408924316406250000e+03
2.257788926362991333e-01
1.880421996116638184e+00
1.425685791015625000e+03
3.468129873275756836e+00
1.158770385742187500e+03
3.759185552597045898e+00
4.018147659301757812e+01
1.208849906921386719e+01
1.315399742126464844e+01
4.747832193970680237e-02
1.027674484252929688e+01
3.530261516571044922e+00
6.050093383789062500e+02
8.503032684326171875e+01
1.375736618041992188e+01
5.467250823974609375e+00
2.044265556335449219e+01
2.067136192321777344e+01
2.043477296829223633e+00
4.434992065429687500e+02
1.511143493652343750e+02
1.116260910034179688e+01
2.352730941772460938e+01
1.401704559326171875e+02
1.033331832885742188e+02
1.586211700439453125e+02
6.915044784545898438e-01
9.325053710937500000e+03
1.235916423797607422e+01
5.964372253417968750e+01
2.406763267517089844e+01
6.816066503524780273e-01
1.085075317382812500e+03
1.294273376464843750e+02
1.077780842781066895e+00
1.291969116210937500e+03
6.987943267822265625e+01
9.046720504760742188e+00
4.643120605468750000e+03
6.459484863281250000e+01
7.618682098388671875e+01
4.544608306884765625e+01
1.118369995117187500e+03
2.668811645507812500e+02
2.941464538574218750e+02
3.844938659667968750e+01
2.930360107421875000e+03
6.760557889938354492e-01
1.911657142639160156e+01
4.383920898437500000e+02
1.036907005310058594e+01
5.224474487304687500e+02
9.567043185234069824e-01
1.216134548187255859e+00
6.785676574707031250e+01
3.673427581787109375e+00
1.120327472686767578e+01
1.968471984863281250e+02
1.078061103820800781e+00
1.790803718566894531e+01
6.855188369750976562e+00
4.275061607360839844e+00
3.544353866577148438e+01
1.172959804534912109e+00
1.332631826400756836e+00
3.626846313476562500e+02
1.174445068359375000e+03
4.023343563079833984e+00
1.639842834472656250e+02
1.360731601715087891e+01
9.690373420715332031e+00
2.348786132812500000e+03
3.812528848648071289e+00
3.028989868164062500e+02
4.240034103393554688e+01
3.387985229492187500e+01
1.285750854492187500e+03
3.587791824340820312e+01
2.081042022705078125e+02
8.929025878906250000e+02
1.616842956542968750e+02
4.774516677856445312e+01
2.763338317871093750e+02
4.087574768066406250e+01
1.997865676879882812e+00
4.297809982299804688e+01
1.914554405212402344e+01
6.489545822143554688e+00
1.145187377929687500e+03
5.234029541015625000e+02
9.132171630859375000e+02
2.498646392822265625e+02
1.511636447906494141e+01
2.957291841506958008e+00
6.347596645355224609e-01
3.961146545410156250e+01
1.152406024932861328e+01
8.728345870971679688e+00
1.152166962623596191e+00
1.341771030426025391e+01
6.447433233261108398e-01
1.236031112670898438e+02
4.980415725708007812e+01
9.196745300292968750e+01
1.046131744384765625e+02
2.416132926940917969e+01
9.026040649414062500e+01
1.275642490386962891e+01
8.883424758911132812e+00
2.344623357057571411e-01
7.898101074218750000e+03
2.590733642578125000e+03
1.991982421875000000e+02
1.343402557373046875e+02
1.337591094970703125e+02
1.003333984375000000e+03
2.384294319152832031e+01
3.782612991333007812e+01
1.907141685485839844e+01
3.189007043838500977e+00
7.619223785400390625e+01
1.360134277343750000e+03
8.777642822265625000e+01
9.137467384338378906e+00
8.830657958984375000e+00
1.923791351318359375e+02
4.734652404785156250e+02
1.093797378540039062e+02
1.334784698486328125e+01
1.460699748992919922e+01
9.436608850955963135e-02
1.076559200882911682e-01
3.804564285278320312e+01
3.489616775512695312e+01
4.516583442687988281e+00
2.140675735473632812e+01
2.737264404296875000e+02
4.923060989379882812e+01
1.376178894042968750e+02
1.084407234191894531e+01
2.009542703628540039e+00
1.261723232269287109e+01
4.881486129760742188e+01
1.419359863281250000e+03
2.348712921142578125e+00
1.462007293701171875e+02
1.094312310218811035e+00
3.557430267333984375e+00
2.101976871490478516e-01
1.017812442779541016e+01
4.505828125000000000e+03
2.088618359375000000e+04
7.568715095520019531e+00
1.274094467163085938e+02
7.622868347167968750e+01
5.087372303009033203e+00
1.853351898193359375e+02
5.640143432617187500e+02
8.211774826049804688e+00
6.209099292755126953e+00
3.163492918014526367e+00
7.905704498291015625e+01
2.860496902465820312e+01
2.237655258178710938e+01
3.046707153320312500e+02
6.736547241210937500e+02
5.097067832946777344e+00
5.061212062835693359e+00
3.528112173080444336e+00
3.072624206542968750e+02
1.027765369415283203e+01
2.654432487487792969e+01
4.369591369628906250e+02
1.674627494812011719e+01
8.509765625000000000e+02
9.222827758789062500e+02
2.250167541503906250e+02
1.696961164474487305e+00
2.223283767700195312e+01
