3.131363913416862488e-02
1.224006861448287964e-01
5.800220184028148651e-03
1.958873122930526733e-03
3.460338339209556580e-02
5.069154262542724609e+00
1.546777691692113876e-02
1.970291603356599808e-03
5.892324261367321014e-03
4.845881164073944092e-01
9.390641003847122192e-03
3.023596107959747314e-02
4.403594136238098145e-02
2.092699334025382996e-02
2.280870685353875160e-03
1.473157666623592377e-02
1.825988991186022758e-03
8.405923843383789062e-03
1.917669363319873810e-02
7.105561089701950550e-04
5.091045796871185303e-02
2.452538348734378815e-02
1.464712023735046387e-01
2.158540859818458557e-02
1.250543594360351562e+00
9.922717697918415070e-03
4.378889501094818115e-02
4.854861274361610413e-02
8.433405309915542603e-02
5.918576717376708984e-01
5.696048610843718052e-04
1.682687579886987805e-04
6.352840922772884369e-03
3.297464177012443542e-02
3.019944205880165100e-02
1.034762058407068253e-02
4.803177434951066971e-03
4.192123305983841419e-04
6.204310804605484009e-03
5.778359249234199524e-03
1.784707158803939819e-01
9.854716807603836060e-02
3.316848305985331535e-03
9.701266288757324219e+00
1.212288439273834229e-01
1.268580555915832520e-01
6.573635619133710861e-03
3.609442412853240967e-01
2.311770105734467506e-03
2.216979861259460449e-02
1.694637089967727661e-01
4.526551440358161926e-02
1.073684692382812500e-01
3.616140410304069519e-02
7.537903147749602795e-04
2.276141196489334106e-03
4.995647817850112915e-03
1.200610026717185974e-02
2.038003131747245789e-02
7.283442974090576172e+00
1.520583312958478928e-02
9.806917190551757812e+00
1.330109219998121262e-02
3.054859116673469543e-03
8.849848061800003052e-02
2.595099061727523804e-02
1.777125895023345947e-01
1.373794116079807281e-02
6.472653746604919434e-01
5.893416404724121094e-01
1.203182036988437176e-04
1.319916009902954102e+00
1.426381873898208141e-03
7.403028756380081177e-02
8.540702611207962036e-02
2.269386313855648041e-02
5.713270045816898346e-03
4.339670389890670776e-02
2.097956277430057526e-02
1.552148349583148956e-02
1.125012636184692383e-01
1.399696618318557739e-02
1.980547606945037842e-02
1.829622488003224134e-04
2.203409792855381966e-03
1.618909533135592937e-03
4.542964234133251011e-05
2.237252332270145416e-02
4.942655563354492188e-01
6.866069161333143711e-04
7.897285744547843933e-03
8.374210447072982788e-03
1.809354755096137524e-03
5.456606671214103699e-02
1.182141131721436977e-03
7.947310209274291992e-01
3.758571445941925049e-01
7.042390108108520508e-02
1.333038904704153538e-03
7.908289879560470581e-02
1.804489374160766602e+00
3.394697606563568115e-02
1.605732832103967667e-03
2.074394002556800842e-02
1.425735931843519211e-02
5.325571894645690918e-01
7.325536012649536133e-02
1.323111727833747864e-02
3.012976050376892090e-02
1.325586587190628052e-01
8.578902482986450195e-02
3.187532424926757812e-01
5.006576329469680786e-02
6.933335214853286743e-02
1.217983290553092957e-02
4.457784816622734070e-02
3.959313407540321350e-02
9.508854709565639496e-03
2.694949973374605179e-03
4.668313637375831604e-02
1.102174632251262665e-03
1.067640399932861328e+01
4.022988677024841309e-01
4.571361541748046875e-01
1.937870110850781202e-04
1.624930799007415771e-01
1.566330529749393463e-02
4.328556533437222242e-04
6.856308132410049438e-02
4.743716120719909668e-02
8.488058447837829590e-01
2.250126004219055176e-02
3.146081231534481049e-03
1.376947970129549503e-03
4.293742403388023376e-02
1.202422752976417542e-02
3.102952055633068085e-02
1.595656752586364746e+00
1.787954270839691162e-01
4.997227191925048828e-01
1.185622531920671463e-02
6.509848404675722122e-03
8.704943060874938965e-01
8.277364373207092285e-01
2.766306495666503906e+01
3.047261200845241547e-02
1.973740458488464355e-01
1.168217230588197708e-02
5.906848981976509094e-02
9.564428590238094330e-03
1.327409502118825912e-02
7.769698649644851685e-02
1.514703631401062012e-01
2.230750024318695068e-02
1.437048166990280151e-01
1.169032510370016098e-02
1.742004603147506714e-02
3.270377591252326965e-02
1.562303979881107807e-03
5.857263226062059402e-03
4.662178084254264832e-02
4.825030919164419174e-04
9.854519367218017578e-02
3.171032965183258057e-01
3.601008057594299316e-01
1.578439772129058838e-01
1.163313910365104675e-01
1.894514709711074829e-01
1.138986706733703613e+00
5.717646563425660133e-04
2.447089366614818573e-02
1.288070529699325562e-01
9.792319906409829855e-05
7.712903898209333420e-03
4.157084226608276367e-02
1.962591409683227539e+00
2.263527736067771912e-02
1.240026950836181641e-02
1.067882310599088669e-02
1.232831254601478577e-01
3.722642362117767334e-02
3.989710658788681030e-02
1.576563268899917603e-01
5.374310538172721863e-02
1.705807805061340332e+00
1.429629232734441757e-02
6.186605896800756454e-03
4.357074946165084839e-02
4.683986008167266846e-01
3.446375951170921326e-02
2.361297607421875000e-01
3.113163262605667114e-02
1.794795680325478315e-04
1.338352411985397339e-01
2.117285430431365967e-01
2.551596798002719879e-02
3.666974902153015137e-01
5.700246617197990417e-02
4.704324994236230850e-03
3.013522922992706299e-02
2.821813104674220085e-03
4.764731973409652710e-02
1.408331561833620071e-02
2.916275896131992340e-02
5.328045692294836044e-03
3.558109281584620476e-03
1.348238587379455566e-01
1.287983417510986328e+01
3.683076938614249229e-03
2.248129574581980705e-03
4.246798809617757797e-03
3.203405812382698059e-02
1.166146248579025269e-04
1.246016502380371094e+00
2.789616398513317108e-02
2.204200506210327148e+00
1.375426948070526123e-01
2.922507561743259430e-02
4.130367306061089039e-04
3.587442636489868164e-01
3.837552070617675781e-01
4.916783887892961502e-03
2.368478802964091301e-03
2.290550619363784790e-02
7.248864130815491080e-05
5.686394497752189636e-02
1.353457919321954250e-03
3.089230537414550781e+00
2.540238499641418457e-01
8.117697201669216156e-03
1.472803018987178802e-02
1.156731508672237396e-02
2.063979767262935638e-02
2.591254655271768570e-03
1.492585837841033936e-01
1.656098477542400360e-02
8.464092016220092773e-02
3.018082818016409874e-03
2.509251534938812256e-01
3.504680062178522348e-04
6.546891480684280396e-02
2.783596515655517578e-02
1.576708853244781494e-01
3.554950002580881119e-03
1.440446265041828156e-02
1.122292596846818924e-02
4.101854190230369568e-02
8.023288100957870483e-02
3.557794913649559021e-02
5.195268988609313965e-02
2.826059609651565552e-02
7.949921488761901855e-01
8.174325921572744846e-05
6.745386123657226562e-02
1.510528102517127991e-02
2.589510679244995117e-01
2.809617519378662109e+00
3.148453310132026672e-02
1.103035360574722290e-02
1.050192043185234070e-01
6.608436349779367447e-03
7.449014810845255852e-04
1.038062214851379395e+00
3.226692602038383484e-02
4.561910871416330338e-03
2.904059551656246185e-02
1.391127798706293106e-02
1.398571491241455078e+00
4.933980293571949005e-03
5.725796334445476532e-03
1.733610630035400391e+00
2.897233143448829651e-02
4.386066794395446777e-01
2.329392824321985245e-03
1.124877599067986012e-03
9.744423441588878632e-03
8.748696185648441315e-03
9.595985524356365204e-03
3.484484255313873291e-01
9.880053997039794922e-01
1.517054140567779541e-01
1.218345109373331070e-02
6.222442723810672760e-03
1.023668330162763596e-02
1.506545813754200935e-04
5.894592031836509705e-03
4.480409145355224609e+00
1.374346852302551270e+00
4.646550223696976900e-04
6.343728303909301758e-02
9.077670052647590637e-03
2.176136476919054985e-03
1.058307960629463196e-01
2.787698246538639069e-02
6.867676856927573681e-04
1.125244610011577606e-02
2.867164090275764465e-02
3.413752093911170959e-02
2.110135555267333984e+00
4.183841124176979065e-02
1.041995286941528320e+00
4.656833708286285400e-01
7.448242604732513428e-02
7.627347707748413086e-01
1.540064454078674316e+00
1.140254270285367966e-02
1.878022029995918274e-02
7.341244071722030640e-02
7.815048098564147949e-03
1.267007738351821899e-01
7.474600672721862793e-01
5.467250943183898926e-02
1.171349827200174332e-02
3.676053583621978760e-01
4.382621962577104568e-03
2.885046973824501038e-02
1.200855593197047710e-03
4.508187174797058105e-01
2.446362515911459923e-03
6.353219971060752869e-03
2.669592797756195068e-01
1.068067154847085476e-03
1.108916010707616806e-02
4.533991217613220215e-02
3.606100566685199738e-03
4.892716407775878906e-01
3.875769907608628273e-03
4.880668595433235168e-03
7.414849009364843369e-03
2.170195803046226501e-03
2.270562807098031044e-03
2.320719063282012939e-01
5.918774753808975220e-03
1.448817923665046692e-02
8.607386611402034760e-03
7.884387858211994171e-03
4.877272062003612518e-03
5.118505563586950302e-03
1.681651361286640167e-02
1.684156954288482666e-01
2.052703173831105232e-03
5.215393612161278725e-04
3.762934124097228050e-03
1.706965565681457520e+00
1.070901635102927685e-03
1.167816296219825745e-02
1.724867522716522217e-01
4.413498565554618835e-02
3.427576273679733276e-02
3.604152798652648926e-02
1.065574884414672852e-01
1.489856690168380737e-01
8.791811706032603979e-05
1.636184751987457275e-02
3.823606297373771667e-03
2.471394836902618408e-03
1.664272136986255646e-02
2.202668786048889160e-02
3.357472643256187439e-02
4.808519408106803894e-02
2.267497777938842773e-02
8.788526174612343311e-04
1.858228445053100586e-02
9.300672449171543121e-03
1.677478402853012085e-01
1.351124327629804611e-02
8.293837308883666992e-02
1.237351214513182640e-03
1.101250350475311279e-01
3.028280334547162056e-04
1.123755574226379395e-01
1.055806130170822144e-01
7.847585529088973999e-02
1.794712804257869720e-02
8.504998087882995605e-01
2.187335630878806114e-03
9.743159636855125427e-03
4.901388194411993027e-03
1.179686561226844788e-02
2.109545096755027771e-02
5.270273983478546143e-02
1.383517519570887089e-03
2.705416440963745117e+00
9.130946546792984009e-02
1.710053533315658569e-02
4.399859428405761719e+00
9.179124832153320312e+00
8.473811671137809753e-03
8.961505373008549213e-04
6.457673152908682823e-04
3.222231566905975342e-02
6.448017898947000504e-03
2.682373858988285065e-02
4.655024051666259766e+00
1.468661794206127524e-04
3.597683906555175781e+00
1.087967976927757263e-01
1.645151153206825256e-02
5.833598552271723747e-04
4.203406628221273422e-03
1.286921977996826172e+01
8.090871429443359375e+01
1.054639358520507812e+02
6.245108842849731445e-01
3.762401962280273438e+01
1.709873199462890625e+00
3.631908569335937500e+02
9.007061004638671875e+00
8.496863555908203125e+01
1.251680278778076172e+01
1.399714050292968750e+02
1.986985397338867188e+01
5.175836944580078125e+01
5.438165664672851562e-01
1.228931522369384766e+01
1.306468048095703125e+02
7.297245025634765625e+01
1.926408386230468750e+02
1.054660491943359375e+02
7.781595230102539062e+00
3.994639205932617188e+01
4.518365383148193359e+00
6.909780502319335938e+00
3.891028976440429688e+01
2.535984754562377930e+00
5.052052140235900879e-01
1.577550048828125000e+02
5.981415405273437500e+02
9.772893676757812500e+02
2.836850891113281250e+02
6.864710330963134766e+00
3.847166061401367188e+00
7.400727748870849609e+00
3.394433898925781250e+02
8.655324935913085938e+00
7.688181400299072266e+00
4.965058565139770508e-01
5.710666626691818237e-02
3.153962135314941406e+00
1.352908477783203125e+02
1.010368408203125000e+03
2.398121643066406250e+01
9.801046848297119141e-01
4.955614318847656250e+02
1.721926498413085938e+01
1.563643493652343750e+02
8.994204711914062500e+01
1.065351390838623047e+01
6.716960668563842773e-01
7.050747680664062500e+02
2.339989318847656250e+02
2.703951072692871094e+01
1.315894126892089844e+01
2.462538337707519531e+01
4.024604797363281250e+00
8.235716819763183594e+00
5.794568538665771484e+00
3.810126781463623047e-01
1.518412303924560547e+01
9.169111328125000000e+02
2.767968444824218750e+02
5.023408203125000000e+02
6.223505973815917969e+00
4.222144317626953125e+01
4.615396976470947266e+00
2.987021446228027344e+01
5.961560440063476562e+01
1.943141967773437500e+03
2.772460937500000000e+02
4.199084091186523438e+01
5.695677921175956726e-02
1.237681350708007812e+02
1.085707426071166992e+00
1.829684753417968750e+02
8.138485908508300781e+00
8.762992858886718750e+00
9.154801964759826660e-01
9.910313606262207031e+00
2.231378479003906250e+02
4.059899902343750000e+01
2.845269203186035156e+01
4.571925163269042969e+00
8.534124374389648438e+00
3.107392120361328125e+01
6.170355796813964844e+00
2.513819313049316406e+01
8.753105252981185913e-02
9.465695381164550781e+00
1.354102706909179688e+01
3.551512479782104492e+00
1.031655120849609375e+01
4.114257049560546875e+01
4.765089416503906250e+01
1.534982967376708984e+01
9.570999145507812500e+01
1.864878997802734375e+02
3.540263175964355469e+00
5.485477294921875000e+02
6.562356352806091309e-01
2.633619384765625000e+02
1.996556162834167480e+00
2.378170204162597656e+01
3.112246274948120117e+00
1.269790725708007812e+02
3.784258270263671875e+01
9.865684509277343750e+01
2.492317676544189453e+00
2.628278808593750000e+03
3.444573974609375000e+02
8.836829662322998047e-01
4.030061960220336914e-01
7.834317016601562500e+02
1.810872344970703125e+02
1.076744079589843750e+00
3.142824363708496094e+01
9.951913452148437500e+01
7.481537628173828125e+01
1.521475219726562500e+01
6.522595214843750000e+01
1.208152008056640625e+01
1.639363555908203125e+02
5.232153320312500000e+03
2.890742797851562500e+02
1.403217163085937500e+02
3.147531509399414062e+00
1.974571380615234375e+02
2.577984619140625000e+01
2.484431505203247070e+00
6.546553344726562500e+02
9.919058227539062500e+01
3.163786926269531250e+02
2.335679054260253906e+01
2.943170070648193359e-01
1.969305229187011719e+01
2.033633708953857422e+00
2.181168794631958008e+00
1.175331592559814453e+00
2.994096679687500000e+02
5.562854003906250000e+02
2.988338623046875000e+02
2.669919395446777344e+01
1.961367130279541016e+00
5.060907592773437500e+02
2.467158126831054688e+01
7.756240234375000000e+02
3.234137725830078125e+01
3.681936035156250000e+02
1.653437972068786621e+00
4.347829437255859375e+01
1.567036743164062500e+03
4.791096746921539307e-01
4.836865234375000000e+02
3.892539596557617188e+01
3.894514143466949463e-01
1.352779998779296875e+02
2.464641189575195312e+01
1.691331505775451660e+00
6.325336098670959473e-01
5.646449089050292969e+00
2.494331598281860352e+00
9.147630004882812500e+02
1.329256591796875000e+02
1.591043853759765625e+02
4.376866912841796875e+01
2.129128112792968750e+02
6.753516387939453125e+01
5.479388809204101562e+01
2.996506042480468750e+02
7.894888916015625000e+02
8.985780715942382812e+00
9.731995582580566406e+00
1.361737792968750000e+03
1.420781970024108887e+00
5.797276973724365234e+00
3.324073486328125000e+02
2.278856468200683594e+01
9.386451721191406250e+00
5.842443847656250000e+01
2.191761732101440430e+00
1.926330757141113281e+01
9.255006790161132812e+00
2.360722160339355469e+01
3.835203857421875000e+02
5.045644283294677734e+00
2.368383203125000000e+04
4.589760303497314453e+00
4.627109467983245850e-01
2.156610488891601562e+01
4.549685363769531250e+02
4.856219863891601562e+01
3.645416498184204102e+00
2.623829650878906250e+02
7.169690132141113281e+00
5.346409606933593750e+01
1.233115921020507812e+02
1.683765411376953125e+00
7.857946777343750000e+01
1.228832960128784180e+00
5.223568916320800781e+00
3.100214481353759766e+00
1.353504943847656250e+01
9.265290260314941406e+00
6.681133747100830078e+00
4.929477310180664062e+01
5.506616210937500000e+01
7.461407780647277832e-01
4.826663208007812500e+01
4.566436157226562500e+02
5.002040386199951172e+00
3.352483367919921875e+01
7.484498977661132812e+00
2.915128707885742188e+00
1.041259407997131348e+00
4.137213867187500000e+03
1.525767135620117188e+01
3.665417175292968750e+02
3.912919998168945312e+00
3.161686096191406250e+02
1.062606334686279297e+00
1.729627380371093750e+02
2.819184326171875000e+03
1.171960011124610901e-01
1.570274114608764648e+00
6.533029174804687500e+02
2.840679645538330078e+00
8.540094604492187500e+02
3.168160676956176758e+00
2.230537986755371094e+01
7.097687244415283203e+00
1.249037837982177734e+01
8.709640800952911377e-02
1.036052227020263672e+01
2.129278421401977539e+00
4.152899475097656250e+02
4.409724044799804688e+01
1.769410324096679688e+01
4.251870155334472656e+00
1.869619369506835938e+01
1.778018188476562500e+01
1.411335706710815430e+00
3.988504028320312500e+02
9.868465423583984375e+01
1.321668148040771484e+01
2.094706153869628906e+01
1.648829040527343750e+02
7.854100036621093750e+01
2.206666412353515625e+02
5.715479850769042969e-01
5.180234863281250000e+03
7.155871391296386719e+00
5.887266921997070312e+01
2.808230018615722656e+01
7.837087512016296387e-01
5.320161132812500000e+02
1.037817001342773438e+02
8.655215501785278320e-01
5.501141357421875000e+02
5.826416015625000000e+01
4.908851146697998047e+00
2.157634521484375000e+03
8.727439117431640625e+01
5.888022232055664062e+01
4.698802947998046875e+01
5.163267822265625000e+02
1.698004608154296875e+02
1.218950195312500000e+02
3.175299644470214844e+01
8.866254882812500000e+02
3.491548001766204834e-01
1.198119258880615234e+01
4.754874572753906250e+02
1.188494396209716797e+01
3.313415527343750000e+02
1.108316898345947266e+00
4.799433350563049316e-01
3.868512344360351562e+01
4.231659889221191406e+00
5.741569519042968750e+00
8.781871032714843750e+01
7.164103984832763672e-01
1.415852260589599609e+01
3.534249067306518555e+00
4.939532756805419922e+00
3.001000213623046875e+01
1.085002064704895020e+00
1.169444203376770020e+00
4.684247436523437500e+02
1.490490356445312500e+03
2.053493738174438477e+00
1.546473236083984375e+02
1.499388313293457031e+01
8.097090721130371094e+00
2.414135009765625000e+03
4.425493240356445312e+00
1.254385147094726562e+02
2.131044769287109375e+01
2.891228675842285156e+01
7.734125366210937500e+02
2.078632545471191406e+01
1.143197555541992188e+02
5.991369018554687500e+02
1.141111068725585938e+02
3.829108047485351562e+01
3.020553894042968750e+02
3.563900756835937500e+01
2.378973007202148438e+00
5.308378982543945312e+01
1.974345207214355469e+01
1.343338203430175781e+01
1.160590332031250000e+03
5.925790405273437500e+02
5.678346557617187500e+02
4.302749938964843750e+02
9.884521484375000000e+00
4.110160350799560547e+00
8.070135116577148438e-01
3.358986282348632812e+01
1.170698070526123047e+01
8.273207664489746094e+00
1.484821796417236328e+00
5.282761096954345703e+00
7.695264816284179688e-01
1.386669464111328125e+02
3.413589477539062500e+01
5.303366851806640625e+01
1.512450408935546875e+02
1.324179458618164062e+01
5.627873992919921875e+01
1.368670654296875000e+01
7.665195465087890625e+00
2.275714278221130371e-01
5.942403320312500000e+03
1.315755859375000000e+03
9.363965606689453125e+01
1.733697357177734375e+02
6.687419128417968750e+01
5.648718261718750000e+02
3.006959724426269531e+01
1.423493957519531250e+01
2.547386550903320312e+01
2.014475107192993164e+00
5.546569442749023438e+01
8.857355346679687500e+02
6.198722457885742188e+01
9.503735542297363281e+00
4.875792503356933594e+00
1.295885772705078125e+02
6.909291381835937500e+02
7.147867584228515625e+01
1.698238945007324219e+01
1.793291664123535156e+01
9.032965451478958130e-02
1.179178804159164429e-01
2.960494995117187500e+01
1.481580066680908203e+01
4.304674625396728516e+00
9.943668365478515625e+00
1.768233795166015625e+02
3.874203491210937500e+01
7.980340576171875000e+01
4.888479232788085938e+00
1.967819571495056152e+00
5.419380187988281250e+00
2.293778038024902344e+01
1.251657104492187500e+03
1.759257912635803223e+00
7.779909515380859375e+01
7.844092845916748047e-01
4.675201892852783203e+00
2.197041064500808716e-01
1.495418739318847656e+01
3.622475585937500000e+03
2.416159765625000000e+04
4.149507045745849609e+00
1.207686386108398438e+02
4.795059967041015625e+01
4.868975639343261719e+00
1.378882446289062500e+02
4.501421203613281250e+02
4.541145324707031250e+00
4.281267642974853516e+00
9.543038368225097656e+00
6.623658752441406250e+01
1.955766868591308594e+01
8.363091468811035156e+00
2.967838745117187500e+02
6.021760864257812500e+02
6.826783657073974609e+00
3.655378103256225586e+00
3.835035800933837891e+00
2.156849670410156250e+02
5.833241939544677734e+00
1.752690124511718750e+01
2.346970062255859375e+02
1.372084236145019531e+01
5.386496582031250000e+02
9.028800048828125000e+02
1.360066070556640625e+02
1.526387572288513184e+00
2.829451751708984375e+01
