3.040814958512783051e-02
1.032257825136184692e-01
7.623609155416488647e-03
1.912393141537904739e-03
4.017394408583641052e-02
7.277478694915771484e+00
2.235941030085086823e-02
3.450391115620732307e-03
8.027117699384689331e-03
6.608440279960632324e-01
1.106115523725748062e-02
2.195519395172595978e-02
6.596208363771438599e-02
2.197051420807838440e-02
1.546083018183708191e-03
1.532770320773124695e-02
2.565783681347966194e-03
6.416998803615570068e-03
2.150756679475307465e-02
7.060256903059780598e-04
1.431303620338439941e-01
2.856349758803844452e-02
2.364181727170944214e-01
4.781189188361167908e-02
1.054392457008361816e+00
1.509985048323869705e-02
8.444964885711669922e-02
4.574485123157501221e-02
1.115223690867424011e-01
1.094297647476196289e+00
6.590278935618698597e-04
1.443924556951969862e-04
7.651929277926683426e-03
3.203108534216880798e-02
5.571545660495758057e-02
1.049908157438039780e-02
7.214794401079416275e-03
5.900376709178090096e-04
8.424852043390274048e-03
7.691642269492149353e-03
2.531477212905883789e-01
1.180722713470458984e-01
2.760705072432756424e-03
1.489737129211425781e+01
1.985774338245391846e-01
1.348282694816589355e-01
7.067425176501274109e-03
4.811003506183624268e-01
4.687649663537740707e-03
2.057833224534988403e-02
1.623500138521194458e-01
5.891110748052597046e-02
1.245154589414596558e-01
5.213869735598564148e-02
6.224971148185431957e-04
2.664475003257393837e-03
5.069171544164419174e-03
1.223675999790430069e-02
3.272623941302299500e-02
8.970858573913574219e+00
1.614986546337604523e-02
1.562304973602294922e+01
1.745570823550224304e-02
3.397340187802910805e-03
1.379142552614212036e-01
3.227389231324195862e-02
1.797944456338882446e-01
1.451006811112165451e-02
7.815610170364379883e-01
8.091065883636474609e-01
1.492284936830401421e-04
1.570922136306762695e+00
1.042441232129931450e-03
3.649758547544479370e-02
1.136041805148124695e-01
4.286282137036323547e-02
7.289238274097442627e-03
5.320144072175025940e-02
4.542331025004386902e-02
1.425137091428041458e-02
1.048570573329925537e-01
2.341859228909015656e-02
2.269550226628780365e-02
2.949164481833577156e-04
3.847479354590177536e-03
2.260851440951228142e-03
3.827924228971824050e-05
4.703186824917793274e-02
7.647261619567871094e-01
1.161945052444934845e-03
9.953961707651615143e-03
1.183499302715063095e-02
1.522972132079303265e-03
1.196265593171119690e-01
6.629528943449258804e-04
7.913068532943725586e-01
5.345879793167114258e-01
1.116957813501358032e-01
1.814574236050248146e-03
7.597430050373077393e-02
2.697508096694946289e+00
5.653281137347221375e-02
1.443397253751754761e-03
2.486443333327770233e-02
1.931408047676086426e-02
4.696453511714935303e-01
8.492951840162277222e-02
1.853692904114723206e-02
4.116986691951751709e-02
1.805300265550613403e-01
1.439657211303710938e-01
4.227899014949798584e-01
6.746315956115722656e-02
8.882422745227813721e-02
1.827656291425228119e-02
4.212127998471260071e-02
5.736521631479263306e-02
9.132762439548969269e-03
4.264465533196926117e-03
6.032655388116836548e-02
1.070429803803563118e-03
1.387749671936035156e+01
8.097363114356994629e-01
4.332785010337829590e-01
1.778864534571766853e-04
1.971400231122970581e-01
1.935483142733573914e-02
6.395941600203514099e-04
8.718115091323852539e-02
6.361454725265502930e-02
1.525611639022827148e+00
4.274200648069381714e-02
2.999125747010111809e-03
1.862506847828626633e-03
6.199045479297637939e-02
2.195706218481063843e-02
4.276165738701820374e-02
3.611993789672851562e+00
2.304087728261947632e-01
4.418661892414093018e-01
2.298308722674846649e-02
1.240860391408205032e-02
1.086552858352661133e+00
8.058052659034729004e-01
3.543226623535156250e+01
3.173710778355598450e-02
2.536509335041046143e-01
1.088670827448368073e-02
6.833387911319732666e-02
1.193070039153099060e-02
1.797452569007873535e-02
8.990728110074996948e-02
1.547615677118301392e-01
2.417254634201526642e-02
1.059602648019790649e-01
1.662604138255119324e-02
2.092661894857883453e-02
5.121057853102684021e-02
2.139438176527619362e-03
7.460372056812047958e-03
5.559303611516952515e-02
4.163290141150355339e-04
1.762808859348297119e-01
3.820914328098297119e-01
4.327008724212646484e-01
1.416860967874526978e-01
1.618189215660095215e-01
1.842651665210723877e-01
1.414013504981994629e+00
4.147151776123791933e-04
2.359669655561447144e-02
1.604771018028259277e-01
1.001105774776078761e-04
1.188257709145545959e-02
3.962260857224464417e-02
2.585219621658325195e+00
3.296998143196105957e-02
1.052577886730432510e-02
1.379257161170244217e-02
1.266496777534484863e-01
5.428543314337730408e-02
3.872810676693916321e-02
2.038231343030929565e-01
4.376946017146110535e-02
1.900339007377624512e+00
1.610744372010231018e-02
6.023537367582321167e-03
7.589212805032730103e-02
4.059058427810668945e-01
3.840341046452522278e-02
1.982414871454238892e-01
3.518876433372497559e-02
3.042592143174260855e-04
1.551170349121093750e-01
4.351368248462677002e-01
2.129465527832508087e-02
3.376260697841644287e-01
8.266486227512359619e-02
3.998022060841321945e-03
3.104458749294281006e-02
3.715198719874024391e-03
3.867127001285552979e-02
2.053369954228401184e-02
2.737905643880367279e-02
1.062703598290681839e-02
3.735989099368453026e-03
1.923828572034835815e-01
1.853875160217285156e+01
5.850594490766525269e-03
3.876477945595979691e-03
5.993740167468786240e-03
4.317058995366096497e-02
1.454157463740557432e-04
9.468169212341308594e-01
3.536740317940711975e-02
2.452143907546997070e+00
9.743582457304000854e-02
1.870611123740673065e-02
5.685741780325770378e-04
4.732996225357055664e-01
4.572815299034118652e-01
1.214324031025171280e-02
2.316022524610161781e-03
2.169783413410186768e-02
1.163250562967732549e-04
5.346578732132911682e-02
1.384027651511132717e-03
4.369760990142822266e+00
3.746908903121948242e-01
8.428541012108325958e-03
1.963984966278076172e-02
1.491770707070827484e-02
4.388714209198951721e-02
2.652168041095137596e-03
2.213633656501770020e-01
2.328445762395858765e-02
1.605517119169235229e-01
5.198311991989612579e-03
2.001361995935440063e-01
4.811110557056963444e-04
5.915940925478935242e-02
6.917682290077209473e-02
1.727943271398544312e-01
4.276047460734844208e-03
1.330767106264829636e-02
1.009378209710121155e-02
3.859364986419677734e-02
1.122271493077278137e-01
3.912725299596786499e-02
1.128309592604637146e-01
2.892934158444404602e-02
1.235045313835144043e+00
7.179836393333971500e-05
6.727978587150573730e-02
1.978708803653717041e-02
3.622362315654754639e-01
3.938765048980712891e+00
1.934655383229255676e-02
1.430498622357845306e-02
1.629367470741271973e-01
4.010924603790044785e-03
7.656312081962823868e-04
1.563009977340698242e+00
3.247544169425964355e-02
4.738798830658197403e-03
2.488900534808635712e-02
1.907723024487495422e-02
1.805677175521850586e+00
9.876202791929244995e-03
7.353144697844982147e-03
2.609680175781250000e+00
3.890821710228919983e-02
7.626543641090393066e-01
3.005033591762185097e-03
1.596138696186244488e-03
1.848328672349452972e-02
8.904835209250450134e-03
1.180742960423231125e-02
4.248231053352355957e-01
1.445601820945739746e+00
1.756920367479324341e-01
1.531818974763154984e-02
8.882710710167884827e-03
9.721570648252964020e-03
2.832461614161729813e-04
5.395634565502405167e-03
6.379925727844238281e+00
1.656836748123168945e+00
5.938861286267638206e-04
6.660129129886627197e-02
1.127746701240539551e-02
1.447910326533019543e-03
8.794078975915908813e-02
2.498137950897216797e-02
9.512804099358618259e-04
2.464524097740650177e-02
3.221885859966278076e-02
6.852980703115463257e-02
2.726160287857055664e+00
4.457871988415718079e-02
7.136734127998352051e-01
9.242975711822509766e-01
8.644085377454757690e-02
1.029353857040405273e+00
1.956275105476379395e+00
9.020592086017131805e-03
3.964379429817199707e-02
5.830370262265205383e-02
7.651115301996469498e-03
1.311059147119522095e-01
6.915135383605957031e-01
4.475316405296325684e-02
8.742303587496280670e-03
3.424026370048522949e-01
4.466656129807233810e-03
3.214118629693984985e-02
7.722600712440907955e-04
5.519360303878784180e-01
3.256425494328141212e-03
5.691620521247386932e-03
3.728016316890716553e-01
1.188621507026255131e-03
1.074304897338151932e-02
3.584821149706840515e-02
6.290860474109649658e-03
3.678649365901947021e-01
6.464186124503612518e-03
4.652682691812515259e-03
8.512333966791629791e-03
2.837585052475333214e-03
4.031100776046514511e-03
2.841990590095520020e-01
5.356374662369489670e-03
1.591971144080162048e-02
9.127063676714897156e-03
1.291556842625141144e-02
4.325358662754297256e-03
4.820714239031076431e-03
2.984893135726451874e-02
2.967849671840667725e-01
2.189151244238018990e-03
8.374984608963131905e-04
5.800894927233457565e-03
2.113777875900268555e+00
1.125255832448601723e-03
1.225437596440315247e-02
1.812696009874343872e-01
3.867706656455993652e-02
5.382727831602096558e-02
3.630542010068893433e-02
8.853459358215332031e-02
2.144740819931030273e-01
9.154016152024269104e-05
2.033295854926109314e-02
4.420202225446701050e-03
1.800678088329732418e-03
2.373000606894493103e-02
2.751684933900833130e-02
5.146566033363342285e-02
6.632142513990402222e-02
2.373659797012805939e-02
1.167175476439297199e-03
1.780707947909832001e-02
7.686377502977848053e-03
1.593898385763168335e-01
2.066747657954692841e-02
1.072163954377174377e-01
1.944360439665615559e-03
9.788245707750320435e-02
3.692218742799013853e-04
2.111887335777282715e-01
1.654398292303085327e-01
5.874687805771827698e-02
2.452937141060829163e-02
9.269459247589111328e-01
2.133075613528490067e-03
1.120394375175237656e-02
6.487979553639888763e-03
2.561705559492111206e-02
2.455980703234672546e-02
5.953865125775337219e-02
1.203347928822040558e-03
4.374805927276611328e+00
1.311907172203063965e-01
2.329063042998313904e-02
3.919883966445922852e+00
1.219408607482910156e+01
1.102425903081893921e-02
6.642863736487925053e-04
8.054201607592403889e-04
4.311332851648330688e-02
5.224585998803377151e-03
2.914611808955669403e-02
1.143497657775878906e+01
2.084866573568433523e-04
4.829813480377197266e+00
9.582000970840454102e-02
2.903694659471511841e-02
6.302486290223896503e-04
3.500498132780194283e-03
9.686130523681640625e+00
1.271499328613281250e+02
1.745995635986328125e+02
8.573341965675354004e-01
4.589215469360351562e+01
2.696262836456298828e+00
7.266525878906250000e+02
1.010085391998291016e+01
1.294278259277343750e+02
1.354353237152099609e+01
2.761024169921875000e+02
2.205028152465820312e+01
1.199934844970703125e+02
8.922806978225708008e-01
1.705365753173828125e+01
1.208176574707031250e+02
1.209869155883789062e+02
2.097447814941406250e+02
1.639941253662109375e+02
1.115244770050048828e+01
1.074082183837890625e+02
5.897719860076904297e+00
1.209607505798339844e+01
8.903710937500000000e+01
3.291939735412597656e+00
5.347478389739990234e-01
3.903706970214843750e+02
7.032679443359375000e+02
2.085170166015625000e+03
6.228060302734375000e+02
1.388496589660644531e+01
4.280091285705566406e+00
1.310910797119140625e+01
3.967320556640625000e+02
2.097223663330078125e+01
1.505218315124511719e+01
1.201379060745239258e+00
8.133488148450851440e-02
5.431073188781738281e+00
1.742118530273437500e+02
1.127568847656250000e+03
2.563983154296875000e+01
1.344614744186401367e+00
5.799468994140625000e+02
4.060345458984375000e+01
1.286795349121093750e+02
1.033616638183593750e+02
2.578152465820312500e+01
1.076970577239990234e+00
1.172524169921875000e+03
2.962430419921875000e+02
5.870399856567382812e+01
1.732795524597167969e+01
3.493852233886718750e+01
5.162385463714599609e+00
1.171681499481201172e+01
5.105595588684082031e+00
3.962793648242950439e-01
2.867796134948730469e+01
1.540306884765625000e+03
7.661744384765625000e+02
5.691100463867187500e+02
1.353807926177978516e+01
6.405138397216796875e+01
6.524061679840087891e+00
9.140100097656250000e+01
6.373276901245117188e+01
3.618618652343750000e+03
2.517589111328125000e+02
9.423706054687500000e+01
6.220966950058937073e-02
3.133986816406250000e+02
2.093721389770507812e+00
2.250842590332031250e+02
1.162278556823730469e+01
1.524057960510253906e+01
1.256897568702697754e+00
1.129219055175781250e+01
4.613076477050781250e+02
3.764715957641601562e+01
4.053942871093750000e+01
7.165149211883544922e+00
8.723110198974609375e+00
4.370765686035156250e+01
8.661046981811523438e+00
3.737413406372070312e+01
1.458998173475265503e-01
2.041982460021972656e+01
3.031678199768066406e+01
5.245512008666992188e+00
2.190056228637695312e+01
5.326007843017578125e+01
4.338364410400390625e+01
2.221927642822265625e+01
7.660652160644531250e+01
5.089731140136718750e+02
4.410182952880859375e+00
7.285705566406250000e+02
7.471784353256225586e-01
6.365520019531250000e+02
3.019644498825073242e+00
3.437548828125000000e+01
4.016921043395996094e+00
1.567603912353515625e+02
6.480621337890625000e+01
1.479953613281250000e+02
2.633646488189697266e+00
5.200197265625000000e+03
5.652261352539062500e+02
1.945080518722534180e+00
9.446579813957214355e-01
1.974096923828125000e+03
2.683064270019531250e+02
2.084705591201782227e+00
4.019184494018554688e+01
1.150155792236328125e+02
1.299160003662109375e+02
2.130178642272949219e+01
1.105242538452148438e+02
1.293230152130126953e+01
3.414311523437500000e+02
8.063437500000000000e+03
8.799128417968750000e+02
1.943112335205078125e+02
4.721843242645263672e+00
4.351939697265625000e+02
4.837161636352539062e+01
3.421447753906250000e+00
9.040988159179687500e+02
1.065984344482421875e+02
7.587572631835937500e+02
4.047080612182617188e+01
4.480306804180145264e-01
5.284773635864257812e+01
3.318463563919067383e+00
2.825680494308471680e+00
8.665907382965087891e-01
9.923041381835937500e+02
8.318267822265625000e+02
3.981877746582031250e+02
5.106676101684570312e+01
3.644478321075439453e+00
8.248231201171875000e+02
3.315004348754882812e+01
9.852122192382812500e+02
5.617680358886718750e+01
7.352030639648437500e+02
1.882144927978515625e+00
1.061676025390625000e+02
3.100019287109375000e+03
7.068990468978881836e-01
9.186450805664062500e+02
3.273186111450195312e+01
5.410683751106262207e-01
1.599519500732421875e+02
5.507769012451171875e+01
2.583310365676879883e+00
1.045101761817932129e+00
8.950942993164062500e+00
4.002028465270996094e+00
1.408565551757812500e+03
1.824276580810546875e+02
2.626238098144531250e+02
5.562007522583007812e+01
2.883110961914062500e+02
1.039287261962890625e+02
1.220121383666992188e+02
4.190643310546875000e+02
1.682740966796875000e+03
1.593629550933837891e+01
1.072996139526367188e+01
2.143208251953125000e+03
3.284950733184814453e+00
6.494335174560546875e+00
5.347017822265625000e+02
3.113932800292968750e+01
1.304989337921142578e+01
6.901316070556640625e+01
3.867745399475097656e+00
2.605244445800781250e+01
2.127728080749511719e+01
4.171339416503906250e+01
4.714284973144531250e+02
1.072607326507568359e+01
2.663611914062500000e+04
6.308227062225341797e+00
6.581115722656250000e-01
3.277600479125976562e+01
1.033777343750000000e+03
6.756318664550781250e+01
9.133958816528320312e+00
4.563116760253906250e+02
1.290719985961914062e+01
7.219957733154296875e+01
2.904043273925781250e+02
2.556408405303955078e+00
1.342119445800781250e+02
1.519986867904663086e+00
1.168593692779541016e+01
3.919114828109741211e+00
2.320654106140136719e+01
1.274360847473144531e+01
1.012399864196777344e+01
5.026119232177734375e+01
7.559677886962890625e+01
1.526863217353820801e+00
1.194755859375000000e+02
6.557078857421875000e+02
9.868180274963378906e+00
5.863171386718750000e+01
9.845239639282226562e+00
5.468339443206787109e+00
1.472795605659484863e+00
5.547424316406250000e+03
2.574416542053222656e+01
5.564682006835937500e+02
3.680527687072753906e+00
3.264775085449218750e+02
2.116048574447631836e+00
2.361047058105468750e+02
5.101727050781250000e+03
2.507804632186889648e-01
2.807797908782958984e+00
1.643918579101562500e+03
5.154608249664306641e+00
1.515627807617187500e+03
4.571628093719482422e+00
4.511125946044921875e+01
1.267296123504638672e+01
1.335760784149169922e+01
6.683550029993057251e-02
1.705534934997558594e+01
5.037674903869628906e+00
5.673920898437500000e+02
9.896409606933593750e+01
2.620206832885742188e+01
8.749508857727050781e+00
3.726761627197265625e+01
2.498776817321777344e+01
2.232511758804321289e+00
7.589135742187500000e+02
2.310088958740234375e+02
1.377388477325439453e+01
2.903557777404785156e+01
2.095938110351562500e+02
1.262336730957031250e+02
1.924779510498046875e+02
7.743576765060424805e-01
9.621227539062500000e+03
1.787679862976074219e+01
6.563888549804687500e+01
2.868677520751953125e+01
9.552289247512817383e-01
1.192293945312500000e+03
1.806962432861328125e+02
1.275471568107604980e+00
1.352097167968750000e+03
6.299623489379882812e+01
8.501088142395019531e+00
4.523333984375000000e+03
8.890911102294921875e+01
7.740187072753906250e+01
7.841291046142578125e+01
1.016347595214843750e+03
3.654825134277343750e+02
2.924003601074218750e+02
5.410007858276367188e+01
2.354869873046875000e+03
8.230831623077392578e-01
1.962446594238281250e+01
6.404719848632812500e+02
1.501249027252197266e+01
7.557112426757812500e+02
1.591069698333740234e+00
1.121367692947387695e+00
8.179068756103515625e+01
5.675170421600341797e+00
1.102545642852783203e+01
1.810347442626953125e+02
9.540584683418273926e-01
2.484377288818359375e+01
8.213827133178710938e+00
8.658082962036132812e+00
3.800906753540039062e+01
1.840466976165771484e+00
1.719270110130310059e+00
5.245908203125000000e+02
1.746225463867187500e+03
5.031062126159667969e+00
1.976958618164062500e+02
2.190664100646972656e+01
9.891542434692382812e+00
2.510933105468750000e+03
5.484296798706054688e+00
3.089194030761718750e+02
6.225658035278320312e+01
4.391960525512695312e+01
1.387483764648437500e+03
4.554594039916992188e+01
1.922195892333984375e+02
7.359017333984375000e+02
2.312084808349609375e+02
6.034920120239257812e+01
4.284700012207031250e+02
6.572232055664062500e+01
2.860226154327392578e+00
6.614846801757812500e+01
2.598110961914062500e+01
1.227338314056396484e+01
1.583002685546875000e+03
5.990586547851562500e+02
9.511204833984375000e+02
3.562697143554687500e+02
1.549766731262207031e+01
5.198993206024169922e+00
7.190105319023132324e-01
3.417761611938476562e+01
1.931313323974609375e+01
1.070129108428955078e+01
1.460243582725524902e+00
1.283236789703369141e+01
8.145772218704223633e-01
1.763942260742187500e+02
4.360222244262695312e+01
1.063256225585937500e+02
1.546566162109375000e+02
3.354960250854492188e+01
8.486514282226562500e+01
2.740275764465332031e+01
9.531773567199707031e+00
2.879510223865509033e-01
1.005639746093750000e+04
2.424941894531250000e+03
2.174643096923828125e+02
2.277833099365234375e+02
1.182832565307617188e+02
1.001468872070312500e+03
3.209215164184570312e+01
3.873881149291992188e+01
2.770645141601562500e+01
3.888400554656982422e+00
8.399101257324218750e+01
2.279568359375000000e+03
7.537103271484375000e+01
1.400662517547607422e+01
7.439488410949707031e+00
2.224473114013671875e+02
6.309159545898437500e+02
1.408728637695312500e+02
1.894082641601562500e+01
1.843959999084472656e+01
1.028998643159866333e-01
1.508078128099441528e-01
4.509566497802734375e+01
3.234536361694335938e+01
5.976782798767089844e+00
2.177429580688476562e+01
3.526553955078125000e+02
5.960241317749023438e+01
1.928972015380859375e+02
1.066106033325195312e+01
2.571475267410278320e+00
1.038901996612548828e+01
4.549917602539062500e+01
1.712815429687500000e+03
1.988688111305236816e+00
1.464068908691406250e+02
1.613425612449645996e+00
6.181561946868896484e+00
2.711739540100097656e-01
1.718297767639160156e+01
5.654652832031250000e+03
2.523728906250000000e+04
7.744343757629394531e+00
1.607103424072265625e+02
9.854729461669921875e+01
5.723941326141357422e+00
2.202714691162109375e+02
8.762090454101562500e+02
8.387690544128417969e+00
5.544720172882080078e+00
4.907777786254882812e+00
1.386114807128906250e+02
4.117201995849609375e+01
2.539517211914062500e+01
3.989285888671875000e+02
7.691090087890625000e+02
6.880479812622070312e+00
5.260483264923095703e+00
5.148552417755126953e+00
3.333179321289062500e+02
1.137186241149902344e+01
3.714826583862304688e+01
4.858114318847656250e+02
2.307273483276367188e+01
8.494080810546875000e+02
1.303992309570312500e+03
2.403646697998046875e+02
2.593652486801147461e+00
2.694126701354980469e+01
