8.837875723838806152e-02
2.273156046867370605e-01
1.198371406644582748e-02
2.530770841985940933e-03
2.244225516915321350e-02
3.053278446197509766e+00
1.689168810844421387e-02
7.039895281195640564e-03
2.006130851805210114e-02
2.443162649869918823e-01
5.908468738198280334e-02
5.045409128069877625e-02
1.041163876652717590e-01
2.370797470211982727e-02
4.738197661936283112e-03
3.780982643365859985e-02
2.200056565925478935e-03
2.430457063019275665e-02
4.622926563024520874e-02
2.481092466041445732e-03
1.850594766438007355e-02
2.418331429362297058e-02
1.030512973666191101e-01
2.019087038934230804e-02
3.138981103897094727e+00
6.982899270951747894e-03
3.991936892271041870e-02
1.517100483179092407e-01
1.412407755851745605e-01
8.293274044990539551e-01
1.747744623571634293e-03
6.278714281506836414e-04
2.376396581530570984e-02
8.842808008193969727e-02
1.777850463986396790e-02
5.438353493809700012e-02
7.883830927312374115e-03
4.973429604433476925e-04
2.134483493864536285e-02
9.109540842473506927e-03
2.265253663063049316e-01
1.209490671753883362e-01
1.618644781410694122e-02
4.018960952758789062e+00
1.632902771234512329e-01
1.265643388032913208e-01
1.551546715199947357e-02
6.060924530029296875e-01
1.414141617715358734e-03
1.166902035474777222e-01
1.172904223203659058e-01
8.110053837299346924e-02
1.305291056632995605e-01
3.747885301709175110e-02
1.405698829330503941e-03
2.852399135008454323e-03
4.722372628748416901e-03
4.348606616258621216e-02
2.919406443834304810e-02
1.416293144226074219e+01
1.342651247978210449e-02
7.517528533935546875e+00
1.449960283935070038e-02
1.946903951466083527e-02
1.109707131981849670e-01
7.946337759494781494e-02
4.498583376407623291e-01
4.315127804875373840e-02
9.321115612983703613e-01
5.553932785987854004e-01
1.611496409168466926e-04
5.679478645324707031e-01
4.298198968172073364e-03
3.937952816486358643e-01
8.083040267229080200e-02
1.535888481885194778e-02
1.009633764624595642e-02
5.190584063529968262e-02
2.050575986504554749e-02
1.502231787890195847e-02
3.262331187725067139e-01
2.680127508938312531e-02
6.992036849260330200e-02
6.389564368873834610e-04
2.899406244978308678e-03
4.394099581986665726e-03
1.037525362335145473e-04
1.940774358808994293e-02
9.267438054084777832e-01
5.129341152496635914e-04
1.166667509824037552e-02
2.745301090180873871e-02
6.358541548252105713e-03
3.564323857426643372e-02
8.441838435828685760e-03
8.619552850723266602e-01
1.820189505815505981e-01
4.268977046012878418e-01
2.324783476069569588e-03
1.142529323697090149e-01
2.712353944778442383e+00
6.179275363683700562e-02
3.307056846097111702e-03
2.022061310708522797e-02
2.076358348131179810e-02
2.570470571517944336e-01
4.584550857543945312e-02
3.089818917214870453e-02
1.952523738145828247e-01
1.281372457742691040e-01
2.721901610493659973e-02
1.673763096332550049e-01
5.563016235828399658e-02
3.559443354606628418e-01
1.285650115460157394e-02
5.564070865511894226e-02
5.518613755702972412e-02
2.105763740837574005e-02
4.533390980213880539e-03
2.897496894001960754e-02
2.837087260559201241e-03
4.651966857910156250e+01
3.619068562984466553e-01
9.211192727088928223e-01
5.427362630143761635e-04
1.394779384136199951e-01
1.285729836672544479e-02
5.527661414816975594e-04
1.713819950819015503e-01
3.858746588230133057e-02
8.182490468025207520e-01
3.903192654252052307e-02
6.368072237819433212e-03
2.375261159613728523e-03
4.510527476668357849e-02
1.022667717188596725e-02
2.600475586950778961e-02
1.030219554901123047e+00
1.873027384281158447e-01
1.043304443359375000e+00
1.700499281287193298e-02
9.746854193508625031e-03
1.340694546699523926e+00
6.049008369445800781e-01
8.580639839172363281e+00
1.014112606644630432e-01
4.391381144523620605e-01
5.136480927467346191e-02
1.666055619716644287e-01
2.775637991726398468e-02
1.599986106157302856e-02
3.074788451194763184e-01
1.742216050624847412e-01
4.598922654986381531e-02
1.896242797374725342e-01
3.954022377729415894e-02
1.952245086431503296e-02
3.575344011187553406e-02
9.931626264005899429e-04
4.706326406449079514e-03
1.138011217117309570e-01
4.913961980491876602e-03
7.342042028903961182e-02
1.187379583716392517e-01
7.345532774925231934e-01
3.013489842414855957e-01
1.939458698034286499e-01
2.437127530574798584e-01
1.752782702445983887e+00
2.510827034711837769e-03
9.237632155418395996e-02
2.049165666103363037e-01
7.948063430376350880e-04
1.018818654119968414e-02
5.192012339830398560e-02
8.905819654464721680e-01
2.245032601058483124e-02
2.735333703458309174e-02
2.417738735675811768e-02
4.495413005352020264e-01
7.112944871187210083e-02
4.731810465455055237e-02
1.358376294374465942e-01
5.347261950373649597e-02
9.431269764900207520e-01
3.756694495677947998e-02
1.521936152130365372e-02
2.316988073289394379e-02
4.253589212894439697e-01
2.706784382462501526e-02
4.352706968784332275e-01
2.783513627946376801e-02
2.527049509808421135e-04
4.779720306396484375e-02
1.194605901837348938e-01
5.497738346457481384e-02
2.098157852888107300e-01
2.555658295750617981e-02
5.522205494344234467e-03
1.548860967159271240e-01
3.594332374632358551e-03
5.527098849415779114e-02
2.717511169612407684e-02
4.821841046214103699e-02
1.389607600867748260e-02
8.631932549178600311e-03
7.303444296121597290e-02
1.202416324615478516e+01
2.673430833965539932e-03
2.146526705473661423e-03
6.588899530470371246e-03
4.408522322773933411e-02
3.578887262847274542e-04
1.081548213958740234e+00
3.436288982629776001e-02
2.050891399383544922e+00
5.204533338546752930e-01
2.030383609235286713e-02
5.984173039905726910e-04
8.626293540000915527e-01
1.023873567581176758e+00
3.491241484880447388e-03
1.098835095763206482e-02
2.202790603041648865e-02
8.964222797658294439e-05
1.501948386430740356e-01
2.246423624455928802e-03
1.952038168907165527e+00
9.024787694215774536e-02
8.812558837234973907e-03
1.760650426149368286e-02
2.305448241531848907e-02
1.496493536978960037e-02
6.792875938117504120e-03
4.133334755897521973e-02
1.005325615406036377e-01
6.528512388467788696e-02
4.250167869031429291e-03
2.554052174091339111e-01
9.503115434199571609e-04
2.769880592823028564e-01
2.530818618834018707e-02
1.779379546642303467e-01
6.944695953279733658e-03
8.550692349672317505e-03
1.402446441352367401e-02
6.685247272253036499e-02
4.378956183791160583e-02
4.545985162258148193e-02
6.999874860048294067e-02
4.469189792871475220e-02
7.519302368164062500e-01
3.409352211747318506e-04
1.777440309524536133e-01
5.093621090054512024e-02
1.637580841779708862e-01
2.261868476867675781e+00
9.909141063690185547e-02
1.452752109616994858e-02
6.295369565486907959e-02
1.024245936423540115e-02
1.979915890842676163e-03
7.619216442108154297e-01
7.678417116403579712e-02
8.548502810299396515e-03
2.359523177146911621e-01
4.167214967310428619e-03
1.276382803916931152e+00
1.415451755747199059e-03
1.118001434952020645e-02
4.694416522979736328e+00
1.127409338951110840e-01
3.644548058509826660e-01
3.413904225453734398e-03
1.363040064461529255e-03
1.728728413581848145e-02
2.381658926606178284e-02
1.425587013363838196e-02
2.537447214126586914e-01
4.302056431770324707e-01
3.405454456806182861e-01
4.096885398030281067e-02
1.913006976246833801e-02
1.431899704039096832e-02
3.951615071855485439e-04
1.289199665188789368e-02
4.819292068481445312e+00
1.871330857276916504e+00
4.507109988480806351e-03
5.745797976851463318e-02
1.557072717696428299e-02
4.208579193800687790e-03
3.220782876014709473e-01
2.785323187708854675e-02
1.849252963438630104e-03
1.147341262549161911e-02
2.184287644922733307e-02
5.788459628820419312e-02
1.452558636665344238e+00
1.378817260265350342e-01
3.197603702545166016e+00
2.515529692173004150e-01
2.300975024700164795e-01
1.339391350746154785e+00
8.333562016487121582e-01
2.638550102710723877e-02
1.032038591802120209e-02
1.808608323335647583e-01
3.024419583380222321e-02
1.765937507152557373e-01
1.027061820030212402e+00
1.457360833883285522e-01
3.897049278020858765e-02
2.195649743080139160e-01
1.028771232813596725e-02
4.872336238622665405e-02
2.405104693025350571e-03
1.018141865730285645e+00
2.101201331242918968e-03
1.124192401766777039e-02
1.152617260813713074e-01
1.063389354385435581e-03
3.145479038357734680e-02
1.754027605056762695e-01
1.433596760034561157e-02
2.301695108413696289e+00
5.180774722248315811e-03
4.205473698675632477e-03
2.584669739007949829e-02
6.253123749047517776e-03
1.355915213935077190e-03
9.991262555122375488e-01
1.793923042714595795e-02
3.263380751013755798e-02
1.433635782450437546e-02
1.947506144642829895e-02
1.757311448454856873e-02
1.066477317363023758e-02
3.443554416298866272e-02
2.132008820772171021e-01
1.641217060387134552e-02
5.621452000923454762e-04
6.177656352519989014e-03
9.554857611656188965e-01
9.642435470595955849e-04
1.182889379560947418e-02
2.623698711395263672e-01
4.094811081886291504e-01
3.133297339081764221e-02
9.127216041088104248e-02
1.366932541131973267e-01
8.012926578521728516e-02
1.860798802226781845e-04
1.914496161043643951e-02
2.527091093361377716e-02
4.147098399698734283e-03
2.632357180118560791e-02
4.715835675597190857e-02
8.469659090042114258e-02
1.367175877094268799e-01
3.337097540497779846e-02
3.360885195434093475e-03
7.272329926490783691e-02
1.794610917568206787e-02
3.640613555908203125e-01
1.860832609236240387e-02
9.896592050790786743e-02
1.963772810995578766e-03
3.865450024604797363e-01
7.152783218771219254e-04
5.810675770044326782e-02
4.603873938322067261e-02
1.805136919021606445e+00
4.760615900158882141e-02
4.989519715309143066e-01
3.608625615015625954e-03
1.105400547385215759e-02
1.063217036426067352e-02
7.772311102598905563e-03
2.372668497264385223e-02
5.086965486407279968e-02
4.745777230709791183e-03
7.882543802261352539e-01
2.690633237361907959e-01
4.541867598891258240e-02
4.101345062255859375e+00
1.494529056549072266e+01
1.080885529518127441e-02
6.203627213835716248e-03
3.083358169533312321e-04
6.971597671508789062e-02
2.264440432190895081e-02
4.486542567610740662e-02
6.205972671508789062e+00
4.325168847572058439e-04
4.289062023162841797e+00
2.614997029304504395e-01
1.678621396422386169e-02
3.598624840378761292e-03
7.097265217453241348e-03
1.172562122344970703e+01
4.810937118530273438e+01
3.498392868041992188e+01
2.996784746646881104e-01
1.281675910949707031e+01
2.093833684921264648e+00
2.241821441650390625e+02
9.769871711730957031e+00
8.851026153564453125e+01
1.080080413818359375e+01
6.814106750488281250e+01
2.329818534851074219e+01
1.433252429962158203e+01
7.004773616790771484e-01
1.029077720642089844e+01
5.180514526367187500e+01
1.925687408447265625e+01
2.060363311767578125e+02
2.672455978393554688e+01
4.236865997314453125e+00
9.402112007141113281e+00
5.316330909729003906e+00
8.219014167785644531e+00
1.884092521667480469e+01
1.352769374847412109e+01
1.091720223426818848e+00
3.732277297973632812e+01
3.818545532226562500e+02
4.967964782714843750e+02
7.841175079345703125e+01
2.269339561462402344e+00
2.486273288726806641e+00
3.007374763488769531e+00
3.145178833007812500e+02
2.676204919815063477e+00
9.373071670532226562e+00
5.818869471549987793e-01
9.886116534471511841e-02
2.327796459197998047e+00
5.574353790283203125e+01
1.248772949218750000e+03
2.015366744995117188e+01
5.555985569953918457e-01
2.054124298095703125e+02
1.188787460327148438e+01
1.682932739257812500e+02
1.236462020874023438e+02
9.520483016967773438e+00
1.285841584205627441e+00
2.482115173339843750e+02
5.440036010742187500e+01
1.395715808868408203e+01
1.359778785705566406e+01
4.821972656250000000e+01
2.894690990447998047e+00
2.257715940475463867e+00
2.970372676849365234e+00
9.140477776527404785e-01
5.605991363525390625e+00
4.340847473144531250e+02
7.054331970214843750e+01
3.537921447753906250e+02
2.510124683380126953e+00
2.070237922668457031e+01
3.150768518447875977e+00
1.257705879211425781e+01
2.929730415344238281e+01
1.124148559570312500e+03
9.445368041992187500e+02
2.055169677734375000e+01
6.246013566851615906e-02
2.907631874084472656e+01
1.534491300582885742e+00
1.011189193725585938e+02
7.711571216583251953e+00
8.166973114013671875e+00
3.460465073585510254e-01
3.755964279174804688e+00
5.173280715942382812e+01
2.720107460021972656e+01
2.249137115478515625e+01
3.542084693908691406e+00
1.041509819030761719e+01
1.439555835723876953e+01
1.145608329772949219e+01
6.133539199829101562e+00
1.449098140001296997e-01
1.954458808898925781e+01
1.860133361816406250e+01
1.358509659767150879e+00
3.971329927444458008e+00
8.656867218017578125e+01
5.025769042968750000e+01
1.596160984039306641e+01
6.116481781005859375e+01
3.306104278564453125e+01
4.094818592071533203e+00
1.872263671875000000e+03
1.525443196296691895e+00
4.223864364624023438e+01
9.477828741073608398e-01
6.629020690917968750e+00
6.575667262077331543e-01
7.800362396240234375e+01
1.861284637451171875e+01
2.747062492370605469e+01
3.337769031524658203e+00
3.745191650390625000e+02
3.625362854003906250e+02
1.983655571937561035e+00
1.774238348007202148e-01
1.045576171875000000e+02
3.662229537963867188e+01
5.139217853546142578e+00
2.852725982666015625e+01
5.521821975708007812e+01
1.902800178527832031e+01
8.752479553222656250e+00
3.259679794311523438e+01
1.641164779663085938e+01
4.771968841552734375e+01
6.417657714843750000e+03
2.015296173095703125e+02
5.471994400024414062e+01
2.356973886489868164e+00
1.974457397460937500e+02
9.571124076843261719e+00
1.915923476219177246e+00
5.483657226562500000e+02
8.242070007324218750e+01
6.479061126708984375e+01
9.001568794250488281e+00
2.069050073623657227e-01
7.272803306579589844e+00
1.199997544288635254e+00
2.330364465713500977e+00
4.970254421234130859e+00
1.530935668945312500e+02
7.792919158935546875e+01
1.849780731201171875e+02
3.540041732788085938e+01
8.439241051673889160e-01
3.966401062011718750e+02
1.715608024597167969e+01
1.795319824218750000e+02
2.681005859375000000e+01
4.296504821777343750e+02
1.172472000122070312e+00
3.014284896850585938e+01
2.267192077636718750e+02
6.802556514739990234e-01
3.133451843261718750e+02
6.568610382080078125e+01
5.932329893112182617e-01
1.179912338256835938e+02
1.100905513763427734e+01
1.052054762840270996e+00
9.417201280593872070e-01
9.989971518516540527e-01
1.120400071144104004e+00
4.110196533203125000e+02
1.399349670410156250e+02
1.224732131958007812e+02
1.165747833251953125e+01
6.322359085083007812e+01
8.813097953796386719e+00
2.698677062988281250e+01
1.043327102661132812e+02
3.567169494628906250e+02
2.424632072448730469e+00
1.165680599212646484e+01
4.498067626953125000e+02
1.767326354980468750e+00
4.519259929656982422e+00
1.223864593505859375e+02
1.722906303405761719e+01
5.386432170867919922e+00
2.757936477661132812e+01
2.865071058273315430e+00
1.694055557250976562e+01
2.568179607391357422e+00
3.048744583129882812e+01
1.197814483642578125e+02
4.865883290767669678e-01
4.020428710937500000e+03
8.215787887573242188e+00
1.393390893936157227e+00
8.789002418518066406e+00
1.384856262207031250e+02
2.432776832580566406e+01
1.466261386871337891e+00
3.253577041625976562e+01
3.487165451049804688e+00
3.551987457275390625e+01
3.466572952270507812e+01
6.118223667144775391e-01
3.113464355468750000e+01
1.150342941284179688e+00
1.172357797622680664e+00
2.315945863723754883e+00
9.848688125610351562e+00
2.447669744491577148e+00
6.111123085021972656e+00
2.219252586364746094e+01
5.844374465942382812e+01
4.510456621646881104e-01
9.496799468994140625e+00
1.772331237792968750e+02
4.745649814605712891e+00
1.804123878479003906e+01
1.192346668243408203e+01
3.588723182678222656e+00
1.245965361595153809e+00
1.433622924804687500e+03
1.460841464996337891e+01
9.189284515380859375e+01
7.732539653778076172e+00
2.122271118164062500e+02
9.975630640983581543e-01
1.242891693115234375e+02
2.695731933593750000e+03
1.662016063928604126e-01
1.174999952316284180e+00
2.192677459716796875e+02
1.432023763656616211e+00
3.685723266601562500e+02
3.194441795349121094e+00
1.125380706787109375e+01
1.983281254768371582e+00
9.434280395507812500e+00
2.010179013013839722e-01
1.337196540832519531e+01
1.269155383110046387e+00
1.064375762939453125e+02
7.513274669647216797e+00
3.422807693481445312e+01
1.642429351806640625e+00
7.837530136108398438e+00
1.040045547485351562e+01
7.895802259445190430e-01
3.025964050292968750e+02
2.218151664733886719e+01
7.840430736541748047e+00
6.156418800354003906e+00
4.203354263305664062e+01
6.123905944824218750e+01
9.422830200195312500e+01
3.373264968395233154e-01
6.969647216796875000e+02
5.721168518066406250e+00
1.838581848144531250e+01
2.684168434143066406e+01
2.097152948379516602e+00
1.298143768310546875e+02
5.100907135009765625e+01
1.780703306198120117e+00
5.303813552856445312e+01
1.664369201660156250e+01
2.553743839263916016e+00
4.754226074218750000e+02
2.585637092590332031e+01
4.289477157592773438e+01
2.320594978332519531e+01
2.587167053222656250e+02
5.089684677124023438e+01
9.310852813720703125e+01
2.201494407653808594e+01
1.866441192626953125e+02
1.677578240633010864e-01
6.469934940338134766e+00
9.661937866210937500e+02
3.575109100341796875e+01
2.033203125000000000e+02
5.686805844306945801e-01
2.244710177183151245e-01
1.836606407165527344e+01
9.403668403625488281e+00
7.922147750854492188e+00
2.817367362976074219e+01
1.065814137458801270e+00
9.863910675048828125e+00
3.661162614822387695e+00
3.593692779541015625e+00
1.732371711730957031e+01
9.561126232147216797e-01
1.606083393096923828e+00
2.977102661132812500e+02
4.181303710937500000e+02
3.333984375000000000e+00
5.496212005615234375e+01
1.909705543518066406e+01
5.045272827148437500e+00
3.154608398437500000e+03
3.667228460311889648e+00
4.563196182250976562e+01
1.165308761596679688e+01
1.782957649230957031e+01
2.598712768554687500e+02
9.852527618408203125e+00
6.664953613281250000e+01
1.130535278320312500e+02
5.385991668701171875e+01
3.141674995422363281e+01
4.715966796875000000e+02
8.674504280090332031e+00
8.135507583618164062e+00
1.094295578002929688e+02
1.237350273132324219e+01
8.665306091308593750e+00
5.270439453125000000e+02
2.299762115478515625e+02
2.303808898925781250e+02
6.741181030273437500e+02
1.939828157424926758e+00
4.335690021514892578e+00
7.730858325958251953e-01
6.719146251678466797e+00
9.339595794677734375e+00
4.141611099243164062e+00
1.252565979957580566e+00
3.112252473831176758e+00
9.692094326019287109e-01
2.619848937988281250e+02
2.170576858520507812e+01
8.787483978271484375e+01
1.492406158447265625e+02
7.420386791229248047e+00
3.534666824340820312e+01
2.623778343200683594e+01
1.977836418151855469e+01
7.977147698402404785e-01
1.931398315429687500e+03
3.484753723144531250e+02
1.908189964294433594e+01
6.511476135253906250e+01
6.305072021484375000e+01
5.266982421875000000e+02
2.191377639770507812e+01
2.173431396484375000e+00
2.019843292236328125e+01
8.332677483558654785e-01
2.986592674255371094e+01
3.991173400878906250e+02
2.315115737915039062e+01
4.128117084503173828e+00
2.826485395431518555e+00
9.032003784179687500e+01
8.257258300781250000e+02
3.891830444335937500e+01
1.952328109741210938e+01
1.664202499389648438e+01
2.157716155052185059e-01
7.092478126287460327e-02
2.238028717041015625e+01
1.100413227081298828e+01
4.638083457946777344e+00
1.674381446838378906e+01
9.258654785156250000e+01
7.089530944824218750e+01
4.061520767211914062e+01
2.137509346008300781e+00
1.446048855781555176e+00
5.436467647552490234e+00
6.931864738464355469e+00
2.910665893554687500e+02
2.620671749114990234e+00
4.099912643432617188e+01
3.017967045307159424e-01
6.643813133239746094e+00
2.029829621315002441e-01
5.201380729675292969e+00
6.902725219726562500e+02
2.400447851562500000e+04
4.864392757415771484e+00
5.108258056640625000e+01
1.042462539672851562e+01
3.334262609481811523e+00
5.860817718505859375e+01
2.003914031982421875e+02
1.709221601486206055e+00
2.968454837799072266e+00
9.967477798461914062e+00
7.454157257080078125e+01
2.545541954040527344e+01
5.246620655059814453e+00
1.572888641357421875e+02
9.249997558593750000e+02
5.768476486206054688e+00
2.907284498214721680e+00
2.235806465148925781e+00
9.350575256347656250e+01
1.489498257637023926e+00
4.745838642120361328e+00
2.875755615234375000e+02
2.015934181213378906e+01
1.435043487548828125e+02
1.280018920898437500e+03
6.580865478515625000e+01
1.139145016670227051e+00
4.544724273681640625e+01
