2.818267978727817535e-02
1.257573813199996948e-01
7.609902415424585342e-03
1.706777838990092278e-03
3.869998082518577576e-02
5.981681823730468750e+00
1.881860196590423584e-02
4.589953459799289703e-03
5.585219245404005051e-03
6.795125007629394531e-01
5.860285833477973938e-03
1.747489720582962036e-02
6.541962176561355591e-02
1.700603775680065155e-02
1.643024967052042484e-03
1.427712943404912949e-02
3.549580462276935577e-03
4.185707774013280869e-03
2.535815909504890442e-02
7.029265398159623146e-04
1.462611109018325806e-01
2.715750783681869507e-02
2.774727940559387207e-01
5.664471164345741272e-02
9.243814349174499512e-01
1.869064755737781525e-02
4.789911955595016479e-02
2.705530077219009399e-02
1.007641255855560303e-01
1.023040890693664551e+00
6.382685387507081032e-04
1.206953893415629864e-04
6.463875062763690948e-03
2.211233414709568024e-02
6.396651268005371094e-02
7.753181271255016327e-03
8.912757970392704010e-03
5.668462836183607578e-04
8.975412696599960327e-03
5.263471510261297226e-03
2.454502284526824951e-01
8.461821824312210083e-02
1.710644806735217571e-03
1.437047767639160156e+01
1.765534728765487671e-01
8.376121520996093750e-02
6.219025701284408569e-03
4.059444963932037354e-01
4.229939542710781097e-03
9.753944352269172668e-03
1.660170555114746094e-01
3.468705713748931885e-02
1.479341089725494385e-01
4.682165384292602539e-02
4.729180072899907827e-04
2.370454836636781693e-03
5.366552621126174927e-03
1.407588366419076920e-02
2.495637163519859314e-02
6.638175010681152344e+00
1.871855556964874268e-02
1.468971157073974609e+01
1.208112481981515884e-02
3.156156046316027641e-03
1.398893892765045166e-01
1.972396858036518097e-02
1.497523188591003418e-01
9.981900453567504883e-03
6.115064024925231934e-01
5.853418111801147461e-01
1.979493827093392611e-04
1.512336611747741699e+00
8.974180091172456741e-04
2.294830232858657837e-02
6.909053772687911987e-02
5.769967287778854370e-02
7.401651702821254730e-03
4.986869543790817261e-02
4.931280389428138733e-02
1.654524728655815125e-02
7.634612172842025757e-02
2.105316333472728729e-02
2.003497630357742310e-02
3.114611608907580376e-04
3.450024407356977463e-03
1.302177668549120426e-03
3.087175718974322081e-05
5.003174021840095520e-02
6.764286756515502930e-01
1.025050645694136620e-03
8.230385370552539825e-03
8.803340606391429901e-03
1.546416315250098705e-03
9.915328025817871094e-02
5.652168765664100647e-04
7.228134870529174805e-01
6.319897174835205078e-01
5.626969039440155029e-02
1.536489115096628666e-03
7.179825007915496826e-02
1.898914813995361328e+00
5.374800041317939758e-02
1.165763242170214653e-03
1.662715896964073181e-02
1.507349964231252670e-02
5.573070645332336426e-01
1.141274794936180115e-01
1.475759781897068024e-02
2.973493747413158417e-02
1.013568043708801270e-01
1.695117205381393433e-01
3.855281770229339600e-01
4.788240417838096619e-02
6.658112257719039917e-02
1.462643779814243317e-02
4.209312051534652710e-02
7.449253648519515991e-02
6.881845183670520782e-03
3.701484063640236855e-03
6.174200773239135742e-02
8.241946925409138203e-04
7.762933254241943359e+00
5.344493389129638672e-01
3.212668597698211670e-01
1.574448397150263190e-04
2.912579178810119629e-01
1.639024913311004639e-02
9.299324010498821735e-04
6.338375061750411987e-02
5.917513743042945862e-02
1.893480658531188965e+00
4.863309115171432495e-02
4.025789443403482437e-03
1.310392282903194427e-03
3.627150505781173706e-02
2.988228388130664825e-02
6.269754469394683838e-02
2.669970035552978516e+00
1.957541704177856445e-01
4.757045209407806396e-01
1.992370747029781342e-02
1.075847353786230087e-02
6.768246889114379883e-01
6.351822018623352051e-01
3.158102989196777344e+01
2.773632854223251343e-02
3.245444297790527344e-01
7.752512115985155106e-03
5.470937117934226990e-02
9.484704583883285522e-03
1.710488274693489075e-02
8.307304978370666504e-02
9.993097186088562012e-02
1.678347773849964142e-02
7.751647382974624634e-02
1.012678630650043488e-02
1.445908192545175552e-02
3.332513198256492615e-02
2.715799259021878242e-03
4.292101599276065826e-03
3.773790225386619568e-02
3.635177272371947765e-04
2.076230645179748535e-01
4.297206699848175049e-01
3.037712275981903076e-01
1.152412518858909607e-01
1.489502638578414917e-01
1.981149315834045410e-01
1.013057947158813477e+00
2.282030181959271431e-04
2.154339849948883057e-02
1.396204233169555664e-01
9.659535862738266587e-05
1.643859595060348511e-02
3.949909657239913940e-02
1.693424701690673828e+00
2.049987949430942535e-02
1.272980589419603348e-02
1.492839492857456207e-02
9.563833475112915039e-02
5.260383337736129761e-02
3.727660328149795532e-02
1.813306510448455811e-01
3.916796669363975525e-02
1.880377292633056641e+00
1.036978885531425476e-02
7.490492891520261765e-03
6.605361402034759521e-02
3.145604133605957031e-01
2.807344123721122742e-02
1.605184823274612427e-01
2.553949132561683655e-02
2.938930410891771317e-04
9.270674735307693481e-02
4.525888860225677490e-01
1.578535698354244232e-02
2.472843676805496216e-01
6.383939832448959351e-02
5.186390597373247147e-03
2.554067783057689667e-02
3.039353061467409134e-03
2.928663045167922974e-02
1.356181595474481583e-02
2.396057732403278351e-02
9.865706786513328552e-03
2.041456522420048714e-03
2.466710954904556274e-01
1.475422191619873047e+01
9.265954606235027313e-03
3.285710001364350319e-03
8.556663058698177338e-03
5.165419355034828186e-02
1.525476545793935657e-04
7.853410243988037109e-01
1.970987021923065186e-02
2.711278438568115234e+00
6.216067075729370117e-02
1.683237403631210327e-02
5.592267843894660473e-04
7.666889429092407227e-01
2.961393892765045166e-01
1.673308573663234711e-02
1.364505849778652191e-03
2.406082674860954285e-02
1.218589095515199006e-04
3.284442052245140076e-02
9.866012260317802429e-04
4.301971912384033203e+00
3.261262774467468262e-01
7.619208190590143204e-03
3.051267005503177643e-02
1.382889039814472198e-02
2.741187810897827148e-02
2.521540271118283272e-03
3.280874788761138916e-01
1.764437556266784668e-02
2.125223875045776367e-01
5.250579677522182465e-03
1.503512710332870483e-01
3.627508122008293867e-04
3.369954600930213928e-02
6.845190376043319702e-02
2.203286290168762207e-01
4.610256291925907135e-03
8.504527620971202850e-03
9.539518505334854126e-03
3.404366970062255859e-02
1.257702261209487915e-01
3.688204288482666016e-02
1.159942820668220520e-01
3.601310774683952332e-02
1.593788504600524902e+00
5.047494778409600258e-05
6.311499327421188354e-02
1.702571474015712738e-02
3.466360867023468018e-01
2.870595932006835938e+00
2.136013656854629517e-02
2.073194459080696106e-02
2.685110569000244141e-01
3.813826246187090874e-03
6.246385746635496616e-04
9.057056903839111328e-01
3.048131614923477173e-02
4.737463314086198807e-03
2.538320794701576233e-02
1.270767580717802048e-02
1.586745381355285645e+00
9.589795954525470734e-03
1.115254499018192291e-02
2.035749435424804688e+00
3.911690786480903625e-02
7.978759407997131348e-01
3.606301732361316681e-03
1.804625149816274643e-03
1.781237870454788208e-02
6.343732587993144989e-03
1.201429590582847595e-02
2.876541614532470703e-01
1.364343047142028809e+00
1.428520232439041138e-01
8.475606329739093781e-03
6.378700025379657745e-03
1.232134830206632614e-02
2.250004035886377096e-04
4.192285239696502686e-03
3.365465879440307617e+00
1.177215576171875000e+00
5.445448914542794228e-04
5.798419937491416931e-02
1.137252058833837509e-02
1.143043627962470055e-03
7.373971492052078247e-02
2.584178186953067780e-02
1.091322512365877628e-03
2.267266251146793365e-02
2.009803801774978638e-02
5.587013438344001770e-02
2.549840688705444336e+00
4.913210868835449219e-02
4.458534717559814453e-01
9.044818282127380371e-01
1.004308387637138367e-01
1.098003864288330078e+00
2.475502014160156250e+00
6.358077749609947205e-03
4.597808793187141418e-02
3.633001074194908142e-02
6.130677647888660431e-03
1.169968321919441223e-01
6.231834292411804199e-01
3.139063343405723572e-02
8.004589937627315521e-03
1.727240532636642456e-01
2.697216579690575600e-03
4.513468593358993530e-02
9.484514012001454830e-04
4.945098757743835449e-01
2.394550479948520660e-03
5.092883948236703873e-03
3.768367469310760498e-01
1.673530437983572483e-03
7.773775141686201096e-03
2.586215734481811523e-02
5.655854474753141403e-03
2.961137592792510986e-01
8.020483888685703278e-03
4.988820757716894150e-03
6.562282796949148178e-03
2.620697021484375000e-03
7.291487418115139008e-03
2.667833864688873291e-01
5.206061061471700668e-03
1.079098042100667953e-02
7.071949075907468796e-03
1.990896835923194885e-02
2.582286018878221512e-03
4.591451026499271393e-03
2.481591142714023590e-02
2.224419265985488892e-01
1.350866048596799374e-03
7.079560309648513794e-04
4.504149314016103745e-03
1.523111820220947266e+00
1.341650844551622868e-03
1.442511752247810364e-02
1.415234506130218506e-01
2.044372074306011200e-02
4.973372817039489746e-02
3.340139612555503845e-02
6.659866869449615479e-02
2.434035688638687134e-01
8.976533717941492796e-05
1.707517914474010468e-02
3.721448825672268867e-03
1.315445755608379841e-03
2.269951812922954559e-02
2.465179190039634705e-02
3.856054693460464478e-02
4.060502722859382629e-02
1.942242309451103210e-02
1.106446725316345692e-03
1.724009774625301361e-02
5.900734104216098785e-03
9.941124916076660156e-02
2.505705133080482483e-02
5.768333375453948975e-02
2.195361768826842308e-03
8.573882281780242920e-02
3.531441907398402691e-04
3.179399669170379639e-01
1.550913900136947632e-01
3.116934001445770264e-02
1.691514439880847931e-02
6.578464508056640625e-01
1.439255662262439728e-03
1.161990500986576080e-02
4.857589956372976303e-03
2.218829654157161713e-02
2.503596618771553040e-02
5.285852774977684021e-02
1.067510689608752728e-03
4.433072090148925781e+00
1.170212104916572571e-01
2.133511565625667572e-02
3.900704622268676758e+00
8.678946495056152344e+00
1.007743552327156067e-02
6.649461574852466583e-04
5.895522190257906914e-04
3.383233770728111267e-02
3.664745483547449112e-03
2.415768802165985107e-02
9.512712478637695312e+00
2.515822125133126974e-04
4.043815612792968750e+00
1.113865301012992859e-01
2.503185346722602844e-02
3.594933950807899237e-04
3.183321096003055573e-03
6.530838966369628906e+00
1.295988922119140625e+02
1.346199798583984375e+02
8.640053868293762207e-01
3.519141006469726562e+01
2.937531948089599609e+00
6.671516723632812500e+02
1.219171047210693359e+01
8.836363983154296875e+01
7.789835453033447266e+00
2.141048889160156250e+02
1.730501747131347656e+01
1.109203872680664062e+02
9.032789468765258789e-01
3.159274673461914062e+01
1.259223785400390625e+02
1.655778198242187500e+02
2.483172302246093750e+02
1.511063537597656250e+02
9.973220825195312500e+00
9.352261352539062500e+01
5.101213932037353516e+00
9.034751892089843750e+00
7.059780120849609375e+01
3.130219936370849609e+00
6.773160099983215332e-01
3.018418579101562500e+02
4.647707824707031250e+02
2.037809692382812500e+03
4.905719299316406250e+02
1.374263668060302734e+01
5.376399993896484375e+00
1.574232101440429688e+01
2.433708648681640625e+02
1.824560928344726562e+01
1.775936698913574219e+01
1.375009298324584961e+00
7.959011197090148926e-02
6.305395126342773438e+00
1.030358505249023438e+02
1.275820434570312500e+03
1.897379302978515625e+01
9.385216832160949707e-01
4.133479003906250000e+02
3.317008590698242188e+01
9.874570465087890625e+01
1.144820404052734375e+02
2.466394042968750000e+01
8.636152148246765137e-01
1.000521911621093750e+03
3.533916931152343750e+02
5.064418792724609375e+01
1.665261459350585938e+01
2.456413650512695312e+01
6.111408710479736328e+00
1.306163406372070312e+01
6.165656089782714844e+00
5.265082120895385742e-01
1.944509124755859375e+01
2.078904785156250000e+03
1.066176025390625000e+03
6.019381103515625000e+02
1.468176078796386719e+01
7.847915649414062500e+01
3.332940816879272461e+00
1.092915725708007812e+02
5.297972106933593750e+01
3.994234863281250000e+03
2.039835662841796875e+02
7.945601654052734375e+01
1.142203584313392639e-01
4.432338867187500000e+02
2.446353435516357422e+00
2.106199340820312500e+02
6.538469791412353516e+00
1.498453807830810547e+01
1.941660165786743164e+00
1.146301269531250000e+01
3.777516479492187500e+02
3.257591629028320312e+01
4.607489013671875000e+01
7.872949123382568359e+00
1.321234321594238281e+01
4.850487518310546875e+01
8.369324684143066406e+00
1.938923645019531250e+01
1.425915807485580444e-01
1.949242210388183594e+01
2.155555152893066406e+01
2.346217632293701172e+00
3.024118423461914062e+01
4.740937423706054688e+01
5.548307418823242188e+01
1.772904968261718750e+01
7.561585235595703125e+01
8.204208374023437500e+02
3.312200784683227539e+00
4.105526733398437500e+02
3.726050257682800293e-01
8.882402343750000000e+02
2.839497327804565430e+00
2.303556251525878906e+01
5.155514240264892578e+00
1.158530044555664062e+02
7.011621093750000000e+01
1.781590728759765625e+02
2.678304910659790039e+00
5.304203125000000000e+03
4.570980529785156250e+02
9.755271077156066895e-01
1.114195346832275391e+00
1.893014160156250000e+03
1.593107299804687500e+02
2.143904685974121094e+00
3.014613342285156250e+01
1.223737411499023438e+02
1.832419281005859375e+02
1.851043319702148438e+01
1.258405685424804688e+02
1.008502197265625000e+01
3.927246704101562500e+02
4.939974609375000000e+03
6.811796875000000000e+02
1.644356842041015625e+02
7.508663654327392578e+00
9.625095825195312500e+02
5.653390884399414062e+01
4.222115039825439453e+00
6.716664428710937500e+02
1.110559234619140625e+02
7.530327758789062500e+02
4.621227645874023438e+01
7.301541566848754883e-01
5.262652969360351562e+01
2.123039722442626953e+00
3.885324716567993164e+00
8.835162520408630371e-01
8.223564453125000000e+02
1.048378906250000000e+03
3.297489929199218750e+02
5.745560073852539062e+01
3.379774332046508789e+00
6.359655761718750000e+02
2.365956687927246094e+01
1.250842041015625000e+03
5.042139816284179688e+01
7.756455078125000000e+02
1.558072924613952637e+00
1.331797027587890625e+02
2.097223876953125000e+03
6.031466126441955566e-01
7.625213623046875000e+02
3.486234664916992188e+01
4.941511750221252441e-01
1.411917724609375000e+02
6.227183914184570312e+01
2.435616493225097656e+00
7.439833283424377441e-01
8.274208068847656250e+00
3.421028137207031250e+00
1.179087890625000000e+03
1.739158020019531250e+02
1.918014373779296875e+02
6.395695495605468750e+01
2.824470825195312500e+02
1.380564117431640625e+02
1.367832946777343750e+02
5.132713623046875000e+02
2.859824707031250000e+03
2.167150497436523438e+01
1.327669143676757812e+01
2.512015625000000000e+03
5.338507175445556641e+00
6.670834064483642578e+00
5.547979736328125000e+02
1.726819992065429688e+01
1.098892307281494141e+01
7.745710754394531250e+01
5.412613391876220703e+00
2.266112136840820312e+01
2.797766685485839844e+01
3.862882995605468750e+01
3.946516723632812500e+02
7.660078048706054688e+00
2.418794921875000000e+04
4.636289119720458984e+00
9.926714301109313965e-01
3.244253158569335938e+01
1.563343872070312500e+03
6.316416931152343750e+01
1.105537128448486328e+01
4.052283630371093750e+02
1.286416721343994141e+01
7.543636322021484375e+01
2.656317443847656250e+02
2.429416656494140625e+00
9.212331390380859375e+01
1.579301595687866211e+00
1.948793411254882812e+01
4.632691383361816406e+00
3.306998062133789062e+01
1.642158126831054688e+01
7.445858955383300781e+00
4.257781982421875000e+01
6.002103424072265625e+01
1.315666198730468750e+00
1.539311981201171875e+02
6.427172851562500000e+02
1.190271854400634766e+01
6.201250457763671875e+01
1.487194728851318359e+01
9.236846923828125000e+00
1.307568311691284180e+00
5.998870605468750000e+03
1.605903816223144531e+01
6.468250732421875000e+02
2.659360170364379883e+00
2.254204559326171875e+02
1.499851226806640625e+00
3.192991943359375000e+02
3.641081542968750000e+03
2.361187487840652466e-01
2.170694828033447266e+00
1.490862060546875000e+03
4.119015216827392578e+00
1.312410400390625000e+03
4.839687824249267578e+00
3.893534469604492188e+01
1.646121215820312500e+01
1.311623287200927734e+01
6.881174445152282715e-02
2.063970565795898438e+01
4.435081958770751953e+00
8.883605346679687500e+02
8.969167327880859375e+01
1.064988994598388672e+01
8.322925567626953125e+00
3.893551254272460938e+01
2.727058792114257812e+01
1.746925354003906250e+00
6.913988037109375000e+02
1.874850006103515625e+02
1.903312301635742188e+01
3.499110031127929688e+01
1.829007873535156250e+02
1.408865051269531250e+02
1.719343719482421875e+02
1.071353316307067871e+00
1.084710644531250000e+04
1.558421039581298828e+01
8.723386383056640625e+01
2.132761192321777344e+01
7.138069272041320801e-01
1.732566894531250000e+03
1.518371429443359375e+02
9.483147859573364258e-01
9.561260375976562500e+02
7.433662414550781250e+01
1.105394554138183594e+01
6.289935058593750000e+03
7.352342987060546875e+01
8.699974822998046875e+01
6.673381042480468750e+01
9.261419677734375000e+02
3.081041259765625000e+02
4.815844421386718750e+02
4.066460418701171875e+01
2.830322265625000000e+03
8.449566364288330078e-01
3.246310424804687500e+01
5.745119628906250000e+02
1.181196022033691406e+01
7.224855346679687500e+02
1.444896936416625977e+00
2.122353553771972656e+00
8.290564727783203125e+01
4.631991386413574219e+00
1.706046676635742188e+01
2.036045684814453125e+02
8.487711548805236816e-01
2.079799842834472656e+01
7.890073299407958984e+00
5.744934558868408203e+00
4.806549453735351562e+01
2.006258726119995117e+00
1.203093767166137695e+00
2.296160430908203125e+02
1.073205688476562500e+03
7.927217006683349609e+00
1.407136993408203125e+02
2.112802886962890625e+01
1.309742736816406250e+01
2.344919677734375000e+03
4.529283046722412109e+00
5.165291748046875000e+02
5.464766311645507812e+01
2.960159111022949219e+01
1.515671142578125000e+03
4.885221099853515625e+01
2.601319885253906250e+02
7.208306884765625000e+02
2.389296417236328125e+02
8.719897460937500000e+01
3.553718261718750000e+02
5.406288146972656250e+01
2.149359226226806641e+00
5.231918334960937500e+01
2.413945007324218750e+01
7.556574821472167969e+00
1.322429443359375000e+03
5.169323120117187500e+02
1.093280151367187500e+03
2.375036315917968750e+02
1.296703147888183594e+01
3.430686712265014648e+00
8.502675890922546387e-01
4.509704208374023438e+01
1.583927536010742188e+01
1.035757350921630859e+01
1.383702039718627930e+00
2.292932128906250000e+01
7.598436474800109863e-01
9.994270324707031250e+01
3.592399978637695312e+01
9.458518981933593750e+01
1.300357360839843750e+02
3.175857543945312500e+01
7.584837341308593750e+01
1.767787742614746094e+01
8.355549812316894531e+00
4.097471237182617188e-01
1.150059375000000000e+04
4.235349121093750000e+03
2.997863769531250000e+02
2.202968902587890625e+02
1.419628601074218750e+02
9.916778564453125000e+02
2.438025283813476562e+01
4.873566818237304688e+01
1.715933990478515625e+01
3.374495744705200195e+00
6.945249938964843750e+01
1.668962768554687500e+03
9.188574981689453125e+01
9.743597030639648438e+00
1.268676471710205078e+01
1.947023468017578125e+02
5.601796875000000000e+02
1.359121551513671875e+02
1.102012920379638672e+01
1.592743778228759766e+01
1.388153880834579468e-01
1.865404844284057617e-01
5.094650268554687500e+01
4.626138687133789062e+01
5.925627708435058594e+00
3.022239303588867188e+01
2.530078582763671875e+02
6.032822799682617188e+01
1.401332244873046875e+02
1.341019821166992188e+01
2.224586486816406250e+00
1.479918956756591797e+01
5.250422286987304688e+01
1.463593505859375000e+03
2.546036958694458008e+00
1.211807403564453125e+02
1.976708650588989258e+00
3.862515211105346680e+00
3.410820960998535156e-01
1.288744354248046875e+01
5.079375976562500000e+03
2.428088085937500000e+04
7.472898483276367188e+00
1.046942214965820312e+02
9.929634857177734375e+01
5.604789257049560547e+00
1.498459472656250000e+02
7.563543701171875000e+02
1.073156070709228516e+01
5.805303573608398438e+00
3.293200016021728516e+00
7.920997619628906250e+01
3.339253234863281250e+01
3.009227561950683594e+01
3.198578186035156250e+02
5.424308471679687500e+02
5.147833347320556641e+00
6.508456230163574219e+00
6.000762462615966797e+00
2.426693267822265625e+02
1.171134376525878906e+01
4.291257095336914062e+01
3.693929443359375000e+02
2.194439315795898438e+01
8.827006835937500000e+02
1.263910034179687500e+03
2.143322753906250000e+02
1.565059304237365723e+00
2.903001976013183594e+01
