1.009317860007286072e-01
2.088056206703186035e-01
2.106184884905815125e-02
2.866473048925399780e-03
2.722461707890033722e-02
2.005889654159545898e+00
1.773466356098651886e-02
8.657881058752536774e-03
2.992703206837177277e-02
2.244139313697814941e-01
9.128857403993606567e-02
5.143642798066139221e-02
9.425310045480728149e-02
1.842311024665832520e-02
5.905781406909227371e-03
3.897925466299057007e-02
2.557939849793910980e-03
2.062265947461128235e-02
3.766939416527748108e-02
4.294116050004959106e-03
1.244617905467748642e-02
1.689533703029155731e-02
1.138826012611389160e-01
1.901938579976558685e-02
3.827812194824218750e+00
7.712400052696466446e-03
3.843659907579421997e-02
1.700184494256973267e-01
1.541715115308761597e-01
9.403783082962036133e-01
1.994530437514185905e-03
8.849531295709311962e-04
2.934025600552558899e-02
1.090594381093978882e-01
2.004040405154228210e-02
8.813042938709259033e-02
9.214636869728565216e-03
7.600646931678056717e-04
2.731366828083992004e-02
1.374531257897615433e-02
2.609731853008270264e-01
1.160740703344345093e-01
1.761523820459842682e-02
3.156207561492919922e+00
2.154488116502761841e-01
1.046214476227760315e-01
1.738842576742172241e-02
7.853592634201049805e-01
1.461695530451834202e-03
1.503023207187652588e-01
1.278727948665618896e-01
7.539293169975280762e-02
1.886394172906875610e-01
4.042058810591697693e-02
2.513299463316798210e-03
3.394511062651872635e-03
4.488042090088129044e-03
5.840793997049331665e-02
2.653599530458450317e-02
1.517436695098876953e+01
1.263163890689611435e-02
7.751259803771972656e+00
1.277325674891471863e-02
1.842762902379035950e-02
1.309512257575988770e-01
1.424121856689453125e-01
4.499839544296264648e-01
4.340237379074096680e-02
1.053127527236938477e+00
6.367705464363098145e-01
1.718808925943449140e-04
6.149574518203735352e-01
4.667704459279775620e-03
4.646381437778472900e-01
9.489218890666961670e-02
2.107930183410644531e-02
1.321916654706001282e-02
3.913032263517379761e-02
2.026789076626300812e-02
1.356507558375597000e-02
3.337319195270538330e-01
2.243370749056339264e-02
8.547168225049972534e-02
8.420426165685057640e-04
2.919345861300826073e-03
4.870395176112651825e-03
1.598100352566689253e-04
2.459753304719924927e-02
7.318693399429321289e-01
9.047097410075366497e-04
1.334301196038722992e-02
3.713690862059593201e-02
6.816253531724214554e-03
4.115032777190208435e-02
1.179116312414407730e-02
8.262456059455871582e-01
1.713661253452301025e-01
4.000383317470550537e-01
3.653352148830890656e-03
1.332907676696777344e-01
1.947039008140563965e+00
7.358344644308090210e-02
4.051289986819028854e-03
2.274700812995433807e-02
2.384848333895206451e-02
1.935870051383972168e-01
5.490534007549285889e-02
4.177047684788703918e-02
2.634989917278289795e-01
1.236679181456565857e-01
1.959786564111709595e-02
1.406075656414031982e-01
7.517782598733901978e-02
3.298882544040679932e-01
1.922099851071834564e-02
7.265402376651763916e-02
6.321741640567779541e-02
2.025301754474639893e-02
5.396058782935142517e-03
2.365567348897457123e-02
2.663588384166359901e-03
5.943811416625976562e+01
3.548287153244018555e-01
1.051107048988342285e+00
6.056427955627441406e-04
9.789752960205078125e-02
1.438727416098117828e-02
5.872829351574182510e-04
1.606967896223068237e-01
4.515838623046875000e-02
6.751018762588500977e-01
5.535293743014335632e-02
6.376720033586025238e-03
1.895610708743333817e-03
4.299336671829223633e-02
7.715578190982341766e-03
1.947761513292789459e-02
1.056331038475036621e+00
1.779962927103042603e-01
9.728406667709350586e-01
2.387929894030094147e-02
1.020164787769317627e-02
1.351895451545715332e+00
6.845856904983520508e-01
6.976535320281982422e+00
1.151904091238975525e-01
3.130446672439575195e-01
5.228295549750328064e-02
2.000089585781097412e-01
3.399895131587982178e-02
1.875877194106578827e-02
3.511330783367156982e-01
1.330147981643676758e-01
6.562460958957672119e-02
2.456177771091461182e-01
4.694587364792823792e-02
2.461939491331577301e-02
3.954051434993743896e-02
1.300079980865120888e-03
4.481620155274868011e-03
1.150216311216354370e-01
8.607151918113231659e-03
7.541707903146743774e-02
1.297965049743652344e-01
7.934860587120056152e-01
2.531397342681884766e-01
2.928964793682098389e-01
2.322613745927810669e-01
2.103293895721435547e+00
2.684494480490684509e-03
1.161953955888748169e-01
1.669347584247589111e-01
1.042077434249222279e-03
1.633926108479499817e-02
6.607799977064132690e-02
1.148778438568115234e+00
2.879912592470645905e-02
3.279308974742889404e-02
2.082750201225280762e-02
5.598077178001403809e-01
8.574544638395309448e-02
5.669895932078361511e-02
1.382580548524856567e-01
4.877830296754837036e-02
9.370763301849365234e-01
5.949314683675765991e-02
2.029146626591682434e-02
2.168683335185050964e-02
3.533191680908203125e-01
2.811573445796966553e-02
5.826288461685180664e-01
3.477342054247856140e-02
3.724219568539410830e-04
5.510424077510833740e-02
1.135208159685134888e-01
5.240216106176376343e-02
1.971933692693710327e-01
3.699254617094993591e-02
5.295935552567243576e-03
2.081961631774902344e-01
4.084953572601079941e-03
6.089036539196968079e-02
3.811196610331535339e-02
4.426852986216545105e-02
2.016399428248405457e-02
8.149958215653896332e-03
7.364838570356369019e-02
1.153618049621582031e+01
4.394956864416599274e-03
2.679466037079691887e-03
7.838654331862926483e-03
4.354500770568847656e-02
4.728922795038670301e-04
1.159578084945678711e+00
4.311086237430572510e-02
1.650459885597229004e+00
5.754452943801879883e-01
2.006151899695396423e-02
8.897729567252099514e-04
7.801597118377685547e-01
9.105731844902038574e-01
4.018967039883136749e-03
1.171470526605844498e-02
2.380966953933238983e-02
1.680764689808711410e-04
1.711768656969070435e-01
2.420460339635610580e-03
2.105740070343017578e+00
9.379053115844726562e-02
1.212727557867765427e-02
2.125848084688186646e-02
2.043858915567398071e-02
1.603594981133937836e-02
1.201143115758895874e-02
3.029917739331722260e-02
1.560273021459579468e-01
6.076316908001899719e-02
4.309029784053564072e-03
2.569551765918731689e-01
1.270599081180989742e-03
2.288762927055358887e-01
2.558587677776813507e-02
1.677368283271789551e-01
6.854914128780364990e-03
1.045465376228094101e-02
1.708098500967025757e-02
7.621597498655319214e-02
4.298262670636177063e-02
4.931423813104629517e-02
7.777512818574905396e-02
5.884097889065742493e-02
8.481882214546203613e-01
3.529201203491538763e-04
2.221874594688415527e-01
6.799232214689254761e-02
1.357681900262832642e-01
2.675060749053955078e+00
1.023328006267547607e-01
1.643192581832408905e-02
5.178350582718849182e-02
1.175094675272703171e-02
3.052243962883949280e-03
6.681887507438659668e-01
7.652084529399871826e-02
1.017109584063291550e-02
2.705083787441253662e-01
3.565546590834856033e-03
1.744014263153076172e+00
1.353863277472555637e-03
1.465762592852115631e-02
5.126438617706298828e+00
1.371098458766937256e-01
1.704314947128295898e-01
4.274599719792604446e-03
1.805583131499588490e-03
2.201602421700954437e-02
2.577186748385429382e-02
1.336879283189773560e-02
2.006444483995437622e-01
5.256144404411315918e-01
4.209927320480346680e-01
6.547428667545318604e-02
2.086131088435649872e-02
1.256535295397043228e-02
5.708389799110591412e-04
1.392592582851648331e-02
5.774381160736083984e+00
1.986367940902709961e+00
5.061302799731492996e-03
6.633321940898895264e-02
1.939201354980468750e-02
6.423773709684610367e-03
2.526783049106597900e-01
2.312584966421127319e-02
2.510958816856145859e-03
1.352140773087739944e-02
2.509935945272445679e-02
5.401145666837692261e-02
1.315502047538757324e+00
1.480048894882202148e-01
2.922370910644531250e+00
1.916158050298690796e-01
1.747455596923828125e-01
1.285628795623779297e+00
6.371976733207702637e-01
1.849898695945739746e-02
1.051199529320001602e-02
1.930884420871734619e-01
5.274355784058570862e-02
1.850429624319076538e-01
1.003423213958740234e+00
1.407221555709838867e-01
5.539136752486228943e-02
2.189376652240753174e-01
1.134474575519561768e-02
5.139584094285964966e-02
2.588943811133503914e-03
1.282290339469909668e+00
1.929550431668758392e-03
9.339354000985622406e-03
1.504484713077545166e-01
1.290033455006778240e-03
4.224018007516860962e-02
2.239530831575393677e-01
2.404418401420116425e-02
2.704585790634155273e+00
4.520765040069818497e-03
5.182437598705291748e-03
2.076765708625316620e-02
7.408364210277795792e-03
1.155512058176100254e-03
1.379505872726440430e+00
1.758299581706523895e-02
3.279640525579452515e-02
1.389185525476932526e-02
1.971134170889854431e-02
2.426232956349849701e-02
1.343054603785276413e-02
5.309672281146049500e-02
2.754858434200286865e-01
2.422195859253406525e-02
6.649721763096749783e-04
5.787812173366546631e-03
1.074619054794311523e+00
1.182404346764087677e-03
1.774034649133682251e-02
3.432572484016418457e-01
4.366751909255981445e-01
3.694670647382736206e-02
1.176636368036270142e-01
1.630784273147583008e-01
7.415354996919631958e-02
2.472784544806927443e-04
1.699381507933139801e-02
3.542602062225341797e-02
3.684259019792079926e-03
2.759781293570995331e-02
5.182536318898200989e-02
9.025635570287704468e-02
1.871823370456695557e-01
3.516372665762901306e-02
4.546863026916980743e-03
6.523980200290679932e-02
2.906601689755916595e-02
3.704524338245391846e-01
2.813595160841941833e-02
1.277088224887847900e-01
2.925534499809145927e-03
3.377144038677215576e-01
9.481348679400980473e-04
7.376322895288467407e-02
4.205125197768211365e-02
2.743717908859252930e+00
6.194199994206428528e-02
4.497987926006317139e-01
4.527521319687366486e-03
1.036187540739774704e-02
1.120365597307682037e-02
8.249094709753990173e-03
1.711770892143249512e-02
5.693934485316276550e-02
8.299676701426506042e-03
6.625775098800659180e-01
2.715798318386077881e-01
5.720826983451843262e-02
3.992516279220581055e+00
1.335066318511962891e+01
1.450658123940229416e-02
6.890040822327136993e-03
3.397881228011101484e-04
6.522451341152191162e-02
2.939203940331935883e-02
3.905107453465461731e-02
7.618044376373291016e+00
5.355184548534452915e-04
4.111651420593261719e+00
1.819871962070465088e-01
1.885990612208843231e-02
5.506019573658704758e-03
7.476611528545618057e-03
1.036684322357177734e+01
3.826004409790039062e+01
3.823710632324218750e+01
2.775199115276336670e-01
9.853174209594726562e+00
1.977357268333435059e+00
1.467164764404296875e+02
9.025188446044921875e+00
1.002950286865234375e+02
9.587426185607910156e+00
6.860693359375000000e+01
1.841407775878906250e+01
8.801500320434570312e+00
6.289095282554626465e-01
1.323670291900634766e+01
3.436707305908203125e+01
1.676189231872558594e+01
1.403673553466796875e+02
1.991543579101562500e+01
3.648283481597900391e+00
5.392568111419677734e+00
4.288263797760009766e+00
9.865195274353027344e+00
1.623807907104492188e+01
1.601704216003417969e+01
1.358854770660400391e+00
2.786951637268066406e+01
2.976926574707031250e+02
3.543388061523437500e+02
4.580767822265625000e+01
2.076846837997436523e+00
2.507047653198242188e+00
2.416536808013916016e+00
3.269843139648437500e+02
2.295003652572631836e+00
1.080376529693603516e+01
4.496912956237792969e-01
1.354929655790328979e-01
1.813737630844116211e+00
6.046096038818359375e+01
1.178932128906250000e+03
1.713323402404785156e+01
4.616402387619018555e-01
1.358448333740234375e+02
1.337310028076171875e+01
1.267215194702148438e+02
1.242650527954101562e+02
1.274071979522705078e+01
1.358785510063171387e+00
2.135091857910156250e+02
4.368477630615234375e+01
1.194421482086181641e+01
1.544168376922607422e+01
4.880885696411132812e+01
4.471611022949218750e+00
1.583118796348571777e+00
2.150469779968261719e+00
1.197391033172607422e+00
5.223673820495605469e+00
3.291393127441406250e+02
4.594033432006835938e+01
2.774512329101562500e+02
1.782976746559143066e+00
1.166105270385742188e+01
2.964581489562988281e+00
1.687196350097656250e+01
2.085250663757324219e+01
9.320634765625000000e+02
9.026604614257812500e+02
2.551055717468261719e+01
5.792912095785140991e-02
3.449008941650390625e+01
1.434433341026306152e+00
9.129793548583984375e+01
9.222934722900390625e+00
8.355179786682128906e+00
4.246283471584320068e-01
2.491597414016723633e+00
3.577398300170898438e+01
2.039548110961914062e+01
1.861679077148437500e+01
2.396170854568481445e+00
1.019988536834716797e+01
1.158860397338867188e+01
7.742816925048828125e+00
4.767544269561767578e+00
2.114970088005065918e-01
2.492478561401367188e+01
1.516975116729736328e+01
1.812647461891174316e+00
3.849238157272338867e+00
7.317538452148437500e+01
3.667189788818359375e+01
1.703865432739257812e+01
4.176887893676757812e+01
2.660683059692382812e+01
4.107037544250488281e+00
1.459494995117187500e+03
1.880444645881652832e+00
3.595006561279296875e+01
7.059073448181152344e-01
4.843386173248291016e+00
5.035260915756225586e-01
7.926911163330078125e+01
1.494067382812500000e+01
2.081917381286621094e+01
4.044505119323730469e+00
3.192688903808593750e+02
3.458974304199218750e+02
2.482229471206665039e+00
1.406212151050567627e-01
6.695903778076171875e+01
2.582897186279296875e+01
6.339824676513671875e+00
3.404368591308593750e+01
4.104280471801757812e+01
1.445207023620605469e+01
7.715037822723388672e+00
2.496303176879882812e+01
1.116702556610107422e+01
3.021335220336914062e+01
6.304486328125000000e+03
1.773852996826171875e+02
3.936346817016601562e+01
2.233727216720581055e+00
1.809010772705078125e+02
8.705896377563476562e+00
1.798400521278381348e+00
3.757683105468750000e+02
9.909702301025390625e+01
3.415546798706054688e+01
9.491097450256347656e+00
1.764453947544097900e-01
4.749164581298828125e+00
1.197943568229675293e+00
1.448875784873962402e+00
3.978481769561767578e+00
1.375250701904296875e+02
5.943479919433593750e+01
1.250254669189453125e+02
4.556601333618164062e+01
5.957847833633422852e-01
3.026095581054687500e+02
1.830041503906250000e+01
1.231208801269531250e+02
2.079296684265136719e+01
2.612039184570312500e+02
1.059519052505493164e+00
2.927760696411132812e+01
1.673466796875000000e+02
8.493645787239074707e-01
2.661423034667968750e+02
4.279360580444335938e+01
7.973456978797912598e-01
1.275457305908203125e+02
8.432473182678222656e+00
1.491759061813354492e+00
9.732785820960998535e-01
9.341436028480529785e-01
1.056377053260803223e+00
2.949921569824218750e+02
1.196647033691406250e+02
9.733776092529296875e+01
1.097312831878662109e+01
4.643869781494140625e+01
4.634648799896240234e+00
3.193908500671386719e+01
8.462147521972656250e+01
3.762977905273437500e+02
1.665392398834228516e+00
1.144111156463623047e+01
3.055863342285156250e+02
1.327354192733764648e+00
4.479214668273925781e+00
1.373906250000000000e+02
1.889774513244628906e+01
4.677340984344482422e+00
2.438264274597167969e+01
2.157963752746582031e+00
1.616625595092773438e+01
2.127113580703735352e+00
3.844144058227539062e+01
9.549851226806640625e+01
3.196447789669036865e-01
2.446005859375000000e+03
1.283329486846923828e+01
1.276264309883117676e+00
6.466927051544189453e+00
1.013626632690429688e+02
1.885104751586914062e+01
1.704179763793945312e+00
1.990285301208496094e+01
2.886897087097167969e+00
3.202636337280273438e+01
2.413264274597167969e+01
4.570530056953430176e-01
2.475204467773437500e+01
1.578094482421875000e+00
9.960777759552001953e-01
3.153131246566772461e+00
9.059198379516601562e+00
2.490882873535156250e+00
6.111769199371337891e+00
1.391927814483642578e+01
5.441596603393554688e+01
4.647645652294158936e-01
8.974981307983398438e+00
1.359621276855468750e+02
6.058490753173828125e+00
2.267202758789062500e+01
1.013539791107177734e+01
3.333835601806640625e+00
1.007763266563415527e+00
1.234824707031250000e+03
1.403351306915283203e+01
6.359209442138671875e+01
7.097319126129150391e+00
1.946311492919921875e+02
1.042750000953674316e+00
9.131448364257812500e+01
1.754782836914062500e+03
1.879136562347412109e-01
1.001178741455078125e+00
1.613723602294921875e+02
1.751727342605590820e+00
3.333293762207031250e+02
3.514551401138305664e+00
1.110040092468261719e+01
1.668758869171142578e+00
9.640192985534667969e+00
2.875826060771942139e-01
1.239615345001220703e+01
1.028181552886962891e+00
8.882202911376953125e+01
5.269141674041748047e+00
4.180292892456054688e+01
1.106150865554809570e+00
5.561121463775634766e+00
1.101955127716064453e+01
8.000271916389465332e-01
2.029417724609375000e+02
1.632728385925292969e+01
6.748638153076171875e+00
4.885685920715332031e+00
3.206986236572265625e+01
6.804589843750000000e+01
9.316754913330078125e+01
2.808360159397125244e-01
4.625993347167968750e+02
4.900034904479980469e+00
1.421348285675048828e+01
2.555137062072753906e+01
1.675219416618347168e+00
1.168864898681640625e+02
3.903342056274414062e+01
2.038671970367431641e+00
4.625345993041992188e+01
1.277350139617919922e+01
2.470538377761840820e+00
2.903774719238281250e+02
2.312210845947265625e+01
3.662234115600585938e+01
1.925208091735839844e+01
1.854622344970703125e+02
3.689567947387695312e+01
7.211005401611328125e+01
1.932530784606933594e+01
2.101322937011718750e+02
1.542031764984130859e-01
6.945240497589111328e+00
8.501281127929687500e+02
4.038456726074218750e+01
9.659602355957031250e+01
6.265825629234313965e-01
3.134175837039947510e-01
2.066427040100097656e+01
7.884973049163818359e+00
8.404167175292968750e+00
1.941134071350097656e+01
1.872926235198974609e+00
1.088674545288085938e+01
4.283425331115722656e+00
3.477637290954589844e+00
1.122712039947509766e+01
9.588581919670104980e-01
1.844738245010375977e+00
3.257169799804687500e+02
2.843135986328125000e+02
3.279642343521118164e+00
4.328704833984375000e+01
2.056301879882812500e+01
5.804139137268066406e+00
2.099173828125000000e+03
3.844101428985595703e+00
3.746046829223632812e+01
1.001454734802246094e+01
2.018151664733886719e+01
1.389353332519531250e+02
7.508559703826904297e+00
5.412611389160156250e+01
7.486112213134765625e+01
4.961558532714843750e+01
1.907481384277343750e+01
3.363587036132812500e+02
7.203062534332275391e+00
5.669753551483154297e+00
1.192077865600585938e+02
1.080468750000000000e+01
8.469576835632324219e+00
3.349933776855468750e+02
1.645598449707031250e+02
1.930943298339843750e+02
6.158759765625000000e+02
1.433111667633056641e+00
4.585438251495361328e+00
6.012520790100097656e-01
4.145799636840820312e+00
1.167772960662841797e+01
3.215613365173339844e+00
8.630469441413879395e-01
3.451691150665283203e+00
8.953564763069152832e-01
2.724023742675781250e+02
1.907869338989257812e+01
1.179861145019531250e+02
1.166994781494140625e+02
4.625722408294677734e+00
3.961429977416992188e+01
1.765779304504394531e+01
1.959992790222167969e+01
6.401814818382263184e-01
1.696036743164062500e+03
1.690340576171875000e+02
1.326667022705078125e+01
4.481282043457031250e+01
6.322796249389648438e+01
6.124802856445312500e+02
1.846186256408691406e+01
2.039295434951782227e+00
1.976368522644042969e+01
7.765058875083923340e-01
2.065631103515625000e+01
2.034893646240234375e+02
1.823610305786132812e+01
3.300947189331054688e+00
3.433990716934204102e+00
1.059826812744140625e+02
5.071928710937500000e+02
3.680262374877929688e+01
2.073671150207519531e+01
1.951539421081542969e+01
2.434970438480377197e-01
7.315479218959808350e-02
1.952525138854980469e+01
1.027684020996093750e+01
3.469133853912353516e+00
1.934079551696777344e+01
9.015059661865234375e+01
8.072812652587890625e+01
3.592911529541015625e+01
2.058038473129272461e+00
1.393650531768798828e+00
4.522517681121826172e+00
7.372684478759765625e+00
1.729477233886718750e+02
2.722212076187133789e+00
4.139868927001953125e+01
3.829582333564758301e-01
5.601791381835937500e+00
1.958667486906051636e-01
4.616377353668212891e+00
4.605113830566406250e+02
2.333239648437500000e+04
5.928587436676025391e+00
4.465127944946289062e+01
7.632647037506103516e+00
2.840950727462768555e+00
5.262399673461914062e+01
1.584431457519531250e+02
1.203643083572387695e+00
2.633135557174682617e+00
1.058997344970703125e+01
7.201171112060546875e+01
2.352663230895996094e+01
4.757098197937011719e+00
1.565950622558593750e+02
6.517711181640625000e+02
5.064784526824951172e+00
2.403934955596923828e+00
2.277558803558349609e+00
5.928532028198242188e+01
1.748497724533081055e+00
3.046968936920166016e+00
2.916338195800781250e+02
1.406260204315185547e+01
1.021943969726562500e+02
1.010633911132812500e+03
5.858816909790039062e+01
1.096677184104919434e+00
4.645759963989257812e+01
