3.286366537213325500e-02
1.095826700329780579e-01
7.208811119198799133e-03
1.664427691139280796e-03
4.427262395620346069e-02
5.414727687835693359e+00
2.083988487720489502e-02
2.897988073527812958e-03
5.664024036377668381e-03
6.038500070571899414e-01
4.672594834119081497e-03
1.331651397049427032e-02
7.439817488193511963e-02
9.803734719753265381e-03
1.328789978288114071e-03
1.259323954582214355e-02
3.335438203066587448e-03
3.668396035209298134e-03
2.361074276268482208e-02
4.229840415064245462e-04
1.561806350946426392e-01
1.856883428990840912e-02
2.737342417240142822e-01
5.329284444451332092e-02
8.522289395332336426e-01
1.795211806893348694e-02
5.648271739482879639e-02
2.080992050468921661e-02
1.021204367280006409e-01
1.194733500480651855e+00
3.303814737591892481e-04
1.349354424746707082e-04
6.902895402163267136e-03
2.506295591592788696e-02
7.611755281686782837e-02
6.880486849695444107e-03
8.372709155082702637e-03
5.417082575149834156e-04
9.074481204152107239e-03
6.189533043652772903e-03
2.737534940242767334e-01
7.992204278707504272e-02
1.572940847836434841e-03
1.256250286102294922e+01
2.014019042253494263e-01
7.095270603895187378e-02
3.937328234314918518e-03
2.290102690458297729e-01
3.546869847923517227e-03
1.084817014634609222e-02
2.111492604017257690e-01
3.238090127706527710e-02
1.172666028141975403e-01
3.139588609337806702e-02
4.005511582363396883e-04
1.664185663685202599e-03
5.125764291733503342e-03
1.134029496461153030e-02
2.246602997183799744e-02
9.456667900085449219e+00
1.056925859302282333e-02
1.635317611694335938e+01
1.418807543814182281e-02
2.361658029258251190e-03
1.217660456895828247e-01
1.607789285480976105e-02
1.723297238349914551e-01
7.995922118425369263e-03
6.386185288429260254e-01
6.850271821022033691e-01
1.309065701207146049e-04
1.677472829818725586e+00
9.957123547792434692e-04
2.514851465821266174e-02
8.562442660331726074e-02
5.630482360720634460e-02
5.556572694331407547e-03
4.148578271269798279e-02
4.952424764633178711e-02
1.153405848890542984e-02
5.083787813782691956e-02
1.357368845492601395e-02
1.637481153011322021e-02
2.498749527148902416e-04
2.280101878568530083e-03
1.535344403237104416e-03
1.922834417200647295e-05
4.286506772041320801e-02
9.013319015502929688e-01
1.191203133203089237e-03
6.063253153115510941e-03
8.722000755369663239e-03
1.002498320303857327e-03
9.593915194272994995e-02
3.910845844075083733e-04
7.537067532539367676e-01
5.250400900840759277e-01
6.052050366997718811e-02
1.607350772246718407e-03
5.471326038241386414e-02
2.069655895233154297e+00
4.140124097466468811e-02
9.171265410259366035e-04
1.689311489462852478e-02
9.752507321536540985e-03
4.387124180793762207e-01
1.163885667920112610e-01
1.271739881485700607e-02
3.362444043159484863e-02
9.268268197774887085e-02
1.549103707075119019e-01
4.582464993000030518e-01
4.634438827633857727e-02
5.493092536926269531e-02
1.804320700466632843e-02
2.495256997644901276e-02
6.490895897150039673e-02
4.853980615735054016e-03
3.320522839203476906e-03
7.539898902177810669e-02
5.543744773603975773e-04
6.883584499359130859e+00
6.271173357963562012e-01
4.564106166362762451e-01
1.199075486510992050e-04
1.687674820423126221e-01
1.144402194768190384e-02
7.043783552944660187e-04
6.588618457317352295e-02
5.621573328971862793e-02
1.713106274604797363e+00
6.115684658288955688e-02
3.870934713631868362e-03
1.092402380891144276e-03
3.749492019414901733e-02
2.151852287352085114e-02
4.550746828317642212e-02
3.853370666503906250e+00
1.712520569562911987e-01
3.895538747310638428e-01
2.399264089763164520e-02
9.221449494361877441e-03
7.796095609664916992e-01
6.873176097869873047e-01
2.069173622131347656e+01
1.842257380485534668e-02
3.336497247219085693e-01
5.303607787936925888e-03
5.772069841623306274e-02
1.343111041933298111e-02
1.916227862238883972e-02
8.609925210475921631e-02
8.120318502187728882e-02
1.729360781610012054e-02
8.648872375488281250e-02
1.376405078917741776e-02
1.104026194661855698e-02
3.957768529653549194e-02
2.385209314525127411e-03
4.233115352690219879e-03
4.085117578506469727e-02
3.470320079941302538e-04
1.695938408374786377e-01
4.797966778278350830e-01
2.796097993850708008e-01
7.783927023410797119e-02
1.898292601108551025e-01
1.556801646947860718e-01
1.069365501403808594e+00
2.247516385978087783e-04
1.984129659831523895e-02
9.934033453464508057e-02
8.333300502272322774e-05
1.571314968168735504e-02
4.554329812526702881e-02
1.605341076850891113e+00
1.867436245083808899e-02
1.015954930335283279e-02
1.105927769094705582e-02
1.101811602711677551e-01
6.055079773068428040e-02
4.018171131610870361e-02
1.861177086830139160e-01
2.843281999230384827e-02
2.315710306167602539e+00
1.006541028618812561e-02
6.242699455469846725e-03
6.742377579212188721e-02
3.147418200969696045e-01
3.394336625933647156e-02
1.584584712982177734e-01
2.350709959864616394e-02
3.014674002770334482e-04
8.597918599843978882e-02
4.464383721351623535e-01
1.172515563666820526e-02
2.299465090036392212e-01
7.551810890436172485e-02
3.569239750504493713e-03
2.746595256030559540e-02
3.264299826696515083e-03
4.124135524034500122e-02
1.254882756620645523e-02
2.107634209096431732e-02
9.163196198642253876e-03
1.574803609400987625e-03
1.717602014541625977e-01
1.418808650970458984e+01
6.552255246788263321e-03
3.695218358188867569e-03
5.482090637087821960e-03
3.639281913638114929e-02
1.458853803342208266e-04
7.995592951774597168e-01
2.169569768011569977e-02
2.424325466156005859e+00
6.248751282691955566e-02
1.875876449048519135e-02
4.644290893338620663e-04
5.120617151260375977e-01
2.582498192787170410e-01
1.269461214542388916e-02
1.266522682271897793e-03
2.084068953990936279e-02
1.070501821232028306e-04
2.869327180087566376e-02
8.132434450089931488e-04
5.596718788146972656e+00
4.364961981773376465e-01
6.421917583793401718e-03
1.832774840295314789e-02
9.709469974040985107e-03
2.984075620770454407e-02
2.113443333655595779e-03
2.898945212364196777e-01
1.577788405120372772e-02
1.984089016914367676e-01
3.596072550863027573e-03
1.090174466371536255e-01
4.189607570879161358e-04
2.270062267780303955e-02
8.250312507152557373e-02
1.489657908678054810e-01
2.377228345721960068e-03
8.167142048478126526e-03
7.498422637581825256e-03
3.704395145177841187e-02
7.923425734043121338e-02
2.585448324680328369e-02
1.134113073348999023e-01
3.368294984102249146e-02
1.808350324630737305e+00
4.194276698399335146e-05
4.598986357450485229e-02
1.036217156797647476e-02
2.609349489212036133e-01
4.869805335998535156e+00
1.630187593400478363e-02
2.078119479119777679e-02
1.863630264997482300e-01
2.724881982430815697e-03
6.208717240951955318e-04
9.011201262474060059e-01
2.313853055238723755e-02
3.654489992186427116e-03
1.870214752852916718e-02
1.087123434990644455e-02
2.229793787002563477e+00
9.322802536189556122e-03
7.168226409703493118e-03
1.516603350639343262e+00
3.522101044654846191e-02
5.688052177429199219e-01
3.064882708713412285e-03
1.268522697500884533e-03
2.271017059683799744e-02
4.869436379522085190e-03
7.523805368691682816e-03
2.275134325027465820e-01
2.240281343460083008e+00
1.632876694202423096e-01
1.158186327666044235e-02
3.882488003000617027e-03
1.394483726471662521e-02
1.706150505924597383e-04
4.297037143260240555e-03
6.289239406585693359e+00
1.207002282142639160e+00
2.849049633368849754e-04
6.446599215269088745e-02
1.241748221218585968e-02
7.842429913580417633e-04
5.643251165747642517e-02
1.666744425892829895e-02
7.800219464115798473e-04
1.939901523292064667e-02
2.993164025247097015e-02
5.798945203423500061e-02
2.185442447662353516e+00
5.030260607600212097e-02
5.228266119956970215e-01
8.200618028640747070e-01
6.554513424634933472e-02
1.070700764656066895e+00
2.458214521408081055e+00
4.515183158218860626e-03
3.353890776634216309e-02
3.741121664643287659e-02
4.137984476983547211e-03
1.074855476617813110e-01
5.484994053840637207e-01
2.978468872606754303e-02
7.284554652869701385e-03
1.885900050401687622e-01
2.530325436964631081e-03
3.003934212028980255e-02
8.293754071928560734e-04
5.023444294929504395e-01
2.379070967435836792e-03
3.195321653038263321e-03
3.444750308990478516e-01
1.074289437383413315e-03
7.286965847015380859e-03
3.086691908538341522e-02
6.157293915748596191e-03
2.721512615680694580e-01
5.926606245338916779e-03
3.587671555578708649e-03
5.587826948612928391e-03
1.924609416164457798e-03
5.307159852236509323e-03
2.934612333774566650e-01
4.194735083729028702e-03
1.009371969848871231e-02
5.132619757205247879e-03
1.616004295647144318e-02
3.001924371346831322e-03
5.757152102887630463e-03
3.567028045654296875e-02
2.956176102161407471e-01
1.104397349990904331e-03
4.804302006959915161e-04
3.005697159096598625e-03
1.974146604537963867e+00
9.125348879024386406e-04
1.320728380233049393e-02
1.570180505514144897e-01
1.810244470834732056e-02
4.729565978050231934e-02
2.939733117818832397e-02
7.915229350328445435e-02
2.894943654537200928e-01
6.206760735949501395e-05
1.374252792447805405e-02
4.364661872386932373e-03
9.188218391500413418e-04
1.825966313481330872e-02
2.811165153980255127e-02
4.786012694239616394e-02
4.394986107945442200e-02
1.647448912262916565e-02
1.013614353723824024e-03
1.651654578745365143e-02
6.127360742539167404e-03
8.264178037643432617e-02
2.913424558937549591e-02
8.181575685739517212e-02
1.312818261794745922e-03
6.215965002775192261e-02
2.876353100873529911e-04
2.010958790779113770e-01
1.346606314182281494e-01
4.407966136932373047e-02
1.462256815284490585e-02
4.913001060485839844e-01
1.073932508006691933e-03
9.573348797857761383e-03
4.013457801192998886e-03
1.997994258999824524e-02
1.617278531193733215e-02
5.486748367547988892e-02
1.007630140520632267e-03
4.317259788513183594e+00
1.047350540757179260e-01
2.411587350070476532e-02
4.616975784301757812e+00
1.010593605041503906e+01
1.045581046491861343e-02
6.647873087786138058e-04
4.659463302232325077e-04
3.466720506548881531e-02
4.168776795268058777e-03
1.659087836742401123e-02
7.711113452911376953e+00
2.552761288825422525e-04
4.319519996643066406e+00
6.806387007236480713e-02
2.971205487847328186e-02
3.351540362928062677e-04
2.444351091980934143e-03
7.581864833831787109e+00
1.516963958740234375e+02
2.004926147460937500e+02
1.135055541992187500e+00
5.652016067504882812e+01
4.535042762756347656e+00
1.162453491210937500e+03
1.192558193206787109e+01
1.136632461547851562e+02
7.540487289428710938e+00
2.869510803222656250e+02
2.654224967956542969e+01
1.608116912841796875e+02
9.284722208976745605e-01
2.923100090026855469e+01
1.735243988037109375e+02
2.136760253906250000e+02
1.881287994384765625e+02
1.877854461669921875e+02
7.567545890808105469e+00
1.150211715698242188e+02
4.803224086761474609e+00
1.080428600311279297e+01
9.655886077880859375e+01
3.249516725540161133e+00
7.672490477561950684e-01
5.770278930664062500e+02
4.730516052246093750e+02
2.420954833984375000e+03
6.380958251953125000e+02
1.293949317932128906e+01
5.502389430999755859e+00
2.491650390625000000e+01
4.417933654785156250e+02
2.281996345520019531e+01
2.929530715942382812e+01
1.489459276199340820e+00
8.446177095174789429e-02
6.477994441986083984e+00
1.464460601806640625e+02
1.346974121093750000e+03
2.343837356567382812e+01
1.156851053237915039e+00
4.465360107421875000e+02
4.334980010986328125e+01
1.024750747680664062e+02
1.243847427368164062e+02
2.531145286560058594e+01
9.879475235939025879e-01
1.676347656250000000e+03
6.885889892578125000e+02
6.619589233398437500e+01
1.903715896606445312e+01
2.132759666442871094e+01
7.283318042755126953e+00
1.649268150329589844e+01
7.917864799499511719e+00
4.812380373477935791e-01
1.590093135833740234e+01
3.504249755859375000e+03
8.031284790039062500e+02
7.466601562500000000e+02
1.631651306152343750e+01
8.803115081787109375e+01
3.536736726760864258e+00
1.602444152832031250e+02
7.256179809570312500e+01
6.601999511718750000e+03
2.189288330078125000e+02
1.325428009033203125e+02
1.160638853907585144e-01
6.826542968750000000e+02
4.053146839141845703e+00
3.698363647460937500e+02
9.590968132019042969e+00
1.965120506286621094e+01
2.066458702087402344e+00
1.116210365295410156e+01
5.196654663085937500e+02
2.833016586303710938e+01
4.222345733642578125e+01
7.648697853088378906e+00
1.607904815673828125e+01
4.006460952758789062e+01
6.630954742431640625e+00
3.030565261840820312e+01
1.330402642488479614e-01
1.909975051879882812e+01
3.016792488098144531e+01
3.395343542098999023e+00
4.082652664184570312e+01
6.947180938720703125e+01
4.165241622924804688e+01
2.046903991699218750e+01
7.846126556396484375e+01
1.176149414062500000e+03
3.113290071487426758e+00
5.571983642578125000e+02
5.479409694671630859e-01
1.216383911132812500e+03
3.231945753097534180e+00
1.746405982971191406e+01
5.173240184783935547e+00
1.554343719482421875e+02
5.960227203369140625e+01
2.339710388183593750e+02
3.265410423278808594e+00
5.447187500000000000e+03
7.007744140625000000e+02
1.514264106750488281e+00
1.091588377952575684e+00
2.900083007812500000e+03
2.700546264648437500e+02
2.802661895751953125e+00
5.562389373779296875e+01
1.113990783691406250e+02
1.936076812744140625e+02
2.545486259460449219e+01
1.565195159912109375e+02
1.026147747039794922e+01
4.068258361816406250e+02
5.996491210937500000e+03
1.231660400390625000e+03
2.437163543701171875e+02
8.488271713256835938e+00
7.822673950195312500e+02
5.334489440917968750e+01
3.209197759628295898e+00
7.814781494140625000e+02
1.893995513916015625e+02
9.624719848632812500e+02
8.674920654296875000e+01
6.736710071563720703e-01
7.425691223144531250e+01
2.816988706588745117e+00
2.380770444869995117e+00
7.493466138839721680e-01
1.352546630859375000e+03
9.437354736328125000e+02
4.079955444335937500e+02
8.023602294921875000e+01
3.979634284973144531e+00
9.688770751953125000e+02
3.391846084594726562e+01
8.681144409179687500e+02
4.835805511474609375e+01
1.315377563476562500e+03
1.131633758544921875e+00
2.142806701660156250e+02
4.212505371093750000e+03
7.118732929229736328e-01
1.211506469726562500e+03
3.773039245605468750e+01
5.849326252937316895e-01
1.833340454101562500e+02
1.008458480834960938e+02
1.966131329536437988e+00
1.166697502136230469e+00
8.967751502990722656e+00
3.944714307785034180e+00
1.488569091796875000e+03
2.009055633544921875e+02
1.762091827392578125e+02
6.643270111083984375e+01
3.508762512207031250e+02
1.525083465576171875e+02
2.304143981933593750e+02
4.221865844726562500e+02
5.452546386718750000e+03
3.551699829101562500e+01
1.011866569519042969e+01
3.686855468750000000e+03
6.796692371368408203e+00
7.446969985961914062e+00
8.465909423828125000e+02
1.930247306823730469e+01
1.452850246429443359e+01
1.077487335205078125e+02
5.775142669677734375e+00
3.267547988891601562e+01
3.920139694213867188e+01
6.998236846923828125e+01
4.833658142089843750e+02
9.002324104309082031e+00
2.951675000000000000e+04
5.601433753967285156e+00
9.456724524497985840e-01
3.926681900024414062e+01
1.683259399414062500e+03
9.617622375488281250e+01
1.251600265502929688e+01
7.139859008789062500e+02
1.744090843200683594e+01
1.055617980957031250e+02
3.297216491699218750e+02
1.668257355690002441e+00
1.744711456298828125e+02
2.074816465377807617e+00
2.047999954223632812e+01
6.332894325256347656e+00
7.532575988769531250e+01
3.111976242065429688e+01
8.231940269470214844e+00
3.976151275634765625e+01
6.401223754882812500e+01
1.891198158264160156e+00
1.769933471679687500e+02
8.021157836914062500e+02
9.950669288635253906e+00
1.373659973144531250e+02
1.309732437133789062e+01
1.071232891082763672e+01
1.103245139122009277e+00
7.750236816406250000e+03
2.178690528869628906e+01
7.867965698242187500e+02
3.914898395538330078e+00
2.608990783691406250e+02
2.142781019210815430e+00
2.717413635253906250e+02
4.991375000000000000e+03
2.568865418434143066e-01
2.662149190902709961e+00
2.772948974609375000e+03
4.349535465240478516e+00
1.541728759765625000e+03
5.112227916717529297e+00
4.455581665039062500e+01
1.844328880310058594e+01
1.670422554016113281e+01
4.301169887185096741e-02
1.555966281890869141e+01
6.717503070831298828e+00
1.238854003906250000e+03
1.012685546875000000e+02
1.417548179626464844e+01
7.306383609771728516e+00
3.858449935913085938e+01
3.364949035644531250e+01
2.792016029357910156e+00
1.099350952148437500e+03
2.130777587890625000e+02
1.395856571197509766e+01
2.375180053710937500e+01
2.272793579101562500e+02
1.774591674804687500e+02
2.196765289306640625e+02
7.794009447097778320e-01
1.654219726562500000e+04
1.555671405792236328e+01
7.140084075927734375e+01
2.970991134643554688e+01
7.044382691383361816e-01
1.819183593750000000e+03
1.650561981201171875e+02
1.154417514801025391e+00
2.027627441406250000e+03
8.686866760253906250e+01
1.277930164337158203e+01
7.963607910156250000e+03
7.039701843261718750e+01
1.310907440185546875e+02
7.509004211425781250e+01
1.208855468750000000e+03
4.843733825683593750e+02
4.428686218261718750e+02
6.938735198974609375e+01
6.610574218750000000e+03
1.034471869468688965e+00
3.071728134155273438e+01
5.849979248046875000e+02
1.181223392486572266e+01
6.829375610351562500e+02
1.366316795349121094e+00
2.304772615432739258e+00
1.454161987304687500e+02
4.943264961242675781e+00
1.478956413269042969e+01
3.153696899414062500e+02
1.610001564025878906e+00
2.766504478454589844e+01
1.508455944061279297e+01
6.173071384429931641e+00
6.657733917236328125e+01
1.529418826103210449e+00
2.079730749130249023e+00
3.947299499511718750e+02
1.604364746093750000e+03
6.884903907775878906e+00
1.771747283935546875e+02
2.474462699890136719e+01
1.095330715179443359e+01
3.457605712890625000e+03
4.641790390014648438e+00
4.931040954589843750e+02
7.111663818359375000e+01
5.659127426147460938e+01
2.179043212890625000e+03
5.300682067871093750e+01
2.355076446533203125e+02
1.282632812500000000e+03
2.343465423583984375e+02
7.082225799560546875e+01
5.346679077148437500e+02
7.322362518310546875e+01
3.028105974197387695e+00
7.248976135253906250e+01
3.278946685791015625e+01
4.839288234710693359e+00
1.817236328125000000e+03
6.008254394531250000e+02
1.558822509765625000e+03
3.212163085937500000e+02
2.046498107910156250e+01
3.927567481994628906e+00
7.876931428909301758e-01
5.652848815917968750e+01
1.863047599792480469e+01
1.087067031860351562e+01
1.417407751083374023e+00
2.046516990661621094e+01
5.546010136604309082e-01
1.187259979248046875e+02
4.730039978027343750e+01
1.765525970458984375e+02
1.361896209716796875e+02
4.027404785156250000e+01
8.740816497802734375e+01
2.102758216857910156e+01
1.312915420532226562e+01
3.194116353988647461e-01
1.514781054687500000e+04
3.382316406250000000e+03
3.261862182617187500e+02
2.725269470214843750e+02
2.253742370605468750e+02
1.825802124023437500e+03
2.916728210449218750e+01
8.986762237548828125e+01
2.399183082580566406e+01
3.566055297851562500e+00
8.064437103271484375e+01
1.405850585937500000e+03
1.144236450195312500e+02
9.767751693725585938e+00
1.871754264831542969e+01
2.805761413574218750e+02
5.306791381835937500e+02
1.764976196289062500e+02
1.439288806915283203e+01
2.381386184692382812e+01
1.554109603166580200e-01
1.435911655426025391e-01
4.904248046875000000e+01
6.013149642944335938e+01
6.425057411193847656e+00
3.638370513916015625e+01
4.434148559570312500e+02
8.712806701660156250e+01
2.135704956054687500e+02
1.838148307800292969e+01
2.375229120254516602e+00
2.137354660034179688e+01
8.636701202392578125e+01
1.907750244140625000e+03
3.099209308624267578e+00
2.275100860595703125e+02
1.594933271408081055e+00
4.440131187438964844e+00
3.607905805110931396e-01
8.433581352233886719e+00
6.756067871093750000e+03
4.110163281250000000e+04
1.168063354492187500e+01
1.138649978637695312e+02
1.289357147216796875e+02
5.054131507873535156e+00
1.962135162353515625e+02
1.083935546875000000e+03
9.673704147338867188e+00
5.610736370086669922e+00
3.740694284439086914e+00
1.150819015502929688e+02
4.038822555541992188e+01
5.028701019287109375e+01
4.464589538574218750e+02
7.334635009765625000e+02
6.615646839141845703e+00
7.386194705963134766e+00
4.816256999969482422e+00
4.555225219726562500e+02
2.008201789855957031e+01
5.161882781982421875e+01
4.619120788574218750e+02
2.511093330383300781e+01
1.542108886718750000e+03
1.232605102539062500e+03
2.782809143066406250e+02
2.118342638015747070e+00
2.885638046264648438e+01
