5.095193907618522644e-02
1.252786368131637573e-01
1.475336216390132904e-02
1.939708017744123936e-03
1.932566612958908081e-02
6.111198663711547852e-01
1.084174681454896927e-02
5.619035102427005768e-03
2.466639690101146698e-02
1.148282364010810852e-01
6.641758233308792114e-02
3.175874799489974976e-02
4.850028827786445618e-02
1.040991861373186111e-02
5.076476838439702988e-03
2.669896371662616730e-02
1.720767235383391380e-03
1.561688818037509918e-02
1.635060086846351624e-02
3.475669305771589279e-03
6.730587221682071686e-03
9.370802901685237885e-03
7.454894483089447021e-02
1.062822155654430389e-02
1.970176458358764648e+00
4.643192514777183533e-03
1.877861469984054565e-02
9.776667505502700806e-02
1.245220229029655457e-01
6.772733926773071289e-01
1.412568613886833191e-03
5.993562517687678337e-04
2.977653779089450836e-02
8.407519757747650146e-02
1.047200709581375122e-02
8.672302216291427612e-02
6.975860334932804108e-03
7.696052198298275471e-04
2.082695066928863525e-02
9.129405021667480469e-03
2.294505536556243896e-01
6.931201368570327759e-02
1.675620116293430328e-02
1.817925930023193359e+00
1.530237495899200439e-01
6.440511345863342285e-02
1.100202463567256927e-02
4.883528351783752441e-01
1.009767642244696617e-03
1.384274214506149292e-01
9.176955372095108032e-02
2.934288047254085541e-02
1.225419268012046814e-01
2.543869800865650177e-02
1.917099696584045887e-03
2.170714316889643669e-03
2.852878067642450333e-03
4.564518854022026062e-02
1.279843039810657501e-02
1.061124610900878906e+01
7.072492036968469620e-03
3.085734367370605469e+00
1.009115483611822128e-02
1.081570703536272049e-02
7.449599355459213257e-02
9.126204252243041992e-02
2.556569278240203857e-01
3.302554041147232056e-02
8.056386113166809082e-01
3.751674890518188477e-01
1.276512775802984834e-04
3.506652116775512695e-01
3.018290037289261818e-03
3.861594498157501221e-01
7.734972983598709106e-02
1.583028212189674377e-02
8.263980969786643982e-03
1.940837875008583069e-02
1.400514412671327591e-02
1.072241365909576416e-02
2.497828304767608643e-01
1.194063760340213776e-02
6.099244952201843262e-02
7.818257436156272888e-04
2.234593732282519341e-03
2.544717164710164070e-03
1.164321583928540349e-04
1.669897884130477905e-02
4.236759245395660400e-01
7.354711997322738171e-04
8.128255605697631836e-03
2.776498347520828247e-02
6.340239662677049637e-03
2.427762933075428009e-02
9.755656123161315918e-03
4.448868334293365479e-01
8.151334524154663086e-02
2.555960118770599365e-01
3.821417223662137985e-03
6.999485939741134644e-02
8.836773037910461426e-01
3.700349479913711548e-02
2.728163497522473335e-03
1.290853135287761688e-02
1.618318259716033936e-02
1.215378344058990479e-01
3.224747627973556519e-02
3.001719899475574493e-02
2.428796440362930298e-01
6.164870411157608032e-02
1.162132900208234787e-02
7.682817429304122925e-02
4.310547932982444763e-02
2.416605800390243530e-01
1.796224713325500488e-02
4.385394230484962463e-02
3.999742120504379272e-02
1.016203034669160843e-02
3.743286011740565300e-03
1.307473145425319672e-02
1.473620650358498096e-03
2.725205230712890625e+01
1.995685845613479614e-01
5.936371088027954102e-01
4.684438463300466537e-04
3.934064880013465881e-02
9.546038694679737091e-03
4.219783877488225698e-04
1.018127873539924622e-01
2.596458606421947479e-02
3.622994422912597656e-01
4.297810792922973633e-02
4.031250718981027603e-03
1.096649211831390858e-03
2.227980084717273712e-02
4.706548526883125305e-03
1.066881697624921799e-02
5.970625281333923340e-01
6.852368265390396118e-02
5.666778683662414551e-01
1.838956400752067566e-02
8.317176252603530884e-03
1.315209865570068359e+00
4.222749173641204834e-01
3.445295095443725586e+00
6.241445243358612061e-02
1.481864005327224731e-01
2.820780687034130096e-02
9.119352698326110840e-02
2.047778107225894928e-02
1.232041977345943451e-02
2.842918634414672852e-01
7.339765131473541260e-02
4.316638037562370300e-02
1.054946854710578918e-01
3.595623373985290527e-02
1.477658189833164215e-02
2.090505510568618774e-02
8.275053114630281925e-04
2.484933240339159966e-03
9.631097316741943359e-02
9.906427003443241119e-03
4.586874321103096008e-02
7.675216346979141235e-02
5.280166268348693848e-01
1.380317360162734985e-01
1.945414096117019653e-01
9.975708276033401489e-02
1.352727293968200684e+00
1.763656036928296089e-03
1.045665815472602844e-01
1.040061041712760925e-01
9.805748704820871353e-04
1.561459526419639587e-02
3.702583163976669312e-02
7.460405826568603516e-01
2.105912379920482635e-02
2.163046598434448242e-02
1.629384793341159821e-02
4.838206171989440918e-01
5.690602958202362061e-02
3.809399902820587158e-02
7.937527447938919067e-02
2.946545742452144623e-02
7.480480670928955078e-01
3.671495243906974792e-02
1.499415002763271332e-02
1.630983687937259674e-02
1.803603321313858032e-01
1.992298476397991180e-02
4.070430099964141846e-01
2.588381618261337280e-02
3.203095402568578720e-04
3.492405265569686890e-02
8.140351623296737671e-02
3.872927650809288025e-02
8.926647156476974487e-02
1.904653199017047882e-02
3.172096097841858864e-03
1.554652005434036255e-01
2.726003527641296387e-03
3.488282859325408936e-02
3.323878347873687744e-02
2.528168074786663055e-02
1.746232621371746063e-02
4.993635695427656174e-03
4.139151796698570251e-02
5.968698024749755859e+00
3.171072341501712799e-03
1.758303726091980934e-03
5.721574183553457260e-03
2.806972712278366089e-02
4.624122229870408773e-04
4.454500079154968262e-01
3.359580039978027344e-02
8.541002869606018066e-01
3.739348649978637695e-01
9.623208083212375641e-03
7.127156713977456093e-04
5.036454796791076660e-01
5.917632579803466797e-01
3.414120525121688843e-03
8.336063474416732788e-03
1.207382231950759888e-02
1.507076085545122623e-04
1.013197675347328186e-01
1.702534034848213196e-03
1.222698807716369629e+00
5.399582535028457642e-02
1.025463268160820007e-02
1.414722390472888947e-02
1.453422848135232925e-02
9.174367412924766541e-03
1.236469577997922897e-02
1.499097514897584915e-02
1.100342273712158203e-01
3.372124582529067993e-02
2.663235412910580635e-03
1.342577040195465088e-01
1.221867278218269348e-03
1.339463293552398682e-01
1.354138366878032684e-02
7.696274667978286743e-02
3.908935002982616425e-03
6.776331458240747452e-03
1.615934073925018311e-02
4.752847552299499512e-02
2.450131438672542572e-02
2.870866097509860992e-02
5.640082061290740967e-02
3.706666454672813416e-02
4.081376791000366211e-01
2.794484898913651705e-04
1.427554637193679810e-01
4.941287264227867126e-02
8.258432894945144653e-02
1.229567170143127441e+00
4.920779541134834290e-02
1.189571246504783630e-02
2.547257393598556519e-02
6.973755080252885818e-03
2.133478410542011261e-03
2.609505653381347656e-01
4.252290353178977966e-02
7.543019950389862061e-03
1.606408655643463135e-01
2.324077300727367401e-03
1.123334288597106934e+00
6.935029523447155952e-04
1.031096559017896652e-02
3.148069858551025391e+00
1.014096215367317200e-01
8.727261424064636230e-02
2.964953891932964325e-03
1.306467922404408455e-03
1.391259115189313889e-02
1.602462306618690491e-02
1.044742297381162643e-02
1.002784296870231628e-01
3.392013013362884521e-01
2.659993767738342285e-01
4.392638802528381348e-02
1.523552462458610535e-02
6.634361110627651215e-03
4.100597579963505268e-04
8.675217628479003906e-03
2.219305276870727539e+00
1.081177949905395508e+00
4.061521962285041809e-03
5.117771029472351074e-02
9.719772264361381531e-03
4.830086138099431992e-03
1.505968719720840454e-01
1.126985996961593628e-02
1.610682928003370762e-03
7.572058588266372681e-03
1.655714772641658783e-02
2.885738201439380646e-02
6.856294870376586914e-01
9.477192908525466919e-02
1.907822370529174805e+00
1.217187866568565369e-01
1.250256597995758057e-01
9.236049056053161621e-01
2.928238809108734131e-01
1.104039885103702545e-02
6.401720456779003143e-03
9.545595198869705200e-02
4.597645625472068787e-02
1.398801505565643311e-01
6.234650611877441406e-01
9.317376464605331421e-02
4.896945133805274963e-02
1.050538644194602966e-01
6.718482356518507004e-03
3.951200097799301147e-02
2.012110780924558640e-03
7.039673924446105957e-01
1.325631979852914810e-03
4.695365205407142639e-03
7.260372489690780640e-02
9.803705615922808647e-04
3.926343470811843872e-02
1.785116493701934814e-01
2.088446728885173798e-02
1.346957564353942871e+00
3.251220099627971649e-03
3.798698540776968002e-03
1.314924564212560654e-02
3.698019310832023621e-03
1.150561496615409851e-03
1.035726308822631836e+00
1.168071292340755463e-02
2.334200777113437653e-02
1.103454083204269409e-02
1.116190850734710693e-02
1.428293716162443161e-02
8.179511874914169312e-03
4.830438643693923950e-02
2.126173526048660278e-01
2.724938467144966125e-02
5.550815258175134659e-04
3.780074650421738625e-03
7.449860572814941406e-01
8.628187351860105991e-04
9.065194986760616302e-03
2.434529513120651245e-01
3.055460155010223389e-01
2.963560447096824646e-02
1.006102710962295532e-01
9.821386635303497314e-02
4.876740649342536926e-02
2.168830105802044272e-04
9.021663106977939606e-03
2.981704473495483398e-02
2.203220734372735023e-03
1.375706307590007782e-02
4.320507496595382690e-02
6.061075255274772644e-02
8.927834779024124146e-02
2.209664881229400635e-02
3.815121250227093697e-03
3.078462742269039154e-02
1.887725852429866791e-02
2.144031971693038940e-01
1.946159452199935913e-02
5.836939439177513123e-02
2.457372145727276802e-03
2.162643373012542725e-01
6.136061856523156166e-04
4.944136738777160645e-02
1.516536250710487366e-02
2.205306529998779297e+00
3.894419595599174500e-02
2.366252690553665161e-01
2.679333090782165527e-03
7.042342796921730042e-03
9.946091100573539734e-03
5.807393230497837067e-03
9.207604452967643738e-03
3.995101898908615112e-02
5.717783235013484955e-03
3.760251700878143311e-01
2.382189184427261353e-01
4.639661684632301331e-02
2.021841526031494141e+00
7.893497467041015625e+00
1.057721953839063644e-02
5.672818981111049652e-03
2.269247634103521705e-04
3.631141036748886108e-02
2.180315740406513214e-02
2.794328704476356506e-02
4.799599647521972656e+00
4.250029742252081633e-04
2.197801113128662109e+00
1.139632761478424072e-01
1.288307923823595047e-02
4.298051353543996811e-03
5.619147792458534241e-03
3.591053485870361328e+00
1.728243446350097656e+01
1.631357955932617188e+01
1.540262550115585327e-01
4.149806976318359375e+00
1.134386420249938965e+00
5.073047256469726562e+01
4.000063419342041016e+00
5.595645523071289062e+01
4.305476188659667969e+00
3.538820648193359375e+01
9.008196830749511719e+00
4.384598255157470703e+00
3.086864948272705078e-01
7.622215747833251953e+00
1.645670700073242188e+01
7.536382198333740234e+00
6.243361282348632812e+01
1.055829811096191406e+01
1.508774757385253906e+00
2.131441831588745117e+00
1.914373397827148438e+00
5.358294963836669922e+00
7.074507236480712891e+00
9.983331680297851562e+00
6.629641652107238770e-01
9.786775588989257812e+00
1.014965820312500000e+02
1.630833892822265625e+02
1.997256851196289062e+01
1.114881515502929688e+00
1.108334183692932129e+00
1.734874129295349121e+00
1.631828765869140625e+02
1.051803946495056152e+00
9.168898582458496094e+00
2.523617148399353027e-01
1.038210615515708923e-01
8.961184620857238770e-01
2.193153190612792969e+01
6.630886230468750000e+02
8.268815994262695312e+00
3.114450275897979736e-01
5.036710357666015625e+01
1.009516906738281250e+01
6.175436401367187500e+01
5.649351119995117188e+01
6.476903438568115234e+00
8.195852041244506836e-01
9.206877136230468750e+01
2.347554779052734375e+01
4.095015525817871094e+00
6.455834388732910156e+00
2.895722961425781250e+01
3.090549707412719727e+00
5.602213740348815918e-01
9.352208971977233887e-01
6.356056928634643555e-01
2.215686082839965820e+00
1.310334930419921875e+02
1.805502891540527344e+01
9.167603302001953125e+01
9.418460130691528320e-01
4.267683029174804688e+00
1.313331246376037598e+00
1.070229625701904297e+01
7.225990772247314453e+00
4.481708679199218750e+02
5.140946044921875000e+02
1.925805473327636719e+01
3.041195683181285858e-02
2.178556442260742188e+01
8.132454752922058105e-01
5.555333328247070312e+01
5.800635337829589844e+00
4.124001026153564453e+00
2.408015578985214233e-01
9.669802784919738770e-01
1.443035793304443359e+01
1.061887168884277344e+01
1.187111568450927734e+01
1.058366775512695312e+00
4.443145275115966797e+00
5.538712024688720703e+00
3.295416831970214844e+00
1.634013295173645020e+00
1.187402233481407166e-01
1.452598094940185547e+01
8.223538398742675781e+00
8.100596666336059570e-01
1.856215357780456543e+00
4.143288421630859375e+01
2.306185722351074219e+01
7.725931167602539062e+00
1.507464408874511719e+01
1.267827987670898438e+01
1.953155279159545898e+00
6.143018798828125000e+02
1.126382589340209961e+00
1.341240119934082031e+01
3.904814720153808594e-01
1.769062280654907227e+00
2.018292993307113647e-01
3.834178924560546875e+01
5.578931331634521484e+00
1.112546539306640625e+01
1.830013632774353027e+00
1.266640014648437500e+02
1.915576782226562500e+02
1.512351393699645996e+00
8.855004608631134033e-02
2.479114151000976562e+01
7.578938961029052734e+00
4.386313438415527344e+00
1.825778579711914062e+01
1.713600349426269531e+01
6.357596397399902344e+00
3.154234409332275391e+00
9.491484642028808594e+00
5.988935470581054688e+00
1.101923084259033203e+01
2.542871337890625000e+03
1.051962890625000000e+02
1.478016281127929688e+01
1.511516451835632324e+00
9.007221984863281250e+01
4.528467655181884766e+00
1.116161465644836426e+00
1.473560485839843750e+02
5.263300323486328125e+01
1.267248630523681641e+01
6.772432804107666016e+00
8.251430094242095947e-02
1.786115050315856934e+00
6.517897844314575195e-01
7.003058791160583496e-01
2.013255834579467773e+00
6.368027496337890625e+01
2.429268455505371094e+01
4.544406890869140625e+01
3.232672119140625000e+01
2.675122618675231934e-01
1.743745880126953125e+02
1.127545928955078125e+01
5.897356414794921875e+01
8.113613128662109375e+00
1.264039001464843750e+02
6.446495652198791504e-01
1.275249290466308594e+01
4.913454055786132812e+01
6.214247345924377441e-01
1.553239135742187500e+02
1.810842895507812500e+01
5.508740544319152832e-01
4.130321502685546875e+01
3.948159456253051758e+00
7.583966851234436035e-01
4.792227149009704590e-01
4.110576510429382324e-01
7.246782779693603516e-01
1.494388732910156250e+02
6.273932647705078125e+01
3.838466644287109375e+01
5.199905395507812500e+00
1.925931167602539062e+01
1.740361094474792480e+00
1.361476421356201172e+01
3.593610763549804688e+01
1.761328277587890625e+02
5.906792879104614258e-01
8.004572868347167969e+00
1.460878448486328125e+02
8.033200502395629883e-01
2.822737216949462891e+00
6.291272354125976562e+01
9.898659706115722656e+00
2.285528898239135742e+00
1.135869598388671875e+01
1.837527751922607422e+00
1.261393260955810547e+01
8.610446453094482422e-01
2.204315376281738281e+01
4.785896682739257812e+01
1.509554833173751831e-01
9.740889282226562500e+02
6.367811679840087891e+00
6.580527424812316895e-01
3.084271430969238281e+00
4.771070098876953125e+01
7.938388824462890625e+00
9.959811568260192871e-01
7.331051349639892578e+00
1.336833596229553223e+00
1.519400215148925781e+01
1.118188381195068359e+01
2.379390597343444824e-01
9.626520156860351562e+00
8.413218855857849121e-01
5.618339180946350098e-01
2.055885791778564453e+00
4.574210166931152344e+00
1.227560877799987793e+00
4.359039306640625000e+00
5.602717876434326172e+00
2.774907875061035156e+01
2.230696082115173340e-01
4.045699119567871094e+00
5.296283340454101562e+01
3.285480976104736328e+00
1.089226818084716797e+01
4.688627719879150391e+00
2.499834537506103516e+00
5.078826546669006348e-01
3.629266662597656250e+02
6.779597759246826172e+00
2.209988594055175781e+01
3.418949365615844727e+00
6.705886077880859375e+01
4.857926070690155029e-01
4.382814025878906250e+01
7.571940917968750000e+02
1.541760712862014771e-01
5.069540143013000488e-01
5.193220138549804688e+01
8.906635642051696777e-01
1.516030426025390625e+02
2.107169389724731445e+00
4.570539951324462891e+00
7.218645811080932617e-01
4.743051528930664062e+00
2.036376893520355225e-01
7.559440135955810547e+00
4.616578519344329834e-01
4.244417572021484375e+01
2.326539516448974609e+00
1.804728698730468750e+01
3.911106586456298828e-01
2.431707143783569336e+00
4.216542243957519531e+00
4.459595978260040283e-01
8.393416595458984375e+01
6.264622688293457031e+00
2.507932186126708984e+00
1.891480565071105957e+00
1.200541782379150391e+01
3.970080566406250000e+01
3.850029754638671875e+01
1.569300591945648193e-01
1.542874450683593750e+02
2.465935707092285156e+00
4.859205722808837891e+00
9.963555335998535156e+00
7.299839258193969727e-01
5.129354095458984375e+01
1.607255172729492188e+01
1.771037459373474121e+00
1.455712127685546875e+01
4.105779170989990234e+00
1.442427158355712891e+00
9.003469085693359375e+01
1.054904174804687500e+01
1.649921798706054688e+01
7.895724296569824219e+00
5.977540588378906250e+01
1.524224376678466797e+01
3.205948257446289062e+01
1.146467113494873047e+01
1.088323211669921875e+02
7.968438416719436646e-02
3.645611286163330078e+00
4.209505004882812500e+02
2.457466888427734375e+01
5.498623657226562500e+01
3.018687069416046143e-01
2.266258001327514648e-01
9.809229850769042969e+00
3.766627311706542969e+00
6.038856506347656250e+00
9.134629249572753906e+00
1.226813554763793945e+00
6.478739738464355469e+00
2.524730920791625977e+00
1.917960762977600098e+00
3.944802284240722656e+00
3.917920887470245361e-01
1.306285858154296875e+00
1.053313598632812500e+02
8.077371978759765625e+01
2.092474460601806641e+00
1.760931396484375000e+01
8.580959320068359375e+00
2.672212839126586914e+00
9.778086547851562500e+02
1.798841595649719238e+00
1.357129192352294922e+01
4.378552436828613281e+00
1.457966327667236328e+01
4.859704971313476562e+01
2.968074083328247070e+00
2.200263023376464844e+01
3.686575698852539062e+01
2.966149902343750000e+01
1.014200210571289062e+01
1.633306274414062500e+02
3.282979011535644531e+00
2.989848375320434570e+00
6.477117919921875000e+01
4.838585376739501953e+00
4.649749279022216797e+00
1.468616485595703125e+02
6.740557098388671875e+01
8.664820861816406250e+01
3.010194091796875000e+02
5.412787795066833496e-01
2.021813631057739258e+00
3.574102818965911865e-01
1.630696654319763184e+00
5.180372238159179688e+00
1.568543314933776855e+00
3.605347573757171631e-01
1.600924849510192871e+00
4.334830045700073242e-01
1.810801544189453125e+02
1.112408638000488281e+01
7.319412231445312500e+01
3.795160293579101562e+01
2.066758394241333008e+00
2.001661491394042969e+01
8.059056282043457031e+00
8.423766136169433594e+00
5.452601909637451172e-01
6.476265869140625000e+02
6.576915740966796875e+01
6.157678127288818359e+00
1.706762313842773438e+01
3.467294692993164062e+01
2.513432922363281250e+02
6.705360889434814453e+00
1.052349328994750977e+00
1.273067569732666016e+01
4.959701895713806152e-01
6.873448371887207031e+00
7.156001281738281250e+01
1.131505203247070312e+01
1.289819955825805664e+00
1.535514950752258301e+00
6.061461639404296875e+01
1.905478210449218750e+02
2.080607414245605469e+01
1.492587280273437500e+01
8.897624969482421875e+00
1.630376130342483521e-01
4.916366562247276306e-02
9.439408302307128906e+00
5.821754455566406250e+00
1.566423773765563965e+00
1.010654067993164062e+01
5.158197021484375000e+01
4.992448043823242188e+01
1.317309188842773438e+01
1.246930956840515137e+00
8.432853221893310547e-01
1.999744653701782227e+00
4.057101726531982422e+00
6.104738998413085938e+01
1.324378132820129395e+00
1.631403160095214844e+01
2.642855942249298096e-01
3.046776771545410156e+00
9.880080074071884155e-02
2.205573081970214844e+00
1.319228668212890625e+02
1.249717675781250000e+04
4.065953254699707031e+00
1.755748558044433594e+01
2.476188659667968750e+00
1.321921944618225098e+00
2.759170341491699219e+01
6.577154541015625000e+01
7.779402136802673340e-01
1.292682409286499023e+00
4.564673900604248047e+00
3.992860794067382812e+01
1.724970054626464844e+01
2.649126052856445312e+00
8.506479644775390625e+01
2.777791137695312500e+02
2.217504501342773438e+00
1.357355594635009766e+00
1.128081798553466797e+00
2.431575965881347656e+01
1.068550825119018555e+00
1.721757054328918457e+00
1.742311248779296875e+02
7.300018787384033203e+00
3.884304046630859375e+01
5.870761108398437500e+02
2.810733985900878906e+01
6.499578952789306641e-01
2.875672721862792969e+01
