4.823448508977890015e-02
1.493811905384063721e-01
1.437625382095575333e-02
3.254128154367208481e-03
6.570674479007720947e-02
8.309740066528320312e+00
4.993398860096931458e-02
7.306240964680910110e-03
1.114883366972208023e-02
9.402981996536254883e-01
7.518909871578216553e-03
2.918328531086444855e-02
1.238135993480682373e-01
2.267705276608467102e-02
2.519344445317983627e-03
2.239908091723918915e-02
7.134337909519672394e-03
5.683535709977149963e-03
4.662581905722618103e-02
8.887345320545136929e-04
2.799508273601531982e-01
4.181703180074691772e-02
4.925669431686401367e-01
9.598106890916824341e-02
9.277433156967163086e-01
3.494777530431747437e-02
9.264951944351196289e-02
3.830523788928985596e-02
1.521154940128326416e-01
1.517350077629089355e+00
9.506306378170847893e-04
2.618886937852948904e-04
1.187579147517681122e-02
3.562344238162040710e-02
1.541658490896224976e-01
1.129778008908033371e-02
1.464572083204984665e-02
1.337637426331639290e-03
1.462560798972845078e-02
1.249159779399633408e-02
3.818491399288177490e-01
1.271067261695861816e-01
2.773033222183585167e-03
2.298736381530761719e+01
2.455872148275375366e-01
1.409567445516586304e-01
5.774781107902526855e-03
4.103185534477233887e-01
8.076707832515239716e-03
1.704945228993892670e-02
3.916291296482086182e-01
6.554389744997024536e-02
1.885108500719070435e-01
7.001220434904098511e-02
7.716501131653785706e-04
2.872261917218565941e-03
1.038938853889703751e-02
2.581780776381492615e-02
4.142582789063453674e-02
1.105686664581298828e+01
2.113047055900096893e-02
2.644294357299804688e+01
2.827024646103382111e-02
5.682140123099088669e-03
2.283806949853897095e-01
2.690803818404674530e-02
2.525172531604766846e-01
1.251918263733386993e-02
1.042287826538085938e+00
8.159028291702270508e-01
3.384391893632709980e-04
2.935527086257934570e+00
1.562584075145423412e-03
4.707177355885505676e-02
1.501202732324600220e-01
1.016218811273574829e-01
1.101304683834314346e-02
8.422351628541946411e-02
8.353533595800399780e-02
1.832447573542594910e-02
1.051390841603279114e-01
2.967325970530509949e-02
2.991621568799018860e-02
5.785386892966926098e-04
6.858677137643098831e-03
2.788714598864316940e-03
4.895695383311249316e-05
8.675555139780044556e-02
1.564358353614807129e+00
2.162090502679347992e-03
1.199046988040208817e-02
2.146673761308193207e-02
2.345254644751548767e-03
1.664451658725738525e-01
7.513845339417457581e-04
8.812659978866577148e-01
9.882658123970031738e-01
9.333331137895584106e-02
3.129583783447742462e-03
9.465051442384719849e-02
3.305851459503173828e+00
9.135175496339797974e-02
1.751788659021258354e-03
2.799748256802558899e-02
1.960806362330913544e-02
6.136037707328796387e-01
1.632849276065826416e-01
2.585108578205108643e-02
4.925394430756568909e-02
1.413477212190628052e-01
2.978411018848419189e-01
5.988664031028747559e-01
8.770773559808731079e-02
1.227744147181510925e-01
3.692390769720077515e-02
6.058139353990554810e-02
1.118868067860603333e-01
9.784824214875698090e-03
7.707804441452026367e-03
1.631731539964675903e-01
1.248556538484990597e-03
1.047538852691650391e+01
1.188937902450561523e+00
6.337149739265441895e-01
2.572196535766124725e-04
3.260436952114105225e-01
2.386457473039627075e-02
1.957934582605957985e-03
1.032152026891708374e-01
1.117003113031387329e-01
2.612298250198364258e+00
1.310029625892639160e-01
9.180467575788497925e-03
2.767644822597503662e-03
5.423964932560920715e-02
6.118642538785934448e-02
9.295380860567092896e-02
5.256965160369873047e+00
2.518219947814941406e-01
7.616792321205139160e-01
3.486099466681480408e-02
1.605186238884925842e-02
9.540390968322753906e-01
8.827615380287170410e-01
3.085467147827148438e+01
3.726542741060256958e-02
5.100489854812622070e-01
1.261429209262132645e-02
8.624658733606338501e-02
2.419494092464447021e-02
4.344318434596061707e-02
1.464213728904724121e-01
1.503594666719436646e-01
2.784851752221584320e-02
1.477151364088058472e-01
2.865190617740154266e-02
2.120281197130680084e-02
7.039840519428253174e-02
5.560802761465311050e-03
8.534532971680164337e-03
7.337053120136260986e-02
6.886975606903433800e-04
3.556968867778778076e-01
6.850321292877197266e-01
4.739992022514343262e-01
1.863319575786590576e-01
2.705345451831817627e-01
3.110662698745727539e-01
1.710623741149902344e+00
4.491895961109548807e-04
3.164690360426902771e-02
1.927872300148010254e-01
1.892979344120249152e-04
2.505167573690414429e-02
8.250375837087631226e-02
1.894694089889526367e+00
3.633831813931465149e-02
2.562687359750270844e-02
2.115599624812602997e-02
2.263907939195632935e-01
1.269022822380065918e-01
5.594741925597190857e-02
2.732135653495788574e-01
4.481787234544754028e-02
3.113608598709106445e+00
1.910604909062385559e-02
1.135074626654386520e-02
1.222664937376976013e-01
3.903328180313110352e-01
5.175166204571723938e-02
2.384446263313293457e-01
6.049782410264015198e-02
7.493136217817664146e-04
1.633948981761932373e-01
6.425985097885131836e-01
2.576714754104614258e-02
2.992627918720245361e-01
1.140467971563339233e-01
8.324067108333110809e-03
4.416993632912635803e-02
5.169694311916828156e-03
5.566927418112754822e-02
2.347771264612674713e-02
3.596574068069458008e-02
1.870360597968101501e-02
3.370553022250533104e-03
3.204114735126495361e-01
1.899291992187500000e+01
1.137628406286239624e-02
8.092748932540416718e-03
1.408170443028211594e-02
8.621839433908462524e-02
3.024006146006286144e-04
1.325093984603881836e+00
3.773602098226547241e-02
3.251724720001220703e+00
9.416599571704864502e-02
3.113599121570587158e-02
1.161648076958954334e-03
1.127266407012939453e+00
4.936010241508483887e-01
2.862753719091415405e-02
2.423620317131280899e-03
3.971072286367416382e-02
2.894141944125294685e-04
5.265089496970176697e-02
1.716650673188269138e-03
7.754498004913330078e+00
5.963667631149291992e-01
1.175725273787975311e-02
4.416918754577636719e-02
1.598129421472549438e-02
5.301913991570472717e-02
3.847694024443626404e-03
5.890675783157348633e-01
3.022393211722373962e-02
3.640768229961395264e-01
8.533674292266368866e-03
2.088733762502670288e-01
1.059262780472636223e-03
3.593839704990386963e-02
1.200676187872886658e-01
3.644971847534179688e-01
6.044691428542137146e-03
1.496836822479963303e-02
1.570215448737144470e-02
5.952732637524604797e-02
1.594531983137130737e-01
4.751397296786308289e-02
2.492727190256118774e-01
6.679346412420272827e-02
2.349093437194824219e+00
9.035133552970364690e-05
9.245304018259048462e-02
2.501092664897441864e-02
4.249058663845062256e-01
4.540420532226562500e+00
2.736026234924793243e-02
5.235595256090164185e-02
3.846092820167541504e-01
5.645408295094966888e-03
1.087609212845563889e-03
1.769695639610290527e+00
3.915937617421150208e-02
6.416243035346269608e-03
3.420848399400711060e-02
2.196286804974079132e-02
2.184185504913330078e+00
1.965384557843208313e-02
1.654068008065223694e-02
2.771443128585815430e+00
6.549245864152908325e-02
7.395598292350769043e-01
8.029308170080184937e-03
2.480765804648399353e-03
3.369066864252090454e-02
1.026979275047779083e-02
1.851066388189792633e-02
5.142253041267395020e-01
3.361309289932250977e+00
2.161666005849838257e-01
1.710326783359050751e-02
8.014412596821784973e-03
2.923175878822803497e-02
4.052308213431388140e-04
7.906023412942886353e-03
8.598122596740722656e+00
1.851420640945434570e+00
9.514922858215868473e-04
9.891473501920700073e-02
2.106639370322227478e-02
1.765540800988674164e-03
1.009362339973449707e-01
4.126738384366035461e-02
1.854958129115402699e-03
3.512621298432350159e-02
4.439090937376022339e-02
9.842164069414138794e-02
3.795552492141723633e+00
7.868555188179016113e-02
7.536016106605529785e-01
1.675139904022216797e+00
1.358614861965179443e-01
1.445092678070068359e+00
3.622879028320312500e+00
9.534316137433052063e-03
7.394136488437652588e-02
4.932675883173942566e-02
9.260044433176517487e-03
1.816457062959671021e-01
7.976478934288024902e-01
4.610380902886390686e-02
1.209554076194763184e-02
3.450207114219665527e-01
5.411715246737003326e-03
5.763810500502586365e-02
1.542261568829417229e-03
8.276569843292236328e-01
5.276626907289028168e-03
7.242542225867509842e-03
5.956872105598449707e-01
2.818238921463489532e-03
1.222554966807365417e-02
5.890639126300811768e-02
1.047455333173274994e-02
3.960138857364654541e-01
1.402859110385179520e-02
7.348727900534868240e-03
9.767292067408561707e-03
5.057022906839847565e-03
1.496411487460136414e-02
4.239300489425659180e-01
8.056448772549629211e-03
1.554640848189592361e-02
9.017233736813068390e-03
3.955681994557380676e-02
4.933679010719060898e-03
1.086961198598146439e-02
7.276610285043716431e-02
4.430809020996093750e-01
2.145261969417333603e-03
1.426137052476406097e-03
8.100177161395549774e-03
3.357236385345458984e+00
2.556813182309269905e-03
2.666646055877208710e-02
2.145344018936157227e-01
3.753339871764183044e-02
7.937646657228469849e-02
5.027640610933303833e-02
1.395688205957412720e-01
5.877853631973266602e-01
1.323305914411321282e-04
2.165874466300010681e-02
9.012036956846714020e-03
2.422754885628819466e-03
4.239004477858543396e-02
3.860520943999290466e-02
7.899624854326248169e-02
6.760603934526443481e-02
2.957274392247200012e-02
1.931893406435847282e-03
2.442436292767524719e-02
1.248449366539716721e-02
1.364670693874359131e-01
5.601025372743606567e-02
1.007985547184944153e-01
2.974594710394740105e-03
1.263175755739212036e-01
5.878791562281548977e-04
3.541814386844635010e-01
2.381945550441741943e-01
5.694667622447013855e-02
2.826339937746524811e-02
8.859479427337646484e-01
2.326728543266654015e-03
1.826826855540275574e-02
1.037281006574630737e-02
3.685043752193450928e-02
4.176747798919677734e-02
1.032422780990600586e-01
2.352541778236627579e-03
5.716302871704101562e+00
1.628925353288650513e-01
4.374483972787857056e-02
4.801410675048828125e+00
1.473828506469726562e+01
1.700643636286258698e-02
1.274560345336794853e-03
7.788047660142183304e-04
5.588590726256370544e-02
8.099555037915706635e-03
3.239862993359565735e-02
1.314418506622314453e+01
5.332223954610526562e-04
7.102627754211425781e+00
1.639413237571716309e-01
5.108309909701347351e-02
8.475335198454558849e-04
4.082974977791309357e-03
9.034074783325195312e+00
1.835489654541015625e+02
1.984486083984375000e+02
1.621593356132507324e+00
6.019228363037109375e+01
6.099269390106201172e+00
1.094567993164062500e+03
1.600639915466308594e+01
1.279658279418945312e+02
1.026991176605224609e+01
2.852514038085937500e+02
3.838085937500000000e+01
1.498297424316406250e+02
1.497403979301452637e+00
4.381840133666992188e+01
1.844531097412109375e+02
2.734535217285156250e+02
2.721622924804687500e+02
2.494906768798828125e+02
1.317172241210937500e+01
1.222925415039062500e+02
7.804227352142333984e+00
1.304591464996337891e+01
1.008894271850585938e+02
3.943944215774536133e+00
1.317650318145751953e+00
6.206975097656250000e+02
4.450892028808593750e+02
2.524485839843750000e+03
5.152691650390625000e+02
2.357975387573242188e+01
1.081737136840820312e+01
2.609313583374023438e+01
3.713072509765625000e+02
3.948097610473632812e+01
2.371175765991210938e+01
1.870819687843322754e+00
1.332603543996810913e-01
9.706025123596191406e+00
1.647942504882812500e+02
1.510161010742187500e+03
2.564630699157714844e+01
1.621458649635314941e+00
6.692887573242187500e+02
3.910438919067382812e+01
1.543337249755859375e+02
1.156025314331054688e+02
3.007293891906738281e+01
1.676440358161926270e+00
1.867918334960937500e+03
8.776860351562500000e+02
8.716712951660156250e+01
2.313833808898925781e+01
2.858320808410644531e+01
1.087636280059814453e+01
2.024095153808593750e+01
1.055158233642578125e+01
8.973821401596069336e-01
1.714606475830078125e+01
3.467171630859375000e+03
1.214411621093750000e+03
9.683371582031250000e+02
2.649955558776855469e+01
1.230553741455078125e+02
5.035548210144042969e+00
1.754256591796875000e+02
9.204537200927734375e+01
5.303752929687500000e+03
2.543333282470703125e+02
1.039014282226562500e+02
2.057161778211593628e-01
7.793410034179687500e+02
5.193570137023925781e+00
4.033154907226562500e+02
1.236016082763671875e+01
2.293430709838867188e+01
3.136790275573730469e+00
1.932988929748535156e+01
5.421197509765625000e+02
3.700925827026367188e+01
5.903915023803710938e+01
1.094870948791503906e+01
2.273917007446289062e+01
5.965746307373046875e+01
1.288842678070068359e+01
3.940475845336914062e+01
2.410982996225357056e-01
2.852189445495605469e+01
3.575802230834960938e+01
3.587080001831054688e+00
4.239607238769531250e+01
9.117229461669921875e+01
5.951358032226562500e+01
3.172405242919921875e+01
1.165258789062500000e+02
1.070386718750000000e+03
5.050068378448486328e+00
5.320115356445312500e+02
7.587430477142333984e-01
1.516086059570312500e+03
5.419384002685546875e+00
3.221341705322265625e+01
7.267053127288818359e+00
1.814896392822265625e+02
9.161187744140625000e+01
2.580892944335937500e+02
4.794487476348876953e+00
7.740892578125000000e+03
8.546767578125000000e+02
1.726426005363464355e+00
1.958243131637573242e+00
2.333246337890625000e+03
2.932150573730468750e+02
3.803550243377685547e+00
5.942932891845703125e+01
1.667309112548828125e+02
2.417832946777343750e+02
2.644429969787597656e+01
1.991252136230468750e+02
1.724358558654785156e+01
5.911309814453125000e+02
6.441559570312500000e+03
1.175028808593750000e+03
2.711693725585937500e+02
9.267601013183593750e+00
9.485759887695312500e+02
5.893092346191406250e+01
5.632211208343505859e+00
7.355207519531250000e+02
2.266464538574218750e+02
1.348415527343750000e+03
1.101404647827148438e+02
1.241421580314636230e+00
1.185122451782226562e+02
2.903733730316162109e+00
5.026737689971923828e+00
1.055670738220214844e+00
1.211033447265625000e+03
1.122053588867187500e+03
3.990708923339843750e+02
8.175504302978515625e+01
5.229064941406250000e+00
8.497686157226562500e+02
3.348802185058593750e+01
1.487545898437500000e+03
6.544961547851562500e+01
1.188073242187500000e+03
1.920643448829650879e+00
2.262186737060546875e+02
3.655621582031250000e+03
1.457675099372863770e+00
1.185137817382812500e+03
4.832519531250000000e+01
9.339013695716857910e-01
2.285319213867187500e+02
1.322162628173828125e+02
3.029584646224975586e+00
1.701559305191040039e+00
1.277559661865234375e+01
5.780376434326171875e+00
1.431504028320312500e+03
3.001181945800781250e+02
1.953921661376953125e+02
7.769329071044921875e+01
3.606439819335937500e+02
2.647102050781250000e+02
2.578136596679687500e+02
6.671284790039062500e+02
5.787137207031250000e+03
4.310629272460937500e+01
1.653980064392089844e+01
2.911523681640625000e+03
8.455064773559570312e+00
7.541936397552490234e+00
8.455633544921875000e+02
2.178149223327636719e+01
1.606618118286132812e+01
1.371409301757812500e+02
8.756437301635742188e+00
4.335346221923828125e+01
4.496734619140625000e+01
8.276222991943359375e+01
4.342609252929687500e+02
8.597702026367187500e+00
3.031049023437500000e+04
6.617414951324462891e+00
1.603374600410461426e+00
5.382312774658203125e+01
1.748199218750000000e+03
1.067468109130859375e+02
1.558130168914794922e+01
7.554694824218750000e+02
2.121915245056152344e+01
1.273454284667968750e+02
3.155963745117187500e+02
3.100532531738281250e+00
1.612037811279296875e+02
2.521150112152099609e+00
3.654980850219726562e+01
8.553070068359375000e+00
6.593869781494140625e+01
3.730203628540039062e+01
1.065521335601806641e+01
4.809101104736328125e+01
7.685887145996093750e+01
2.961882591247558594e+00
1.980792541503906250e+02
6.504090576171875000e+02
1.322214984893798828e+01
1.395322570800781250e+02
2.356405830383300781e+01
1.810763168334960938e+01
1.566465139389038086e+00
7.714854980468750000e+03
2.411921119689941406e+01
8.740383300781250000e+02
6.268389225006103516e+00
3.676434326171875000e+02
3.005000352859497070e+00
3.634884948730468750e+02
4.328276855468750000e+03
4.471085369586944580e-01
3.495446920394897461e+00
2.833877929687500000e+03
7.493410587310791016e+00
1.160572021484375000e+03
6.954287528991699219e+00
6.099705123901367188e+01
2.334262657165527344e+01
2.398229789733886719e+01
9.569741040468215942e-02
2.362409591674804688e+01
7.197267055511474609e+00
1.332918945312500000e+03
1.318752593994140625e+02
1.990634155273437500e+01
9.968433380126953125e+00
4.850895690917968750e+01
4.577599334716796875e+01
3.442312479019165039e+00
1.138407836914062500e+03
2.401728820800781250e+02
2.692125320434570312e+01
3.809626388549804688e+01
2.796467590332031250e+02
3.201845397949218750e+02
2.567438659667968750e+02
1.347193837165832520e+00
1.491716210937500000e+04
2.285911560058593750e+01
1.332017364501953125e+02
4.090779495239257812e+01
1.281465291976928711e+00
2.320471191406250000e+03
2.164877319335937500e+02
1.497986912727355957e+00
1.341292968750000000e+03
9.746915435791015625e+01
2.593555450439453125e+01
7.101091796875000000e+03
1.098660278320312500e+02
1.202907485961914062e+02
1.125490493774414062e+02
1.336697753906250000e+03
3.604748229980468750e+02
5.695052490234375000e+02
8.722296905517578125e+01
4.282304199218750000e+03
1.663950085639953613e+00
4.362556457519531250e+01
6.339412231445312500e+02
1.439291191101074219e+01
6.226688232421875000e+02
2.154557228088378906e+00
2.561644315719604492e+00
1.342914581298828125e+02
8.820961952209472656e+00
2.571939277648925781e+01
4.070311279296875000e+02
2.286364555358886719e+00
2.968650245666503906e+01
2.019976615905761719e+01
8.246964454650878906e+00
9.253244018554687500e+01
2.203404426574707031e+00
2.649779796600341797e+00
4.883968200683593750e+02
1.471760742187500000e+03
1.136724376678466797e+01
2.185335388183593750e+02
3.157258987426757812e+01
1.980543136596679688e+01
4.165004394531250000e+03
7.320362567901611328e+00
7.351947021484375000e+02
9.303202056884765625e+01
6.278430938720703125e+01
1.595564453125000000e+03
8.627443695068359375e+01
2.805559387207031250e+02
1.277960083007812500e+03
3.090290222167968750e+02
1.148100433349609375e+02
4.568115234375000000e+02
8.016179656982421875e+01
4.390925407409667969e+00
6.633203887939453125e+01
4.100825881958007812e+01
9.127264976501464844e+00
2.053743408203125000e+03
6.625083618164062500e+02
1.440462280273437500e+03
3.366995544433593750e+02
2.650249481201171875e+01
5.834373474121093750e+00
1.295385003089904785e+00
7.613159179687500000e+01
2.997313499450683594e+01
1.418299961090087891e+01
2.613827228546142578e+00
3.132312583923339844e+01
1.071048855781555176e+00
1.319733276367187500e+02
6.220405578613281250e+01
1.524090423583984375e+02
1.585669555664062500e+02
5.155103683471679688e+01
1.222383193969726562e+02
2.409348678588867188e+01
1.579117774963378906e+01
5.166686177253723145e-01
1.272036132812500000e+04
5.328844726562500000e+03
4.420765686035156250e+02
3.280541076660156250e+02
2.562909545898437500e+02
1.758131347656250000e+03
4.300302886962890625e+01
1.184152603149414062e+02
2.663739204406738281e+01
5.490665435791015625e+00
1.131307525634765625e+02
2.287560791015625000e+03
1.482880249023437500e+02
1.983397293090820312e+01
2.677205276489257812e+01
3.165158691406250000e+02
6.742540893554687500e+02
2.027990875244140625e+02
1.602673339843750000e+01
2.870864295959472656e+01
2.611704170703887939e-01
2.212460786104202271e-01
5.776114654541015625e+01
8.995217132568359375e+01
1.123625469207763672e+01
5.079114151000976562e+01
4.915811767578125000e+02
1.142595901489257812e+02
2.613975524902343750e+02
2.153696060180664062e+01
3.372707366943359375e+00
2.980417060852050781e+01
9.868385314941406250e+01
1.964135620117187500e+03
5.033737182617187500e+00
2.101288909912109375e+02
2.790439844131469727e+00
6.442136287689208984e+00
6.064654588699340820e-01
1.041746997833251953e+01
8.236664062500000000e+03
2.385916406250000000e+04
1.517390346527099609e+01
1.573870697021484375e+02
1.447044372558593750e+02
9.060950279235839844e+00
3.134781799316406250e+02
7.862954711914062500e+02
1.566170501708984375e+01
8.274551391601562500e+00
4.771096229553222656e+00
1.311274414062500000e+02
5.531063461303710938e+01
5.552025604248046875e+01
3.218350830078125000e+02
6.702637939453125000e+02
8.311104774475097656e+00
8.721944808959960938e+00
8.057402610778808594e+00
3.860601501464843750e+02
2.748339271545410156e+01
5.405478668212890625e+01
5.448252563476562500e+02
3.320757675170898438e+01
1.532493530273437500e+03
1.375168090820312500e+03
3.637014160156250000e+02
2.511771917343139648e+00
3.065992546081542969e+01
