1.110437884926795959e-01
1.918068826198577881e-01
3.443747386336326599e-02
3.986512776464223862e-03
3.900098055601119995e-02
9.281042814254760742e-01
2.287617698311805725e-02
1.292869262397289276e-02
4.537885263562202454e-02
2.055865228176116943e-01
1.413642168045043945e-01
7.184520363807678223e-02
1.031503081321716309e-01
2.549291029572486877e-02
1.401756424456834793e-02
6.034968420863151550e-02
4.109294153749942780e-03
3.308795392513275146e-02
3.753431886434555054e-02
8.929918520152568817e-03
1.281716674566268921e-02
2.162184566259384155e-02
1.608771681785583496e-01
2.176813222467899323e-02
4.024826526641845703e+00
8.770277723670005798e-03
3.816212341189384460e-02
1.980296075344085693e-01
2.143543809652328491e-01
1.369342327117919922e+00
3.297678194940090179e-03
1.470731920562684536e-03
5.811304971575737000e-02
1.426182836294174194e-01
2.306932769715785980e-02
1.666960716247558594e-01
1.506882812827825546e-02
1.809255452826619148e-03
4.383070394396781921e-02
1.782713830471038818e-02
4.137339293956756592e-01
1.312471330165863037e-01
3.878914192318916321e-02
3.815060377120971680e+00
3.099410235881805420e-01
1.258070468902587891e-01
2.374814637005329132e-02
1.135990500450134277e+00
2.272886456921696663e-03
2.518502771854400635e-01
1.606322079896926880e-01
6.178705394268035889e-02
2.724975645542144775e-01
6.517225503921508789e-02
4.439392592757940292e-03
6.320718210190534592e-03
7.784788496792316437e-03
1.035206764936447144e-01
2.706811390817165375e-02
1.663348007202148438e+01
1.594996638596057892e-02
6.328187465667724609e+00
2.087956853210926056e-02
2.690055966377258301e-02
1.480313986539840698e-01
1.678803563117980957e-01
5.273867249488830566e-01
7.165808975696563721e-02
1.673025369644165039e+00
6.329857707023620605e-01
3.489240771159529686e-04
6.270639896392822266e-01
6.165940314531326294e-03
6.619139909744262695e-01
1.338604837656021118e-01
3.467898443341255188e-02
1.931923441588878632e-02
4.284124448895454407e-02
3.201022371649742126e-02
2.477512694895267487e-02
4.414239227771759033e-01
2.925925143063068390e-02
1.314523071050643921e-01
1.648088335059583187e-03
5.078856833279132843e-03
5.888507235795259476e-03
2.752220607362687588e-04
3.271870315074920654e-02
7.294144034385681152e-01
1.568858511745929718e-03
1.886263117194175720e-02
6.117681413888931274e-02
1.407581660896539688e-02
5.925230309367179871e-02
2.268592640757560730e-02
7.326405048370361328e-01
1.788654774427413940e-01
4.521906375885009766e-01
9.047278203070163727e-03
1.477770507335662842e-01
1.587567925453186035e+00
7.555796205997467041e-02
6.018323823809623718e-03
3.322288021445274353e-02
3.708963096141815186e-02
2.655972838401794434e-01
7.187551259994506836e-02
6.417586654424667358e-02
4.711554050445556641e-01
9.862256795167922974e-02
3.113898262381553650e-02
1.918869763612747192e-01
9.034636616706848145e-02
4.244185686111450195e-01
3.221974149346351624e-02
1.077830940485000610e-01
8.239247649908065796e-02
2.569333091378211975e-02
8.165335282683372498e-03
2.882843837141990662e-02
3.646347206085920334e-03
3.979828643798828125e+01
4.407520890235900879e-01
1.094306588172912598e+00
1.152555923908948898e-03
7.537943124771118164e-02
2.115331403911113739e-02
1.038359827362000942e-03
1.949790567159652710e-01
4.836589097976684570e-02
7.354735732078552246e-01
9.733345359563827515e-02
1.016488485038280487e-02
2.916892524808645248e-03
4.071408510208129883e-02
1.063954923301935196e-02
2.629558928310871124e-02
9.550928473472595215e-01
1.573023051023483276e-01
1.009878516197204590e+00
3.705381602048873901e-02
1.727700792253017426e-02
2.122900009155273438e+00
8.562040328979492188e-01
5.614904403686523438e+00
1.247879266738891602e-01
3.259148895740509033e-01
6.723991781473159790e-02
1.787367165088653564e-01
4.175661504268646240e-02
3.012298047542572021e-02
4.697053134441375732e-01
1.595604568719863892e-01
8.768220990896224976e-02
2.500631213188171387e-01
8.597379922866821289e-02
3.385444357991218567e-02
3.669178858399391174e-02
1.872662454843521118e-03
5.213861819356679916e-03
1.614335328340530396e-01
2.185498736798763275e-02
9.229097515344619751e-02
1.510606408119201660e-01
1.175659894943237305e+00
3.071832358837127686e-01
3.950690031051635742e-01
2.558751702308654785e-01
2.903602838516235352e+00
4.396262578666210175e-03
2.337709516286849976e-01
1.910246461629867554e-01
2.264725975692272186e-03
3.398014977574348450e-02
6.918429583311080933e-02
1.149692654609680176e+00
4.124059900641441345e-02
4.544501751661300659e-02
3.379696980118751526e-02
9.450675845146179199e-01
1.334964781999588013e-01
7.506452500820159912e-02
1.693254262208938599e-01
6.011122092604637146e-02
1.594126224517822266e+00
6.727913022041320801e-02
3.217611461877822876e-02
3.227509185671806335e-02
3.737488389015197754e-01
4.652088508009910583e-02
7.806468605995178223e-01
4.716724157333374023e-02
8.059561369009315968e-04
6.576501578092575073e-02
1.539469361305236816e-01
8.326411992311477661e-02
1.528200209140777588e-01
4.141654446721076965e-02
7.398902904242277145e-03
3.076998591423034668e-01
6.255357526242733002e-03
6.374618411064147949e-02
7.000190019607543945e-02
5.718484148383140564e-02
3.072094917297363281e-02
1.252255681902170181e-02
9.911858290433883667e-02
8.509396553039550781e+00
6.444049533456563950e-03
3.788299392908811569e-03
1.486259512603282928e-02
5.719858780503273010e-02
1.166675821878015995e-03
7.242710590362548828e-01
6.080664321780204773e-02
1.514389157295227051e+00
6.961973905563354492e-01
2.107889950275421143e-02
1.873587840236723423e-03
1.221744894981384277e+00
1.184101581573486328e+00
6.141412537544965744e-03
1.819221489131450653e-02
2.723701111972332001e-02
3.709809971041977406e-04
1.941815912723541260e-01
4.012592602521181107e-03
1.603857755661010742e+00
1.130814179778099060e-01
2.332082018256187439e-02
3.131867945194244385e-02
2.936691977083683014e-02
1.948929205536842346e-02
2.318200841546058655e-02
3.412792459130287170e-02
2.712381482124328613e-01
6.704843044281005859e-02
5.865816026926040649e-03
2.843160331249237061e-01
2.782331081107258797e-03
2.429252415895462036e-01
2.709788084030151367e-02
1.696264147758483887e-01
8.138102479279041290e-03
1.364982873201370239e-02
3.385360538959503174e-02
1.098006516695022583e-01
5.638597905635833740e-02
5.692263692617416382e-02
1.187947317957878113e-01
9.401199221611022949e-02
7.960260510444641113e-01
5.752741708420217037e-04
3.670867085456848145e-01
1.221245825290679932e-01
1.637307554483413696e-01
2.288886547088623047e+00
1.138305142521858215e-01
3.341075778007507324e-02
5.680812895298004150e-02
1.628027297556400299e-02
4.424909129738807678e-03
5.460294485092163086e-01
7.037381827831268311e-02
1.601466909050941467e-02
3.581066727638244629e-01
4.744161386042833328e-03
1.514099001884460449e+00
1.591105828993022442e-03
2.551084570586681366e-02
5.351175308227539062e+00
1.802769750356674194e-01
1.449072510004043579e-01
6.731549743562936783e-03
2.499312162399291992e-03
2.863105200231075287e-02
3.913608938455581665e-02
2.443970553576946259e-02
2.238106429576873779e-01
6.274265646934509277e-01
5.219179391860961914e-01
8.514460921287536621e-02
3.331322968006134033e-02
1.515336334705352783e-02
9.888558415696024895e-04
1.927067339420318604e-02
3.531908750534057617e+00
2.109344720840454102e+00
8.878890424966812134e-03
1.015125736594200134e-01
2.224940620362758636e-02
1.210349705070257187e-02
2.882922887802124023e-01
2.928028441965579987e-02
4.156663082540035248e-03
1.467506028711795807e-02
3.011766634881496429e-02
6.419741362333297729e-02
1.506920933723449707e+00
1.928955763578414917e-01
3.540630817413330078e+00
2.366940528154373169e-01
2.577536404132843018e-01
1.591462016105651855e+00
6.284963488578796387e-01
2.751173265278339386e-02
1.299215573817491531e-02
1.799678504467010498e-01
1.069870889186859131e-01
2.784841060638427734e-01
1.278779029846191406e+00
1.549437791109085083e-01
1.005043536424636841e-01
2.054357826709747314e-01
1.483781822025775909e-02
9.418261051177978516e-02
4.723692312836647034e-03
1.138189315795898438e+00
2.889842260628938675e-03
1.117429509758949280e-02
1.686543375253677368e-01
2.332035684958100319e-03
6.872848421335220337e-02
3.505001366138458252e-01
4.017524793744087219e-02
3.176932811737060547e+00
7.279297336935997009e-03
9.076393209397792816e-03
2.359611727297306061e-02
8.140994235873222351e-03
2.471774350851774216e-03
2.327664852142333984e+00
2.689558826386928558e-02
4.403553530573844910e-02
2.367424778640270233e-02
2.829492650926113129e-02
2.940788120031356812e-02
1.772346161305904388e-02
1.052769944071769714e-01
3.930962979793548584e-01
4.490735381841659546e-02
1.515028532594442368e-03
8.782029151916503906e-03
1.339481353759765625e+00
1.755719888024032116e-03
2.036018855869770050e-02
5.263392925262451172e-01
6.009029746055603027e-01
5.967786908149719238e-02
2.003147155046463013e-01
1.720660924911499023e-01
9.435170888900756836e-02
5.332000437192618847e-04
1.886050961911678314e-02
6.372817605733871460e-02
5.992479622364044189e-03
3.275459259748458862e-02
9.009686857461929321e-02
1.316882371902465820e-01
1.631674319505691528e-01
4.572074487805366516e-02
7.782947272062301636e-03
7.228290289640426636e-02
3.787232935428619385e-02
4.261566102504730225e-01
4.371762648224830627e-02
1.072552278637886047e-01
5.753266159445047379e-03
3.511003851890563965e-01
1.375562627799808979e-03
1.062215268611907959e-01
3.374749794602394104e-02
3.443226814270019531e+00
8.474201709032058716e-02
5.207679271697998047e-01
6.256762426346540451e-03
1.467967964708805084e-02
1.969558931887149811e-02
1.413054391741752625e-02
1.888989098370075226e-02
7.589214295148849487e-02
1.121363975107669830e-02
7.372902631759643555e-01
4.641184210777282715e-01
9.434518963098526001e-02
3.139563322067260742e+00
1.240058994293212891e+01
2.082085423171520233e-02
1.090039033442735672e-02
5.085642333142459393e-04
6.477222591638565063e-02
5.342800542712211609e-02
5.980349704623222351e-02
8.476241111755371094e+00
1.053070882335305214e-03
3.941811800003051758e+00
2.181635499000549316e-01
2.703748457133769989e-02
1.011945400387048721e-02
1.127056963741779327e-02
6.149656772613525391e+00
2.288663864135742188e+01
2.513607788085937500e+01
2.630421221256256104e-01
6.328958511352539062e+00
1.739692211151123047e+00
7.387435913085937500e+01
6.865400314331054688e+00
7.428212738037109375e+01
6.673084735870361328e+00
5.127704620361328125e+01
1.674736022949218750e+01
7.056050300598144531e+00
6.379778385162353516e-01
1.764884376525878906e+01
3.139648056030273438e+01
1.403275680541992188e+01
1.288722839355468750e+02
1.959321784973144531e+01
3.285233259201049805e+00
3.321205377578735352e+00
3.539499282836914062e+00
1.051713562011718750e+01
1.047124671936035156e+01
1.769733428955078125e+01
9.636696577072143555e-01
1.540948867797851562e+01
1.536460113525390625e+02
2.415726470947265625e+02
2.660983848571777344e+01
2.063877105712890625e+00
2.403779268264770508e+00
2.529381275177001953e+00
2.228383178710937500e+02
1.790945410728454590e+00
1.442409801483154297e+01
4.512805044651031494e-01
2.147934138774871826e-01
1.915650486946105957e+00
2.835664176940917969e+01
9.232155761718750000e+02
1.377028846740722656e+01
6.266848444938659668e-01
9.579162597656250000e+01
1.577580547332763672e+01
9.827175140380859375e+01
8.545667266845703125e+01
1.210149860382080078e+01
1.315281033515930176e+00
1.445727081298828125e+02
3.779719924926757812e+01
6.943089008331298828e+00
1.204639530181884766e+01
5.341573333740234375e+01
5.094499111175537109e+00
1.262653827667236328e+00
2.035254716873168945e+00
1.365978479385375977e+00
4.160780906677246094e+00
1.907198028564453125e+02
3.695060348510742188e+01
1.534445190429687500e+02
1.500305175781250000e+00
8.333957672119140625e+00
2.298669815063476562e+00
1.763605690002441406e+01
1.247652339935302734e+01
6.417994384765625000e+02
8.862843627929687500e+02
2.578909873962402344e+01
7.398897409439086914e-02
3.021007537841796875e+01
1.591254115104675293e+00
7.704891204833984375e+01
9.521602630615234375e+00
7.168051242828369141e+00
5.070078969001770020e-01
1.798743367195129395e+00
2.662022590637207031e+01
2.046583366394042969e+01
1.842592620849609375e+01
2.303207397460937500e+00
7.286260128021240234e+00
9.264172554016113281e+00
6.040448188781738281e+00
3.490498065948486328e+00
2.451099753379821777e-01
2.435469055175781250e+01
1.117427539825439453e+01
1.306619405746459961e+00
2.920533657073974609e+00
7.199615478515625000e+01
3.954922103881835938e+01
1.593982601165771484e+01
2.993958091735839844e+01
1.799852943420410156e+01
3.738303422927856445e+00
8.102218017578125000e+02
2.020993471145629883e+00
1.996601295471191406e+01
7.136687636375427246e-01
3.036821603775024414e+00
3.933398425579071045e-01
6.576420593261718750e+01
1.151677608489990234e+01
2.045090293884277344e+01
3.638036251068115234e+00
1.953143005371093750e+02
3.029712219238281250e+02
1.919946432113647461e+00
1.966070383787155151e-01
4.950295639038085938e+01
1.263751792907714844e+01
7.187284469604492188e+00
2.430551147460937500e+01
3.219105911254882812e+01
1.087233924865722656e+01
5.457904338836669922e+00
1.432909679412841797e+01
1.113754367828369141e+01
2.282544708251953125e+01
2.855088623046875000e+03
1.562547912597656250e+02
2.515866470336914062e+01
2.971081256866455078e+00
1.419044494628906250e+02
7.815436840057373047e+00
1.993019580841064453e+00
1.946120300292968750e+02
6.698400878906250000e+01
2.370582771301269531e+01
1.276187324523925781e+01
1.826489865779876709e-01
3.380772829055786133e+00
1.037090063095092773e+00
1.330512523651123047e+00
4.444069862365722656e+00
8.440257263183593750e+01
4.163047409057617188e+01
6.873306274414062500e+01
5.072362899780273438e+01
5.161941647529602051e-01
2.351395874023437500e+02
2.079549026489257812e+01
9.048712158203125000e+01
1.369666290283203125e+01
2.136804962158203125e+02
1.244389772415161133e+00
2.219132423400878906e+01
7.799759674072265625e+01
1.487809300422668457e+00
2.057816467285156250e+02
3.163245964050292969e+01
1.099653005599975586e+00
7.646283721923828125e+01
8.343952178955078125e+00
1.461538434028625488e+00
7.426074147224426270e-01
7.859457731246948242e-01
1.272264719009399414e+00
1.956423950195312500e+02
1.004554672241210938e+02
6.598043060302734375e+01
1.011206722259521484e+01
3.240251159667968750e+01
3.290559768676757812e+00
2.221222114562988281e+01
7.262937164306640625e+01
3.222421875000000000e+02
1.328320741653442383e+00
1.592782878875732422e+01
2.033575439453125000e+02
1.471343994140625000e+00
4.831169128417968750e+00
9.350259399414062500e+01
1.434200286865234375e+01
3.771718502044677734e+00
1.705904197692871094e+01
3.068281412124633789e+00
2.212016105651855469e+01
1.615310430526733398e+00
3.464487457275390625e+01
7.410102844238281250e+01
2.411668896675109863e-01
1.673583374023437500e+03
9.458929061889648438e+00
1.406547546386718750e+00
4.899453639984130859e+00
8.901660919189453125e+01
1.443747425079345703e+01
1.713456869125366211e+00
1.055492115020751953e+01
2.195739746093750000e+00
2.448312187194824219e+01
1.811663055419921875e+01
4.446216225624084473e-01
1.297271251678466797e+01
1.709947347640991211e+00
9.845140576362609863e-01
3.492095947265625000e+00
8.174502372741699219e+00
2.221743106842041016e+00
7.318576335906982422e+00
1.146288394927978516e+01
3.621166992187500000e+01
4.496577680110931396e-01
7.975801944732666016e+00
6.610141754150390625e+01
5.423330783843994141e+00
1.566341114044189453e+01
1.083049392700195312e+01
4.275102138519287109e+00
1.048414468765258789e+00
4.564551086425781250e+02
1.036563682556152344e+01
3.522560882568359375e+01
6.162738800048828125e+00
1.267828063964843750e+02
9.368511438369750977e-01
8.597722625732421875e+01
1.129691406250000000e+03
2.452788949012756348e-01
9.342527389526367188e-01
8.687417602539062500e+01
1.600794315338134766e+00
2.075240020751953125e+02
3.774502754211425781e+00
5.430768966674804688e+00
1.292336106300354004e+00
8.406168937683105469e+00
4.067281782627105713e-01
1.366675662994384766e+01
8.003829121589660645e-01
6.392094802856445312e+01
3.960376977920532227e+00
3.684415817260742188e+01
6.779569983482360840e-01
3.964726924896240234e+00
7.563674926757812500e+00
8.937640190124511719e-01
1.155110626220703125e+02
9.282775878906250000e+00
4.719749450683593750e+00
3.356046199798583984e+00
1.947277450561523438e+01
6.645272064208984375e+01
7.122092437744140625e+01
3.490279614925384521e-01
2.144274444580078125e+02
4.836817741394042969e+00
9.880867004394531250e+00
1.619782257080078125e+01
1.321417331695556641e+00
9.923599243164062500e+01
3.030188179016113281e+01
3.171463966369628906e+00
2.218509674072265625e+01
7.335353374481201172e+00
3.255906343460083008e+00
1.509540405273437500e+02
2.299711036682128906e+01
2.307691001892089844e+01
1.617077445983886719e+01
7.880468750000000000e+01
2.324656867980957031e+01
5.473609924316406250e+01
1.967209815979003906e+01
1.207600021362304688e+02
1.641577035188674927e-01
6.834802627563476562e+00
5.659397583007812500e+02
3.646289443969726562e+01
7.824815368652343750e+01
5.280268192291259766e-01
3.722098469734191895e-01
1.578094768524169922e+01
7.592164993286132812e+00
1.040586757659912109e+01
1.553270912170410156e+01
2.107406139373779297e+00
1.064398860931396484e+01
4.521153450012207031e+00
3.614353656768798828e+00
6.668334484100341797e+00
7.162762880325317383e-01
2.479850292205810547e+00
1.370228118896484375e+02
1.343858795166015625e+02
3.345219135284423828e+00
3.159484863281250000e+01
1.517249965667724609e+01
5.447726249694824219e+00
1.436079223632812500e+03
3.977064371109008789e+00
2.772104072570800781e+01
7.445006847381591797e+00
2.292702484130859375e+01
8.047646331787109375e+01
6.136865615844726562e+00
3.538474655151367188e+01
5.761785507202148438e+01
4.774467849731445312e+01
1.946583366394042969e+01
2.169150085449218750e+02
6.044263839721679688e+00
5.714043140411376953e+00
9.705791473388671875e+01
8.249671936035156250e+00
9.058274269104003906e+00
2.114583892822265625e+02
1.217309875488281250e+02
1.067290420532226562e+02
4.750444030761718750e+02
9.852533340454101562e-01
4.099661350250244141e+00
7.709010839462280273e-01
3.233150720596313477e+00
7.799540042877197266e+00
2.777415037155151367e+00
7.840295433998107910e-01
3.706867694854736328e+00
9.319120049476623535e-01
2.343482055664062500e+02
1.608478355407714844e+01
9.720774841308593750e+01
7.034789276123046875e+01
3.601032257080078125e+00
3.384677505493164062e+01
1.143680572509765625e+01
1.383211708068847656e+01
8.999810218811035156e-01
9.167420043945312500e+02
1.178219451904296875e+02
1.053617477416992188e+01
3.456466293334960938e+01
6.218240737915039062e+01
3.744000549316406250e+02
1.176270103454589844e+01
1.811910748481750488e+00
2.036638069152832031e+01
6.583620905876159668e-01
1.328615283966064453e+01
1.246694641113281250e+02
1.733086013793945312e+01
1.997626423835754395e+00
2.787599563598632812e+00
9.827709197998046875e+01
2.555372924804687500e+02
3.796320724487304688e+01
2.270167350769042969e+01
1.495353126525878906e+01
3.081315457820892334e-01
1.056910231709480286e-01
1.739284324645996094e+01
1.038206958770751953e+01
3.334716558456420898e+00
1.825202178955078125e+01
8.096775817871093750e+01
8.961386871337890625e+01
2.301788330078125000e+01
2.304408073425292969e+00
1.329841852188110352e+00
3.614423513412475586e+00
5.893597126007080078e+00
1.017894210815429688e+02
2.498376131057739258e+00
2.458366966247558594e+01
4.940222203731536865e-01
4.224320411682128906e+00
1.804517358541488647e-01
4.305772781372070312e+00
2.205896301269531250e+02
1.492033496093750000e+04
7.100083827972412109e+00
3.189796066284179688e+01
4.346290111541748047e+00
2.454447031021118164e+00
4.377872085571289062e+01
1.026587219238281250e+02
1.338966369628906250e+00
1.896910190582275391e+00
6.764586925506591797e+00
6.148609924316406250e+01
2.824058723449707031e+01
3.986588239669799805e+00
1.204005279541015625e+02
3.868753967285156250e+02
3.352878093719482422e+00
2.209953784942626953e+00
2.552393913269042969e+00
3.431912994384765625e+01
2.001250028610229492e+00
3.255500793457031250e+00
2.189708099365234375e+02
1.317753028869628906e+01
5.560437774658203125e+01
8.106906127929687500e+02
4.514516067504882812e+01
1.122398257255554199e+00
4.538018798828125000e+01
