2.781365439295768738e-02
1.520265936851501465e-01
6.422946695238351822e-03
2.674387069419026375e-03
3.274619579315185547e-02
6.042709350585937500e+00
2.455900982022285461e-02
2.842492889612913132e-03
6.518956273794174194e-03
5.684469342231750488e-01
1.008584816008806229e-02
2.724603936076164246e-02
7.203722000122070312e-02
2.459609694778919220e-02
2.324133878573775291e-03
2.035201899707317352e-02
2.543554874137043953e-03
8.484045043587684631e-03
2.477096207439899445e-02
8.338993065990507603e-04
6.267564743757247925e-02
3.055395931005477905e-02
1.915839463472366333e-01
2.860016562044620514e-02
1.068025469779968262e+00
1.304305531084537506e-02
5.663646012544631958e-02
6.022443249821662903e-02
8.010029047727584839e-02
7.944822907447814941e-01
7.281150901690125465e-04
1.762346946634352207e-04
7.565789856016635895e-03
3.377278894186019897e-02
5.737194791436195374e-02
1.365079917013645172e-02
7.136638276278972626e-03
5.198849830776453018e-04
9.099586866796016693e-03
6.507626269012689590e-03
2.172582298517227173e-01
9.299287199974060059e-02
3.280714154243469238e-03
9.692023277282714844e+00
1.636236608028411865e-01
1.434444040060043335e-01
9.291767142713069916e-03
4.629832804203033447e-01
3.441221080720424652e-03
2.262933552265167236e-02
1.765745729207992554e-01
5.560648068785667419e-02
1.200175359845161438e-01
4.547088965773582458e-02
6.935429410077631474e-04
2.270110184326767921e-03
4.953692667186260223e-03
1.178956683725118637e-02
3.022762201726436615e-02
8.990755081176757812e+00
1.430603675544261932e-02
1.178683853149414062e+01
1.689378358423709869e-02
3.920820541679859161e-03
1.007743105292320251e-01
2.491274103522300720e-02
1.878497600555419922e-01
1.637241616845130920e-02
6.939485073089599609e-01
5.829879641532897949e-01
1.393968996126204729e-04
1.299457073211669922e+00
1.779875135980546474e-03
6.328020989894866943e-02
7.948601990938186646e-02
2.870233729481697083e-02
5.465636029839515686e-03
5.057087168097496033e-02
3.537495061755180359e-02
1.489248964935541153e-02
1.292024999856948853e-01
1.827983930706977844e-02
2.516533248126506805e-02
2.399666700512170792e-04
2.839302644133567810e-03
1.764247310347855091e-03
5.638184666167944670e-05
2.668024785816669464e-02
6.863416433334350586e-01
9.904173202812671661e-04
1.284839957952499390e-02
1.179462764412164688e-02
2.275286009535193443e-03
5.945590883493423462e-02
1.334497821517288685e-03
8.375650644302368164e-01
4.732512533664703369e-01
9.639390558004379272e-02
1.345141441561281681e-03
9.023410826921463013e-02
2.347708940505981445e+00
4.211794584989547729e-02
1.920815673656761646e-03
2.531317621469497681e-02
1.900532096624374390e-02
5.282883644104003906e-01
6.835013628005981445e-02
1.629946567118167877e-02
3.581105917692184448e-02
1.939923912286758423e-01
1.322585940361022949e-01
3.467665910720825195e-01
6.862334907054901123e-02
9.149304032325744629e-02
1.438348740339279175e-02
4.769684374332427979e-02
4.572307690978050232e-02
1.096241362392902374e-02
4.532593302428722382e-03
6.105253845453262329e-02
1.395954634062945843e-03
1.276143836975097656e+01
5.443915724754333496e-01
4.173102378845214844e-01
2.095664967782795429e-04
1.963061690330505371e-01
1.705579459667205811e-02
5.474511999636888504e-04
7.892191410064697266e-02
5.381771922111511230e-02
1.108407855033874512e+00
3.080103546380996704e-02
3.593948669731616974e-03
2.019872423261404037e-03
5.723210424184799194e-02
1.567901298403739929e-02
4.884654656052589417e-02
1.716540098190307617e+00
2.301955670118331909e-01
5.215865969657897949e-01
1.436805725097656250e-02
7.982463575899600983e-03
9.363930225372314453e-01
7.386255264282226562e-01
2.929673957824707031e+01
3.904603794217109680e-02
1.977497041225433350e-01
1.489383261650800705e-02
6.553017348051071167e-02
1.051702909171581268e-02
1.424792595207691193e-02
8.681163936853408813e-02
1.638550013303756714e-01
2.706615813076496124e-02
1.436616629362106323e-01
1.586299203336238861e-02
2.398080937564373016e-02
4.675942659378051758e-02
1.789558911696076393e-03
7.298180367797613144e-03
5.083322525024414062e-02
4.731683584395796061e-04
1.440220177173614502e-01
3.001981377601623535e-01
3.355820775032043457e-01
1.619148403406143188e-01
1.311745196580886841e-01
2.252790927886962891e-01
1.097478151321411133e+00
7.631756016053259373e-04
2.414195612072944641e-02
1.600364297628402710e-01
1.530699519207701087e-04
9.323802776634693146e-03
4.497142508625984192e-02
1.857037067413330078e+00
2.979998290538787842e-02
1.436507701873779297e-02
1.632054150104522705e-02
1.179112717509269714e-01
4.161055758595466614e-02
4.483409598469734192e-02
1.739304810762405396e-01
5.815819278359413147e-02
1.609167098999023438e+00
1.706825196743011475e-02
7.215331308543682098e-03
4.893082007765769958e-02
4.005709886550903320e-01
4.053100571036338806e-02
2.046313434839248657e-01
3.416676819324493408e-02
2.592684468254446983e-04
1.813440918922424316e-01
2.417813241481781006e-01
3.329515084624290466e-02
3.852707743644714355e-01
5.991128459572792053e-02
6.441539619117975235e-03
3.237126022577285767e-02
3.487271722406148911e-03
4.970216378569602966e-02
1.420906372368335724e-02
2.791375480592250824e-02
5.630581639707088470e-03
5.316402297466993332e-03
2.334939986467361450e-01
1.329374504089355469e+01
4.895420279353857040e-03
3.073936561122536659e-03
5.102833267301321030e-03
4.271513223648071289e-02
1.506165135651826859e-04
1.362794399261474609e+00
3.340776264667510986e-02
2.396957397460937500e+00
1.750421077013015747e-01
2.299765124917030334e-02
7.054586894810199738e-04
3.588737249374389648e-01
5.095479488372802734e-01
6.525253877043724060e-03
3.044206183403730392e-03
2.652278915047645569e-02
1.030786370392888784e-04
6.681958585977554321e-02
1.715727616101503372e-03
3.505108356475830078e+00
2.870324552059173584e-01
8.656804449856281281e-03
2.156491018831729889e-02
1.283569261431694031e-02
2.827811427414417267e-02
3.289894200861454010e-03
1.723089963197708130e-01
1.939313672482967377e-02
9.902202337980270386e-02
4.533821251243352890e-03
2.597985565662384033e-01
4.278194683138281107e-04
7.147234678268432617e-02
4.877379164099693298e-02
1.879431158304214478e-01
4.009262658655643463e-03
1.879283785820007324e-02
1.212282944470643997e-02
4.223568737506866455e-02
9.278982877731323242e-02
3.339811787009239197e-02
7.089268416166305542e-02
3.401703014969825745e-02
1.033990502357482910e+00
1.061697112163528800e-04
8.142092823982238770e-02
1.419315673410892487e-02
2.736642062664031982e-01
2.793445825576782227e+00
2.764614485204219818e-02
1.496001984924077988e-02
9.119629114866256714e-02
6.558169145137071609e-03
9.168235701508820057e-04
1.427795648574829102e+00
4.299603030085563660e-02
5.190796684473752975e-03
3.830046206712722778e-02
1.519573666155338287e-02
1.593152403831481934e+00
6.626071408390998840e-03
7.073507178574800491e-03
2.184542655944824219e+00
3.773788362741470337e-02
6.708186864852905273e-01
2.809159923344850540e-03
1.679939450696110725e-03
1.550220046192407608e-02
1.235290337353944778e-02
1.253307610750198364e-02
3.898112773895263672e-01
1.007797718048095703e+00
1.697372496128082275e-01
1.366732921451330185e-02
8.990267291665077209e-03
1.090653054416179657e-02
2.720999764278531075e-04
7.097783032804727554e-03
5.336482048034667969e+00
1.511093020439147949e+00
7.171135512180626392e-04
7.280904799699783325e-02
1.110729109495878220e-02
2.218168228864669800e-03
1.246850267052650452e-01
3.682971745729446411e-02
8.367049158550798893e-04
1.550761237740516663e-02
4.021514207124710083e-02
4.722574353218078613e-02
2.303205251693725586e+00
5.235757678747177124e-02
9.069535136222839355e-01
4.932955205440521240e-01
8.853325992822647095e-02
7.496049404144287109e-01
1.636735677719116211e+00
1.366957090795040131e-02
2.124849893152713776e-02
7.103697210550308228e-02
9.556158445775508881e-03
1.538797318935394287e-01
8.057990670204162598e-01
6.357106566429138184e-02
1.447298098355531693e-02
4.632192254066467285e-01
5.768085364252328873e-03
3.955068811774253845e-02
1.032460830174386501e-03
4.972282648086547852e-01
2.733337925747036934e-03
7.871604524552822113e-03
2.980020642280578613e-01
1.234201015904545784e-03
1.078627351671457291e-02
5.614282563328742981e-02
5.241684149950742722e-03
5.097203254699707031e-01
5.363326519727706909e-03
5.550100468099117279e-03
8.420960046350955963e-03
3.187929745763540268e-03
4.169906023889780045e-03
2.729396522045135498e-01
8.500846102833747864e-03
1.397670432925224304e-02
1.044814009219408035e-02
1.043424010276794434e-02
5.459580104798078537e-03
6.295572035014629364e-03
2.373577095568180084e-02
1.406186670064926147e-01
2.119232900440692902e-03
8.790491847321391106e-04
5.105700343847274780e-03
1.982102751731872559e+00
1.136322389356791973e-03
1.413427107036113739e-02
1.755656898021697998e-01
4.152411594986915588e-02
4.106154665350914001e-02
3.157037496566772461e-02
9.223882108926773071e-02
1.990921199321746826e-01
1.103312533814460039e-04
1.608604378998279572e-02
5.181817337870597839e-03
2.725928090512752533e-03
2.755024842917919159e-02
2.156513743102550507e-02
4.440720006823539734e-02
6.141573935747146606e-02
2.586895413696765900e-02
1.080807182006537914e-03
2.511047571897506714e-02
9.966472163796424866e-03
1.834195554256439209e-01
1.624288968741893768e-02
7.347121834754943848e-02
1.468722010031342506e-03
1.506584882736206055e-01
4.394020070321857929e-04
1.252587735652923584e-01
1.627675145864486694e-01
7.648011296987533569e-02
2.347491309046745300e-02
9.524230957031250000e-01
2.371182898059487343e-03
1.047742646187543869e-02
5.945567972958087921e-03
1.932105422019958496e-02
3.075271658599376678e-02
5.821667984127998352e-02
1.960685243830084801e-03
3.222980499267578125e+00
9.567213058471679688e-02
2.431632019579410553e-02
4.389218330383300781e+00
9.094013214111328125e+00
8.703035302460193634e-03
1.056314678862690926e-03
5.844059051014482975e-04
3.483764082193374634e-02
6.954663898795843124e-03
3.137455880641937256e-02
5.925432205200195312e+00
2.079096593661233783e-04
4.534582138061523438e+00
1.318150162696838379e-01
1.735559850931167603e-02
6.804312579333782196e-04
4.395306576043367386e-03
9.384475708007812500e+00
9.742422485351562500e+01
1.040725479125976562e+02
7.517974376678466797e-01
3.449704742431640625e+01
2.157821416854858398e+00
4.925729980468750000e+02
1.025976467132568359e+01
9.156366729736328125e+01
1.045501899719238281e+01
1.379095611572265625e+02
1.638292884826660156e+01
7.370870208740234375e+01
6.001309156417846680e-01
1.266949272155761719e+01
1.437461700439453125e+02
8.543202209472656250e+01
1.911296691894531250e+02
1.212235641479492188e+02
7.808452129364013672e+00
4.669172286987304688e+01
4.222477912902832031e+00
8.643457412719726562e+00
4.065806961059570312e+01
2.001824855804443359e+00
4.671807587146759033e-01
2.002517547607421875e+02
5.509103393554687500e+02
7.873193359375000000e+02
3.087693176269531250e+02
7.921175003051757812e+00
3.742220401763916016e+00
8.696119308471679688e+00
3.089157104492187500e+02
1.517076396942138672e+01
1.014312934875488281e+01
8.294341564178466797e-01
7.011807709932327271e-02
3.971233367919921875e+00
1.257489166259765625e+02
8.923513793945312500e+02
2.001137161254882812e+01
9.072171449661254883e-01
4.723033142089843750e+02
2.042806816101074219e+01
1.463720550537109375e+02
9.622163391113281250e+01
1.268289947509765625e+01
7.330768108367919922e-01
5.100756530761718750e+02
1.990230712890625000e+02
3.022820854187011719e+01
1.206755256652832031e+01
2.613104248046875000e+01
3.529035568237304688e+00
7.537294864654541016e+00
6.285052776336669922e+00
3.623897433280944824e-01
2.169180107116699219e+01
1.146755126953125000e+03
3.102848205566406250e+02
5.059455261230468750e+02
7.124599933624267578e+00
4.777763366699218750e+01
5.261784076690673828e+00
2.816672897338867188e+01
5.779522705078125000e+01
1.689449462890625000e+03
2.855649414062500000e+02
3.564062500000000000e+01
6.544484943151473999e-02
1.266265029907226562e+02
1.301973462104797363e+00
1.498117370605468750e+02
6.960217952728271484e+00
8.346045494079589844e+00
8.833986520767211914e-01
9.383461952209472656e+00
2.948518066406250000e+02
3.445146560668945312e+01
3.188948059082031250e+01
5.462681293487548828e+00
8.974645614624023438e+00
3.736398315429687500e+01
7.507090091705322266e+00
2.629573631286621094e+01
9.126315265893936157e-02
1.051359558105468750e+01
1.782704353332519531e+01
4.060314655303955078e+00
1.423358535766601562e+01
4.894965744018554688e+01
4.622994232177734375e+01
1.497989082336425781e+01
9.906853485107421875e+01
1.907333526611328125e+02
3.669028282165527344e+00
6.171901245117187500e+02
5.613968968391418457e-01
2.986918334960937500e+02
2.701967000961303711e+00
1.969830131530761719e+01
3.638010740280151367e+00
1.284812469482421875e+02
4.463976287841796875e+01
1.021408081054687500e+02
2.076053857803344727e+00
2.652688476562500000e+03
3.249199523925781250e+02
9.224253892898559570e-01
4.962539672851562500e-01
7.994738159179687500e+02
2.182639312744140625e+02
1.459722280502319336e+00
2.939225196838378906e+01
1.018360290527343750e+02
8.088417816162109375e+01
1.321027374267578125e+01
8.962395477294921875e+01
1.528081703186035156e+01
1.692643432617187500e+02
5.049855468750000000e+03
3.470348815917968750e+02
1.144901199340820312e+02
3.158744096755981445e+00
2.145820922851562500e+02
2.463445091247558594e+01
2.987924814224243164e+00
6.494907836914062500e+02
8.320191192626953125e+01
4.277430725097656250e+02
2.850627899169921875e+01
3.606546521186828613e-01
2.352290153503417969e+01
2.111931800842285156e+00
2.430668115615844727e+00
1.473113298416137695e+00
3.350040893554687500e+02
6.703862304687500000e+02
3.453948974609375000e+02
2.828429222106933594e+01
2.508358001708984375e+00
4.531528625488281250e+02
1.941113853454589844e+01
8.142288208007812500e+02
3.324271774291992188e+01
3.267710876464843750e+02
2.024799585342407227e+00
4.106364440917968750e+01
1.599608764648437500e+03
5.202007293701171875e-01
4.464153137207031250e+02
3.902888107299804688e+01
4.372038245201110840e-01
1.569484252929687500e+02
3.474091339111328125e+01
2.081659078598022461e+00
8.381585478782653809e-01
5.704843044281005859e+00
2.480500698089599609e+00
9.181729736328125000e+02
1.226291198730468750e+02
1.886694335937500000e+02
3.645156860351562500e+01
2.022305145263671875e+02
6.759463500976562500e+01
5.271446990966796875e+01
3.528178710937500000e+02
7.305489501953125000e+02
1.087633705139160156e+01
8.453883171081542969e+00
1.458791503906250000e+03
2.046809434890747070e+00
6.405234813690185547e+00
3.653603515625000000e+02
2.173982238769531250e+01
9.599493980407714844e+00
6.002089309692382812e+01
3.029010295867919922e+00
1.699807929992675781e+01
9.935289382934570312e+00
2.102618408203125000e+01
3.707922058105468750e+02
5.748514652252197266e+00
1.998477734375000000e+04
5.066894054412841797e+00
5.635285377502441406e-01
2.200280189514160156e+01
4.113129577636718750e+02
5.707931137084960938e+01
3.547025442123413086e+00
2.544672546386718750e+02
8.921649932861328125e+00
6.055912017822265625e+01
1.431277313232421875e+02
2.290795087814331055e+00
6.827649688720703125e+01
1.159651875495910645e+00
6.294048309326171875e+00
3.161874294281005859e+00
1.233757305145263672e+01
1.036925601959228516e+01
6.828208446502685547e+00
3.898765945434570312e+01
5.105287170410156250e+01
1.076726555824279785e+00
6.835337066650390625e+01
4.401484069824218750e+02
5.899507522583007812e+00
3.406611251831054688e+01
8.621143341064453125e+00
3.459873914718627930e+00
1.171047806739807129e+00
4.259247558593750000e+03
1.602864265441894531e+01
3.669645690917968750e+02
5.203082561492919922e+00
2.678434448242187500e+02
1.395486235618591309e+00
1.797619934082031250e+02
3.251864013671875000e+03
1.376751810312271118e-01
1.891531229019165039e+00
7.460046386718750000e+02
3.649504184722900391e+00
9.564393310546875000e+02
3.918488502502441406e+00
2.587786483764648438e+01
8.323746681213378906e+00
1.312433147430419922e+01
1.011018157005310059e-01
1.181302261352539062e+01
2.526173591613769531e+00
4.210360412597656250e+02
4.777169799804687500e+01
1.872414016723632812e+01
4.600134372711181641e+00
2.320856094360351562e+01
2.027142906188964844e+01
1.295602798461914062e+00
4.357577514648437500e+02
1.403682250976562500e+02
1.570816516876220703e+01
2.009426307678222656e+01
1.525832672119140625e+02
8.351099395751953125e+01
2.114437713623046875e+02
6.152186989784240723e-01
5.149518554687500000e+03
8.382087707519531250e+00
6.255033111572265625e+01
3.062839317321777344e+01
9.865552186965942383e-01
5.420841064453125000e+02
8.847984313964843750e+01
7.081546783447265625e-01
5.317579345703125000e+02
5.462393188476562500e+01
6.673889160156250000e+00
1.594769531250000000e+03
8.017942047119140625e+01
5.724666976928710938e+01
6.236696243286132812e+01
5.865878295898437500e+02
1.651449279785156250e+02
1.605485076904296875e+02
2.934667396545410156e+01
9.305287475585937500e+02
3.906461596488952637e-01
1.223978900909423828e+01
5.878458862304687500e+02
1.356262588500976562e+01
4.386051330566406250e+02
1.083344459533691406e+00
6.186497211456298828e-01
5.711990737915039062e+01
5.547793388366699219e+00
6.222458839416503906e+00
1.043290252685546875e+02
6.067646145820617676e-01
1.474858379364013672e+01
3.994622468948364258e+00
6.774080276489257812e+00
2.404929542541503906e+01
1.640841245651245117e+00
1.236001968383789062e+00
5.362291870117187500e+02
1.368084838867187500e+03
3.192734003067016602e+00
1.940009002685546875e+02
1.733960151672363281e+01
7.326427936553955078e+00
2.089580566406250000e+03
5.274516105651855469e+00
1.443756866455078125e+02
2.809088516235351562e+01
3.351309967041015625e+01
9.823122558593750000e+02
2.204945564270019531e+01
1.243628005981445312e+02
5.259827270507812500e+02
1.024217300415039062e+02
4.153736114501953125e+01
2.998893127441406250e+02
3.168319702148437500e+01
2.610088109970092773e+00
4.882594299316406250e+01
1.956912422180175781e+01
1.592105579376220703e+01
1.270612670898437500e+03
5.486058349609375000e+02
5.337277221679687500e+02
4.635130310058593750e+02
1.423715591430664062e+01
5.078431129455566406e+00
8.455935120582580566e-01
2.871702194213867188e+01
1.221723270416259766e+01
8.870702743530273438e+00
1.941479444503784180e+00
6.602146148681640625e+00
7.725042104721069336e-01
1.204291229248046875e+02
4.499026107788085938e+01
6.887613677978515625e+01
1.464659576416015625e+02
1.839868736267089844e+01
5.235454940795898438e+01
1.705129623413085938e+01
8.790283203125000000e+00
3.466280698776245117e-01
5.215265136718750000e+03
1.525618774414062500e+03
8.718325805664062500e+01
1.697418518066406250e+02
7.221372985839843750e+01
5.660212402343750000e+02
3.222742843627929688e+01
1.841515922546386719e+01
2.021286964416503906e+01
2.100112199783325195e+00
7.145502471923828125e+01
1.048025634765625000e+03
7.050588989257812500e+01
8.654487609863281250e+00
5.070404529571533203e+00
1.244703598022460938e+02
5.668188476562500000e+02
7.231924438476562500e+01
1.277917289733886719e+01
1.367319393157958984e+01
9.891463816165924072e-02
1.401403844356536865e-01
2.318042945861816406e+01
2.040044212341308594e+01
5.070849418640136719e+00
1.220186233520507812e+01
1.460930023193359375e+02
3.809046936035156250e+01
1.033161849975585938e+02
4.937798976898193359e+00
1.846226692199707031e+00
7.317662715911865234e+00
2.511126708984375000e+01
1.063945434570312500e+03
1.845076084136962891e+00
6.591257476806640625e+01
9.786954522132873535e-01
4.928956031799316406e+00
2.725993394851684570e-01
1.534731197357177734e+01
4.067102539062500000e+03
2.017093164062500000e+04
4.558814048767089844e+00
1.057609100341796875e+02
5.395358276367187500e+01
4.446174621582031250e+00
1.451935119628906250e+02
6.108827514648437500e+02
5.558094978332519531e+00
4.097584247589111328e+00
1.050353908538818359e+01
6.997165679931640625e+01
2.021924591064453125e+01
1.094625377655029297e+01
2.379806671142578125e+02
4.982633361816406250e+02
6.049474239349365234e+00
4.349698066711425781e+00
3.227601289749145508e+00
1.837779846191406250e+02
5.667441368103027344e+00
1.800459671020507812e+01
2.445510253906250000e+02
1.742154693603515625e+01
6.067314453125000000e+02
1.011755920410156250e+03
1.267470169067382812e+02
1.655791759490966797e+00
2.613708686828613281e+01
