6.295300275087356567e-02
2.351165562868118286e-01
1.446567028760910034e-01
6.547888740897178650e-03
1.740798950195312500e-01
4.541824460029602051e-01
7.814728468656539917e-02
1.573245413601398468e-02
1.537084281444549561e-01
1.525919735431671143e-01
3.842500448226928711e-01
9.885730594396591187e-02
7.746116071939468384e-02
1.880032196640968323e-02
3.592091426253318787e-02
6.810405850410461426e-02
1.084163319319486618e-02
5.039835348725318909e-02
2.942361868917942047e-02
2.738969214260578156e-02
2.301920950412750244e-02
1.517688669264316559e-02
3.484880328178405762e-01
6.324937939643859863e-02
6.052852153778076172e+00
2.029625140130519867e-02
3.621682897210121155e-02
2.181274443864822388e-01
9.531214833259582520e-01
1.479389071464538574e+00
5.617034155875444412e-03
1.888522994704544544e-03
2.240980416536331177e-01
4.383122026920318604e-01
1.800497807562351227e-02
4.724266827106475830e-01
3.007471375167369843e-02
6.941696163266897202e-03
1.267963945865631104e-01
6.096490100026130676e-02
1.345692992210388184e+00
2.498312294483184814e-01
6.680379807949066162e-02
4.686641693115234375e+00
4.570527374744415283e-01
2.978021204471588135e-01
6.018976867198944092e-02
1.140001296997070312e+00
6.254767067730426788e-03
1.166728019714355469e+00
1.934101581573486328e-01
3.998259827494621277e-02
9.944154620170593262e-01
1.857210993766784668e-01
9.589988738298416138e-03
1.741204783320426941e-02
1.772075705230236053e-02
2.686302661895751953e-01
3.532193973660469055e-02
1.804752349853515625e+01
3.050258755683898926e-02
6.159397602081298828e+00
4.551098495721817017e-02
4.537475481629371643e-02
2.577919661998748779e-01
4.635053873062133789e-01
4.285404086112976074e-01
1.285520792007446289e-01
4.672283649444580078e+00
1.332060217857360840e+00
4.715588002000004053e-04
8.837978839874267578e-01
1.173540297895669937e-02
1.937277197837829590e+00
2.809892594814300537e-01
1.348782926797866821e-01
2.416019886732101440e-02
2.562153339385986328e-02
6.269525736570358276e-02
6.897739320993423462e-02
5.583596229553222656e-01
3.855605423450469971e-02
1.083561554551124573e-01
3.233616240322589874e-03
1.323089655488729477e-02
9.412114508450031281e-03
6.251287413761019707e-04
4.340320080518722534e-02
1.373296499252319336e+00
2.245466224849224091e-03
2.432586997747421265e-02
1.714788228273391724e-01
3.874024748802185059e-02
8.831251412630081177e-02
6.371639668941497803e-02
8.302119374275207520e-01
1.931314468383789062e-01
1.050389766693115234e+00
2.674220129847526550e-02
2.420059740543365479e-01
6.675259470939636230e-01
4.732137545943260193e-02
1.147435884922742844e-02
5.895462259650230408e-02
7.938668876886367798e-02
3.821634054183959961e-01
1.279566287994384766e-01
2.522331476211547852e-01
1.211470484733581543e+00
1.046780869364738464e-01
2.451967075467109680e-02
2.873720526695251465e-01
3.010686933994293213e-01
6.915279626846313477e-01
1.684240549802780151e-01
9.992580115795135498e-02
1.477073132991790771e-01
3.734967857599258423e-02
5.859447643160820007e-03
4.926862567663192749e-02
8.504381403326988220e-03
1.932204627990722656e+01
8.879225254058837891e-01
1.499610662460327148e+00
2.343262778595089912e-03
2.820107713341712952e-02
2.458733133971691132e-02
2.029042923822999001e-03
2.201877236366271973e-01
7.381244748830795288e-02
1.072320342063903809e+00
3.130700886249542236e-01
1.143581792712211609e-02
6.389107555150985718e-03
3.415885195136070251e-02
1.439395733177661896e-02
3.268829360604286194e-02
1.079743504524230957e+00
1.023488044738769531e-01
1.305314898490905762e+00
9.967572242021560669e-02
6.364488601684570312e-02
7.368925571441650391e+00
1.485752344131469727e+00
3.564868688583374023e+00
1.467880904674530029e-01
3.870515525341033936e-01
1.013033911585807800e-01
1.686057299375534058e-01
4.259461164474487305e-02
3.099678084254264832e-02
1.229158163070678711e+00
1.709125936031341553e-01
8.659482002258300781e-02
3.316126763820648193e-01
1.066892668604850769e-01
4.232667386531829834e-02
6.482420861721038818e-02
3.110104473307728767e-03
4.673323594033718109e-03
3.019748628139495850e-01
8.762014657258987427e-02
1.525430530309677124e-01
1.455442905426025391e-01
1.718356370925903320e+00
2.742127776145935059e-01
6.949234008789062500e-01
2.426378577947616577e-01
4.488225460052490234e+00
4.548003897070884705e-03
3.836182951927185059e-01
1.908486336469650269e-01
1.351479440927505493e-02
1.004545241594314575e-01
1.989038288593292236e-01
1.137089967727661133e+00
1.176056414842605591e-01
1.135659664869308472e-01
6.063117459416389465e-02
1.842167735099792480e+00
1.821826398372650146e-01
1.824143528938293457e-01
2.088154703378677368e-01
7.890964299440383911e-02
2.584380149841308594e+00
1.696867495775222778e-01
1.814012825489044189e-01
8.004196733236312866e-02
3.373527526855468750e-01
1.215998083353042603e-01
9.396831393241882324e-01
1.002827063202857971e-01
5.014925263822078705e-03
9.351716190576553345e-02
2.214953601360321045e-01
6.815514713525772095e-02
1.756233572959899902e-01
6.984464824199676514e-02
6.592645775526762009e-03
3.605508804321289062e-01
1.352769508957862854e-02
1.154380664229393005e-01
1.372415870428085327e-01
5.289087817072868347e-02
1.230923682451248169e-01
1.643426902592182159e-02
9.664100408554077148e-02
1.438706970214843750e+01
1.324772648513317108e-02
1.018762774765491486e-02
4.127855971455574036e-02
9.496685862541198730e-02
4.475282039493322372e-03
4.383835792541503906e-01
1.683470606803894043e-01
8.315460681915283203e-01
5.666644573211669922e-01
2.293190546333789825e-02
7.162066176533699036e-03
2.214582681655883789e+00
1.677518725395202637e+00
1.161187980324029922e-02
2.211844362318515778e-02
4.201019555330276489e-02
7.243339787237346172e-04
3.021615743637084961e-01
1.633142493665218353e-02
1.994045257568359375e+00
2.474023997783660889e-01
3.572526201605796814e-02
3.392712771892547607e-02
6.043735891580581665e-02
1.883948966860771179e-02
1.368812471628189087e-01
3.427930921316146851e-02
5.810332298278808594e-01
1.415459662675857544e-01
4.550825804471969604e-03
4.101997613906860352e-01
1.636896468698978424e-02
2.142184227705001831e-01
1.609915122389793396e-02
6.988782435655593872e-02
2.126420848071575165e-02
5.396541580557823181e-02
6.978774815797805786e-02
2.848072946071624756e-01
7.022985816001892090e-02
1.090157628059387207e-01
2.833938002586364746e-01
1.469582915306091309e-01
7.595471739768981934e-01
4.261932335793972015e-03
7.137247323989868164e-01
2.231433540582656860e-01
1.908038556575775146e-01
2.955233812332153320e+00
7.290788739919662476e-02
1.368279904127120972e-01
4.705842956900596619e-02
4.330084472894668579e-02
1.237829308956861496e-02
2.465742230415344238e-01
1.148933321237564087e-01
3.267288208007812500e-02
4.873304665088653564e-01
1.339527405798435211e-02
1.779460668563842773e+00
2.400173805654048920e-03
5.895444005727767944e-02
7.453716278076171875e+00
2.285427153110504150e-01
1.331495791673660278e-01
1.079014223068952560e-02
2.786573255434632301e-03
3.789981454610824585e-02
8.274379372596740723e-02
4.827789217233657837e-02
7.625067234039306641e-02
7.323672175407409668e-01
1.189720392227172852e+00
2.119487524032592773e-01
7.404380291700363159e-02
2.432098053395748138e-02
4.969885572791099548e-03
2.783344313502311707e-02
4.407147884368896484e+00
1.529924273490905762e+00
2.483561076223850250e-02
1.894966065883636475e-01
2.205732464790344238e-02
1.460213121026754379e-02
2.844915986061096191e-01
2.357318066060543060e-02
1.533673983067274094e-02
1.981542818248271942e-02
4.849690198898315430e-02
7.700679451227188110e-02
1.037200927734375000e+00
2.021474838256835938e-01
1.629463315010070801e+00
2.774858176708221436e-01
2.344678193330764771e-01
3.104288578033447266e+00
3.729604780673980713e-01
5.228387936949729919e-02
1.736263372004032135e-02
1.604931056499481201e-01
2.731141746044158936e-01
4.829556345939636230e-01
1.554468989372253418e+00
3.351514041423797607e-01
4.341685473918914795e-01
4.397204518318176270e-01
2.042992226779460907e-02
1.229520738124847412e-01
6.440986879169940948e-03
1.490595698356628418e+00
4.729669541120529175e-03
2.518593147397041321e-02
1.936488598585128784e-01
9.284437634050846100e-03
3.315408825874328613e-01
1.534749865531921387e+00
8.676578849554061890e-02
2.630639314651489258e+00
2.171172387897968292e-02
3.051315620541572571e-02
3.047580830752849579e-02
9.503011591732501984e-03
3.193999407812952995e-03
4.987599849700927734e+00
6.975905597209930420e-02
8.622501790523529053e-02
3.182812780141830444e-02
6.539411097764968872e-02
6.282209604978561401e-02
2.769524045288562775e-02
1.604330092668533325e-01
7.930300831794738770e-01
1.249035969376564026e-01
9.025553241372108459e-03
1.625575125217437744e-02
3.077643871307373047e+00
7.443270180374383926e-03
1.915599778294563293e-02
1.438459396362304688e+00
4.562880694866180420e-01
1.841074526309967041e-01
4.335232973098754883e-01
1.773208826780319214e-01
4.833253100514411926e-02
1.521715545095503330e-03
3.244777396321296692e-02
1.419000178575515747e-01
8.737785741686820984e-03
2.956872433423995972e-02
2.887429893016815186e-01
4.178505241870880127e-01
1.509702056646347046e-01
9.477414935827255249e-02
3.766887634992599487e-02
9.822538495063781738e-02
4.702197015285491943e-02
5.816290974617004395e-01
1.090903282165527344e-01
1.382478624582290649e-01
1.468145754188299179e-02
5.185877084732055664e-01
1.714290003292262554e-03
1.961446404457092285e-01
2.521657571196556091e-02
3.430893182754516602e+00
1.141858547925949097e-01
4.601247012615203857e-01
8.891562931239604950e-03
4.062250629067420959e-02
1.031480431556701660e-01
4.944004863500595093e-02
1.072266418486833572e-02
1.112156882882118225e-01
1.595896668732166290e-02
1.185484170913696289e+00
8.387710452079772949e-01
1.523754447698593140e-01
1.639934182167053223e+00
1.996219062805175781e+01
3.314638882875442505e-02
4.100837185978889465e-02
9.954530978575348854e-04
8.241917937994003296e-02
2.065898627042770386e-01
9.796375036239624023e-02
1.513130664825439453e+01
3.373546991497278214e-03
3.237555742263793945e+00
3.168573379516601562e-01
1.209906861186027527e-01
2.251497097313404083e-02
2.645077928900718689e-02
1.727017998695373535e+00
2.993327903747558594e+01
3.178637695312500000e+01
5.680518746376037598e-01
1.126031589508056641e+01
3.468949317932128906e+00
3.651181030273437500e+01
3.706386089324951172e+00
7.481362915039062500e+01
2.187988519668579102e+00
5.263823699951171875e+01
1.574333000183105469e+01
3.822456121444702148e+00
3.685491085052490234e-01
1.076700687408447266e+01
3.699501037597656250e+01
7.148085594177246094e+00
3.911764907836914062e+01
2.905810737609863281e+01
2.522944211959838867e+00
2.715456962585449219e+00
1.412768483161926270e+00
9.833587646484375000e+00
1.094431209564208984e+01
4.033683013916015625e+01
1.365634918212890625e+00
7.745529174804687500e+00
4.051081085205078125e+01
2.666685791015625000e+02
2.002138328552246094e+01
2.229661464691162109e+00
1.507002472877502441e+00
3.682597398757934570e+00
1.770153808593750000e+02
1.070384383201599121e+00
2.629356765747070312e+01
7.224582433700561523e-01
3.749593198299407959e-01
2.556473493576049805e+00
1.386360073089599609e+01
5.031139221191406250e+02
1.198115825653076172e+01
9.401288032531738281e-01
4.701628875732421875e+01
1.067674732208251953e+01
7.505048370361328125e+01
4.609186553955078125e+01
1.513045120239257812e+01
1.617205262184143066e+00
9.656101989746093750e+01
2.807527732849121094e+01
4.101036548614501953e+00
2.017001152038574219e+01
5.107847595214843750e+01
7.060030937194824219e+00
6.254659891128540039e-01
1.201594471931457520e+00
1.314998626708984375e+00
2.657207965850830078e+00
1.128499908447265625e+02
2.382868385314941406e+01
1.436040802001953125e+02
1.342660546302795410e+00
5.660683631896972656e+00
1.812209010124206543e+00
3.060645675659179688e+01
5.142006874084472656e+00
2.855885009765625000e+02
3.035680236816406250e+02
1.011998138427734375e+02
4.642452299594879150e-02
3.125588989257812500e+01
1.464528083801269531e+00
1.000279998779296875e+02
2.368811607360839844e+01
6.017003059387207031e+00
1.111187100410461426e+00
1.074188590049743652e+00
1.819813346862792969e+01
1.504359436035156250e+01
1.290476226806640625e+01
2.034675359725952148e+00
4.209640979766845703e+00
4.063082218170166016e+00
3.059300661087036133e+00
2.274892568588256836e+00
5.963139533996582031e-01
1.499045181274414062e+01
1.717630577087402344e+01
7.601782083511352539e-01
3.001150846481323242e+00
4.756576156616210938e+01
2.793217849731445312e+01
6.770948410034179688e+00
1.088371753692626953e+01
2.283846282958984375e+01
3.108173370361328125e+00
4.581747436523437500e+02
2.402555704116821289e+00
1.412786102294921875e+01
7.278248071670532227e-01
1.232951283454895020e+00
2.291941046714782715e-01
6.815474700927734375e+01
1.154690074920654297e+01
1.703329658508300781e+01
2.551089525222778320e+00
1.836975555419921875e+02
1.640333862304687500e+02
1.705088973045349121e+00
3.047480285167694092e-01
1.819331741333007812e+01
8.966528892517089844e+00
9.012080192565917969e+00
1.647934913635253906e+01
8.254126548767089844e+00
6.949240684509277344e+00
3.439316987991333008e+00
4.013504505157470703e+00
8.557114601135253906e+00
1.023982143402099609e+01
1.205042602539062500e+03
4.123494262695312500e+02
2.824522018432617188e+01
2.690614461898803711e+00
5.367082977294921875e+01
9.472641944885253906e+00
2.117774009704589844e+00
1.544641876220703125e+02
2.614591789245605469e+01
7.468062877655029297e+00
1.655917549133300781e+01
1.964963227510452271e-01
1.306820869445800781e+00
8.693493008613586426e-01
1.040729761123657227e+00
3.955998182296752930e+00
6.658860778808593750e+01
2.938488769531250000e+01
4.039219284057617188e+01
9.930032348632812500e+01
6.505101323127746582e-01
1.426395721435546875e+02
4.148195648193359375e+01
4.762050247192382812e+01
9.922196388244628906e+00
1.547230834960937500e+02
2.699052333831787109e+00
1.294850826263427734e+01
1.832398796081542969e+01
2.602113008499145508e+00
1.583098602294921875e+02
7.856832027435302734e+00
1.343835353851318359e+00
4.330400848388671875e+01
5.730323791503906250e+00
1.421287536621093750e+00
1.962990641593933105e+00
7.166317105293273926e-01
1.446127414703369141e+00
8.575416564941406250e+01
5.028507995605468750e+01
3.531651306152343750e+01
4.990933418273925781e+00
1.998894500732421875e+01
2.171457052230834961e+00
1.404867839813232422e+01
2.935898399353027344e+01
3.220300598144531250e+02
4.942668974399566650e-01
1.637977218627929688e+01
6.719261932373046875e+01
2.387160539627075195e+00
4.895246028900146484e+00
1.381632232666015625e+02
1.333261203765869141e+01
3.989423990249633789e+00
1.819163131713867188e+01
4.649724006652832031e+00
4.188177871704101562e+01
1.337324857711791992e+00
4.479935073852539062e+01
4.649570846557617188e+01
1.579398661851882935e-01
2.909199218750000000e+02
1.962211227416992188e+01
1.443349838256835938e+00
2.832096576690673828e+00
8.334649658203125000e+01
1.634804153442382812e+01
1.657596826553344727e+00
6.008078575134277344e+00
1.546058654785156250e+00
1.347673988342285156e+01
1.683052635192871094e+01
3.313159644603729248e-01
3.988628864288330078e+00
1.929632067680358887e+00
1.477235198020935059e+00
3.397653102874755859e+00
1.164093017578125000e+01
2.644650936126708984e+00
8.896116256713867188e+00
5.365407466888427734e+00
3.445965576171875000e+01
3.100453019142150879e-01
6.513726711273193359e+00
7.663977050781250000e+01
7.527073383331298828e+00
1.722580146789550781e+01
8.479012489318847656e+00
6.463167190551757812e+00
7.024851441383361816e-01
1.206411514282226562e+02
4.523592948913574219e+00
1.921765518188476562e+01
2.162306070327758789e+00
4.192631912231445312e+01
7.142305374145507812e-01
6.844423675537109375e+01
4.372540588378906250e+02
5.549480319023132324e-01
6.697156429290771484e-01
2.790939331054687500e+01
1.281260371208190918e+00
3.047881469726562500e+02
4.518312454223632812e+00
7.068562507629394531e+00
1.361544966697692871e+00
4.104393482208251953e+00
4.645996689796447754e-01
1.757437705993652344e+01
9.316390156745910645e-01
5.983480834960937500e+01
1.775851726531982422e+00
2.216556739807128906e+01
5.819824934005737305e-01
8.994863629341125488e-01
3.274637937545776367e+00
1.850770115852355957e+00
3.154904556274414062e+01
4.665885448455810547e+00
2.527269601821899414e+00
3.474549293518066406e+00
1.748353767395019531e+01
2.455881309509277344e+01
4.202284240722656250e+01
4.185475409030914307e-01
6.924895477294921875e+01
3.872027397155761719e+00
3.988843679428100586e+00
8.509404182434082031e+00
1.324280381202697754e+00
7.817095184326171875e+01
1.714451980590820312e+01
6.881441116333007812e+00
1.610576820373535156e+01
3.217067241668701172e+00
4.001738548278808594e+00
5.946277618408203125e+01
3.943757629394531250e+01
1.462924385070800781e+01
1.015396404266357422e+01
2.531887054443359375e+01
1.823601913452148438e+01
2.761251258850097656e+01
4.490075302124023438e+01
1.217352294921875000e+02
2.927723228931427002e-01
1.142597770690917969e+01
2.821532287597656250e+02
3.651751327514648438e+01
8.083139801025390625e+01
5.352217555046081543e-01
5.621043443679809570e-01
1.111017608642578125e+01
5.147790431976318359e+00
1.236082077026367188e+01
9.642742156982421875e+00
3.772403717041015625e+00
1.251207637786865234e+01
6.300097942352294922e+00
5.474106788635253906e+00
2.106351137161254883e+00
6.658251285552978516e-01
2.512014865875244141e+00
1.056881103515625000e+02
3.523559570312500000e+01
5.608489990234375000e+00
8.067004203796386719e+00
9.595549583435058594e+00
4.728272438049316406e+00
4.321199340820312500e+02
3.422449588775634766e+00
1.029748439788818359e+01
3.885730981826782227e+00
1.536139106750488281e+01
2.457628059387207031e+01
3.368947744369506836e+00
1.426968097686767578e+01
3.801066207885742188e+01
3.662918472290039062e+01
6.183031558990478516e+00
8.192311859130859375e+01
7.553493022918701172e+00
5.319286346435546875e+00
6.100988006591796875e+01
4.187400341033935547e+00
1.207679748535156250e+01
1.083537597656250000e+02
7.273265075683593750e+01
1.042900314331054688e+02
3.069900207519531250e+02
1.891223430633544922e+00
2.126037120819091797e+00
7.785105109214782715e-01
1.089425206184387207e+00
7.480388641357421875e+00
1.494667649269104004e+00
7.561174035072326660e-01
2.691966056823730469e+00
6.402366757392883301e-01
3.440624389648437500e+02
1.805685043334960938e+01
1.000047302246093750e+02
2.958169555664062500e+01
2.415491819381713867e+00
2.737633705139160156e+01
8.198746681213378906e+00
7.043463706970214844e+00
9.403989315032958984e-01
2.484979858398437500e+02
5.768116378784179688e+01
6.715610980987548828e+00
1.489628028869628906e+01
6.744782257080078125e+01
2.316822662353515625e+02
7.326517105102539062e+00
1.426339387893676758e+00
2.243798255920410156e+01
8.900035619735717773e-01
7.977477550506591797e+00
1.797896385192871094e+01
3.060164833068847656e+01
1.322988271713256836e+00
3.258334636688232422e+00
1.230523834228515625e+02
6.373592758178710938e+01
3.182273674011230469e+01
1.547138881683349609e+01
1.095004367828369141e+01
2.482137084007263184e-01
1.529163569211959839e-01
1.632358741760253906e+01
9.687123298645019531e+00
1.997776269912719727e+00
1.360881519317626953e+01
1.114243087768554688e+02
1.581190643310546875e+02
1.587520313262939453e+01
3.997927665710449219e+00
2.533429622650146484e+00
5.774913787841796875e+00
7.476672649383544922e+00
4.455467987060546875e+01
2.503766059875488281e+00
2.342068862915039062e+01
9.880857467651367188e-01
4.104363441467285156e+00
1.816741973161697388e-01
4.132041931152343750e+00
5.681962203979492188e+01
5.501834472656250000e+03
5.905988216400146484e+00
1.394718933105468750e+01
2.061944007873535156e+00
2.182459115982055664e+00
4.130364990234375000e+01
6.261652374267578125e+01
7.941169142723083496e-01
1.329394578933715820e+00
5.036953926086425781e+00
5.596422195434570312e+01
3.861140823364257812e+01
2.685757637023925781e+00
7.012430572509765625e+01
3.033483886718750000e+02
1.840114831924438477e+00
3.854788064956665039e+00
2.842954397201538086e+00
1.811601638793945312e+01
4.218764781951904297e+00
6.107116699218750000e+00
5.906086425781250000e+02
5.825390815734863281e+00
2.739715385437011719e+01
7.447123413085937500e+02
7.179080963134765625e+01
2.619218349456787109e+00
5.359000396728515625e+01
