3.112355992197990417e-02
1.351087689399719238e-01
5.988772027194499969e-03
2.481610514223575592e-03
3.839387372136116028e-02
5.529374122619628906e+00
1.982775330543518066e-02
2.865985035896301270e-03
6.233100779354572296e-03
5.714367628097534180e-01
9.322158060967922211e-03
2.670809254050254822e-02
4.276376590132713318e-02
2.325134910643100739e-02
1.565683865919709206e-03
1.627491600811481476e-02
1.963880611583590508e-03
6.675111595541238785e-03
1.855207607150077820e-02
6.452511297538876534e-04
7.598337531089782715e-02
2.869254723191261292e-02
1.895258277654647827e-01
2.290851064026355743e-02
8.374859690666198730e-01
1.346309389919042587e-02
6.447035819292068481e-02
5.308929085731506348e-02
9.656948596239089966e-02
7.831879258155822754e-01
5.771989235654473305e-04
1.298904535360634327e-04
6.607194896787405014e-03
3.043184429407119751e-02
3.535841405391693115e-02
1.196589879691600800e-02
5.422432441264390945e-03
4.588843730743974447e-04
6.174964364618062973e-03
6.738801486790180206e-03
2.332000881433486938e-01
8.966711908578872681e-02
2.722934819757938385e-03
1.018846988677978516e+01
1.597475409507751465e-01
1.431442797183990479e-01
7.826265878975391388e-03
4.581794142723083496e-01
2.365634310990571976e-03
2.229903824627399445e-02
1.795252114534378052e-01
5.377036705613136292e-02
1.683646738529205322e-01
4.226574674248695374e-02
6.676403572782874107e-04
2.701009390875697136e-03
4.485712386667728424e-03
9.838951751589775085e-03
2.471658773720264435e-02
7.309260845184326172e+00
1.533447951078414917e-02
1.147814941406250000e+01
1.329001691192388535e-02
2.950071590021252632e-03
9.608013927936553955e-02
3.134975954890251160e-02
1.750624179840087891e-01
1.435890700668096542e-02
7.433478236198425293e-01
6.992968916893005371e-01
1.281819277210161090e-04
1.135277032852172852e+00
1.285379752516746521e-03
5.767565965652465820e-02
1.177994087338447571e-01
3.566372394561767578e-02
5.721028894186019897e-03
5.999268963932991028e-02
3.366695716977119446e-02
1.218678057193756104e-02
1.273083239793777466e-01
1.727064885199069977e-02
2.092094160616397858e-02
2.516618988011032343e-04
2.274834783747792244e-03
1.998321153223514557e-03
4.188009552308358252e-05
2.991494722664356232e-02
5.561327338218688965e-01
8.565729949623346329e-04
1.275851298123598099e-02
9.315954521298408508e-03
1.954544801265001297e-03
6.847697496414184570e-02
8.743349462747573853e-04
8.205550909042358398e-01
5.209161639213562012e-01
7.827568799257278442e-02
1.158989034593105316e-03
7.790496200323104858e-02
2.557478427886962891e+00
4.712191969156265259e-02
1.474228571169078350e-03
2.072096988558769226e-02
1.476729102432727814e-02
5.668585896492004395e-01
7.700211554765701294e-02
1.497293729335069656e-02
3.689565882086753845e-02
1.655487865209579468e-01
1.161488369107246399e-01
2.660548686981201172e-01
5.074735730886459351e-02
7.279492169618606567e-02
1.860220916569232941e-02
4.518445208668708801e-02
4.397468268871307373e-02
9.314008988440036774e-03
3.399119246751070023e-03
5.461256951093673706e-02
1.081720227375626564e-03
1.499616050720214844e+01
5.348999500274658203e-01
4.522803425788879395e-01
1.466940011596307158e-04
1.934868097305297852e-01
2.319163829088211060e-02
4.761932359542697668e-04
7.340211421251296997e-02
5.723962187767028809e-02
8.132157325744628906e-01
2.619500830769538879e-02
3.639423055574297905e-03
1.354485750198364258e-03
5.272540077567100525e-02
1.833344250917434692e-02
3.614956885576248169e-02
2.574220418930053711e+00
1.657290309667587280e-01
4.250971078872680664e-01
1.618029735982418060e-02
8.276143111288547516e-03
8.280282616615295410e-01
7.722328901290893555e-01
2.555516624450683594e+01
3.389120846986770630e-02
2.266645580530166626e-01
1.469012722373008728e-02
5.591272190213203430e-02
1.144123915582895279e-02
1.757573708891868591e-02
1.103439405560493469e-01
1.537871062755584717e-01
2.849778905510902405e-02
1.388187706470489502e-01
1.295196171849966049e-02
2.398565225303173065e-02
5.183723941445350647e-02
2.013943158090114594e-03
6.333721801638603210e-03
5.045175552368164062e-02
4.254768427927047014e-04
1.454830765724182129e-01
3.608480393886566162e-01
3.097746670246124268e-01
1.354034543037414551e-01
1.528602838516235352e-01
2.005566656589508057e-01
1.323292851448059082e+00
4.376603465061634779e-04
2.139597944915294647e-02
1.385926306247711182e-01
9.827478061197325587e-05
9.702754206955432892e-03
4.723246395587921143e-02
2.259709596633911133e+00
3.027700074017047882e-02
1.412819232791662216e-02
1.416712440550327301e-02
1.071151867508888245e-01
3.724683448672294617e-02
4.174488037824630737e-02
1.377263963222503662e-01
4.955370351672172546e-02
1.654802322387695312e+00
1.362324040383100510e-02
5.437102168798446655e-03
5.271015316247940063e-02
3.411077558994293213e-01
4.141195118427276611e-02
2.202243506908416748e-01
3.687426075339317322e-02
2.177111018681898713e-04
1.464513838291168213e-01
2.997248172760009766e-01
2.113464660942554474e-02
3.777962028980255127e-01
7.376329600811004639e-02
4.645214416086673737e-03
2.330293878912925720e-02
3.134440630674362183e-03
4.212046414613723755e-02
1.448545046150684357e-02
2.513918653130531311e-02
7.257895544171333313e-03
3.404108574613928795e-03
2.149042189121246338e-01
1.848885536193847656e+01
5.089062731713056564e-03
2.816849853843450546e-03
4.348709248006343842e-03
4.167723655700683594e-02
9.747327567311003804e-05
1.267264723777770996e+00
3.120720386505126953e-02
1.807121038436889648e+00
1.524374783039093018e-01
1.936582475900650024e-02
6.167619139887392521e-04
3.590701818466186523e-01
4.381646215915679932e-01
7.984126918017864227e-03
2.111587906256318092e-03
2.797186188399791718e-02
8.692550181876868010e-05
5.356265231966972351e-02
1.289897481910884380e-03
4.252621173858642578e+00
2.980338633060455322e-01
8.307175710797309875e-03
1.650756970047950745e-02
1.036649104207754135e-02
2.395499125123023987e-02
3.409163793548941612e-03
1.763997077941894531e-01
1.955073885619640350e-02
1.012688353657722473e-01
3.700358094647526741e-03
2.382426112890243530e-01
4.626235167961567640e-04
6.009922921657562256e-02
4.584535583853721619e-02
1.706611216068267822e-01
3.978616558015346527e-03
1.413489039987325668e-02
9.528216905891895294e-03
3.406679257750511169e-02
1.132683306932449341e-01
3.634179010987281799e-02
6.960912793874740601e-02
3.307189419865608215e-02
9.738346338272094727e-01
7.088302663760259748e-05
6.250122189521789551e-02
1.266950368881225586e-02
2.294695973396301270e-01
3.984373092651367188e+00
3.096380084753036499e-02
1.140451617538928986e-02
1.444185823202133179e-01
4.714731592684984207e-03
6.575181032530963421e-04
1.232875704765319824e+00
3.785366937518119812e-02
4.439366981387138367e-03
2.766742929816246033e-02
1.356563903391361237e-02
1.881762742996215820e+00
6.643465720117092133e-03
7.625976111739873886e-03
2.228193521499633789e+00
3.160038217902183533e-02
4.610626399517059326e-01
2.480190945789217949e-03
1.580330310389399529e-03
1.258258521556854248e-02
8.288487792015075684e-03
1.210712175816297531e-02
4.285100400447845459e-01
1.364399433135986328e+00
1.588865518569946289e-01
1.452246494591236115e-02
7.154461462050676346e-03
9.665576741099357605e-03
1.676896499702706933e-04
6.115769036114215851e-03
5.541259765625000000e+00
1.455905318260192871e+00
4.514592874329537153e-04
5.685380473732948303e-02
1.315149758011102676e-02
1.848705462180078030e-03
9.823594987392425537e-02
2.881871536374092102e-02
8.429331937804818153e-04
1.753558777272701263e-02
2.812752127647399902e-02
5.126847326755523682e-02
2.346550226211547852e+00
5.077584460377693176e-02
1.009549736976623535e+00
5.580672621726989746e-01
7.172851264476776123e-02
8.194925189018249512e-01
2.395154714584350586e+00
8.306129835546016693e-03
2.104951068758964539e-02
6.769365072250366211e-02
7.732416968792676926e-03
1.200119853019714355e-01
9.228320717811584473e-01
6.055436283349990845e-02
1.327412016689777374e-02
3.152731955051422119e-01
4.772978369146585464e-03
2.914593741297721863e-02
1.013461151160299778e-03
5.888660550117492676e-01
2.794513013213872910e-03
7.055303547531366348e-03
2.459187507629394531e-01
1.089964644052088261e-03
1.009391155093908310e-02
5.093763023614883423e-02
3.891742788255214691e-03
4.154753386974334717e-01
4.406563006341457367e-03
6.493361666798591614e-03
7.123402319848537445e-03
3.153976052999496460e-03
3.571611363440752029e-03
2.456813454627990723e-01
5.735035054385662079e-03
1.414762157946825027e-02
7.435111328959465027e-03
1.064260397106409073e-02
5.676101427525281906e-03
5.509725306183099747e-03
1.799853146076202393e-02
2.373038083314895630e-01
2.137142932042479515e-03
6.562852067872881889e-04
4.206251818686723709e-03
2.348599910736083984e+00
9.710335871204733849e-04
1.327237952500581741e-02
1.650516986846923828e-01
3.536413237452507019e-02
3.773425146937370300e-02
2.953864447772502899e-02
9.644369781017303467e-02
1.684128791093826294e-01
8.456010982627049088e-05
1.656956411898136139e-02
3.617287846282124519e-03
2.262614667415618896e-03
2.303176000714302063e-02
2.430329099297523499e-02
5.050875619053840637e-02
6.762706488370895386e-02
2.364889532327651978e-02
8.667993242852389812e-04
2.092494256794452667e-02
8.893891237676143646e-03
1.927974224090576172e-01
2.015527524054050446e-02
9.822399914264678955e-02
1.363850780762732029e-03
1.169727370142936707e-01
3.145581576973199844e-04
1.205129250884056091e-01
1.222689971327781677e-01
6.699171662330627441e-02
2.460977621376514435e-02
9.879145026206970215e-01
2.401103265583515167e-03
1.073566917330026627e-02
5.761191714555025101e-03
1.673982106149196625e-02
2.490897104144096375e-02
4.781246185302734375e-02
1.439929823391139507e-03
4.445240497589111328e+00
1.027172729372978210e-01
2.259250544011592865e-02
3.783507585525512695e+00
1.051465892791748047e+01
7.193537428975105286e-03
8.008189615793526173e-04
5.213103722780942917e-04
3.148635104298591614e-02
6.553251761943101883e-03
2.707106992602348328e-02
7.842492580413818359e+00
1.696093822829425335e-04
4.996104717254638672e+00
9.056783467531204224e-02
2.362469583749771118e-02
6.389025365933775902e-04
3.295174101367592812e-03
1.286416721343994141e+01
1.369597167968750000e+02
1.467776336669921875e+02
7.903162240982055664e-01
4.660626220703125000e+01
2.317967414855957031e+00
5.445416259765625000e+02
1.043443489074707031e+01
1.015368118286132812e+02
1.133001518249511719e+01
1.942877960205078125e+02
2.250358581542968750e+01
7.984355926513671875e+01
6.752288341522216797e-01
1.369600296020507812e+01
1.393398437500000000e+02
1.067757720947265625e+02
1.937495422363281250e+02
1.324938964843750000e+02
9.176041603088378906e+00
6.693566894531250000e+01
5.250168800354003906e+00
8.879526138305664062e+00
4.190859985351562500e+01
2.453139066696166992e+00
6.431597471237182617e-01
2.658017578125000000e+02
6.630626831054687500e+02
1.325150024414062500e+03
3.681720275878906250e+02
8.639954566955566406e+00
3.695636272430419922e+00
8.692194938659667969e+00
3.680387878417968750e+02
1.010978031158447266e+01
1.220808982849121094e+01
8.385364413261413574e-01
5.394057556986808777e-02
3.463595390319824219e+00
1.560878295898437500e+02
1.213865722656250000e+03
2.479336357116699219e+01
9.670901894569396973e-01
3.938447875976562500e+02
2.489067649841308594e+01
1.855947570800781250e+02
1.086452484130859375e+02
1.820154762268066406e+01
7.519512772560119629e-01
9.233982543945312500e+02
2.499821472167968750e+02
4.099288177490234375e+01
1.886595726013183594e+01
2.553998756408691406e+01
4.122520923614501953e+00
1.161452484130859375e+01
5.891999721527099609e+00
3.382090628147125244e-01
2.089612770080566406e+01
1.402539550781250000e+03
4.272677001953125000e+02
5.593567504882812500e+02
7.021668434143066406e+00
6.187958145141601562e+01
5.401808261871337891e+00
5.490857696533203125e+01
6.121897125244140625e+01
2.220099853515625000e+03
2.913460998535156250e+02
5.605061721801757812e+01
6.337759643793106079e-02
1.694590454101562500e+02
1.327368855476379395e+00
1.911577453613281250e+02
1.280033206939697266e+01
1.173820209503173828e+01
1.210268497467041016e+00
1.060838031768798828e+01
3.140998840332031250e+02
3.755830764770507812e+01
3.861394882202148438e+01
5.604232311248779297e+00
8.749368667602539062e+00
4.354945373535156250e+01
6.532146930694580078e+00
3.385045242309570312e+01
1.158713921904563904e-01
1.314062213897705078e+01
1.624958419799804688e+01
4.001549243927001953e+00
1.694794464111328125e+01
5.315933990478515625e+01
6.392670822143554688e+01
1.728355979919433594e+01
8.763699340820312500e+01
3.104381408691406250e+02
4.097380638122558594e+00
6.282440795898437500e+02
5.425331592559814453e-01
4.341331787109375000e+02
2.329799175262451172e+00
2.671164131164550781e+01
3.786216497421264648e+00
1.344570312500000000e+02
4.839974975585937500e+01
1.196758346557617188e+02
2.630387306213378906e+00
3.988996826171875000e+03
4.096927795410156250e+02
1.222171068191528320e+00
5.470938682556152344e-01
9.293589477539062500e+02
2.233727874755859375e+02
1.301453828811645508e+00
4.276341629028320312e+01
1.067503738403320312e+02
1.122276153564453125e+02
1.813327598571777344e+01
1.003511428833007812e+02
1.386657905578613281e+01
2.317044677734375000e+02
8.798708984375000000e+03
4.490851745605468750e+02
1.507126617431640625e+02
3.852289438247680664e+00
2.574414367675781250e+02
3.769089889526367188e+01
3.045621395111083984e+00
8.630299682617187500e+02
9.731877899169921875e+01
4.027781372070312500e+02
2.813769149780273438e+01
4.653068482875823975e-01
2.464969062805175781e+01
2.577276945114135742e+00
3.362965822219848633e+00
1.134363770484924316e+00
5.472164306640625000e+02
6.893663330078125000e+02
3.570806274414062500e+02
4.268537902832031250e+01
2.385674476623535156e+00
5.599598999023437500e+02
2.541405677795410156e+01
7.295074462890625000e+02
5.056528091430664062e+01
4.539128112792968750e+02
1.792180299758911133e+00
5.079127502441406250e+01
2.197068115234375000e+03
6.383447051048278809e-01
7.945431518554687500e+02
4.042673110961914062e+01
6.289911866188049316e-01
1.698665466308593750e+02
3.801193237304687500e+01
2.446083068847656250e+00
1.115104675292968750e+00
7.860553264617919922e+00
2.846606492996215820e+00
1.202246337890625000e+03
1.627384796142578125e+02
1.995943450927734375e+02
5.603826904296875000e+01
2.171009674072265625e+02
6.934091186523437500e+01
9.297977447509765625e+01
3.635281982421875000e+02
1.465101806640625000e+03
1.219484710693359375e+01
9.401390075683593750e+00
1.695581420898437500e+03
1.907815098762512207e+00
7.017705917358398438e+00
4.714138793945312500e+02
2.671433639526367188e+01
1.010480117797851562e+01
7.948826599121093750e+01
2.720540761947631836e+00
2.072278404235839844e+01
1.257119178771972656e+01
2.840729713439941406e+01
3.447955932617187500e+02
6.939444541931152344e+00
2.253784375000000000e+04
5.107581138610839844e+00
4.809143245220184326e-01
2.112894630432128906e+01
5.600303955078125000e+02
7.056269836425781250e+01
5.444587707519531250e+00
3.616469116210937500e+02
9.569609642028808594e+00
5.512598037719726562e+01
1.537815246582031250e+02
1.726660490036010742e+00
8.198294830322265625e+01
1.455823421478271484e+00
8.206880569458007812e+00
2.652665138244628906e+00
1.827414131164550781e+01
1.171347713470458984e+01
7.428520679473876953e+00
4.361112976074218750e+01
6.475151062011718750e+01
1.048209547996520996e+00
7.460601043701171875e+01
6.756257324218750000e+02
7.399349689483642578e+00
4.585720062255859375e+01
7.850916862487792969e+00
4.318879604339599609e+00
1.085616946220397949e+00
6.089220703125000000e+03
1.953209114074707031e+01
4.072726440429687500e+02
4.778331756591796875e+00
3.135587768554687500e+02
1.604613184928894043e+00
2.112118988037109375e+02
3.845348876953125000e+03
1.552488803863525391e-01
1.905654311180114746e+00
1.120389282226562500e+03
4.122040271759033203e+00
1.260968750000000000e+03
3.479835271835327148e+00
2.476947784423828125e+01
9.343130111694335938e+00
1.835986900329589844e+01
9.055756032466888428e-02
1.040176200866699219e+01
2.596410751342773438e+00
7.102849121093750000e+02
7.205488586425781250e+01
1.928725433349609375e+01
4.757235050201416016e+00
2.149661445617675781e+01
1.982500839233398438e+01
1.929697990417480469e+00
3.689299621582031250e+02
1.336519317626953125e+02
1.548890495300292969e+01
2.154258346557617188e+01
1.960361022949218750e+02
1.131027603149414062e+02
2.118408813476562500e+02
7.263156175613403320e-01
7.902207031250000000e+03
9.451414108276367188e+00
6.893064880371093750e+01
3.379299926757812500e+01
6.801993250846862793e-01
7.339123535156250000e+02
1.091062088012695312e+02
6.671293973922729492e-01
9.321372680664062500e+02
7.762156677246093750e+01
6.060326576232910156e+00
3.027704833984375000e+03
8.603300476074218750e+01
7.555364227294921875e+01
6.169285202026367188e+01
7.979412231445312500e+02
2.267382354736328125e+02
2.110891571044921875e+02
3.515524673461914062e+01
1.625850585937500000e+03
5.048486590385437012e-01
1.721439743041992188e+01
6.925004882812500000e+02
1.371563911437988281e+01
3.647620544433593750e+02
1.110961198806762695e+00
8.558563590049743652e-01
6.130324554443359375e+01
4.859985351562500000e+00
8.988564491271972656e+00
1.159287719726562500e+02
9.409009814262390137e-01
1.710937881469726562e+01
5.348335266113281250e+00
7.293542385101318359e+00
3.365143966674804688e+01
1.378950595855712891e+00
1.608152866363525391e+00
6.446939697265625000e+02
1.488270263671875000e+03
2.857946634292602539e+00
1.932074279785156250e+02
2.304346084594726562e+01
8.341690063476562500e+00
2.707080322265625000e+03
4.466966629028320312e+00
2.084472351074218750e+02
3.306763458251953125e+01
3.472581863403320312e+01
1.166928588867187500e+03
2.774383926391601562e+01
1.766186065673828125e+02
7.758911132812500000e+02
1.638052368164062500e+02
4.194811630249023438e+01
3.410173950195312500e+02
5.347611999511718750e+01
2.759149551391601562e+00
5.105143737792968750e+01
2.512930679321289062e+01
1.412973022460937500e+01
1.304476806640625000e+03
7.084299926757812500e+02
8.906250610351562500e+02
5.219686279296875000e+02
1.074856853485107422e+01
5.126785278320312500e+00
6.763730645179748535e-01
3.446195602416992188e+01
1.604150390625000000e+01
9.950145721435546875e+00
1.760107517242431641e+00
6.803847312927246094e+00
7.186953425407409668e-01
1.570838012695312500e+02
5.221739578247070312e+01
8.004239654541015625e+01
1.433245697021484375e+02
1.747611045837402344e+01
8.275938415527343750e+01
1.747626113891601562e+01
1.016010284423828125e+01
3.259842097759246826e-01
7.439283203125000000e+03
1.850316162109375000e+03
1.265846099853515625e+02
1.567137603759765625e+02
9.783738708496093750e+01
9.131818847656250000e+02
3.759630203247070312e+01
2.054366683959960938e+01
3.057349205017089844e+01
2.955062150955200195e+00
6.212381362915039062e+01
1.237552124023437500e+03
8.209479522705078125e+01
9.298006057739257812e+00
7.548178672790527344e+00
1.454548950195312500e+02
6.021484985351562500e+02
7.846852874755859375e+01
1.528875446319580078e+01
1.557003879547119141e+01
8.929608017206192017e-02
1.503824889659881592e-01
3.499227523803710938e+01
2.506585502624511719e+01
5.300055027008056641e+00
1.449077510833740234e+01
2.198608551025390625e+02
5.081991195678710938e+01
1.532472991943359375e+02
5.983061313629150391e+00
2.182592868804931641e+00
9.073929786682128906e+00
3.447050857543945312e+01
1.612273803710937500e+03
2.100229024887084961e+00
9.109729003906250000e+01
1.196463108062744141e+00
5.128786563873291016e+00
2.569875121116638184e-01
1.647806167602539062e+01
4.290136230468750000e+03
2.654401757812500000e+04
6.493418693542480469e+00
1.545321197509765625e+02
7.497737121582031250e+01
5.102736473083496094e+00
2.050833892822265625e+02
5.836268310546875000e+02
5.865375995635986328e+00
4.930212020874023438e+00
8.123043060302734375e+00
9.074962615966796875e+01
2.753506278991699219e+01
1.498033714294433594e+01
3.264415588378906250e+02
7.096488037109375000e+02
5.922893047332763672e+00
4.815067768096923828e+00
3.625541687011718750e+00
2.486303710937500000e+02
8.516723632812500000e+00
2.126135253906250000e+01
3.873734436035156250e+02
1.828883934020996094e+01
8.342295532226562500e+02
9.081499023437500000e+02
1.742078704833984375e+02
2.289660692214965820e+00
3.269169616699218750e+01
