9.585734456777572632e-02
2.465134114027023315e-01
1.098934095352888107e-02
4.449626430869102478e-03
3.899472951889038086e-02
4.259974479675292969e+00
2.684937603771686554e-02
5.041806027293205261e-03
1.480215974152088165e-02
4.212942421436309814e-01
3.369956091046333313e-02
4.074241966009140015e-02
8.900857716798782349e-02
3.297408670186996460e-02
4.244883544743061066e-03
2.667774260044097900e-02
1.981548033654689789e-03
1.870715990662574768e-02
5.540618672966957092e-02
1.281120348721742630e-03
3.029941581189632416e-02
3.434262797236442566e-02
1.422636657953262329e-01
2.165330760180950165e-02
2.760589838027954102e+00
1.054543722420930862e-02
5.417932942509651184e-02
1.281275600194931030e-01
1.189795956015586853e-01
7.207415103912353516e-01
1.193254254758358002e-03
4.616882652044296265e-04
2.197745628654956818e-02
7.371849566698074341e-02
2.910256758332252502e-02
3.241967037320137024e-02
5.998600739985704422e-03
7.121996022760868073e-04
1.001900993287563324e-02
1.134488638490438461e-02
1.793654710054397583e-01
1.408999264240264893e-01
9.867043234407901764e-03
6.004352569580078125e+00
1.840384453535079956e-01
1.767436116933822632e-01
1.624883897602558136e-02
7.554966211318969727e-01
1.727273222059011459e-03
1.073394492268562317e-01
1.230064406991004944e-01
7.385554164648056030e-02
1.287059336900711060e-01
3.848591446876525879e-02
1.624466269277036190e-03
3.211168572306632996e-03
5.531411152333021164e-03
3.226715698838233948e-02
4.015794023871421814e-02
1.414989662170410156e+01
1.451911404728889465e-02
9.956099510192871094e+00
1.784115284681320190e-02
1.181448623538017273e-02
1.184479445219039917e-01
9.111732989549636841e-02
4.138660728931427002e-01
3.248940408229827881e-02
9.054386615753173828e-01
7.098112106323242188e-01
2.427534054731950164e-04
9.834781289100646973e-01
3.854981157928705215e-03
2.549629807472229004e-01
1.183371245861053467e-01
1.978171616792678833e-02
1.200745161622762680e-02
5.955654010176658630e-02
2.250013314187526703e-02
1.168065238744020462e-02
2.226978838443756104e-01
2.215176075696945190e-02
4.851773008704185486e-02
4.496531328186392784e-04
2.733360277488827705e-03
3.735777223482728004e-03
1.287923951167613268e-04
3.579717129468917847e-02
8.277720212936401367e-01
9.267235873267054558e-04
1.543613057583570480e-02
1.869719848036766052e-02
4.900927655398845673e-03
4.337573796510696411e-02
4.251771140843629837e-03
1.093574523925781250e+00
2.123529165983200073e-01
2.558921873569488525e-01
1.981147332116961479e-03
1.081732958555221558e-01
3.206352710723876953e+00
5.774825438857078552e-02
3.646955592557787895e-03
3.083657659590244293e-02
2.216340415179729462e-02
4.748609066009521484e-01
4.788522422313690186e-02
2.894834987819194794e-02
1.146292686462402344e-01
2.895760238170623779e-01
3.338108211755752563e-02
2.491864711046218872e-01
7.929874211549758911e-02
2.226342856884002686e-01
1.846959628164768219e-02
6.672104448080062866e-02
6.253932416439056396e-02
2.493573352694511414e-02
5.561913829296827316e-03
5.172937363386154175e-02
3.914734348654747009e-03
4.318688201904296875e+01
4.820168018341064453e-01
8.996059894561767578e-01
4.932989832013845444e-04
2.184775471687316895e-01
1.689060218632221222e-02
6.672664312645792961e-04
1.346537023782730103e-01
5.642912164330482483e-02
6.268754601478576660e-01
2.942230738699436188e-02
6.559760775417089462e-03
2.330968389287590981e-03
5.903319269418716431e-02
9.871494956314563751e-03
3.369352594017982483e-02
1.859068751335144043e+00
2.369397729635238647e-01
9.453041553497314453e-01
1.779269427061080933e-02
8.963817730545997620e-03
1.056395530700683594e+00
8.217918872833251953e-01
1.278428077697753906e+01
7.149189710617065430e-02
2.913184762001037598e-01
4.042913764715194702e-02
1.565317213535308838e-01
2.524307928979396820e-02
2.293675579130649567e-02
2.745428681373596191e-01
2.409974336624145508e-01
5.640630796551704407e-02
2.133517861366271973e-01
2.881766296923160553e-02
2.761483937501907349e-02
5.085292086005210876e-02
1.687775948084890842e-03
6.580412853509187698e-03
1.068931594491004944e-01
1.729828305542469025e-03
7.854618132114410400e-02
2.129016816616058350e-01
5.983610153198242188e-01
2.138670980930328369e-01
1.996732503175735474e-01
2.826290428638458252e-01
2.536166906356811523e+00
2.196111250668764114e-03
7.243745774030685425e-02
2.234740555286407471e-01
4.490161372814327478e-04
1.140131894499063492e-02
6.186917424201965332e-02
1.862522363662719727e+00
3.500862047076225281e-02
2.781373448669910431e-02
2.263841219246387482e-02
3.461799323558807373e-01
6.334847211837768555e-02
5.428408831357955933e-02
1.816701292991638184e-01
7.578676193952560425e-02
9.039859175682067871e-01
3.237212449312210083e-02
9.659135714173316956e-03
3.405509889125823975e-02
5.789442062377929688e-01
3.383826464414596558e-02
4.145274460315704346e-01
3.761656954884529114e-02
2.901565167121589184e-04
8.638849854469299316e-02
2.119024097919464111e-01
5.450598150491714478e-02
4.573325514793395996e-01
4.757797345519065857e-02
7.982478477060794830e-03
9.628622233867645264e-02
4.881087690591812134e-03
9.155673533678054810e-02
2.535080350935459137e-02
6.042894721031188965e-02
9.653021581470966339e-03
1.055850926786661148e-02
1.432535350322723389e-01
1.744623565673828125e+01
5.524955224245786667e-03
3.877705428749322891e-03
5.779428407549858093e-03
4.281802102923393250e-02
2.331139548914507031e-04
1.979549646377563477e+00
4.388047754764556885e-02
2.471884012222290039e+00
4.947043359279632568e-01
3.772805258631706238e-02
8.167870109900832176e-04
5.314755439758300781e-01
7.941737174987792969e-01
4.351073876023292542e-03
1.084308139979839325e-02
3.338493406772613525e-02
1.245680032297968864e-04
1.594813466072082520e-01
1.854269183240830898e-03
3.093487262725830078e+00
1.621686071157455444e-01
1.117197237908840179e-02
1.563634350895881653e-02
1.759476214647293091e-02
2.111700363457202911e-02
5.089640617370605469e-03
6.502100825309753418e-02
5.368944630026817322e-02
7.007481157779693604e-02
5.348518956452608109e-03
3.212739527225494385e-01
8.802500669844448566e-04
1.895873844623565674e-01
2.851528860628604889e-02
1.621490716934204102e-01
5.034121219068765640e-03
1.845366135239601135e-02
1.945321820676326752e-02
5.415844544768333435e-02
7.174761593341827393e-02
4.929271340370178223e-02
5.782007426023483276e-02
4.660225659608840942e-02
7.555611133575439453e-01
1.844797370722517371e-04
1.417362242937088013e-01
3.045149147510528564e-02
1.625380814075469971e-01
3.994198322296142578e+00
7.807798683643341064e-02
1.042897161096334457e-02
1.099645495414733887e-01
1.053459569811820984e-02
1.741316867992281914e-03
1.664750933647155762e+00
6.686052680015563965e-02
9.630479849874973297e-03
1.117879897356033325e-01
9.174568578600883484e-03
1.958677291870117188e+00
3.969605546444654465e-03
1.126610953360795975e-02
3.146502494812011719e+00
6.863579899072647095e-02
4.079857766628265381e-01
3.665040712803602219e-03
2.180213108658790588e-03
2.088010497391223907e-02
2.149045094847679138e-02
1.667636446654796600e-02
3.727898299694061279e-01
7.700887918472290039e-01
3.454958796501159668e-01
3.184020146727561951e-02
1.831559464335441589e-02
1.704495027661323547e-02
3.330273029860109091e-04
2.072014473378658295e-02
7.033199787139892578e+00
1.710552811622619629e+00
2.150753047317266464e-03
7.489898055791854858e-02
1.876678876578807831e-02
3.719062777236104012e-03
2.688534259796142578e-01
4.295078665018081665e-02
2.048929454758763313e-03
1.359602995216846466e-02
3.350175172090530396e-02
6.081287935376167297e-02
1.828482270240783691e+00
9.958959370851516724e-02
2.985677480697631836e+00
3.325435519218444824e-01
1.445999741554260254e-01
1.198273062705993652e+00
1.319321155548095703e+00
2.952239476144313812e-02
1.489736977964639664e-02
1.592187285423278809e-01
1.491737272590398788e-02
2.032206207513809204e-01
1.226602673530578613e+00
1.557791084051132202e-01
3.778490796685218811e-02
4.268813729286193848e-01
1.254833117127418518e-02
4.046052694320678711e-02
2.186088589951395988e-03
1.066268563270568848e+00
2.727475250139832497e-03
9.860021062195301056e-03
1.848558187484741211e-01
1.018061535432934761e-03
3.176379576325416565e-02
1.525100618600845337e-01
9.973156265914440155e-03
1.573855876922607422e+00
5.837817210704088211e-03
5.714834202080965042e-03
2.111578918993473053e-02
5.677928682416677475e-03
2.040819963440299034e-03
5.811823010444641113e-01
1.215351093560457230e-02
3.996787965297698975e-02
1.776489615440368652e-02
1.464769802987575531e-02
2.210729941725730896e-02
1.304999180138111115e-02
2.513027563691139221e-02
1.842043697834014893e-01
1.010172720998525620e-02
5.470117903314530849e-04
7.272469811141490936e-03
1.251173615455627441e+00
1.240223296917974949e-03
1.753981970250606537e-02
2.719158530235290527e-01
2.326669394969940186e-01
4.638315737247467041e-02
5.164734646677970886e-02
1.685235053300857544e-01
1.036869138479232788e-01
1.363563351333141327e-04
2.264297939836978912e-02
1.239615492522716522e-02
4.400998353958129883e-03
4.210932925343513489e-02
3.881006687879562378e-02
7.699504494667053223e-02
1.371542066335678101e-01
4.076320305466651917e-02
1.722856773994863033e-03
6.133332848548889160e-02
2.115945704281330109e-02
3.517192006111145020e-01
1.795783638954162598e-02
1.716146022081375122e-01
2.076434437185525894e-03
3.105970919132232666e-01
8.407045970670878887e-04
8.796198666095733643e-02
1.025139912962913513e-01
8.428518772125244141e-01
5.014239251613616943e-02
9.035053253173828125e-01
5.912222433835268021e-03
1.360940467566251755e-02
9.859672747552394867e-03
9.380303323268890381e-03
3.442072868347167969e-02
6.439738720655441284e-02
3.845384810119867325e-03
1.671138048171997070e+00
1.637988537549972534e-01
4.493923857808113098e-02
6.495481491088867188e+00
1.690988731384277344e+01
1.219637878239154816e-02
3.469827119261026382e-03
6.151617853902280331e-04
6.697681546211242676e-02
1.838738657534122467e-02
4.671920090913772583e-02
5.635992527008056641e+00
3.790073387790471315e-04
5.586043357849121094e+00
2.392740249633789062e-01
2.451801113784313202e-02
2.072398783639073372e-03
7.210467942059040070e-03
2.647291946411132812e+01
7.365497589111328125e+01
7.325547027587890625e+01
7.092810273170471191e-01
2.619613456726074219e+01
1.626819968223571777e+00
3.380897216796875000e+02
1.265229892730712891e+01
1.096269226074218750e+02
1.498993301391601562e+01
1.105624694824218750e+02
2.211854743957519531e+01
2.189495086669921875e+01
8.166669011116027832e-01
9.414184570312500000e+00
8.248628234863281250e+01
2.796887779235839844e+01
1.817605438232421875e+02
5.092244720458984375e+01
5.191024780273437500e+00
2.140121078491210938e+01
4.530612945556640625e+00
9.551504135131835938e+00
3.144704055786132812e+01
6.679289340972900391e+00
1.019614577293395996e+00
8.167617797851562500e+01
4.909402465820312500e+02
6.133511962890625000e+02
1.568314971923828125e+02
3.862570047378540039e+00
3.154314517974853516e+00
5.239256858825683594e+00
3.862579040527343750e+02
4.555719852447509766e+00
6.996280670166015625e+00
3.934990167617797852e-01
9.596205502748489380e-02
2.045422077178955078e+00
1.287642364501953125e+02
1.162246704101562500e+03
2.411775016784667969e+01
7.177730798721313477e-01
3.576359863281250000e+02
1.439855194091796875e+01
1.999009552001953125e+02
1.309363708496093750e+02
1.527527713775634766e+01
8.265738487243652344e-01
4.878677673339843750e+02
8.390447235107421875e+01
1.856713104248046875e+01
1.584983062744140625e+01
3.587292098999023438e+01
3.141400337219238281e+00
5.575388431549072266e+00
4.187576293945312500e+00
6.325556039810180664e-01
1.191354084014892578e+01
8.759074707031250000e+02
1.049010467529296875e+02
5.258046875000000000e+02
3.558580160140991211e+00
2.716419982910156250e+01
5.315629005432128906e+00
1.910031127929687500e+01
5.596141815185546875e+01
1.104088012695312500e+03
6.659185180664062500e+02
2.331871414184570312e+01
7.986725866794586182e-02
5.780953216552734375e+01
1.491182208061218262e+00
1.309524841308593750e+02
1.067415142059326172e+01
9.850623130798339844e+00
7.064377665519714355e-01
6.937614440917968750e+00
1.087204437255859375e+02
2.861303138732910156e+01
2.383927154541015625e+01
3.596228361129760742e+00
1.454104709625244141e+01
2.560455894470214844e+01
1.000170040130615234e+01
1.362645149230957031e+01
1.738743335008621216e-01
1.791487884521484375e+01
1.203059768676757812e+01
3.783335685729980469e+00
8.734128952026367188e+00
5.250507736206054688e+01
5.849485015869140625e+01
1.632897377014160156e+01
9.508969116210937500e+01
6.186214447021484375e+01
3.592441558837890625e+00
1.330223022460937500e+03
1.526348233222961426e+00
9.919261169433593750e+01
1.720817446708679199e+00
1.522501373291015625e+01
1.491302490234375000e+00
1.318216857910156250e+02
2.549484443664550781e+01
5.049394989013671875e+01
2.780895233154296875e+00
9.089999389648437500e+02
3.289293823242187500e+02
1.937720656394958496e+00
1.745314151048660278e-01
2.283833312988281250e+02
1.094019088745117188e+02
2.587735414505004883e+00
4.121076202392578125e+01
8.489189147949218750e+01
3.325891876220703125e+01
1.530995845794677734e+01
6.000838470458984375e+01
1.982083511352539062e+01
8.550729370117187500e+01
8.926833007812500000e+03
1.843513793945312500e+02
9.136539459228515625e+01
1.990883469581604004e+00
1.897478485107421875e+02
1.658879089355468750e+01
2.406264066696166992e+00
7.225974731445312500e+02
1.205108108520507812e+02
1.107340469360351562e+02
1.298108482360839844e+01
3.224547505378723145e-01
9.436463356018066406e+00
1.819084644317626953e+00
2.224140167236328125e+00
3.679164171218872070e+00
2.452886505126953125e+02
1.621688079833984375e+02
2.983140563964843750e+02
3.433267593383789062e+01
1.347156167030334473e+00
4.026166687011718750e+02
2.038017463684082031e+01
2.862388305664062500e+02
3.079028892517089844e+01
2.803475952148437500e+02
1.309635043144226074e+00
3.465913391113281250e+01
6.703632202148437500e+02
7.848230004310607910e-01
4.144195251464843750e+02
8.163008117675781250e+01
6.282936930656433105e-01
1.245438003540039062e+02
1.833856773376464844e+01
1.679633975028991699e+00
1.330949306488037109e+00
2.951839923858642578e+00
1.491182923316955566e+00
5.566300659179687500e+02
1.510724945068359375e+02
1.337080841064453125e+02
2.103587532043457031e+01
1.124249877929687500e+02
1.943570899963378906e+01
4.283676528930664062e+01
1.189948730468750000e+02
5.019849853515625000e+02
4.230027198791503906e+00
1.388823413848876953e+01
7.067335205078125000e+02
1.669326663017272949e+00
5.483303546905517578e+00
1.862639465332031250e+02
2.696607971191406250e+01
9.205419540405273438e+00
5.499470901489257812e+01
2.903412818908691406e+00
1.582318878173828125e+01
4.703653812408447266e+00
3.724198913574218750e+01
2.352994232177734375e+02
1.470818519592285156e+00
6.428861816406250000e+03
7.268341541290283203e+00
8.841428160667419434e-01
1.545019721984863281e+01
1.677411041259765625e+02
3.332363128662109375e+01
1.901128530502319336e+00
8.423005676269531250e+01
5.356730461120605469e+00
5.774055099487304688e+01
7.994646453857421875e+01
1.588189840316772461e+00
6.054505538940429688e+01
1.251322984695434570e+00
2.508564710617065430e+00
2.630223035812377930e+00
1.546555137634277344e+01
4.317201137542724609e+00
7.491482734680175781e+00
3.296999359130859375e+01
6.755596923828125000e+01
6.765865683555603027e-01
2.492195892333984375e+01
4.121148986816406250e+02
7.783669948577880859e+00
2.961132431030273438e+01
1.026041984558105469e+01
2.841613292694091797e+00
1.197925925254821777e+00
2.723187255859375000e+03
1.649657440185546875e+01
1.828536071777343750e+02
8.816891670227050781e+00
3.877715148925781250e+02
1.656885147094726562e+00
1.485874938964843750e+02
2.327048583984375000e+03
1.644211411476135254e-01
2.245683670043945312e+00
3.597352600097656250e+02
3.205207109451293945e+00
5.872556152343750000e+02
2.579815864562988281e+00
1.613601875305175781e+01
3.658168554306030273e+00
1.350086975097656250e+01
1.428050547838211060e-01
1.000886344909667969e+01
1.758966684341430664e+00
1.803280181884765625e+02
1.654196739196777344e+01
3.017481613159179688e+01
2.743895292282104492e+00
1.518213939666748047e+01
1.486780261993408203e+01
1.084579348564147949e+00
3.301098937988281250e+02
4.616755676269531250e+01
8.836694717407226562e+00
1.065077877044677734e+01
1.304137725830078125e+02
7.008619689941406250e+01
1.561936950683593750e+02
4.766556024551391602e-01
1.753847656250000000e+03
6.609148979187011719e+00
3.949296951293945312e+01
3.759502792358398438e+01
1.336492657661437988e+00
1.977540435791015625e+02
6.942736816406250000e+01
1.095686912536621094e+00
1.654460144042968750e+02
3.449436569213867188e+01
2.926131486892700195e+00
9.522122802734375000e+02
4.389596557617187500e+01
5.341537475585937500e+01
4.196783065795898438e+01
3.977977905273437500e+02
1.156441574096679688e+02
7.587348175048828125e+01
2.802157974243164062e+01
4.229474182128906250e+02
2.840237617492675781e-01
9.376122474670410156e+00
8.005949707031250000e+02
2.784478187561035156e+01
2.077099304199218750e+02
9.473826289176940918e-01
4.287604689598083496e-01
2.858015632629394531e+01
8.138462066650390625e+00
7.245912551879882812e+00
5.279617691040039062e+01
1.222768783569335938e+00
1.179567718505859375e+01
3.395000696182250977e+00
4.941363334655761719e+00
3.108371734619140625e+01
1.035945892333984375e+00
2.702413082122802734e+00
5.675877685546875000e+02
8.432059326171875000e+02
2.632953405380249023e+00
9.520652008056640625e+01
2.054069900512695312e+01
7.157578468322753906e+00
2.860667724609375000e+03
5.558215141296386719e+00
8.502545928955078125e+01
1.402147006988525391e+01
1.886794471740722656e+01
4.027990722656250000e+02
1.380898475646972656e+01
1.068038330078125000e+02
3.600870666503906250e+02
6.391460800170898438e+01
3.147339820861816406e+01
4.812614440917968750e+02
2.220668411254882812e+01
5.340595722198486328e+00
8.534582519531250000e+01
1.573102378845214844e+01
9.401486396789550781e+00
8.199069213867187500e+02
4.203680114746093750e+02
3.888343200683593750e+02
8.564416503906250000e+02
5.024765491485595703e+00
5.578484535217285156e+00
8.490004539489746094e-01
1.427790641784667969e+01
1.531371402740478516e+01
5.392663478851318359e+00
1.481695532798767090e+00
3.312047719955444336e+00
1.257120132446289062e+00
2.762263488769531250e+02
3.971603775024414062e+01
9.089799499511718750e+01
2.400993652343750000e+02
1.015575313568115234e+01
4.790852355957031250e+01
2.125879287719726562e+01
1.604687118530273438e+01
6.792206764221191406e-01
3.009861328125000000e+03
5.836877441406250000e+02
3.989621353149414062e+01
1.192934799194335938e+02
5.218732833862304688e+01
8.260893554687500000e+02
4.243046569824218750e+01
5.403908252716064453e+00
2.824575996398925781e+01
1.774471879005432129e+00
3.961265563964843750e+01
6.155442504882812500e+02
3.681982421875000000e+01
6.826907157897949219e+00
4.366251945495605469e+00
9.759825897216796875e+01
9.203348388671875000e+02
6.244709777832031250e+01
1.874215316772460938e+01
2.003860855102539062e+01
1.645872890949249268e-01
7.534479349851608276e-02
2.669901084899902344e+01
1.409105205535888672e+01
4.351085186004638672e+00
1.846475028991699219e+01
1.189932250976562500e+02
4.926539993286132812e+01
6.800363159179687500e+01
2.940331459045410156e+00
1.741460919380187988e+00
6.598433971405029297e+00
1.459736061096191406e+01
6.584196166992187500e+02
2.620149850845336914e+00
7.365473175048828125e+01
4.751381874084472656e-01
6.854886054992675781e+00
2.973544597625732422e-01
1.091788005828857422e+01
1.865105834960937500e+03
2.198271093750000000e+04
5.017745018005371094e+00
1.028676147460937500e+02
2.780895042419433594e+01
4.171027660369873047e+00
9.689228057861328125e+01
2.519460144042968750e+02
2.853267431259155273e+00
4.217910766601562500e+00
1.438176059722900391e+01
9.256076812744140625e+01
2.274663734436035156e+01
6.389579772949218750e+00
2.102734222412109375e+02
1.224541748046875000e+03
8.700360298156738281e+00
3.224081516265869141e+00
3.032264471054077148e+00
1.396987609863281250e+02
2.174544572830200195e+00
8.925860404968261719e+00
2.825156555175781250e+02
2.194958496093750000e+01
3.305030212402343750e+02
7.723526611328125000e+02
1.234261322021484375e+02
1.383506894111633301e+00
4.436460113525390625e+01
