1.456683278083801270e-01
7.319959402084350586e-01
4.581312537193298340e-01
3.738394007086753845e-02
9.762020707130432129e-01
2.636415958404541016e+00
2.045515477657318115e-01
6.827541440725326538e-02
1.463646650314331055e+00
1.623828858137130737e-01
6.235665678977966309e-01
4.201494753360748291e-01
8.616892993450164795e-02
8.013064414262771606e-02
1.050077155232429504e-01
3.112708628177642822e-01
3.229286074638366699e-01
1.992723047733306885e-01
4.773571714758872986e-02
1.442859321832656860e-01
5.194103717803955078e-01
1.206828802824020386e-01
1.783429145812988281e+00
8.610048890113830566e-02
9.353654861450195312e+00
2.241898775100708008e-01
2.349453866481781006e-01
4.829922616481781006e-01
2.054446220397949219e+00
1.971204519271850586e+00
6.260542571544647217e-02
3.143057599663734436e-02
4.206571280956268311e-01
1.780336141586303711e+00
3.384380787611007690e-02
3.566063344478607178e-01
4.180467128753662109e-02
7.129754126071929932e-02
1.061104536056518555e-01
3.147129416465759277e-01
4.172926902770996094e+00
2.485544443130493164e+00
2.060019075870513916e-01
1.957902669906616211e+00
4.055827260017395020e-01
1.336440801620483398e+00
3.208769857883453369e-01
2.247637659311294556e-01
3.509345278143882751e-02
1.253293752670288086e+00
7.132472991943359375e-01
1.058938950300216675e-01
1.014756202697753906e+00
4.426581859588623047e-01
2.041032165288925171e-01
3.199886903166770935e-02
2.841521427035331726e-02
4.043180346488952637e-01
1.232399269938468933e-01
1.952825307846069336e+00
1.635461747646331787e-01
1.382057070732116699e+00
1.505477875471115112e-01
1.545987874269485474e-01
5.833760499954223633e-01
1.662794828414916992e+00
3.769369721412658691e-01
3.599905073642730713e-01
1.933153033256530762e+00
2.071842908859252930e+00
4.892437718808650970e-03
5.547668337821960449e-01
1.053596511483192444e-01
2.754699707031250000e+00
1.840995907783508301e+00
5.282548666000366211e-01
8.614146709442138672e-02
1.294218301773071289e-01
2.356632053852081299e-01
1.581366509199142456e-01
3.059724867343902588e-01
5.639412626624107361e-02
2.282636910676956177e-01
1.067067459225654602e-01
1.017888337373733521e-01
1.360334157943725586e-01
1.382850762456655502e-02
3.339605629444122314e-01
3.266756832599639893e-01
1.408364530652761459e-02
1.627319008111953735e-01
3.521344959735870361e-01
1.363474130630493164e-01
2.739346027374267578e-01
2.830682694911956787e-01
9.600926041603088379e-01
7.770623266696929932e-02
1.114752411842346191e+00
8.131045103073120117e-02
2.555075585842132568e-01
7.777267098426818848e-01
1.819845288991928101e-01
3.158253431320190430e-02
4.537710547447204590e-01
1.654474735260009766e-01
3.244369626045227051e-01
1.222869604825973511e-01
5.573378205299377441e-01
2.889572620391845703e+00
5.761809349060058594e-01
4.932404309511184692e-02
7.946817278861999512e-01
1.210284948348999023e+00
4.846439063549041748e-01
4.006095528602600098e-01
1.405369639396667480e-01
3.974552154541015625e-01
5.458787456154823303e-02
2.909389510750770569e-02
2.751613855361938477e-01
4.239573702216148376e-02
6.870076656341552734e+00
1.188763141632080078e+00
1.380504369735717773e+00
3.107708320021629333e-02
3.364687040448188782e-02
4.953329265117645264e-02
1.744948327541351318e-02
5.710391402244567871e-01
2.061544358730316162e-01
3.697614669799804688e-01
4.111645221710205078e-01
1.610047183930873871e-02
1.239318251609802246e-01
1.353240162134170532e-01
5.330613628029823303e-02
4.928837716579437256e-02
6.037477254867553711e-01
1.888709068298339844e-01
1.759676814079284668e+00
6.243277192115783691e-01
5.524355769157409668e-01
2.562843322753906250e+00
7.671478390693664551e-01
4.778581261634826660e-01
2.566002905368804932e-01
2.355879545211791992e-01
5.983587503433227539e-01
9.845159053802490234e-01
1.602560281753540039e-01
4.286713525652885437e-02
1.790789246559143066e+00
3.621700108051300049e-01
1.011415496468544006e-01
2.323278933763504028e-01
1.797191798686981201e-01
8.638741075992584229e-02
5.909864306449890137e-01
1.093410328030586243e-01
2.534724399447441101e-02
3.385259389877319336e+00
7.150275260210037231e-02
3.063817322254180908e-01
2.746753990650177002e-01
4.833723008632659912e-01
3.182621598243713379e-01
3.187265098094940186e-01
4.162044823169708252e-01
4.689572811126708984e+00
3.878569230437278748e-02
3.997229933738708496e-01
5.135758519172668457e-01
6.818153709173202515e-02
6.305674463510513306e-02
3.424298763275146484e-01
1.048348903656005859e+00
2.003509849309921265e-01
2.067742794752120972e-01
1.666572093963623047e-01
2.114564180374145508e+00
1.236225813627243042e-01
2.080629587173461914e+00
6.557103991508483887e-01
7.262884080410003662e-02
7.356356978416442871e-01
5.491942167282104492e-01
1.848763823509216309e-01
2.643200457096099854e-01
6.663286685943603516e-01
2.903486490249633789e-01
6.073684096336364746e-01
3.483987450599670410e-01
8.534630388021469116e-02
1.676440089941024780e-01
3.713530302047729492e-01
1.135154813528060913e-01
9.834992885589599609e-01
3.816892504692077637e-01
4.560758173465728760e-02
4.386026859283447266e-01
1.101602539420127869e-01
1.075019240379333496e-01
7.091482877731323242e-01
1.233007013797760010e-01
9.571596980094909668e-01
2.152143605053424835e-02
5.959879979491233826e-02
1.196326923370361328e+01
6.610943377017974854e-02
6.819816678762435913e-02
1.160029098391532898e-01
2.858809232711791992e-01
3.575034439563751221e-02
3.282694220542907715e-01
1.095111608505249023e+00
6.419031620025634766e-01
8.374084234237670898e-01
1.337540447711944580e-01
1.548502314835786819e-02
7.249930500984191895e-01
2.983776926994323730e-01
1.559097319841384888e-01
7.267885655164718628e-02
2.703987658023834229e-01
3.170562162995338440e-02
5.500319004058837891e-01
8.984812349081039429e-02
2.201136112213134766e+00
2.903406918048858643e-01
5.049359798431396484e-02
6.973247975111007690e-02
3.974132835865020752e-01
1.157469227910041809e-01
5.314345359802246094e-01
4.100984632968902588e-01
5.467472076416015625e-01
1.490251719951629639e-01
3.298767283558845520e-02
1.110026761889457703e-01
3.513108193874359131e-01
8.195125460624694824e-01
4.745556414127349854e-02
5.734828859567642212e-02
1.250453740358352661e-01
2.834440469741821289e-01
1.519480943679809570e-01
3.821028470993041992e-01
7.181794196367263794e-02
2.216778546571731567e-01
2.154005616903305054e-01
1.291876584291458130e-01
7.152174115180969238e-01
1.189087852835655212e-01
7.482520341873168945e-01
1.245686113834381104e-01
1.791851222515106201e-01
1.756083011627197266e+00
5.174786224961280823e-02
1.557741910219192505e-01
3.775436282157897949e-01
1.931200176477432251e-01
1.185862347483634949e-01
5.222257375717163086e-01
2.375023066997528076e-01
4.365081787109375000e-01
5.545797348022460938e-01
4.113544225692749023e-01
1.119456171989440918e+00
3.116395324468612671e-02
9.143278747797012329e-02
1.067046880722045898e+00
1.962839514017105103e-01
1.696971207857131958e-01
4.513493180274963379e-02
2.426151484251022339e-01
8.155444264411926270e-02
6.900244951248168945e-02
2.521743774414062500e-01
1.438949704170227051e-01
2.521995902061462402e-01
4.665921628475189209e-01
3.708474040031433105e-01
1.418372243642807007e-01
3.545848652720451355e-02
2.985871210694313049e-02
3.062406182289123535e-01
1.742637276649475098e+00
9.042865633964538574e-01
8.579350262880325317e-02
1.784245073795318604e-01
4.157495498657226562e-02
4.371602088212966919e-02
5.648111701011657715e-01
3.100914694368839264e-02
8.281491696834564209e-02
6.751336157321929932e-02
1.632008701562881470e-01
4.269943013787269592e-02
1.153135895729064941e-01
2.228428572416305542e-01
1.013552904129028320e+00
8.316601514816284180e-01
2.042616754770278931e-01
1.151646375656127930e+00
5.069503784179687500e-01
2.756889760494232178e-01
1.471203863620758057e-01
5.379622578620910645e-01
3.628800809383392334e-01
1.880613714456558228e-01
2.008611679077148438e+00
1.340688228607177734e+00
8.750929236412048340e-01
2.671370983123779297e+00
5.335910916328430176e-01
1.280126869678497314e-01
3.246028348803520203e-02
8.554135560989379883e-01
4.144269973039627075e-02
1.022974997758865356e-01
1.551429927349090576e-01
1.863912791013717651e-01
2.078803777694702148e+00
6.703441143035888672e+00
2.716954052448272705e-01
6.761379241943359375e-01
1.871898621320724487e-01
3.346449732780456543e-01
2.818730771541595459e-01
1.833862811326980591e-01
2.039113268256187439e-02
2.044085264205932617e+00
2.900707721710205078e-01
2.428710460662841797e-01
7.386635243892669678e-02
1.057089194655418396e-01
7.272819876670837402e-01
1.137496903538703918e-01
1.460481733083724976e-01
1.296291232109069824e+00
1.096433520317077637e+00
3.557511419057846069e-02
8.033777028322219849e-02
2.126611232757568359e+00
1.873203366994857788e-01
8.016102015972137451e-02
1.838591694831848145e+00
1.650871485471725464e-01
4.440794885158538818e-01
2.083714604377746582e-01
5.303182601928710938e-01
4.888923838734626770e-02
7.503122556954622269e-03
1.430848836898803711e-01
3.543134331703186035e-01
7.042301446199417114e-02
1.114281788468360901e-01
9.854469895362854004e-01
7.356043457984924316e-01
5.947896838188171387e-01
4.223257601261138916e-01
9.921362996101379395e-02
2.598277926445007324e-01
1.408337950706481934e-01
6.256536245346069336e-01
1.082740351557731628e-01
3.476543426513671875e-01
7.967978715896606445e-02
3.822027742862701416e-01
2.184114232659339905e-02
4.152855277061462402e-01
1.460688710212707520e-01
8.558652400970458984e-01
4.278170764446258545e-01
4.957681596279144287e-01
7.242751121520996094e-02
6.688678264617919922e-01
1.278478622436523438e+00
2.679456770420074463e-01
1.148352678865194321e-02
2.195979803800582886e-01
2.117995023727416992e-01
9.241800904273986816e-01
8.616927266120910645e-01
2.146114110946655273e-01
1.431845664978027344e+00
1.613981962203979492e+00
1.475291103124618530e-01
2.859536409378051758e-01
1.165191978216171265e-01
3.124911487102508545e-01
7.696151733398437500e-01
8.131159842014312744e-02
3.047889232635498047e+00
3.650508821010589600e-01
6.963712215423583984e+00
1.239026546478271484e+00
6.224852800369262695e-01
4.408423230051994324e-02
2.101116627454757690e-01
1.372636079788208008e+00
1.829342269897460938e+01
8.815514564514160156e+00
5.026608109474182129e-01
8.416998863220214844e+00
1.360510063171386719e+01
5.554467678070068359e+00
8.566782474517822266e-01
1.727200126647949219e+01
9.469659924507141113e-01
1.592908573150634766e+01
3.590903997421264648e+00
1.003583669662475586e+00
7.057068347930908203e-01
8.510446548461914062e-01
6.863074779510498047e+00
2.637852907180786133e+00
1.641155719757080078e+00
1.362490653991699219e+00
1.343303680419921875e+00
2.258404016494750977e+00
1.015766978263854980e+00
1.324002075195312500e+01
1.732650041580200195e+00
3.617955780029296875e+01
3.499619007110595703e+00
3.221720933914184570e+00
3.386392354965209961e+00
1.894443511962890625e+01
2.162007331848144531e+01
1.224089145660400391e+00
6.680637001991271973e-01
3.708920478820800781e+00
2.734790039062500000e+01
4.114634990692138672e-01
3.119554758071899414e+00
3.486465513706207275e-01
2.827802002429962158e-01
8.283517956733703613e-01
2.801149129867553711e+00
2.524928665161132812e+01
1.018199825286865234e+01
7.742506265640258789e-01
1.054571437835693359e+01
2.667793989181518555e+00
6.862079143524169922e+00
7.496609210968017578e+00
1.960879445075988770e+00
8.460560441017150879e-01
1.465583801269531250e+01
8.720735549926757812e+00
1.942856431007385254e+00
1.057985305786132812e+01
9.520256042480468750e+00
2.210500001907348633e+00
1.191629320383071899e-01
2.234300523996353149e-01
9.588932394981384277e-01
4.866750538349151611e-01
1.098621940612792969e+01
2.453865289688110352e+00
1.872676467895507812e+01
1.021378159523010254e+00
1.611699461936950684e+00
1.462662816047668457e+00
1.318663215637207031e+01
2.191718339920043945e+00
5.247240066528320312e+00
6.773069381713867188e+00
4.625122070312500000e+01
1.972274109721183777e-02
3.514908313751220703e+00
7.656552791595458984e-01
1.468763828277587891e+01
1.883722877502441406e+01
2.610334873199462891e+00
1.497545361518859863e+00
1.080290555953979492e+00
2.286030292510986328e+00
2.085943937301635742e+00
2.018325567245483398e+00
3.808056712150573730e-01
3.611171007156372070e+00
2.194621324539184570e+00
1.717715382575988770e+00
9.874954819679260254e-01
4.533081650733947754e-01
4.351967811584472656e+00
1.891617417335510254e+00
1.374672055244445801e-01
2.514864444732666016e+00
3.563826322555541992e+00
2.289744615554809570e+00
2.316497564315795898e+00
4.023547172546386719e+00
1.782556724548339844e+01
3.362028300762176514e-01
1.349432086944580078e+01
8.970949649810791016e-01
1.767517566680908203e+00
1.599057435989379883e+00
2.505204916000366211e+00
3.140032887458801270e-01
1.527187538146972656e+01
2.270242452621459961e+00
2.257793426513671875e+00
6.564448475837707520e-01
8.693996429443359375e+00
3.606317520141601562e+01
2.008031845092773438e+00
4.099239408969879150e-01
5.518981456756591797e+00
5.853681564331054688e+00
2.673121690750122070e+00
3.587651252746582031e+00
9.743548035621643066e-01
2.245166778564453125e+00
6.887562870979309082e-01
5.448793172836303711e-01
4.510318279266357422e+00
5.417161583900451660e-01
1.153615036010742188e+02
4.310602569580078125e+01
1.640106964111328125e+01
4.858415126800537109e-01
1.095883369445800781e+00
1.138401508331298828e+00
6.247261166572570801e-01
1.420254135131835938e+01
3.176083564758300781e+00
8.103290200233459473e-01
3.649278402328491211e+00
1.516783833503723145e-01
5.899866223335266113e-01
1.670906424522399902e+00
5.886428952217102051e-01
2.632732987403869629e-01
3.258603572845458984e+00
1.539455294609069824e+00
1.236634731292724609e+01
1.251713657379150391e+01
2.729569196701049805e+00
1.630722999572753906e+01
5.386846542358398438e+00
4.652257919311523438e+00
4.753732681274414062e+00
3.168753147125244141e+00
4.659105777740478516e+00
9.147335052490234375e+00
2.041851758956909180e+00
5.543265342712402344e-01
1.404818534851074219e+01
1.415861368179321289e+00
9.094161391258239746e-01
3.479099512100219727e+00
1.423543691635131836e+00
7.254398465156555176e-01
6.098794937133789062e+00
1.850236773490905762e+00
2.502947449684143066e-01
9.873414039611816406e+00
1.541049242019653320e+00
6.145028591156005859e+00
1.286794185638427734e+00
1.829498887062072754e+00
1.581887006759643555e+00
3.493621587753295898e+00
4.127487182617187500e+00
4.831411361694335938e+01
4.722875356674194336e-01
4.557365894317626953e+00
6.974133014678955078e+00
1.016296267509460449e+00
2.801846563816070557e-01
8.808957099914550781e+00
8.091262817382812500e+00
1.711445927619934082e+00
4.566768169403076172e+00
2.701309919357299805e+00
1.397105789184570312e+01
5.559090971946716309e-01
1.961578941345214844e+01
6.270740509033203125e+00
1.045773029327392578e-01
1.024877262115478516e+01
1.241383075714111328e+01
3.964317440986633301e-01
2.707138538360595703e+00
1.240562629699707031e+01
2.964913368225097656e+00
2.259500503540039062e+00
2.129454135894775391e+00
7.240892052650451660e-01
1.576773643493652344e+00
6.646367073059082031e+00
9.307332634925842285e-01
6.566078186035156250e+00
2.158255100250244141e+00
5.717177987098693848e-01
3.063704729080200195e+00
2.338849067687988281e+00
9.563104510307312012e-01
7.242458343505859375e+00
1.334390163421630859e+00
4.459365844726562500e+00
1.157274395227432251e-01
5.721015930175781250e-01
5.270826339721679688e+01
1.889003038406372070e+00
1.558328986167907715e+00
1.793353199958801270e+00
2.931948184967041016e+00
3.855047821998596191e-01
3.057534217834472656e+00
7.064779758453369141e+00
9.686737060546875000e+00
1.815526366233825684e+00
2.224545240402221680e+00
2.481721490621566772e-01
3.440701723098754883e+00
4.200923442840576172e+00
1.318969726562500000e+00
5.103781223297119141e-01
4.197216510772705078e+00
5.747195482254028320e-01
1.890042114257812500e+01
6.062117218971252441e-01
1.986919021606445312e+01
1.421101093292236328e+00
7.467767596244812012e-01
4.082657992839813232e-01
3.971625328063964844e+00
1.297778844833374023e+00
1.517102050781250000e+01
3.732527017593383789e+00
1.757276177406311035e+00
4.674111902713775635e-01
3.566270470619201660e-01
3.294497132301330566e-01
5.193474769592285156e+00
5.035682678222656250e+00
1.515305995941162109e+00
7.215278744697570801e-01
8.772501945495605469e-01
4.501404285430908203e+00
1.713602900505065918e+00
1.844296216964721680e+00
1.101079940795898438e+00
4.990485191345214844e+00
5.993878841400146484e-01
9.572173953056335449e-01
4.635117053985595703e+00
1.456627130508422852e+00
7.804067611694335938e+00
2.052536725997924805e+00
1.068623065948486328e+00
1.252442359924316406e+01
6.187950372695922852e-01
3.196324706077575684e-01
9.183458328247070312e+00
4.103085994720458984e+00
2.907099485397338867e+00
2.669044971466064453e+00
2.384966135025024414e+00
6.707462310791015625e+00
4.281458854675292969e+00
1.262722587585449219e+01
6.820271015167236328e+00
7.478256225585937500e-01
1.427805304527282715e+00
5.897952079772949219e+00
3.165987730026245117e+00
4.300402164459228516e+00
4.820365607738494873e-01
2.157276630401611328e+00
8.585872650146484375e-01
5.560918450355529785e-01
3.283416032791137695e+00
3.283724069595336914e+00
1.156521439552307129e+00
3.948166608810424805e+00
1.816820979118347168e+00
1.380454659461975098e+00
1.069047451019287109e+00
9.016477316617965698e-02
5.054104804992675781e+00
1.452677440643310547e+01
4.507411479949951172e+00
1.240987777709960938e+00
6.570466160774230957e-01
7.808960080146789551e-01
6.539350152015686035e-01
1.010917758941650391e+01
5.637226104736328125e-01
7.002038359642028809e-01
1.159584164619445801e+00
2.835918664932250977e+00
1.594269394874572754e+00
4.104039072990417480e-01
2.856615543365478516e+00
1.166282939910888672e+01
5.955596446990966797e+00
1.232434630393981934e+00
5.793260574340820312e+00
2.992571592330932617e+00
4.002252578735351562e+00
4.246037006378173828e+00
2.214959859848022461e+00
3.316804885864257812e+00
2.955728769302368164e+00
1.685427856445312500e+01
1.620542907714843750e+01
7.373873710632324219e+00
1.909896850585937500e+01
2.109403848648071289e+00
3.342173099517822266e-01
3.774828314781188965e-01
4.230347633361816406e+00
4.137083888053894043e-01
4.040895700454711914e-01
6.094457507133483887e-01
7.736847400665283203e-01
2.644919967651367188e+01
1.826028442382812500e+01
4.703354835510253906e+00
5.346840381622314453e+00
1.419242858886718750e+00
4.105719089508056641e+00
2.364723443984985352e+00
3.024326324462890625e+00
5.246158242225646973e-01
1.429125022888183594e+01
8.897898674011230469e+00
1.543059706687927246e+00
9.900479316711425781e-01
2.506531953811645508e+00
2.420045280456542969e+01
1.105115175247192383e+00
3.364567756652832031e-01
7.268482685089111328e+00
4.072198390960693359e+00
5.854788422584533691e-01
1.117385506629943848e+00
1.321047878265380859e+01
1.253032207489013672e+00
1.466089129447937012e+00
1.853876495361328125e+01
3.823651313781738281e+00
2.288876056671142578e+00
2.429234266281127930e+00
4.413743019104003906e+00
3.229739069938659668e-01
8.858505636453628540e-02
3.395546436309814453e+00
1.660591006278991699e+00
9.383926987648010254e-01
3.964659929275512695e+00
1.674124908447265625e+01
1.654883766174316406e+01
5.484199523925781250e+00
1.992169141769409180e+00
9.549871087074279785e-01
2.519849061965942383e+00
1.680592060089111328e+00
3.756793260574340820e+00
6.811320781707763672e-01
4.871310710906982422e+00
4.982843399047851562e-01
4.105769157409667969e+00
3.564333915710449219e-01
2.036048412322998047e+00
4.005943775177001953e+00
2.651323890686035156e+01
4.098338127136230469e+00
5.296398639678955078e+00
8.256392478942871094e-01
5.751707553863525391e+00
7.719706058502197266e+00
5.396646022796630859e+00
8.703722804784774780e-02
2.071137428283691406e+00
2.884874343872070312e+00
6.707280635833740234e+00
1.769209861755371094e+01
1.367368698120117188e+00
4.176806926727294922e+00
9.313668251037597656e+00
2.473689794540405273e+00
4.124003410339355469e+00
1.436688542366027832e+00
2.705995082855224609e+00
6.179090976715087891e+00
1.106342554092407227e+00
4.850774002075195312e+01
4.679713726043701172e+00
1.984169197082519531e+01
2.199965095520019531e+01
6.551681518554687500e+00
7.705236673355102539e-01
4.708905696868896484e+00
