3.520878776907920837e-02
1.001332625746726990e-01
9.235085919499397278e-03
1.839650562033057213e-03
5.044788122177124023e-02
4.975182533264160156e+00
2.168942429125308990e-02
4.067700821906328201e-03
6.462876219302415848e-03
7.295570373535156250e-01
5.943022668361663818e-03
1.888112351298332214e-02
6.653655320405960083e-02
1.409605424851179123e-02
1.824993989430367947e-03
1.346430648118257523e-02
3.915748093277215958e-03
3.693382721394300461e-03
2.597428858280181885e-02
6.504241609945893288e-04
1.662679016590118408e-01
2.366419695317745209e-02
2.876421511173248291e-01
6.053281202912330627e-02
8.368443250656127930e-01
1.759858988225460052e-02
5.750908702611923218e-02
2.091417461633682251e-02
9.650092571973800659e-02
1.021018624305725098e+00
5.446155555546283722e-04
1.583724952070042491e-04
6.658453494310379028e-03
2.241808362305164337e-02
7.749119400978088379e-02
6.639814004302024841e-03
7.550552021712064743e-03
7.150457240641117096e-04
9.581500664353370667e-03
5.891222972422838211e-03
1.959285736083984375e-01
8.521194756031036377e-02
2.035167068243026733e-03
1.474333190917968750e+01
1.982247233390808105e-01
8.915841579437255859e-02
5.301814991980791092e-03
2.685977518558502197e-01
4.781986121088266373e-03
1.035484205931425095e-02
2.423228323459625244e-01
3.202142193913459778e-02
1.212663352489471436e-01
3.918176144361495972e-02
5.264508072286844254e-04
2.461642259731888771e-03
6.242267787456512451e-03
1.654526963829994202e-02
3.149972856044769287e-02
7.402254104614257812e+00
1.360617950558662415e-02
1.566564083099365234e+01
1.693029887974262238e-02
4.031768068671226501e-03
1.170583292841911316e-01
1.693594269454479218e-02
1.867524683475494385e-01
9.040154516696929932e-03
6.325730681419372559e-01
5.574550628662109375e-01
2.126572944689542055e-04
1.420919775962829590e+00
1.146011985838413239e-03
2.555288560688495636e-02
8.524076640605926514e-02
6.803057342767715454e-02
8.131546899676322937e-03
4.861083254218101501e-02
4.799997434020042419e-02
1.216086745262145996e-02
5.143480747938156128e-02
1.842313632369041443e-02
1.692421175539493561e-02
3.962532791774719954e-04
4.053983837366104126e-03
1.698154956102371216e-03
3.071980245294980705e-05
5.347372964024543762e-02
6.139379739761352539e-01
1.560992677696049213e-03
7.366778794676065445e-03
8.059638552367687225e-03
1.517583732493221760e-03
1.146666631102561951e-01
3.986613301094621420e-04
5.849202871322631836e-01
7.013843059539794922e-01
7.041268795728683472e-02
1.589265535585582256e-03
5.209865793585777283e-02
2.202006340026855469e+00
5.221633613109588623e-02
1.126455725170671940e-03
1.697092130780220032e-02
9.728442877531051636e-03
5.107793211936950684e-01
1.110416948795318604e-01
1.401420310139656067e-02
4.018779471516609192e-02
1.135582476854324341e-01
1.705791950225830078e-01
4.001883268356323242e-01
4.148638620972633362e-02
4.765398055315017700e-02
1.843480952084064484e-02
3.126462921500205994e-02
7.063294947147369385e-02
7.766368333250284195e-03
4.056219011545181274e-03
7.156424969434738159e-02
8.992526563815772533e-04
6.607095241546630859e+00
6.897778511047363281e-01
4.120358824729919434e-01
1.888343686005100608e-04
2.135297656059265137e-01
1.496844645589590073e-02
1.051618135534226894e-03
7.650913298130035400e-02
6.053286790847778320e-02
1.414321184158325195e+00
6.394522637128829956e-02
4.734504967927932739e-03
1.847221516072750092e-03
3.790227323770523071e-02
2.878408506512641907e-02
5.245109647512435913e-02
3.312641859054565430e+00
1.994959861040115356e-01
4.356372058391571045e-01
2.730406448245048523e-02
1.143658626824617386e-02
6.287932991981506348e-01
6.605721116065979004e-01
2.207451057434082031e+01
2.287290059030056000e-02
3.751996457576751709e-01
8.162181824445724487e-03
5.888035893440246582e-02
1.279240194708108902e-02
2.678593061864376068e-02
9.194386005401611328e-02
9.295330196619033813e-02
1.856426708400249481e-02
8.277348428964614868e-02
1.381277758628129959e-02
1.407204475253820419e-02
4.603262618184089661e-02
2.702377503737807274e-03
6.850662641227245331e-03
5.377359688282012939e-02
4.213233478367328644e-04
2.280839532613754272e-01
4.421324431896209717e-01
3.241278529167175293e-01
1.265408396720886230e-01
1.657383590936660767e-01
1.791875809431076050e-01
1.134165763854980469e+00
3.060016897507011890e-04
2.154299244284629822e-02
9.147013723850250244e-02
1.116453204303979874e-04
2.063067071139812469e-02
5.230910331010818481e-02
1.761855244636535645e+00
1.862281374633312225e-02
1.326943747699260712e-02
1.314505189657211304e-02
1.063766032457351685e-01
6.158660724759101868e-02
3.698059916496276855e-02
1.785211861133575439e-01
3.799166157841682434e-02
2.007311820983886719e+00
1.018705032765865326e-02
6.545197684317827225e-03
6.642103940248489380e-02
2.548380494117736816e-01
2.827255800366401672e-02
1.607073247432708740e-01
3.110295906662940979e-02
4.237109678797423840e-04
8.735032379627227783e-02
4.599152207374572754e-01
1.451675966382026672e-02
2.577984631061553955e-01
7.451924681663513184e-02
4.247240256518125534e-03
2.811645157635211945e-02
3.300350857898592949e-03
3.954251483082771301e-02
1.392042823135852814e-02
2.586992830038070679e-02
1.148398127406835556e-02
2.005339832976460457e-03
2.151138335466384888e-01
1.318213367462158203e+01
9.152030572295188904e-03
4.599264822900295258e-03
7.848344743251800537e-03
4.976942017674446106e-02
1.792064285837113857e-04
7.280426025390625000e-01
2.352603524923324585e-02
2.278453350067138672e+00
5.589627474546432495e-02
1.718850061297416687e-02
8.081816486082971096e-04
6.273899078369140625e-01
2.522948384284973145e-01
1.700564101338386536e-02
1.401120913214981556e-03
2.767272666096687317e-02
1.705343602225184441e-04
3.087235055863857269e-02
1.016661059111356735e-03
4.500314712524414062e+00
4.032047688961029053e-01
7.307063322514295578e-03
1.797268353402614594e-02
8.784583769738674164e-03
3.845192492008209229e-02
2.694141818210482597e-03
2.849270999431610107e-01
1.944524608552455902e-02
2.155821472406387329e-01
4.916872829198837280e-03
1.247928664088249207e-01
5.042068078182637691e-04
2.429631538689136505e-02
7.538338750600814819e-02
1.785524487495422363e-01
3.681972390040755272e-03
9.916663169860839844e-03
8.730967529118061066e-03
4.389850422739982605e-02
8.574815094470977783e-02
2.844547852873802185e-02
1.362974196672439575e-01
3.045308962464332581e-02
1.838369607925415039e+00
5.726721792598254979e-05
5.938304960727691650e-02
1.638345047831535339e-02
2.926497459411621094e-01
5.249955177307128906e+00
2.140296809375286102e-02
2.421858534216880798e-02
2.190985679626464844e-01
3.626851132139563560e-03
7.512469310313463211e-04
8.179216384887695312e-01
2.909419313073158264e-02
4.620761144906282425e-03
2.106543071568012238e-02
1.249374262988567352e-02
1.795250773429870605e+00
1.328784972429275513e-02
1.025211997330188751e-02
1.564258098602294922e+00
4.024485498666763306e-02
6.716847419738769531e-01
3.651436418294906616e-03
1.602248288691043854e-03
1.981391571462154388e-02
6.224998272955417633e-03
1.147156301885843277e-02
3.082196116447448730e-01
2.037652254104614258e+00
1.525231152772903442e-01
1.073947828263044357e-02
5.246895365417003632e-03
1.578878983855247498e-02
2.703032223507761955e-04
4.371007904410362244e-03
4.963419437408447266e+00
1.201486825942993164e+00
4.092894960194826126e-04
5.856699123978614807e-02
1.647912338376045227e-02
1.336490386165678501e-03
6.156542152166366577e-02
2.024659700691699982e-02
1.205222797580063343e-03
2.116057276725769043e-02
2.337987534701824188e-02
6.030992791056632996e-02
2.150149822235107422e+00
4.865711182355880737e-02
5.425086021423339844e-01
1.004493117332458496e+00
7.482994347810745239e-02
9.216717481613159180e-01
2.028115272521972656e+00
6.401537451893091202e-03
4.338433220982551575e-02
3.587481006979942322e-02
5.326948128640651703e-03
1.253681778907775879e-01
6.099947690963745117e-01
3.513908013701438904e-02
7.926588878035545349e-03
1.751693636178970337e-01
3.299642587080597878e-03
2.935256436467170715e-02
9.054390829987823963e-04
5.464501380920410156e-01
2.826673444360494614e-03
4.580916836857795715e-03
3.495901823043823242e-01
1.685731345787644386e-03
8.356794714927673340e-03
3.442452102899551392e-02
5.783389788120985031e-03
2.520752549171447754e-01
9.710840880870819092e-03
4.741354845464229584e-03
6.112562026828527451e-03
2.486548852175474167e-03
7.238585501909255981e-03
2.792642712593078613e-01
4.929232411086559296e-03
1.052866503596305847e-02
4.513667430728673935e-03
2.156158909201622009e-02
3.507162677124142647e-03
5.997485015541315079e-03
3.395307809114456177e-02
2.424332648515701294e-01
1.243727398104965687e-03
7.629722240380942822e-04
3.658719826489686966e-03
1.424551844596862793e+00
1.541307196021080017e-03
1.509268861263990402e-02
1.598421335220336914e-01
1.768300123512744904e-02
5.374725908041000366e-02
3.029018454253673553e-02
1.074535697698593140e-01
2.365990132093429565e-01
7.967996498337015510e-05
1.830472424626350403e-02
4.575810395181179047e-03
1.347989076748490334e-03
2.357387728989124298e-02
2.717973850667476654e-02
5.256208404898643494e-02
5.431465432047843933e-02
1.845102198421955109e-02
1.292716944590210915e-03
1.821690239012241364e-02
6.719626486301422119e-03
7.961480319499969482e-02
3.419012948870658875e-02
8.046108484268188477e-02
1.856302144005894661e-03
6.578726321458816528e-02
4.152116307523101568e-04
1.915651857852935791e-01
1.748882830142974854e-01
3.364026173949241638e-02
1.962521299719810486e-02
5.611217021942138672e-01
1.444499590434134007e-03
1.285228971391916275e-02
6.676308345049619675e-03
2.060190588235855103e-02
2.429036609828472137e-02
6.039655208587646484e-02
1.236048061400651932e-03
3.608716011047363281e+00
1.195732057094573975e-01
2.629531361162662506e-02
4.031008720397949219e+00
1.036588382720947266e+01
1.174963638186454773e-02
7.306411280296742916e-04
5.190244410187005997e-04
3.463942930102348328e-02
4.163244739174842834e-03
2.225637249648571014e-02
6.964940071105957031e+00
3.574175352696329355e-04
4.908217906951904297e+00
8.342640846967697144e-02
3.620349988341331482e-02
4.679341800510883331e-04
2.605320420116186142e-03
7.747642040252685547e+00
1.248955688476562500e+02
1.671571044921875000e+02
7.328227758407592773e-01
4.748961639404296875e+01
3.678335428237915039e+00
6.989729614257812500e+02
1.183713912963867188e+01
1.076629104614257812e+02
8.072537422180175781e+00
2.184729003906250000e+02
2.402141571044921875e+01
1.069423980712890625e+02
8.567354083061218262e-01
2.672143936157226562e+01
1.016847381591796875e+02
1.766063079833984375e+02
1.841818847656250000e+02
1.468675994873046875e+02
9.805095672607421875e+00
9.915756988525390625e+01
4.845692157745361328e+00
9.335138320922851562e+00
7.136404418945312500e+01
2.864017724990844727e+00
6.347078084945678711e-01
4.230196228027343750e+02
3.126225585937500000e+02
1.963092529296875000e+03
4.477304077148437500e+02
1.275835037231445312e+01
5.404889106750488281e+00
1.624709701538085938e+01
2.505046691894531250e+02
2.173284149169921875e+01
1.643572044372558594e+01
1.150290250778198242e+00
9.371659159660339355e-02
6.198368549346923828e+00
9.199083709716796875e+01
8.530766601562500000e+02
1.834597969055175781e+01
1.176104307174682617e+00
3.916904602050781250e+02
3.491136169433593750e+01
9.008647918701171875e+01
1.034535751342773438e+02
2.125194549560546875e+01
9.029763340950012207e-01
1.129044677734375000e+03
5.374991455078125000e+02
5.106688308715820312e+01
1.667876434326171875e+01
1.786118316650390625e+01
6.664478302001953125e+00
1.665020942687988281e+01
6.550030708312988281e+00
5.511876940727233887e-01
1.736944198608398438e+01
2.384087646484375000e+03
7.577578735351562500e+02
6.968866577148437500e+02
1.698980903625488281e+01
8.479689788818359375e+01
2.791294813156127930e+00
1.122233352661132812e+02
5.547333908081054688e+01
5.152598632812500000e+03
1.669838409423828125e+02
7.257353210449218750e+01
1.155140250921249390e-01
4.465164184570312500e+02
2.898213148117065430e+00
2.387852172851562500e+02
7.920281887054443359e+00
1.565309619903564453e+01
1.949002623558044434e+00
1.129051876068115234e+01
3.424789733886718750e+02
2.607439231872558594e+01
3.745982742309570312e+01
7.511824131011962891e+00
1.407498264312744141e+01
4.487349700927734375e+01
8.300706863403320312e+00
2.898249626159667969e+01
1.407171338796615601e-01
1.920799446105957031e+01
1.923993492126464844e+01
3.369995355606079102e+00
3.203805541992187500e+01
4.534634780883789062e+01
3.814755249023437500e+01
2.160011482238769531e+01
6.889286041259765625e+01
7.678942260742187500e+02
3.547331571578979492e+00
4.038399047851562500e+02
3.906045556068420410e-01
9.204265747070312500e+02
3.534076452255249023e+00
1.842120933532714844e+01
4.538879394531250000e+00
1.037486953735351562e+02
4.693753051757812500e+01
1.904498138427734375e+02
3.005555152893066406e+00
4.229189941406250000e+03
5.619110717773437500e+02
1.414616465568542480e+00
1.089784860610961914e+00
1.633296264648437500e+03
1.772713165283203125e+02
1.886103510856628418e+00
4.117163848876953125e+01
1.063086395263671875e+02
1.529873046875000000e+02
2.555089569091796875e+01
1.331063690185546875e+02
9.447687149047851562e+00
3.655977172851562500e+02
4.312627929687500000e+03
8.877567138671875000e+02
2.244598388671875000e+02
7.045381546020507812e+00
6.798129272460937500e+02
5.112584686279296875e+01
3.301616191864013672e+00
6.899194335937500000e+02
1.155073699951171875e+02
7.390085449218750000e+02
6.450894165039062500e+01
6.434585452079772949e-01
7.744351196289062500e+01
2.567660808563232422e+00
2.691610813140869141e+00
7.301975488662719727e-01
9.948250732421875000e+02
8.859108276367187500e+02
3.378626403808593750e+02
6.019670486450195312e+01
3.556833505630493164e+00
6.387704467773437500e+02
2.740665245056152344e+01
8.842324218750000000e+02
5.185007476806640625e+01
8.668230590820312500e+02
1.441226482391357422e+00
1.612224578857421875e+02
2.848648193359375000e+03
9.382784366607666016e-01
8.278014526367187500e+02
3.491278457641601562e+01
5.778053998947143555e-01
1.487796325683593750e+02
6.938450622558593750e+01
2.091926813125610352e+00
1.000180125236511230e+00
7.756872653961181641e+00
4.894945144653320312e+00
1.323591552734375000e+03
1.769602661132812500e+02
1.481508331298828125e+02
5.287538528442382812e+01
2.713433532714843750e+02
1.664889984130859375e+02
1.818674316406250000e+02
4.527539367675781250e+02
3.825731689453125000e+03
2.638240814208984375e+01
1.145082187652587891e+01
1.862291381835937500e+03
5.262084960937500000e+00
6.893435955047607422e+00
5.596369018554687500e+02
1.923595046997070312e+01
1.066948986053466797e+01
8.721494293212890625e+01
4.609872341156005859e+00
2.491496467590332031e+01
3.193646430969238281e+01
4.962269592285156250e+01
3.327944946289062500e+02
8.984185218811035156e+00
1.968323828125000000e+04
4.349221706390380859e+00
9.263287186622619629e-01
4.154390716552734375e+01
1.051585205078125000e+03
6.146475982666015625e+01
1.093155193328857422e+01
5.380820312500000000e+02
1.308380413055419922e+01
7.633005523681640625e+01
2.785405883789062500e+02
2.078834056854248047e+00
1.465936889648437500e+02
1.840497493743896484e+00
1.605135154724121094e+01
5.160452365875244141e+00
4.420958328247070312e+01
2.528578186035156250e+01
6.931799411773681641e+00
3.670355224609375000e+01
5.709738540649414062e+01
1.716464996337890625e+00
1.626455383300781250e+02
5.688983764648437500e+02
1.110716247558593750e+01
8.875061035156250000e+01
1.292508792877197266e+01
9.616708755493164062e+00
1.052462458610534668e+00
5.600399902343750000e+03
1.972453498840332031e+01
5.823816528320312500e+02
3.501361846923828125e+00
2.275622863769531250e+02
2.137857198715209961e+00
2.409503784179687500e+02
3.391596191406250000e+03
2.561669945716857910e-01
2.387408971786499023e+00
2.076859619140625000e+03
5.057951450347900391e+00
9.727994995117187500e+02
4.867653369903564453e+00
4.356361770629882812e+01
1.522624111175537109e+01
1.219874668121337891e+01
4.230197891592979431e-02
1.339469718933105469e+01
5.359330654144287109e+00
9.254629516601562500e+02
8.495392608642578125e+01
1.358278274536132812e+01
8.264318466186523438e+00
3.513783645629882812e+01
2.737738800048828125e+01
1.978861331939697266e+00
7.146409301757812500e+02
1.661219177246093750e+02
1.729282188415527344e+01
2.836896133422851562e+01
1.889186096191406250e+02
1.512823333740234375e+02
2.364026794433593750e+02
7.027742862701416016e-01
1.074220507812500000e+04
1.435989761352539062e+01
7.347334289550781250e+01
2.735858345031738281e+01
7.157883048057556152e-01
1.609593750000000000e+03
1.644531707763671875e+02
1.098234891891479492e+00
1.633021362304687500e+03
7.608586120605468750e+01
1.173093891143798828e+01
6.020299804687500000e+03
7.153736114501953125e+01
9.071410369873046875e+01
5.872334671020507812e+01
9.421217651367187500e+02
3.368866271972656250e+02
3.753215026855468750e+02
5.175788879394531250e+01
3.385385253906250000e+03
1.111937522888183594e+00
3.079177284240722656e+01
3.893226318359375000e+02
1.052222156524658203e+01
6.227644653320312500e+02
1.234319448471069336e+00
1.886288881301879883e+00
7.800302886962890625e+01
5.071888446807861328e+00
1.613939476013183594e+01
2.871716003417968750e+02
1.207662701606750488e+00
2.371254348754882812e+01
1.382546997070312500e+01
6.020160675048828125e+00
5.540476608276367188e+01
1.560429453849792480e+00
1.498478531837463379e+00
2.683323974609375000e+02
1.118426513671875000e+03
5.591434478759765625e+00
1.127265090942382812e+02
2.456196403503417969e+01
1.426480674743652344e+01
2.285232177734375000e+03
4.349291801452636719e+00
4.989925537109375000e+02
5.813267517089843750e+01
3.783204650878906250e+01
1.399533935546875000e+03
4.509475326538085938e+01
1.913454284667968750e+02
1.086973266601562500e+03
2.405389556884765625e+02
7.695175933837890625e+01
3.534938354492187500e+02
4.810531234741210938e+01
2.669299602508544922e+00
6.054009246826171875e+01
2.333072662353515625e+01
5.140446186065673828e+00
1.503487548828125000e+03
4.985594482421875000e+02
1.093361450195312500e+03
2.313633117675781250e+02
1.511339092254638672e+01
3.702697753906250000e+00
6.115747094154357910e-01
4.454743576049804688e+01
1.967094421386718750e+01
1.002439880371093750e+01
1.504395723342895508e+00
2.095622253417968750e+01
5.700409412384033203e-01
8.491792297363281250e+01
4.246420669555664062e+01
1.175754547119140625e+02
1.039044494628906250e+02
3.883365249633789062e+01
8.619310760498046875e+01
1.748847389221191406e+01
1.008614730834960938e+01
2.948050796985626221e-01
9.783744140625000000e+03
3.411172607421875000e+03
2.891087341308593750e+02
1.919428863525390625e+02
1.788302612304687500e+02
1.325228393554687500e+03
2.762263870239257812e+01
5.852355957031250000e+01
1.944956016540527344e+01
3.322221279144287109e+00
7.361376190185546875e+01
1.413289184570312500e+03
7.175286102294921875e+01
1.064392185211181641e+01
1.512540245056152344e+01
2.030925140380859375e+02
3.931567382812500000e+02
1.489942474365234375e+02
1.225904178619384766e+01
2.611161804199218750e+01
1.493095755577087402e-01
1.204668730497360229e-01
4.658680725097656250e+01
4.728251647949218750e+01
7.229175567626953125e+00
2.836065101623535156e+01
3.319464416503906250e+02
7.466102600097656250e+01
2.016617889404296875e+02
1.572541332244873047e+01
2.342758893966674805e+00
1.890208435058593750e+01
5.281684875488281250e+01
1.219570556640625000e+03
3.072478055953979492e+00
1.689255218505859375e+02
1.595675110816955566e+00
3.823352336883544922e+00
3.632466197013854980e-01
8.596927642822265625e+00
5.789416992187500000e+03
2.173568164062500000e+04
9.910521507263183594e+00
9.556629180908203125e+01
9.886650848388671875e+01
5.580428123474121094e+00
1.850257873535156250e+02
6.883588867187500000e+02
8.947505950927734375e+00
5.891219615936279297e+00
3.233383178710937500e+00
8.011750793457031250e+01
3.637005233764648438e+01
3.681019592285156250e+01
2.980672302246093750e+02
6.132359619140625000e+02
6.278748035430908203e+00
5.361906051635742188e+00
4.770521163940429688e+00
2.730093688964843750e+02
1.466673755645751953e+01
4.257257080078125000e+01
3.365066223144531250e+02
2.517909049987792969e+01
1.047592407226562500e+03
1.048307983398437500e+03
2.821314392089843750e+02
1.742782592773437500e+00
2.177600479125976562e+01
