2.403734624385833740e-02
9.769046306610107422e-02
5.308415275067090988e-03
1.709799980744719505e-03
3.200991824269294739e-02
6.418343544006347656e+00
1.603918522596359253e-02
3.484063781797885895e-03
5.716360174119472504e-03
5.711181759834289551e-01
7.023827638477087021e-03
1.669570617377758026e-02
4.943599551916122437e-02
1.496405061334371567e-02
1.135003753006458282e-03
1.378798205405473709e-02
2.465289784595370293e-03
5.465338937938213348e-03
1.650906540453433990e-02
6.144693470560014248e-04
1.302452832460403442e-01
2.336221747100353241e-02
1.903835535049438477e-01
3.375157713890075684e-02
7.236086726188659668e-01
1.467865053564310074e-02
5.068812891840934753e-02
3.116529807448387146e-02
8.090171962976455688e-02
8.111953735351562500e-01
5.941424751654267311e-04
1.237146498169749975e-04
5.549018271267414093e-03
2.817525528371334076e-02
4.399412497878074646e-02
8.075186982750892639e-03
5.377641879022121429e-03
4.354006086941808462e-04
7.112059742212295532e-03
5.798450205475091934e-03
2.056821286678314209e-01
7.552993297576904297e-02
2.070464659482240677e-03
1.320067405700683594e+01
1.390072256326675415e-01
8.408493548631668091e-02
6.752111483365297318e-03
2.987471818923950195e-01
3.844807157292962074e-03
1.178372744470834732e-02
1.396945863962173462e-01
3.344399109482765198e-02
9.058519452810287476e-02
3.434092551469802856e-02
4.583505797199904919e-04
2.065459499135613441e-03
4.528283607214689255e-03
8.540516719222068787e-03
2.405521087348461151e-02
8.744286537170410156e+00
1.376382168382406235e-02
1.230068874359130859e+01
1.141568087041378021e-02
2.535001607611775398e-03
1.151254177093505859e-01
1.748068071901798248e-02
1.426522135734558105e-01
9.756883606314659119e-03
5.676621794700622559e-01
5.411602258682250977e-01
1.302950258832424879e-04
1.264804363250732422e+00
9.372634813189506531e-04
2.468171529471874237e-02
7.088302820920944214e-02
4.340114444494247437e-02
7.262503262609243393e-03
4.139049351215362549e-02
3.206933289766311646e-02
1.589100435376167297e-02
7.417090982198715210e-02
1.857993192970752716e-02
1.748240552842617035e-02
3.531478869263082743e-04
3.261381061747670174e-03
1.808004104532301426e-03
4.024470763397403061e-05
3.877480700612068176e-02
4.795761406421661377e-01
9.896298870444297791e-04
8.653060533106327057e-03
8.251707069575786591e-03
1.285406062379479408e-03
8.606506139039993286e-02
5.724224029108881950e-04
6.168886423110961914e-01
4.711574614048004150e-01
5.734327062964439392e-02
1.581899239681661129e-03
6.648696213960647583e-02
1.598319053649902344e+00
4.759607091546058655e-02
1.240037614479660988e-03
2.061224915087223053e-02
1.733820326626300812e-02
4.104935824871063232e-01
7.073300331830978394e-02
1.227492745965719223e-02
3.070224076509475708e-02
1.165805533528327942e-01
1.407463103532791138e-01
2.474202364683151245e-01
4.105375334620475769e-02
5.419697612524032593e-02
1.554422173649072647e-02
3.879732638597488403e-02
4.733137413859367371e-02
5.447103641927242279e-03
2.746761543676257133e-03
6.406548619270324707e-02
7.983662071637809277e-04
7.651665210723876953e+00
4.322350621223449707e-01
3.532856106758117676e-01
1.390457182424142957e-04
2.109097242355346680e-01
1.151898782700300217e-02
6.082930485717952251e-04
6.398058682680130005e-02
5.379340797662734985e-02
1.167659282684326172e+00
4.383049532771110535e-02
2.695210743695497513e-03
1.191494637168943882e-03
3.941662982106208801e-02
1.929930038750171661e-02
3.333889693021774292e-02
1.993930101394653320e+00
1.716902405023574829e-01
4.399579763412475586e-01
1.563245989382266998e-02
7.312180008739233017e-03
7.425408959388732910e-01
6.584600210189819336e-01
3.099962043762207031e+01
2.690763957798480988e-02
2.126377075910568237e-01
8.182574063539505005e-03
4.965214431285858154e-02
1.107939798384904861e-02
2.040679752826690674e-02
7.844118773937225342e-02
1.274774670600891113e-01
1.828980632126331329e-02
8.047787100076675415e-02
1.371799595654010773e-02
1.797215081751346588e-02
4.282346367835998535e-02
1.626642071641981602e-03
6.138200871646404266e-03
3.905904665589332581e-02
4.191827611066401005e-04
1.309153884649276733e-01
3.912017345428466797e-01
2.739198505878448486e-01
1.360853761434555054e-01
1.074820384383201599e-01
1.334352493286132812e-01
1.077525496482849121e+00
2.991649962496012449e-04
2.137502841651439667e-02
1.271618604660034180e-01
7.080458453856408596e-05
1.139583531767129898e-02
4.186320677399635315e-02
1.750892639160156250e+00
2.727647684514522552e-02
1.103035360574722290e-02
1.072033774107694626e-02
9.329655766487121582e-02
4.366080462932586670e-02
3.126794472336769104e-02
1.454723477363586426e-01
2.851481921970844269e-02
2.046686887741088867e+00
1.139965560287237167e-02
5.892785266041755676e-03
5.253324285149574280e-02
3.065251410007476807e-01
3.256455808877944946e-02
1.417180895805358887e-01
2.878746204078197479e-02
2.514181542210280895e-04
1.193334609270095825e-01
3.240782618522644043e-01
1.909596100449562073e-02
2.388627231121063232e-01
7.485326379537582397e-02
3.561578923836350441e-03
3.115544654428958893e-02
3.301355056464672089e-03
3.525348007678985596e-02
1.398485060781240463e-02
2.294930256903171539e-02
7.602564990520477295e-03
2.454750007018446922e-03
2.069462090730667114e-01
1.216026020050048828e+01
5.269448272883892059e-03
3.147521754726767540e-03
5.613362882286310196e-03
4.573279991745948792e-02
1.259047130588442087e-04
9.462577104568481445e-01
2.353182435035705566e-02
2.190443992614746094e+00
7.473687082529067993e-02
1.619836129248142242e-02
6.350302719511091709e-04
5.145370960235595703e-01
2.806212604045867920e-01
1.039512641727924347e-02
1.946391072124242783e-03
2.014095522463321686e-02
1.161032851086929440e-04
3.999735414981842041e-02
9.450551588088274002e-04
3.235023021697998047e+00
2.836159169673919678e-01
8.393042720854282379e-03
1.813959144055843353e-02
1.074567157775163651e-02
2.661792002618312836e-02
2.287745941430330276e-03
2.120962738990783691e-01
1.874430105090141296e-02
1.437500715255737305e-01
4.291170742362737656e-03
1.635134220123291016e-01
3.464448964223265648e-04
4.012794792652130127e-02
5.527197942137718201e-02
1.248067021369934082e-01
3.089656122028827667e-03
9.450677782297134399e-03
1.014775037765502930e-02
4.530793428421020508e-02
8.806922286748886108e-02
3.281850367784500122e-02
8.406777679920196533e-02
3.112677298486232758e-02
1.191305518150329590e+00
6.208731792867183685e-05
4.582417756319046021e-02
1.371689699590206146e-02
2.678768038749694824e-01
3.017662525177001953e+00
1.750335097312927246e-02
1.325260475277900696e-02
1.741033643484115601e-01
4.277970641851425171e-03
5.988026387058198452e-04
1.082838892936706543e+00
2.709333412349224091e-02
3.421692643314599991e-03
1.915660500526428223e-02
1.457147859036922455e-02
1.413394451141357422e+00
7.459283806383609772e-03
7.471818011254072189e-03
1.921119809150695801e+00
2.869171835482120514e-02
5.061145424842834473e-01
3.309555817395448685e-03
1.274663023650646210e-03
1.381837669759988785e-02
5.588669329881668091e-03
1.055004354566335678e-02
3.157423734664916992e-01
1.343185186386108398e+00
1.244999393820762634e-01
1.033865939825773239e-02
5.237776320427656174e-03
1.022123172879219055e-02
2.140341093763709068e-04
4.331399686634540558e-03
4.907335758209228516e+00
1.341624379158020020e+00
3.673249739222228527e-04
5.154602974653244019e-02
1.213686075061559677e-02
1.134725520387291908e-03
7.953403890132904053e-02
2.350815385580062866e-02
7.799040758982300758e-04
2.291549742221832275e-02
2.284490317106246948e-02
3.984218090772628784e-02
1.921059608459472656e+00
3.933412954211235046e-02
6.177855730056762695e-01
6.706321835517883301e-01
6.740698218345642090e-02
8.333948850631713867e-01
1.776136994361877441e+00
6.829947698861360550e-03
3.297536820173263550e-02
4.656800255179405212e-02
5.563181824982166290e-03
1.041767522692680359e-01
5.997126102447509766e-01
3.790118172764778137e-02
8.261624723672866821e-03
1.732371300458908081e-01
3.486909205093979836e-03
3.688899055123329163e-02
9.714948246255517006e-04
5.284581780433654785e-01
2.217173343524336815e-03
3.418714739382266998e-03
3.175967931747436523e-01
1.248036860488355160e-03
8.165681734681129456e-03
3.168699517846107483e-02
5.639790091663599014e-03
3.934051990509033203e-01
6.176602095365524292e-03
5.000736564397811890e-03
5.567194428294897079e-03
2.426282037049531937e-03
3.575399285182356834e-03
2.278021574020385742e-01
3.715267870575189590e-03
1.087595243006944656e-02
7.550530135631561279e-03
1.228816248476505280e-02
3.269915934652090073e-03
3.982220776379108429e-03
2.153134159743785858e-02
2.160672098398208618e-01
1.721160369925200939e-03
7.241796120069921017e-04
4.040093161165714264e-03
1.540683507919311523e+00
9.938708972185850143e-04
1.365333795547485352e-02
1.226606592535972595e-01
2.413376793265342712e-02
4.216464608907699585e-02
2.956006303429603577e-02
7.541131973266601562e-02
1.801734119653701782e-01
7.202385313576087356e-05
1.480792742222547531e-02
3.957476001232862473e-03
1.308688777498900890e-03
2.066382579505443573e-02
2.151095680892467499e-02
3.517274931073188782e-02
5.314180627465248108e-02
1.623527705669403076e-02
1.158404978923499584e-03
1.706764847040176392e-02
7.927095517516136169e-03
1.040246039628982544e-01
2.009087055921554565e-02
6.672360748052597046e-02
1.542933867312967777e-03
9.410537034273147583e-02
3.588494437281042337e-04
2.137061655521392822e-01
1.332773268222808838e-01
3.862055391073226929e-02
1.625024154782295227e-02
6.562491059303283691e-01
1.624110736884176731e-03
9.152920916676521301e-03
6.101519800722599030e-03
1.542596984654664993e-02
2.329597808420658112e-02
5.321369320154190063e-02
1.074053812772035599e-03
3.906039476394653320e+00
9.798435121774673462e-02
1.546780671924352646e-02
3.202419042587280273e+00
6.715179443359375000e+00
9.867381304502487183e-03
5.955470260232686996e-04
6.252098246477544308e-04
2.768976055085659027e-02
4.158766474574804306e-03
1.771249622106552124e-02
7.734842300415039062e+00
1.655780215514823794e-04
3.862296104431152344e+00
7.986798137426376343e-02
2.095886506140232086e-02
3.471385862212628126e-04
2.427644096314907074e-03
6.996778488159179688e+00
1.254640579223632812e+02
1.184635467529296875e+02
6.769653558731079102e-01
3.654928588867187500e+01
2.143265724182128906e+00
4.969028320312500000e+02
9.252427101135253906e+00
8.518274688720703125e+01
9.543498039245605469e+00
2.016176605224609375e+02
1.469704055786132812e+01
8.900051879882812500e+01
5.743539929389953613e-01
1.341406726837158203e+01
1.134141006469726562e+02
1.145281219482421875e+02
1.790585174560546875e+02
1.074061660766601562e+02
9.867867469787597656e+00
8.524629974365234375e+01
3.956057071685791016e+00
8.096982955932617188e+00
6.004785919189453125e+01
2.201686620712280273e+00
5.248926877975463867e-01
2.454022521972656250e+02
4.508251953125000000e+02
1.532660156250000000e+03
3.926696166992187500e+02
1.029529476165771484e+01
4.487526893615722656e+00
1.055344104766845703e+01
2.566250305175781250e+02
1.224694728851318359e+01
1.318418979644775391e+01
8.726434707641601562e-01
5.851234868168830872e-02
4.314504623413085938e+00
1.240922088623046875e+02
9.760463867187500000e+02
1.441286659240722656e+01
1.182621955871582031e+00
4.119551696777343750e+02
2.909015846252441406e+01
9.826851654052734375e+01
1.181493835449218750e+02
1.556766605377197266e+01
9.102491140365600586e-01
9.900619506835937500e+02
2.799155883789062500e+02
3.230578231811523438e+01
9.948055267333984375e+00
1.721686363220214844e+01
4.680022716522216797e+00
8.526932716369628906e+00
4.431063175201416016e+00
3.050241768360137939e-01
1.762937355041503906e+01
1.848689941406250000e+03
6.829411621093750000e+02
4.923541259765625000e+02
9.896697044372558594e+00
4.646949768066406250e+01
4.902493000030517578e+00
6.837123870849609375e+01
5.701473236083984375e+01
2.900651367187500000e+03
1.627176818847656250e+02
5.706140518188476562e+01
6.370664387941360474e-02
2.152720184326171875e+02
1.820215106010437012e+00
1.884586639404296875e+02
6.688131809234619141e+00
1.061135482788085938e+01
1.591837763786315918e+00
8.231320381164550781e+00
3.038605651855468750e+02
3.491005706787109375e+01
3.271034622192382812e+01
5.332786560058593750e+00
7.459802150726318359e+00
4.171432113647460938e+01
5.588181495666503906e+00
2.646108818054199219e+01
1.393338888883590698e-01
1.472785949707031250e+01
1.745869827270507812e+01
3.484716653823852539e+00
1.995907783508300781e+01
3.799745178222656250e+01
3.771778488159179688e+01
1.719613456726074219e+01
7.045256042480468750e+01
4.182817382812500000e+02
3.394645929336547852e+00
4.101814575195312500e+02
5.633602142333984375e-01
6.958685302734375000e+02
2.150747060775756836e+00
2.477450942993164062e+01
4.360947608947753906e+00
1.070417785644531250e+02
6.341870117187500000e+01
1.415958862304687500e+02
2.276077032089233398e+00
4.132076171875000000e+03
4.216490173339843750e+02
1.293435335159301758e+00
8.084070682525634766e-01
1.125682128906250000e+03
1.807028808593750000e+02
1.338600277900695801e+00
3.239196014404296875e+01
9.611767578125000000e+01
1.160655517578125000e+02
1.216086006164550781e+01
8.119377899169921875e+01
1.207684898376464844e+01
3.177801208496093750e+02
5.338677246093750000e+03
5.298843994140625000e+02
1.457106323242187500e+02
4.499149322509765625e+00
5.610936889648437500e+02
3.192846298217773438e+01
2.683354616165161133e+00
6.658239135742187500e+02
8.222850799560546875e+01
5.454077758789062500e+02
3.420388031005859375e+01
4.451598227024078369e-01
3.616004562377929688e+01
2.291857004165649414e+00
2.338234663009643555e+00
5.826224088668823242e-01
5.674110717773437500e+02
6.096361694335937500e+02
3.286438903808593750e+02
3.466602706909179688e+01
2.444108963012695312e+00
6.675386352539062500e+02
2.840045738220214844e+01
1.134026367187500000e+03
3.871374511718750000e+01
5.248855590820312500e+02
1.574374914169311523e+00
8.041086578369140625e+01
2.249532470703125000e+03
6.424258947372436523e-01
6.532007446289062500e+02
3.492996978759765625e+01
4.205081760883331299e-01
1.226284179687500000e+02
4.756298446655273438e+01
2.259692907333374023e+00
7.924753427505493164e-01
6.779331207275390625e+00
3.126577377319335938e+00
1.005195312500000000e+03
1.580127105712890625e+02
1.573887176513671875e+02
4.912608337402343750e+01
1.838086547851562500e+02
9.614453887939453125e+01
9.061371612548828125e+01
3.612985839843750000e+02
1.657950927734375000e+03
1.588426303863525391e+01
9.624186515808105469e+00
1.956346679687500000e+03
2.455313444137573242e+00
5.178007602691650391e+00
4.571148376464843750e+02
2.305890464782714844e+01
1.197036552429199219e+01
6.459451293945312500e+01
3.060165405273437500e+00
2.055085372924804688e+01
1.582960319519042969e+01
2.879884719848632812e+01
2.676688842773437500e+02
6.064849853515625000e+00
2.667389257812500000e+04
4.020627498626708984e+00
6.270224452018737793e-01
2.331882476806640625e+01
7.829742431640625000e+02
5.426703643798828125e+01
7.443946838378906250e+00
3.529858093261718750e+02
8.736236572265625000e+00
6.169411468505859375e+01
2.203193664550781250e+02
2.499984025955200195e+00
1.050609893798828125e+02
1.318737626075744629e+00
1.122410392761230469e+01
3.915637254714965820e+00
2.139853668212890625e+01
1.509803771972656250e+01
6.580057144165039062e+00
4.497455978393554688e+01
4.371041870117187500e+01
1.184350967407226562e+00
1.085652313232421875e+02
5.738025512695312500e+02
7.724028587341308594e+00
3.995993041992187500e+01
8.759583473205566406e+00
5.723663806915283203e+00
1.400470733642578125e+00
4.979327148437500000e+03
1.635359764099121094e+01
5.321046752929687500e+02
2.991755962371826172e+00
2.338685302734375000e+02
1.660571098327636719e+00
1.828502960205078125e+02
2.921345947265625000e+03
2.063894122838973999e-01
2.217790603637695312e+00
1.385965576171875000e+03
4.341170310974121094e+00
1.127037841796875000e+03
3.819587230682373047e+00
3.148161697387695312e+01
1.135112953186035156e+01
1.436978149414062500e+01
6.017296761274337769e-02
1.580801200866699219e+01
3.358970880508422852e+00
5.611426391601562500e+02
7.942158508300781250e+01
1.386957168579101562e+01
6.675131320953369141e+00
3.279071807861328125e+01
2.116549873352050781e+01
1.722024917602539062e+00
4.909819335937500000e+02
1.635979003906250000e+02
1.133493232727050781e+01
1.976143836975097656e+01
1.567651062011718750e+02
1.153474807739257812e+02
2.201072540283203125e+02
7.485525012016296387e-01
8.135093261718750000e+03
1.097051239013671875e+01
7.086120605468750000e+01
2.172434043884277344e+01
7.026934623718261719e-01
9.754415283203125000e+02
1.142499465942382812e+02
8.840997815132141113e-01
9.573939208984375000e+02
6.404011535644531250e+01
8.297623634338378906e+00
4.486836425781250000e+03
7.352356719970703125e+01
5.946697235107421875e+01
5.738578414916992188e+01
9.580491943359375000e+02
2.592543945312500000e+02
2.707027282714843750e+02
3.812205123901367188e+01
2.320562011718750000e+03
5.809600949287414551e-01
1.570083808898925781e+01
4.437528686523437500e+02
9.340009689331054688e+00
4.504334716796875000e+02
1.419486045837402344e+00
1.093880891799926758e+00
5.523354339599609375e+01
4.116543292999267578e+00
9.545865058898925781e+00
1.573887939453125000e+02
7.073386311531066895e-01
1.909304428100585938e+01
7.047344684600830078e+00
4.984967708587646484e+00
3.952927398681640625e+01
1.299715280532836914e+00
1.162489891052246094e+00
3.270693054199218750e+02
1.155718383789062500e+03
3.639470338821411133e+00
1.350215759277343750e+02
1.921523666381835938e+01
8.650569915771484375e+00
2.313562744140625000e+03
4.261804103851318359e+00
2.618867492675781250e+02
4.299898910522460938e+01
3.160586357116699219e+01
9.321021118164062500e+02
3.237031173706054688e+01
1.835531768798828125e+02
6.436539306640625000e+02
1.709401550292968750e+02
5.963723754882812500e+01
2.873824157714843750e+02
4.524345397949218750e+01
2.218929767608642578e+00
4.723044204711914062e+01
2.131429290771484375e+01
8.863869667053222656e+00
1.059504516601562500e+03
5.089806213378906250e+02
8.871752319335937500e+02
2.585380249023437500e+02
9.270642280578613281e+00
3.744038820266723633e+00
8.832879066467285156e-01
4.298648452758789062e+01
1.539271545410156250e+01
8.162381172180175781e+00
1.116451978683471680e+00
1.331061077117919922e+01
6.551077961921691895e-01
1.029371948242187500e+02
3.870086288452148438e+01
9.620805358886718750e+01
1.327500152587890625e+02
2.267289733886718750e+01
8.399201965332031250e+01
1.733720779418945312e+01
7.707314491271972656e+00
2.030096054077148438e-01
8.071493164062500000e+03
2.182242919921875000e+03
1.695551452636718750e+02
2.143801116943359375e+02
1.182858581542968750e+02
8.396114501953125000e+02
2.366527175903320312e+01
3.264486312866210938e+01
1.946088790893554688e+01
3.189408063888549805e+00
6.461382293701171875e+01
1.881986083984375000e+03
7.070098876953125000e+01
9.498921394348144531e+00
8.656189918518066406e+00
1.446693267822265625e+02
4.305972290039062500e+02
8.842774963378906250e+01
1.365647125244140625e+01
1.510966968536376953e+01
8.368606120347976685e-02
1.257880628108978271e-01
2.964600944519042969e+01
3.388132858276367188e+01
4.800055980682373047e+00
2.124668693542480469e+01
2.369418945312500000e+02
3.902264404296875000e+01
1.635281066894531250e+02
8.903780937194824219e+00
2.115669727325439453e+00
1.018294429779052734e+01
3.952371597290039062e+01
1.193119140625000000e+03
1.908149480819702148e+00
9.113278961181640625e+01
1.051595687866210938e+00
4.291605949401855469e+00
2.675468921661376953e-01
1.378996849060058594e+01
5.016284667968750000e+03
1.893131640625000000e+04
5.801787376403808594e+00
1.154698638916015625e+02
7.916764831542968750e+01
5.145359039306640625e+00
1.862142181396484375e+02
5.186326904296875000e+02
7.518480300903320312e+00
4.885172367095947266e+00
3.655254364013671875e+00
8.161054229736328125e+01
3.429666137695312500e+01
1.881339073181152344e+01
2.620287475585937500e+02
4.206824340820312500e+02
5.402038097381591797e+00
4.701094150543212891e+00
5.172026157379150391e+00
1.994120788574218750e+02
9.076453208923339844e+00
2.666149330139160156e+01
3.149828491210937500e+02
1.537616539001464844e+01
8.147663574218750000e+02
8.992395019531250000e+02
1.966907958984375000e+02
1.391007781028747559e+00
2.038980674743652344e+01
