2.148854546248912811e-02
9.104658663272857666e-02
5.209890659898519516e-03
9.136124281212687492e-04
3.710225224494934082e-02
3.900316715240478516e+00
1.569728739559650421e-02
2.936273347586393356e-03
4.548535216599702835e-03
4.429812133312225342e-01
2.859795698896050453e-03
9.861953556537628174e-03
5.713527649641036987e-02
1.178590208292007446e-02
9.327679872512817383e-04
1.029295194894075394e-02
3.625446930527687073e-03
2.184408949688076973e-03
1.654725894331932068e-02
4.506624245550483465e-04
1.859002411365509033e-01
1.713641919195652008e-02
3.161106705665588379e-01
4.779415950179100037e-02
4.045380949974060059e-01
1.536905393004417419e-02
3.715560212731361389e-02
1.377052441239356995e-02
8.396664261817932129e-02
9.053657650947570801e-01
3.340082184877246618e-04
1.127719151554629207e-04
5.452875513583421707e-03
1.768867671489715576e-02
7.964713126420974731e-02
4.777145106345415115e-03
5.546293687075376511e-03
6.073012482374906540e-04
8.201492018997669220e-03
5.289664026349782944e-03
2.387296706438064575e-01
5.074077472090721130e-02
1.341217895969748497e-03
1.139539337158203125e+01
1.417714208364486694e-01
5.076047405600547791e-02
3.156571416184306145e-03
2.113153040409088135e-01
2.877217251807451248e-03
6.201187614351511002e-03
1.846535354852676392e-01
1.960654743015766144e-02
1.023895889520645142e-01
2.042295224964618683e-02
3.063944459427148104e-04
1.278302981518208981e-03
5.070929415524005890e-03
1.187800616025924683e-02
1.907574012875556946e-02
4.423938274383544922e+00
9.525182656943798065e-03
9.762010574340820312e+00
1.362497545778751373e-02
2.415046561509370804e-03
1.008655801415443420e-01
1.311965938657522202e-02
1.364613324403762817e-01
5.541968625038862228e-03
3.913453519344329834e-01
3.783173263072967529e-01
1.275066024390980601e-04
1.483352184295654297e+00
7.278342964127659798e-04
1.532232481986284256e-02
6.966058164834976196e-02
4.302285611629486084e-02
4.715804010629653931e-03
3.718863427639007568e-02
3.836442530155181885e-02
9.444065392017364502e-03
4.038437083363533020e-02
1.614387519657611847e-02
1.100842654705047607e-02
3.063892072532325983e-04
2.659609541296958923e-03
9.659743518568575382e-04
2.426174251013435423e-05
3.358849883079528809e-02
7.657381892204284668e-01
8.783946977928280830e-04
5.830717738717794418e-03
1.012090686708688736e-02
1.048685284331440926e-03
8.642793446779251099e-02
2.629733644425868988e-04
3.426269292831420898e-01
4.067147672176361084e-01
3.890328109264373779e-02
1.672501326538622379e-03
5.215740576386451721e-02
1.089211583137512207e+00
3.367673605680465698e-02
7.611607434228062630e-04
1.231588516384363174e-02
7.237467449158430099e-03
4.133835732936859131e-01
7.069846987724304199e-02
1.133665628731250763e-02
2.446468733251094818e-02
5.255011841654777527e-02
1.443383842706680298e-01
3.455691635608673096e-01
4.600940644741058350e-02
5.661306530237197876e-02
1.388041395694017410e-02
3.173423185944557190e-02
6.970232725143432617e-02
3.176829544827342033e-03
2.103014616295695305e-03
6.588429957628250122e-02
4.683538572862744331e-04
6.371431350708007812e+00
4.203346669673919678e-01
3.274743854999542236e-01
1.329322985839098692e-04
1.718394607305526733e-01
1.068274490535259247e-02
6.958392332307994366e-04
4.481150209903717041e-02
6.406933814287185669e-02
1.466078162193298340e+00
7.582412660121917725e-02
3.447610186412930489e-03
8.953752694651484489e-04
2.868087776005268097e-02
2.265919186174869537e-02
4.293528571724891663e-02
2.647154092788696289e+00
1.172493249177932739e-01
4.091538488864898682e-01
2.023655362427234650e-02
7.330280728638172150e-03
5.029501914978027344e-01
5.213504433631896973e-01
2.407317733764648438e+01
1.699027419090270996e-02
2.880870401859283447e-01
4.777493886649608612e-03
4.877720028162002563e-02
8.554476313292980194e-03
1.469386089593172073e-02
5.506006255745887756e-02
5.582717806100845337e-02
9.880032390356063843e-03
6.200204417109489441e-02
1.047942973673343658e-02
1.058964896947145462e-02
2.351518347859382629e-02
2.151575637981295586e-03
3.242498962208628654e-03
3.761032968759536743e-02
2.333773154532536864e-04
1.539151817560195923e-01
4.546949267387390137e-01
1.907925158739089966e-01
9.412590414285659790e-02
1.097071841359138489e-01
1.387008428573608398e-01
5.329676270484924316e-01
1.497472840128466487e-04
2.249413728713989258e-02
6.582517176866531372e-02
6.227102858247235417e-05
9.053678251802921295e-03
4.428929463028907776e-02
1.113576889038085938e+00
1.644029654562473297e-02
8.905951865017414093e-03
1.243779622018337250e-02
8.932463079690933228e-02
5.333144590258598328e-02
2.244275435805320740e-02
1.423978060483932495e-01
1.833088509738445282e-02
1.756523609161376953e+00
7.468936033546924591e-03
5.946733523160219193e-03
5.606995150446891785e-02
2.149280458688735962e-01
2.250527776777744293e-02
1.616352796554565430e-01
1.882231235504150391e-02
2.428766019875183702e-04
7.988990098237991333e-02
3.548877537250518799e-01
1.115049794316291809e-02
1.320857852697372437e-01
5.849209800362586975e-02
2.445438643917441368e-03
1.828417181968688965e-02
2.682703081518411636e-03
2.062399685382843018e-02
8.534817956387996674e-03
1.760985516011714935e-02
7.851372472941875458e-03
1.207302790135145187e-03
1.653174608945846558e-01
1.319720935821533203e+01
9.085950441658496857e-03
3.194631543010473251e-03
8.599169552326202393e-03
3.591677919030189514e-02
1.709970238152891397e-04
5.181119441986083984e-01
1.579639501869678497e-02
2.061284065246582031e+00
4.147117584943771362e-02
1.128440629690885544e-02
3.823325387202203274e-04
5.750354528427124023e-01
2.275270521640777588e-01
1.616156101226806641e-02
1.037985552102327347e-03
1.896187476813793182e-02
1.048853737302124500e-04
1.646575517952442169e-02
5.454451311379671097e-04
3.777134656906127930e+00
2.561585903167724609e-01
5.923227407038211823e-03
1.823029294610023499e-02
9.128125384449958801e-03
2.448870614171028137e-02
2.307569608092308044e-03
2.572852373123168945e-01
1.372508797794580460e-02
1.636674553155899048e-01
3.887451021000742912e-03
5.017896369099617004e-02
3.255445626564323902e-04
1.666959933936595917e-02
6.906116753816604614e-02
1.137073114514350891e-01
2.172342035919427872e-03
7.291560526937246323e-03
6.516932975500822067e-03
2.689669094979763031e-02
8.239171653985977173e-02
2.599265053868293762e-02
1.175071224570274353e-01
3.081069327890872955e-02
1.239456892013549805e+00
3.036555426660925150e-05
3.384680300951004028e-02
8.528845384716987610e-03
2.346399128437042236e-01
2.343626499176025391e+00
1.218274235725402832e-02
2.071726508438587189e-02
1.965306699275970459e-01
2.016698243096470833e-03
4.964821273460984230e-04
7.124728560447692871e-01
1.870772242546081543e-02
2.397107193246483803e-03
1.530609186738729477e-02
9.725720621645450592e-03
1.354495763778686523e+00
7.949060760438442230e-03
9.359071962535381317e-03
1.357664108276367188e+00
3.081053867936134338e-02
4.220862984657287598e-01
3.152410965412855148e-03
1.139010302722454071e-03
1.447045523673295975e-02
5.274023395031690598e-03
7.316002156585454941e-03
1.746144145727157593e-01
1.811284184455871582e+00
1.082807928323745728e-01
8.126767352223396301e-03
3.172999247908592224e-03
1.228195242583751678e-02
1.273791131097823381e-04
3.389306366443634033e-03
3.727002620697021484e+00
1.054592013359069824e+00
3.034527762793004513e-04
5.459649115800857544e-02
8.946796879172325134e-03
8.129313937388360500e-04
6.656276434659957886e-02
1.259556971490383148e-02
8.165949839167296886e-04
1.604633778333663940e-02
1.695775985717773438e-02
4.250665381550788879e-02
1.432537317276000977e+00
3.074144199490547180e-02
3.202374875545501709e-01
7.778686881065368652e-01
5.872577428817749023e-02
5.462841391563415527e-01
1.822446227073669434e+00
2.949696034193038940e-03
4.624785110354423523e-02
2.000213600695133209e-02
4.669167101383209229e-03
7.385589182376861572e-02
5.600827336311340332e-01
2.181172557175159454e-02
3.822248429059982300e-03
1.213256791234016418e-01
1.654194085858762264e-03
2.170913666486740112e-02
6.203162483870983124e-04
5.629244446754455566e-01
2.082721330225467682e-03
2.208452438935637474e-03
3.151198923587799072e-01
1.355974702164530754e-03
5.655511748045682907e-03
1.834162138402462006e-02
5.571775138378143311e-03
1.920401155948638916e-01
7.300564553588628769e-03
3.456162754446268082e-03
6.176831666380167007e-03
2.013067714869976044e-03
4.688458982855081558e-03
2.344332933425903320e-01
2.893165219575166702e-03
7.464834488928318024e-03
3.506321692839264870e-03
1.443980354815721512e-02
2.376574324443936348e-03
4.274704027920961380e-03
2.991796471178531647e-02
3.358130753040313721e-01
8.333209552802145481e-04
4.750175867229700089e-04
3.973383922129869461e-03
1.268169641494750977e+00
8.164945757016539574e-04
1.274954248219728470e-02
8.431694656610488892e-02
1.299713738262653351e-02
4.046452790498733521e-02
2.291122078895568848e-02
5.194602534174919128e-02
2.009326815605163574e-01
5.544873420149087906e-05
1.392845623195171356e-02
3.083171555772423744e-03
8.335291640833020210e-04
1.289479993283748627e-02
1.833198219537734985e-02
3.425964340567588806e-02
3.598687797784805298e-02
1.142551563680171967e-02
8.733390714041888714e-04
1.157731376588344574e-02
4.889653064310550690e-03
5.440122634172439575e-02
2.687307074666023254e-02
3.912188857793807983e-02
1.377603388391435146e-03
6.032276898622512817e-02
2.331893338123336434e-04
2.137635946273803711e-01
8.852591365575790405e-02
2.530995942652225494e-02
1.093260105699300766e-02
4.230095446109771729e-01
7.389918318949639797e-04
7.934264838695526123e-03
3.981466870754957199e-03
1.247931551188230515e-02
1.555489096790552139e-02
5.761219188570976257e-02
1.161028980277478695e-03
2.616765022277832031e+00
8.024575561285018921e-02
1.537949312478303909e-02
2.737486124038696289e+00
7.240170001983642578e+00
7.688917685300111771e-03
5.281923222355544567e-04
3.797041426878422499e-04
1.981467753648757935e-02
4.064236301928758621e-03
1.354357320815324783e-02
5.108053684234619141e+00
1.885856618173420429e-04
4.297306060791015625e+00
7.239681482315063477e-02
2.393589913845062256e-02
2.073445357382297516e-04
1.199168153107166290e-03
3.611944198608398438e+00
1.426283416748046875e+02
1.273272781372070312e+02
6.695973277091979980e-01
3.715368652343750000e+01
3.387601375579833984e+00
7.267607421875000000e+02
9.615588188171386719e+00
6.630126953125000000e+01
5.053142547607421875e+00
1.565074920654296875e+02
2.025355911254882812e+01
1.132141265869140625e+02
9.160805940628051758e-01
2.710070800781250000e+01
7.677774047851562500e+01
1.852070922851562500e+02
1.490859985351562500e+02
1.301114044189453125e+02
8.885572433471679688e+00
9.805619812011718750e+01
4.090877056121826172e+00
9.927522659301757812e+00
5.953608703613281250e+01
2.697030305862426758e+00
7.834308147430419922e-01
4.719453735351562500e+02
2.238844299316406250e+02
1.973241455078125000e+03
3.531186523437500000e+02
1.173626613616943359e+01
5.204435348510742188e+00
1.821961784362792969e+01
3.428229064941406250e+02
2.599945831298828125e+01
2.241810226440429688e+01
9.829393029212951660e-01
6.863223016262054443e-02
5.211463928222656250e+00
1.017153320312500000e+02
1.259068359375000000e+03
1.326041507720947266e+01
8.298717737197875977e-01
3.316391906738281250e+02
2.895507049560546875e+01
7.582581329345703125e+01
9.516530609130859375e+01
2.222288513183593750e+01
9.244779944419860840e-01
1.086085205078125000e+03
5.718403320312500000e+02
5.473416519165039062e+01
1.480129623413085938e+01
1.128669452667236328e+01
4.698255062103271484e+00
1.094666862487792969e+01
6.595224857330322266e+00
4.760816693305969238e-01
1.074406147003173828e+01
2.033985717773437500e+03
1.005621520996093750e+03
5.069834899902343750e+02
1.522944355010986328e+01
5.346715545654296875e+01
2.164702177047729492e+00
1.126805648803710938e+02
4.699288940429687500e+01
5.551583984375000000e+03
1.298916473388671875e+02
7.467156982421875000e+01
8.143368363380432129e-02
6.030530395507812500e+02
3.648728609085083008e+00
2.661553649902343750e+02
7.622484683990478516e+00
1.448950004577636719e+01
2.009422063827514648e+00
9.904807090759277344e+00
2.573313293457031250e+02
2.429220390319824219e+01
3.297338867187500000e+01
7.072764873504638672e+00
1.256663703918457031e+01
4.340291595458984375e+01
6.118620872497558594e+00
1.956362915039062500e+01
1.671298146247863770e-01
1.481415462493896484e+01
2.324854660034179688e+01
2.083436489105224609e+00
3.723106002807617188e+01
5.933319854736328125e+01
2.537459945678710938e+01
2.095828247070312500e+01
5.684542083740234375e+01
8.597985839843750000e+02
2.102777004241943359e+00
2.819618530273437500e+02
4.788211882114410400e-01
1.085252319335937500e+03
2.508558750152587891e+00
1.234580612182617188e+01
4.378086090087890625e+00
1.115123291015625000e+02
5.350571823120117188e+01
2.182399902343750000e+02
2.175886154174804688e+00
6.249658203125000000e+03
4.630793457031250000e+02
8.667356967926025391e-01
9.118809103965759277e-01
2.431271728515625000e+03
2.097224884033203125e+02
1.990636944770812988e+00
3.797001266479492188e+01
1.424718780517578125e+02
1.454569702148437500e+02
1.516591072082519531e+01
9.230900573730468750e+01
7.992145538330078125e+00
3.169645690917968750e+02
5.150510742187500000e+03
7.586596069335937500e+02
1.881626281738281250e+02
8.032908439636230469e+00
1.027064208984375000e+03
5.585094833374023438e+01
2.281656265258789062e+00
4.822881164550781250e+02
1.405865325927734375e+02
7.599416503906250000e+02
7.947988891601562500e+01
6.253753900527954102e-01
7.266155242919921875e+01
2.378286838531494141e+00
2.298882722854614258e+00
5.180909037590026855e-01
7.657091674804687500e+02
7.109487304687500000e+02
3.758417663574218750e+02
5.937777709960937500e+01
3.478670597076416016e+00
6.420997314453125000e+02
2.497158050537109375e+01
1.093086181640625000e+03
4.403103256225585938e+01
8.852098999023437500e+02
9.657410383224487305e-01
1.984489898681640625e+02
2.618144531250000000e+03
6.442660689353942871e-01
1.008856262207031250e+03
2.475635337829589844e+01
3.834000229835510254e-01
1.229227218627929688e+02
7.461024475097656250e+01
1.847436308860778809e+00
8.347244858741760254e-01
8.311775207519531250e+00
3.248202085494995117e+00
1.105943237304687500e+03
1.206166458129882812e+02
9.809122467041015625e+01
5.806524658203125000e+01
2.139942474365234375e+02
1.483132629394531250e+02
1.576125335693359375e+02
3.533836059570312500e+02
6.461419921875000000e+03
2.533053588867187500e+01
1.216057300567626953e+01
2.860105712890625000e+03
5.918854236602783203e+00
3.474249601364135742e+00
4.671624450683593750e+02
1.357784557342529297e+01
1.200867557525634766e+01
7.617897796630859375e+01
5.144576549530029297e+00
1.585954856872558594e+01
2.270806694030761719e+01
4.197677993774414062e+01
3.398860473632812500e+02
5.480518341064453125e+00
2.872872070312500000e+04
3.518540859222412109e+00
1.005843639373779297e+00
4.091639709472656250e+01
1.352280883789062500e+03
6.538603973388671875e+01
1.739421272277832031e+01
4.368507995605468750e+02
1.052283382415771484e+01
8.263887786865234375e+01
2.546126708984375000e+02
1.778047442436218262e+00
9.457982635498046875e+01
1.769373774528503418e+00
2.176086425781250000e+01
3.977383852005004883e+00
6.329927444458007812e+01
1.897328186035156250e+01
4.662804126739501953e+00
3.133847618103027344e+01
4.926435470581054688e+01
1.459880948066711426e+00
1.752758178710937500e+02
5.985115966796875000e+02
1.320901679992675781e+01
8.549918365478515625e+01
1.823319816589355469e+01
1.141551017761230469e+01
1.260861396789550781e+00
5.811604980468750000e+03
1.210000419616699219e+01
9.639150390625000000e+02
3.012456178665161133e+00
1.560342559814453125e+02
1.035784006118774414e+00
2.204956207275390625e+02
3.721996093750000000e+03
3.041324913501739502e-01
2.165570020675659180e+00
2.385130126953125000e+03
3.240841865539550781e+00
1.013856262207031250e+03
4.125571727752685547e+00
2.932725143432617188e+01
1.351062297821044922e+01
1.381029891967773438e+01
3.699787706136703491e-02
1.656934738159179688e+01
4.512439727783203125e+00
9.937716064453125000e+02
1.121621322631835938e+02
9.716075897216796875e+00
6.178681373596191406e+00
2.637711906433105469e+01
2.135641098022460938e+01
1.704608201980590820e+00
7.711948852539062500e+02
1.349422149658203125e+02
9.934168815612792969e+00
2.303698348999023438e+01
1.659229736328125000e+02
1.911959381103515625e+02
1.694423980712890625e+02
6.690179109573364258e-01
1.090868652343750000e+04
1.242068099975585938e+01
8.855733489990234375e+01
1.868696403503417969e+01
6.032614707946777344e-01
1.678057495117187500e+03
1.085573120117187500e+02
9.154072403907775879e-01
9.048272094726562500e+02
4.946337509155273438e+01
1.694055938720703125e+01
5.832242675781250000e+03
4.945711135864257812e+01
1.067575988769531250e+02
4.781748580932617188e+01
8.502740478515625000e+02
3.259505004882812500e+02
4.659873046875000000e+02
6.336970138549804688e+01
5.090413085937500000e+03
8.618180155754089355e-01
2.768526840209960938e+01
5.321828002929687500e+02
6.931657314300537109e+00
4.215502929687500000e+02
1.229041695594787598e+00
1.983307957649230957e+00
7.617280578613281250e+01
4.570633888244628906e+00
1.506279182434082031e+01
1.883335266113281250e+02
1.123984694480895996e+00
2.108258628845214844e+01
1.433373355865478516e+01
5.287005901336669922e+00
5.439409637451171875e+01
9.630329608917236328e-01
1.559558153152465820e+00
1.856484832763671875e+02
8.441247558593750000e+02
6.292536735534667969e+00
1.358878479003906250e+02
1.616944313049316406e+01
1.064107513427734375e+01
3.462489257812500000e+03
2.439684867858886719e+00
5.246165771484375000e+02
7.236570739746093750e+01
2.724393081665039062e+01
1.364759277343750000e+03
4.210529708862304688e+01
2.160389556884765625e+02
8.717382812500000000e+02
1.761208190917968750e+02
5.886511993408203125e+01
2.711051330566406250e+02
4.587137222290039062e+01
1.863862752914428711e+00
4.807578659057617188e+01
2.318251991271972656e+01
3.552314519882202148e+00
9.352479858398437500e+02
5.261347045898437500e+02
1.358068847656250000e+03
1.451477508544921875e+02
1.514866542816162109e+01
2.231464385986328125e+00
5.142604112625122070e-01
4.188053131103515625e+01
1.720723152160644531e+01
9.685349464416503906e+00
9.056754112243652344e-01
2.306875228881835938e+01
3.539797365665435791e-01
5.920387268066406250e+01
2.837228965759277344e+01
1.035815200805664062e+02
1.244507141113281250e+02
4.174464416503906250e+01
7.449577331542968750e+01
1.809401512145996094e+01
9.543696403503417969e+00
1.896185129880905151e-01
9.077906250000000000e+03
2.662691162109375000e+03
2.711299438476562500e+02
1.746560974121093750e+02
1.706398162841796875e+02
1.242405273437500000e+03
2.278397941589355469e+01
5.888171005249023438e+01
1.753180313110351562e+01
2.777176856994628906e+00
6.526633453369140625e+01
1.603265747070312500e+03
9.112922668457031250e+01
7.335795879364013672e+00
1.776128005981445312e+01
1.933679809570312500e+02
4.549269104003906250e+02
1.196028671264648438e+02
9.662695884704589844e+00
1.230034255981445312e+01
1.335029602050781250e-01
1.127216070890426636e-01
4.176248550415039062e+01
4.266422653198242188e+01
5.636412620544433594e+00
3.040526771545410156e+01
2.944689331054687500e+02
8.169593048095703125e+01
1.789736633300781250e+02
1.100432872772216797e+01
1.487747192382812500e+00
1.898662757873535156e+01
8.097953796386718750e+01
1.114989379882812500e+03
3.090359926223754883e+00
1.272493438720703125e+02
1.223637104034423828e+00
4.171667575836181641e+00
2.930497229099273682e-01
6.744172096252441406e+00
5.032897949218750000e+03
2.789796484375000000e+04
9.698282241821289062e+00
1.262625732421875000e+02
7.513133239746093750e+01
4.123212337493896484e+00
1.689593658447265625e+02
6.072396850585937500e+02
8.020417213439941406e+00
4.956215381622314453e+00
2.369216918945312500e+00
8.114958190917968750e+01
3.484598541259765625e+01
4.399041748046875000e+01
2.311829071044921875e+02
4.322223510742187500e+02
4.366285800933837891e+00
5.047371387481689453e+00
4.002143383026123047e+00
2.277234802246093750e+02
1.505714416503906250e+01
3.287458419799804688e+01
2.774042663574218750e+02
1.522347450256347656e+01
1.157548828125000000e+03
1.098556030273437500e+03
2.473025512695312500e+02
1.229799628257751465e+00
1.316755294799804688e+01
