2.617672830820083618e-02
1.247658804059028625e-01
4.015881102532148361e-03
1.987229101359844208e-03
2.197237499058246613e-02
3.631693124771118164e+00
1.642392948269844055e-02
1.808201544918119907e-03
5.255378782749176025e-03
3.510681986808776855e-01
1.176858879625797272e-02
2.394317090511322021e-02
4.544638097286224365e-02
2.328612282872200012e-02
1.804935862310230732e-03
1.092197187244892120e-02
1.377742039039731026e-03
8.046919479966163635e-03
2.009975723922252655e-02
6.537375156767666340e-04
3.466475009918212891e-02
2.405061200261116028e-02
1.247081905603408813e-01
1.956290379166603088e-02
1.694791555404663086e+00
7.301532197743654251e-03
4.093123599886894226e-02
5.301867052912712097e-02
7.022342830896377563e-02
4.732197523117065430e-01
5.278675234876573086e-04
1.653966901358217001e-04
6.428918801248073578e-03
3.248253464698791504e-02
3.195515275001525879e-02
1.172664295881986618e-02
4.108187276870012283e-03
3.607477992773056030e-04
6.576588843017816544e-03
4.500546958297491074e-03
1.458904296159744263e-01
8.430854231119155884e-02
2.855805680155754089e-03
8.041991233825683594e+00
1.365104615688323975e-01
9.112050384283065796e-02
7.434607949107885361e-03
4.083262681961059570e-01
1.629181206226348877e-03
2.602191083133220673e-02
1.143302619457244873e-01
3.872695937752723694e-02
8.699902892112731934e-02
2.269014157354831696e-02
5.794356693513691425e-04
2.063739579170942307e-03
3.193393349647521973e-03
9.617542847990989685e-03
2.341906726360321045e-02
7.457902908325195312e+00
1.206861902028322220e-02
9.340263366699218750e+00
1.300997845828533173e-02
3.719875123351812363e-03
6.798956543207168579e-02
2.296317182481288910e-02
1.488550454378128052e-01
1.409229077398777008e-02
5.588504076004028320e-01
5.898592472076416016e-01
1.077058695955201983e-04
9.871474504470825195e-01
1.307660830207169056e-03
7.085753232240676880e-02
6.603672355413436890e-02
1.860268414020538330e-02
4.846547264605760574e-03
4.207551106810569763e-02
1.900731399655342102e-02
1.001212280243635178e-02
1.072500944137573242e-01
1.460400409996509552e-02
1.636330783367156982e-02
2.101454883813858032e-04
2.032725838944315910e-03
2.020835643634200096e-03
4.518908826867118478e-05
2.359494194388389587e-02
4.721660017967224121e-01
5.197278223931789398e-04
9.139727801084518433e-03
6.965124513953924179e-03
1.454649260267615318e-03
4.326314106583595276e-02
9.940766030922532082e-04
7.471202015876770020e-01
2.269714623689651489e-01
9.303360432386398315e-02
1.090939622372388840e-03
9.050219506025314331e-02
1.818414211273193359e+00
3.491267561912536621e-02
1.276948605664074421e-03
1.852911151945590973e-02
1.309136301279067993e-02
4.230579733848571777e-01
4.641040042042732239e-02
1.174356415867805481e-02
2.922036498785018921e-02
1.058811694383621216e-01
6.253524869680404663e-02
2.323183417320251465e-01
4.637380316853523254e-02
1.017540618777275085e-01
1.354821678251028061e-02
3.991444781422615051e-02
4.172261059284210205e-02
7.426918949931859970e-03
2.767180325463414192e-03
3.701433166861534119e-02
1.374259940348565578e-03
1.207923316955566406e+01
3.571045994758605957e-01
5.179371833801269531e-01
1.682617003098130226e-04
1.656529605388641357e-01
1.377477962523698807e-02
3.390625352039933205e-04
5.982441455125808716e-02
3.225658088922500610e-02
8.085401654243469238e-01
1.986306346952915192e-02
3.262821352109313011e-03
1.737344893626868725e-03
4.612554609775543213e-02
1.004313118755817413e-02
2.851525507867336273e-02
1.242199778556823730e+00
1.708720177412033081e-01
4.731940031051635742e-01
1.083442941308021545e-02
6.188149098306894302e-03
8.253270387649536133e-01
7.156909704208374023e-01
1.760224151611328125e+01
3.230509907007217407e-02
2.386862635612487793e-01
1.004420872777700424e-02
6.459364295005798340e-02
5.961633287370204926e-03
1.150168292224407196e-02
8.070710301399230957e-02
1.759143918752670288e-01
2.381989546120166779e-02
1.189744025468826294e-01
1.141053810715675354e-02
1.932962425053119659e-02
3.456416726112365723e-02
1.005695667117834091e-03
4.648544825613498688e-03
4.001194983720779419e-02
4.252237267792224884e-04
6.864158064126968384e-02
1.869909167289733887e-01
2.592880129814147949e-01
1.109824329614639282e-01
8.419360220432281494e-02
1.768775433301925659e-01
1.067501425743103027e+00
6.243776879273355007e-04
2.015103772282600403e-02
1.165130361914634705e-01
9.910810331348329782e-05
7.517837919294834137e-03
3.235359117388725281e-02
1.431362509727478027e+00
1.822120323777198792e-02
1.056933868676424026e-02
1.115443278104066849e-02
1.228654533624649048e-01
3.384042158722877502e-02
3.432085365056991577e-02
1.005535125732421875e-01
4.448129981756210327e-02
9.386661648750305176e-01
1.256175898015499115e-02
6.320049520581960678e-03
3.403500095009803772e-02
3.997399806976318359e-01
2.720864303410053253e-02
2.103893905878067017e-01
1.957502029836177826e-02
1.445521338609978557e-04
1.048851311206817627e-01
1.911124289035797119e-01
2.334484644234180450e-02
2.873690426349639893e-01
4.420486837625503540e-02
4.318477585911750793e-03
2.836814150214195251e-02
3.551850793883204460e-03
4.672303050756454468e-02
1.277036406099796295e-02
2.549318410456180573e-02
4.576602485030889511e-03
3.155177924782037735e-03
1.186864748597145081e-01
1.398935413360595703e+01
3.507313318550586700e-03
2.102778991684317589e-03
2.476910129189491272e-03
3.023516945540904999e-02
1.209833790198899806e-04
9.853990077972412109e-01
2.508728764951229095e-02
2.076231479644775391e+00
1.864863783121109009e-01
2.087487466633319855e-02
3.825293097179383039e-04
3.442653715610504150e-01
4.374877512454986572e-01
3.010796615853905678e-03
3.415990155190229416e-03
2.472221106290817261e-02
5.945173688814975321e-05
7.484685629606246948e-02
1.323845004662871361e-03
2.703391313552856445e+00
2.039066702127456665e-01
7.837644778192043304e-03
1.485222391784191132e-02
1.171692833304405212e-02
2.013819478452205658e-02
2.111434936523437500e-03
9.229702502489089966e-02
1.473497692495584488e-02
7.823924720287322998e-02
3.674977226182818413e-03
2.375094890594482422e-01
2.817901549860835075e-04
8.129724860191345215e-02
2.102575078606605530e-02
1.254283636808395386e-01
2.815069397911429405e-03
1.075501646846532822e-02
9.309550747275352478e-03
2.832426689565181732e-02
6.616622209548950195e-02
2.863071113824844360e-02
4.637347161769866943e-02
2.643677592277526855e-02
5.270503163337707520e-01
9.600126941222697496e-05
7.625405490398406982e-02
1.213803049176931381e-02
1.469026505947113037e-01
2.963100910186767578e+00
3.034609742462635040e-02
7.515522651374340057e-03
9.893978387117385864e-02
5.070310551673173904e-03
7.113480824045836926e-04
1.054157495498657227e+00
2.693934366106987000e-02
4.058610647916793823e-03
3.333584964275360107e-02
1.022852584719657898e-02
1.253774642944335938e+00
3.972682636231184006e-03
5.170271266251802444e-03
1.519797921180725098e+00
2.940458618104457855e-02
5.269656181335449219e-01
2.058598212897777557e-03
1.208123983815312386e-03
9.681980125606060028e-03
1.091423537582159042e-02
7.449743337929248810e-03
2.021257728338241577e-01
6.044146418571472168e-01
1.393167674541473389e-01
1.114890817552804947e-02
8.361366577446460724e-03
8.095747791230678558e-03
1.275236281799152493e-04
6.990608293563127518e-03
3.628254652023315430e+00
1.187299847602844238e+00
6.283755064941942692e-04
4.874770343303680420e-02
8.597156032919883728e-03
1.505783060565590858e-03
1.179025322198867798e-01
2.708795294165611267e-02
7.570849265903234482e-04
9.775749407708644867e-03
2.558146789669990540e-02
3.100526519119739532e-02
1.520949721336364746e+00
5.286344513297080994e-02
1.214603543281555176e+00
3.704263269901275635e-01
8.359958976507186890e-02
6.232885122299194336e-01
1.359436988830566406e+00
1.236065197736024857e-02
1.076658722013235092e-02
7.220198214054107666e-02
5.732320249080657959e-03
1.250810921192169189e-01
8.676937818527221680e-01
5.491438508033752441e-02
1.370011642575263977e-02
3.740165829658508301e-01
4.411396570503711700e-03
2.386960573494434357e-02
8.672719122841954231e-04
3.858378529548645020e-01
1.822720631025731564e-03
5.225395783782005310e-03
1.912223994731903076e-01
7.100223447196185589e-04
1.000106707215309143e-02
4.017334058880805969e-02
3.033785615116357803e-03
4.551300406455993652e-01
3.432239172980189323e-03
3.766858717426657677e-03
9.195052087306976318e-03
2.106598578393459320e-03
1.924260752275586128e-03
2.634943425655364990e-01
6.142247468233108521e-03
1.395185384899377823e-02
6.848356686532497406e-03
8.208719082176685333e-03
5.812865216284990311e-03
5.055144894868135452e-03
1.581117324531078339e-02
1.336637735366821289e-01
2.214394509792327881e-03
3.777586098294705153e-04
3.986339550465345383e-03
1.216242432594299316e+00
6.623085937462747097e-04
9.156588464975357056e-03
1.411479860544204712e-01
4.951959475874900818e-02
2.619364671409130096e-02
2.748713269829750061e-02
8.662603795528411865e-02
1.075117364525794983e-01
6.549265526700764894e-05
1.331768184900283813e-02
3.626602003350853920e-03
2.185775898396968842e-03
2.059458382427692413e-02
2.031365036964416504e-02
4.609806090593338013e-02
4.608590528368949890e-02
2.326995506882667542e-02
7.427460514008998871e-04
1.851396635174751282e-02
7.931265048682689667e-03
1.390911489725112915e-01
1.025212462991476059e-02
9.488286823034286499e-02
9.731829632073640823e-04
1.181134283542633057e-01
2.829850709531456232e-04
8.379141241312026978e-02
9.533170610666275024e-02
8.823805302381515503e-02
1.640965789556503296e-02
6.159881353378295898e-01
2.552706515416502953e-03
7.393848616629838943e-03
4.175974987447261810e-03
1.058568060398101807e-02
1.660569384694099426e-02
4.966614022850990295e-02
1.448209979571402073e-03
2.058234453201293945e+00
8.360451459884643555e-02
1.795782893896102905e-02
3.429093599319458008e+00
1.018200492858886719e+01
6.669314578175544739e-03
7.480783970095217228e-04
4.284364113118499517e-04
2.792518399655818939e-02
5.268400534987449646e-03
2.664306759834289551e-02
4.208241462707519531e+00
1.568319130456075072e-04
3.004773139953613281e+00
1.162833645939826965e-01
1.360967103391885757e-02
6.265707197599112988e-04
4.252653103321790695e-03
1.390525722503662109e+01
7.264232635498046875e+01
7.404720306396484375e+01
6.849377155303955078e-01
2.388079261779785156e+01
1.261670351028442383e+00
2.876706237792968750e+02
8.806278228759765625e+00
6.780323791503906250e+01
9.375742912292480469e+00
1.383891296386718750e+02
1.646636199951171875e+01
4.235409545898437500e+01
5.707162618637084961e-01
7.807065486907958984e+00
9.576486206054687500e+01
5.542125320434570312e+01
1.667390136718750000e+02
8.118804931640625000e+01
5.279048442840576172e+00
3.240336990356445312e+01
3.878287315368652344e+00
6.970083713531494141e+00
3.930230712890625000e+01
3.037425994873046875e+00
4.964773654937744141e-01
1.273886718750000000e+02
5.657824707031250000e+02
8.570605468750000000e+02
2.230562438964843750e+02
4.940454959869384766e+00
3.201018571853637695e+00
5.931969642639160156e+00
3.063853149414062500e+02
7.556598186492919922e+00
6.544557094573974609e+00
4.383366405963897705e-01
5.376611277461051941e-02
2.794512033462524414e+00
1.066547698974609375e+02
8.423913574218750000e+02
1.926012992858886719e+01
7.309647798538208008e-01
4.473281555175781250e+02
1.594171905517578125e+01
1.082258605957031250e+02
8.556342315673828125e+01
9.785492897033691406e+00
4.499026834964752197e-01
5.495379028320312500e+02
1.434913482666015625e+02
1.979517745971679688e+01
1.175347328186035156e+01
1.480760097503662109e+01
2.831126451492309570e+00
6.717848777770996094e+00
4.513999462127685547e+00
2.852614521980285645e-01
1.694897460937500000e+01
8.499566650390625000e+02
1.737203521728515625e+02
4.369889526367187500e+02
5.526264190673828125e+00
3.984569168090820312e+01
3.618484735488891602e+00
2.176929664611816406e+01
4.594138717651367188e+01
1.334182495117187500e+03
3.052344970703125000e+02
3.725483322143554688e+01
5.197782814502716064e-02
7.337825012207031250e+01
9.222190380096435547e-01
1.245101852416992188e+02
5.845475196838378906e+00
9.686901092529296875e+00
6.755977272987365723e-01
8.059554100036621094e+00
1.946161193847656250e+02
3.214663696289062500e+01
2.276326560974121094e+01
4.111821174621582031e+00
6.833539962768554688e+00
2.454976844787597656e+01
6.896955490112304688e+00
2.391329193115234375e+01
9.796652942895889282e-02
1.096911811828613281e+01
1.352544593811035156e+01
2.792013406753540039e+00
9.145420074462890625e+00
3.277614593505859375e+01
3.526027679443359375e+01
1.145796871185302734e+01
6.908750915527343750e+01
1.218514328002929688e+02
2.401494979858398438e+00
5.942949829101562500e+02
7.347146272659301758e-01
2.433758544921875000e+02
1.828635215759277344e+00
1.871402359008789062e+01
1.812537074089050293e+00
1.143397598266601562e+02
3.177070808410644531e+01
6.583464050292968750e+01
1.727886438369750977e+00
1.872705688476562500e+03
2.542145080566406250e+02
7.996492981910705566e-01
2.815118730068206787e-01
5.779967041015625000e+02
1.432651824951171875e+02
1.124917507171630859e+00
3.135597991943359375e+01
8.840418243408203125e+01
6.341023635864257812e+01
1.220205402374267578e+01
7.334442138671875000e+01
1.080129337310791016e+01
1.480218353271484375e+02
5.381708496093750000e+03
2.454844055175781250e+02
1.214572067260742188e+02
2.140565633773803711e+00
1.823192901611328125e+02
1.934216499328613281e+01
2.560004949569702148e+00
5.290418701171875000e+02
6.242143630981445312e+01
2.228764648437500000e+02
1.534178066253662109e+01
2.953067719936370850e-01
1.878698921203613281e+01
1.689240813255310059e+00
2.244058847427368164e+00
1.182590365409851074e+00
2.923206176757812500e+02
3.719253234863281250e+02
2.278863067626953125e+02
2.795781707763671875e+01
1.532714843750000000e+00
4.120844421386718750e+02
1.689999580383300781e+01
4.762049255371093750e+02
2.659208679199218750e+01
3.186861877441406250e+02
1.229234814643859863e+00
3.501945877075195312e+01
9.337855224609375000e+02
3.614622056484222412e-01
4.492278137207031250e+02
4.259287643432617188e+01
3.536968827247619629e-01
1.197519836425781250e+02
2.354687309265136719e+01
1.799176335334777832e+00
7.407932877540588379e-01
3.722002744674682617e+00
1.579888582229614258e+00
7.316806030273437500e+02
1.278895111083984375e+02
1.168207397460937500e+02
2.456047630310058594e+01
1.524018402099609375e+02
3.744129943847656250e+01
3.567448425292968750e+01
2.110505218505859375e+02
5.064164123535156250e+02
7.087804794311523438e+00
7.362270832061767578e+00
8.675839233398437500e+02
1.247982263565063477e+00
5.104734420776367188e+00
2.771870117187500000e+02
1.752416801452636719e+01
6.635513305664062500e+00
4.287027740478515625e+01
2.110857725143432617e+00
1.755777549743652344e+01
6.304858207702636719e+00
2.004018974304199219e+01
2.787833557128906250e+02
3.785161495208740234e+00
1.326350000000000000e+04
3.531265735626220703e+00
4.217845797538757324e-01
1.415120220184326172e+01
3.461848754882812500e+02
4.440800857543945312e+01
2.512752532958984375e+00
1.417846679687500000e+02
6.918221950531005859e+00
5.489339447021484375e+01
1.118096466064453125e+02
1.648482441902160645e+00
4.753865432739257812e+01
9.817250967025756836e-01
3.763601303100585938e+00
2.008718967437744141e+00
1.282553768157958984e+01
5.459335803985595703e+00
5.650985240936279297e+00
3.152697563171386719e+01
4.582049942016601562e+01
5.007792115211486816e-01
3.671024703979492188e+01
5.038468627929687500e+02
5.166255950927734375e+00
3.177269172668457031e+01
5.274338245391845703e+00
1.966150641441345215e+00
9.501739144325256348e-01
3.095165527343750000e+03
1.505681705474853516e+01
2.748643493652343750e+02
5.557731151580810547e+00
2.613994140625000000e+02
1.059104442596435547e+00
1.656541900634765625e+02
2.682572998046875000e+03
7.084965705871582031e-02
1.804502964019775391e+00
6.589365844726562500e+02
2.310111999511718750e+00
8.605926513671875000e+02
2.902657032012939453e+00
1.521265888214111328e+01
5.921539783477783203e+00
1.010724925994873047e+01
9.183710068464279175e-02
8.125171661376953125e+00
1.770328640937805176e+00
2.884494323730468750e+02
3.273857498168945312e+01
1.543895912170410156e+01
3.744091033935546875e+00
2.169618225097656250e+01
1.450734329223632812e+01
1.045945763587951660e+00
3.065779418945312500e+02
7.106067657470703125e+01
1.048215389251708984e+01
1.456979846954345703e+01
1.240525054931640625e+02
6.147964859008789062e+01
1.287945709228515625e+02
3.999342620372772217e-01
3.300737060546875000e+03
6.424517154693603516e+00
5.207321929931640625e+01
2.377573204040527344e+01
7.981340289115905762e-01
3.879368591308593750e+02
7.427267456054687500e+01
5.763763189315795898e-01
3.638335876464843750e+02
4.508997726440429688e+01
3.050467729568481445e+00
1.734002441406250000e+03
5.093722534179687500e+01
4.830874633789062500e+01
4.266438674926757812e+01
3.910529479980468750e+02
1.474410858154296875e+02
1.020337600708007812e+02
2.459713172912597656e+01
7.273053588867187500e+02
2.842404544353485107e-01
8.143256187438964844e+00
5.373395385742187500e+02
1.256119441986083984e+01
3.569083557128906250e+02
1.131479740142822266e+00
4.336735606193542480e-01
3.045792007446289062e+01
5.019155025482177734e+00
4.967565059661865234e+00
4.929650115966796875e+01
5.023572444915771484e-01
1.078905773162841797e+01
3.038303375244140625e+00
4.839986324310302734e+00
2.637478637695312500e+01
8.636502623558044434e-01
1.271104693412780762e+00
4.543983459472656250e+02
1.407663818359375000e+03
1.971316218376159668e+00
1.241183013916015625e+02
1.429646396636962891e+01
6.454889297485351562e+00
2.158078125000000000e+03
4.020223617553710938e+00
9.817133331298828125e+01
1.622469711303710938e+01
2.072626304626464844e+01
6.205081176757812500e+02
1.304999923706054688e+01
1.299104766845703125e+02
4.424243164062500000e+02
7.457645416259765625e+01
3.906278228759765625e+01
2.468040008544921875e+02
2.585153198242187500e+01
2.668324232101440430e+00
4.290763854980468750e+01
1.310720539093017578e+01
1.011568260192871094e+01
1.016670410156250000e+03
5.372841796875000000e+02
4.251224365234375000e+02
4.162745056152343750e+02
6.923947811126708984e+00
3.444885969161987305e+00
5.204563140869140625e-01
1.552879524230957031e+01
9.126489639282226562e+00
6.619558811187744141e+00
1.222711563110351562e+00
4.300461769104003906e+00
6.610148549079895020e-01
1.471811218261718750e+02
3.517595672607421875e+01
4.903865432739257812e+01
1.557364044189453125e+02
1.349670505523681641e+01
4.526823806762695312e+01
1.498246192932128906e+01
8.435750961303710938e+00
3.113728463649749756e-01
5.487890136718750000e+03
9.340429077148437500e+02
6.711951446533203125e+01
1.001118850708007812e+02
6.256017684936523438e+01
6.020957031250000000e+02
3.177485847473144531e+01
1.168004035949707031e+01
2.313202285766601562e+01
1.794758081436157227e+00
4.410870361328125000e+01
7.987155151367187500e+02
4.866957473754882812e+01
6.376612663269042969e+00
3.536009550094604492e+00
8.404161071777343750e+01
6.516871948242187500e+02
5.231307220458984375e+01
1.389996051788330078e+01
1.376658630371093750e+01
9.435695409774780273e-02
7.780509442090988159e-02
2.217642402648925781e+01
1.269143867492675781e+01
3.664830684661865234e+00
9.837986946105957031e+00
1.356928863525390625e+02
3.374267959594726562e+01
8.092186737060546875e+01
3.572465896606445312e+00
1.443384647369384766e+00
4.566284656524658203e+00
1.741001510620117188e+01
9.259533691406250000e+02
1.352339982986450195e+00
6.302399826049804688e+01
6.042789816856384277e-01
4.485013484954833984e+00
1.674679666757583618e-01
1.320660781860351562e+01
2.646013183593750000e+03
1.893088281250000000e+04
3.033731937408447266e+00
9.639089965820312500e+01
5.535042190551757812e+01
3.896704673767089844e+00
1.108551940917968750e+02
4.761272583007812500e+02
2.794235229492187500e+00
3.892800092697143555e+00
7.957098960876464844e+00
6.283489608764648438e+01
1.635743522644042969e+01
7.094878673553466797e+00
2.395895233154296875e+02
7.357915649414062500e+02
6.745166301727294922e+00
2.969601631164550781e+00
2.474884986877441406e+00
1.513764343261718750e+02
2.863100290298461914e+00
1.394318962097167969e+01
2.342408447265625000e+02
1.562249469757080078e+01
4.281893615722656250e+02
8.811783447265625000e+02
1.174938583374023438e+02
1.590046286582946777e+00
2.663410377502441406e+01
