2.690916694700717926e-02
1.792066544294357300e-01
4.327659029513597488e-03
1.954571809619665146e-03
2.531169727444648743e-02
5.036867141723632812e+00
1.645839214324951172e-02
1.959527144208550453e-03
7.865871302783489227e-03
3.989810943603515625e-01
1.249483320862054825e-02
2.234950661659240723e-02
4.603196680545806885e-02
1.936542429029941559e-02
1.770292758010327816e-03
1.216605864465236664e-02
1.415509148500859737e-03
9.309502318501472473e-03
2.725451812148094177e-02
5.942515563219785690e-04
3.441828489303588867e-02
2.643782272934913635e-02
1.224954500794410706e-01
1.878460496664047241e-02
1.573720335960388184e+00
7.852870970964431763e-03
4.200161248445510864e-02
5.230764299631118774e-02
7.748731225728988647e-02
5.809200406074523926e-01
4.861304478254169226e-04
1.492659357609227300e-04
8.151194080710411072e-03
3.960381448268890381e-02
2.337109297513961792e-02
1.470753736793994904e-02
3.644959768280386925e-03
3.390310157556086779e-04
5.727849900722503662e-03
4.080005455762147903e-03
2.401515841484069824e-01
9.516567736864089966e-02
2.902643056586384773e-03
7.754109859466552734e+00
1.232416331768035889e-01
1.519857794046401978e-01
7.674046792089939117e-03
5.120275020599365234e-01
1.509100431576371193e-03
3.425227105617523193e-02
1.153158992528915405e-01
4.033600538969039917e-02
8.707093447446823120e-02
2.011698298156261444e-02
6.718725780956447124e-04
2.077413024380803108e-03
3.236054908484220505e-03
1.054890733212232590e-02
2.426339499652385712e-02
1.079336452484130859e+01
1.210469193756580353e-02
1.118594455718994141e+01
1.004116795957088470e-02
4.106675274670124054e-03
8.532347530126571655e-02
4.321784898638725281e-02
1.763475984334945679e-01
1.620521396398544312e-02
6.034855246543884277e-01
6.991852521896362305e-01
9.062160825124010444e-05
1.066659092903137207e+00
1.059898408129811287e-03
6.082186847925186157e-02
8.901042491197586060e-02
1.638485677540302277e-02
4.948321729898452759e-03
3.968526050448417664e-02
1.872667483985424042e-02
9.971900843083858490e-03
1.201343089342117310e-01
1.674099452793598175e-02
1.814586296677589417e-02
1.798031880753114820e-04
1.896055415272712708e-03
1.511587877757847309e-03
3.506495340843684971e-05
2.090397477149963379e-02
4.755859375000000000e-01
4.647613968700170517e-04
7.894402369856834412e-03
7.203457411378622055e-03
1.638705958612263203e-03
4.762917011976242065e-02
1.446590875275433064e-03
9.475085139274597168e-01
2.443455904722213745e-01
9.399735927581787109e-02
9.366424637846648693e-04
7.412470132112503052e-02
1.747173190116882324e+00
3.173559159040451050e-02
1.407631323672831059e-03
2.077286690473556519e-02
1.478714030236005783e-02
4.384400546550750732e-01
4.482600465416908264e-02
1.407856866717338562e-02
3.841527178883552551e-02
1.232666075229644775e-01
6.107217818498611450e-02
2.483466565608978271e-01
6.810909509658813477e-02
1.083116009831428528e-01
1.534113474190235138e-02
3.504980355501174927e-02
4.785225167870521545e-02
7.211853750050067902e-03
2.021922031417489052e-03
3.850373625755310059e-02
1.301523996517062187e-03
1.865431785583496094e+01
4.115000665187835693e-01
5.514340400695800781e-01
1.267570914933457971e-04
1.685730069875717163e-01
1.391026936471462250e-02
2.661397156771272421e-04
8.873403817415237427e-02
3.920289874076843262e-02
7.890827059745788574e-01
2.084851823747158051e-02
2.493123756721615791e-03
1.366931013762950897e-03
4.125789925456047058e-02
8.428661152720451355e-03
2.858624607324600220e-02
1.384275436401367188e+00
1.491021364927291870e-01
5.594702363014221191e-01
1.073052547872066498e-02
7.984546013176441193e-03
9.421897530555725098e-01
7.448031902313232422e-01
2.419956398010253906e+01
3.207987919449806213e-02
2.258553355932235718e-01
1.241574157029390335e-02
8.040692657232284546e-02
7.853099144995212555e-03
1.120283827185630798e-02
1.035820543766021729e-01
2.059068381786346436e-01
2.202222868800163269e-02
1.225284263491630554e-01
1.082982216030359268e-02
1.822803355753421783e-02
3.290696814656257629e-02
1.217149547301232815e-03
3.926087170839309692e-03
6.530536711215972900e-02
4.741732263937592506e-04
8.128120005130767822e-02
2.393432855606079102e-01
3.037329912185668945e-01
1.430911272764205933e-01
9.767965972423553467e-02
1.784369945526123047e-01
1.468201398849487305e+00
6.111306138336658478e-04
2.470412850379943848e-02
1.530809700489044189e-01
1.101364468922838569e-04
6.558325607329607010e-03
4.518937319517135620e-02
1.549298882484436035e+00
1.621988788247108459e-02
1.259741932153701782e-02
1.375527866184711456e-02
1.214412674307823181e-01
3.581532090902328491e-02
4.848659038543701172e-02
1.262865811586380005e-01
4.068321734666824341e-02
1.081269502639770508e+00
1.544864196330308914e-02
5.880622658878564835e-03
3.830520063638687134e-02
5.995984673500061035e-01
1.961702108383178711e-02
2.205344736576080322e-01
2.546947821974754333e-02
1.145785208791494370e-04
8.722940832376480103e-02
1.714064627885818481e-01
2.424817904829978943e-02
4.250086545944213867e-01
4.184691235423088074e-02
3.878846531733870506e-03
3.241005167365074158e-02
3.024822566658258438e-03
4.458054900169372559e-02
1.571105234324932098e-02
3.207858651876449585e-02
4.987610038369894028e-03
4.185266792774200439e-03
1.255741715431213379e-01
1.781687927246093750e+01
2.862490015104413033e-03
1.762015162967145443e-03
3.328941063955426216e-03
3.131528198719024658e-02
9.079305891646072268e-05
1.188651680946350098e+00
2.654251828789710999e-02
2.183512687683105469e+00
2.196269929409027100e-01
2.071678079664707184e-02
2.797372872009873390e-04
3.528226912021636963e-01
4.789352118968963623e-01
3.301758086308836937e-03
3.878101008012890816e-03
2.674281969666481018e-02
5.563985178014263511e-05
9.760485589504241943e-02
1.313257147558033466e-03
3.159100770950317383e+00
2.106804996728897095e-01
7.963997311890125275e-03
1.319957152009010315e-02
9.151415899395942688e-03
1.792083121836185455e-02
2.639969578012824059e-03
8.548124134540557861e-02
1.783381216228008270e-02
7.439292967319488525e-02
3.884741803631186485e-03
2.225923389196395874e-01
2.881036489270627499e-04
7.707512378692626953e-02
1.994986087083816528e-02
1.438398361206054688e-01
2.702582394704222679e-03
9.190914221107959747e-03
1.123885251581668854e-02
3.205465525388717651e-02
5.758281797170639038e-02
3.660712763667106628e-02
5.426210165023803711e-02
2.541042491793632507e-02
5.890089869499206543e-01
1.086271440726704895e-04
8.603010326623916626e-02
1.469368580728769302e-02
1.362774223089218140e-01
3.766421556472778320e+00
3.049484454095363617e-02
8.678386919200420380e-03
1.004825755953788757e-01
5.056128371506929398e-03
7.626594160683453083e-04
1.214901924133300781e+00
3.180453553795814514e-02
3.507457207888364792e-03
4.148880019783973694e-02
8.859774097800254822e-03
1.349296569824218750e+00
3.310922766104340553e-03
4.907002672553062439e-03
1.788626670837402344e+00
3.394322842359542847e-02
6.352915167808532715e-01
1.909082173369824886e-03
1.260099932551383972e-03
1.108758989721536636e-02
1.153381727635860443e-02
7.611782290041446686e-03
2.358299046754837036e-01
6.210570931434631348e-01
1.806353032588958740e-01
1.592152565717697144e-02
8.195526897907257080e-03
7.783344481140375137e-03
1.220387057401239872e-04
7.825112901628017426e-03
5.201488018035888672e+00
1.482485532760620117e+00
5.879111122339963913e-04
5.174076929688453674e-02
9.472279809415340424e-03
1.524531282484531403e-03
1.407889723777770996e-01
2.550447359681129456e-02
6.947875372134149075e-04
1.468231901526451111e-02
2.579022757709026337e-02
3.986521437764167786e-02
1.611828565597534180e+00
5.686246603727340698e-02
1.158771872520446777e+00
4.864793717861175537e-01
8.361580222845077515e-02
8.012115955352783203e-01
1.689945697784423828e+00
1.336421631276607513e-02
1.137836743146181107e-02
7.540693134069442749e-02
7.188514340668916702e-03
1.140644997358322144e-01
8.007052540779113770e-01
7.330726832151412964e-02
1.475684531033039093e-02
3.505673706531524658e-01
4.011064302176237106e-03
2.671391889452934265e-02
8.819272043183445930e-04
5.454317927360534668e-01
1.901650219224393368e-03
6.233597174286842346e-03
1.935618966817855835e-01
7.440171902999281883e-04
1.173803862184286118e-02
4.975315555930137634e-02
5.403216462582349777e-03
5.415663719177246094e-01
2.941024955362081528e-03
3.221639199182391167e-03
1.006575115025043488e-02
2.509946236386895180e-03
1.586137339472770691e-03
2.946643829345703125e-01
6.209487095475196838e-03
1.906031370162963867e-02
9.525045752525329590e-03
7.923361845314502716e-03
7.172962184995412827e-03
4.858877975493669510e-03
1.466763112694025040e-02
1.823430806398391724e-01
2.694865223020315170e-03
3.358485118951648474e-04
4.884342662990093231e-03
1.314794182777404785e+00
7.220159750431776047e-04
9.591566398739814758e-03
1.396070718765258789e-01
5.674778297543525696e-02
2.965772151947021484e-02
3.150368854403495789e-02
8.429165929555892944e-02
8.813343197107315063e-02
5.667824734700843692e-05
1.215995103120803833e-02
3.811475588008761406e-03
2.345417859032750130e-03
2.168376371264457703e-02
2.153982967138290405e-02
3.975254297256469727e-02
4.896336793899536133e-02
2.890619821846485138e-02
8.429706213064491749e-04
2.385516092181205750e-02
8.432210423052310944e-03
1.681134104728698730e-01
1.010024361312389374e-02
1.181998625397682190e-01
8.910696487873792648e-04
1.442777514457702637e-01
2.745174570009112358e-04
8.378993719816207886e-02
9.104484319686889648e-02
1.275625079870223999e-01
2.171021699905395508e-02
6.160041093826293945e-01
2.161606214940547943e-03
8.517635986208915710e-03
4.378648940473794937e-03
1.015089172869920731e-02
1.701860316097736359e-02
3.651024028658866882e-02
1.664345152676105499e-03
2.468391418457031250e+00
8.586266636848449707e-02
1.644362136721611023e-02
3.693623065948486328e+00
1.130693721771240234e+01
8.042815141379833221e-03
7.442858186550438404e-04
5.572551162913441658e-04
3.415389358997344971e-02
6.676333956420421600e-03
2.406483702361583710e-02
4.470701694488525391e+00
1.587193401064723730e-04
3.692952156066894531e+00
1.107359156012535095e-01
1.518488582223653793e-02
7.392544066533446312e-04
4.411718342453241348e-03
1.465290355682373047e+01
1.135061264038085938e+02
8.718280029296875000e+01
7.743641138076782227e-01
3.043219566345214844e+01
1.741255044937133789e+00
3.522908630371093750e+02
1.104093647003173828e+01
1.066623458862304688e+02
1.603161239624023438e+01
1.622617797851562500e+02
1.641495323181152344e+01
3.984294509887695312e+01
4.900683164596557617e-01
8.725726127624511719e+00
1.177044754028320312e+02
5.367697143554687500e+01
1.740619812011718750e+02
1.235243988037109375e+02
6.010524272918701172e+00
4.106880569458007812e+01
5.187885284423828125e+00
7.860303878784179688e+00
4.620341873168945312e+01
3.986819028854370117e+00
5.576372146606445312e-01
1.670650787353515625e+02
6.574874877929687500e+02
9.320968017578125000e+02
4.142982177734375000e+02
4.268785476684570312e+00
2.936651229858398438e+00
7.908675193786621094e+00
4.300911865234375000e+02
6.579753875732421875e+00
9.342969894409179688e+00
4.333060979843139648e-01
5.036444216966629028e-02
2.488189697265625000e+00
1.059866790771484375e+02
1.334519653320312500e+03
2.358213233947753906e+01
7.743116617202758789e-01
5.184363403320312500e+02
1.593280410766601562e+01
1.763345947265625000e+02
9.126324462890625000e+01
1.346132946014404297e+01
6.781401038169860840e-01
6.559308471679687500e+02
1.368782958984375000e+02
2.039215087890625000e+01
1.265132427215576172e+01
1.941648292541503906e+01
3.603837013244628906e+00
7.642986774444580078e+00
4.478548049926757812e+00
2.906802594661712646e-01
1.718147087097167969e+01
1.201736816406250000e+03
1.832528533935546875e+02
6.014727172851562500e+02
4.537446975708007812e+00
4.166450500488281250e+01
5.556359291076660156e+00
3.616221618652343750e+01
5.243458175659179688e+01
1.636508911132812500e+03
3.832644653320312500e+02
4.216005325317382812e+01
5.756855756044387817e-02
8.231704711914062500e+01
9.084695577621459961e-01
1.167355957031250000e+02
9.881300926208496094e+00
9.844725608825683594e+00
7.422213554382324219e-01
8.453211784362792969e+00
2.125310211181640625e+02
3.162453460693359375e+01
2.304010963439941406e+01
5.042437553405761719e+00
8.516489982604980469e+00
2.708739471435546875e+01
8.259435653686523438e+00
1.880665397644042969e+01
9.712801873683929443e-02
1.221388626098632812e+01
1.328619098663330078e+01
3.483725547790527344e+00
9.858145713806152344e+00
3.866255187988281250e+01
4.500322341918945312e+01
1.369206619262695312e+01
8.791084289550781250e+01
1.507982025146484375e+02
3.021338462829589844e+00
8.268286743164062500e+02
7.959178686141967773e-01
2.363695373535156250e+02
1.516952395439147949e+00
1.830361366271972656e+01
1.914728999137878418e+00
1.270685958862304688e+02
3.672124099731445312e+01
7.818023681640625000e+01
2.233982086181640625e+00
2.205055175781250000e+03
3.891648559570312500e+02
1.167931318283081055e+00
3.918033242225646973e-01
5.824577636718750000e+02
2.042286224365234375e+02
1.182110190391540527e+00
4.393335723876953125e+01
1.033194351196289062e+02
7.083205413818359375e+01
1.359908199310302734e+01
6.416748809814453125e+01
1.177597999572753906e+01
1.561301116943359375e+02
9.370268554687500000e+03
3.339592285156250000e+02
1.536922454833984375e+02
2.192484855651855469e+00
2.053121643066406250e+02
2.342551422119140625e+01
2.067722558975219727e+00
1.046624755859375000e+03
1.019085540771484375e+02
2.482596893310546875e+02
1.920471572875976562e+01
2.405196279287338257e-01
1.421386623382568359e+01
1.529097199440002441e+00
2.241928577423095703e+00
1.425536036491394043e+00
3.953583679199218750e+02
3.710242309570312500e+02
3.415337524414062500e+02
3.399173355102539062e+01
2.146612882614135742e+00
5.187868041992187500e+02
1.955856895446777344e+01
6.465725708007812500e+02
3.300621032714843750e+01
3.662820739746093750e+02
1.387086510658264160e+00
3.821042251586914062e+01
1.222312133789062500e+03
4.689523577690124512e-01
6.104392700195312500e+02
4.935378646850585938e+01
4.075533449649810791e-01
1.244276275634765625e+02
2.405641746520996094e+01
1.695605754852294922e+00
9.660223126411437988e-01
4.563633918762207031e+00
1.485847353935241699e+00
1.092379638671875000e+03
1.609267578125000000e+02
2.167294311523437500e+02
3.071591949462890625e+01
2.069791870117187500e+02
4.628508758544921875e+01
5.093981170654296875e+01
2.088042602539062500e+02
7.289375000000000000e+02
5.723695755004882812e+00
9.976129531860351562e+00
1.325583007812500000e+03
1.759393572807312012e+00
4.910291671752929688e+00
3.277106018066406250e+02
2.133944702148437500e+01
6.774570941925048828e+00
5.867134094238281250e+01
2.853359222412109375e+00
1.822415924072265625e+01
7.028680324554443359e+00
3.126187324523925781e+01
3.519500122070312500e+02
3.317072391510009766e+00
1.645578320312500000e+04
5.400644779205322266e+00
5.397892594337463379e-01
1.803730773925781250e+01
4.741292419433593750e+02
4.385543060302734375e+01
2.158079147338867188e+00
1.900425872802734375e+02
6.911432266235351562e+00
5.569223403930664062e+01
1.221682739257812500e+02
1.550430655479431152e+00
7.468431091308593750e+01
9.292525053024291992e-01
3.765167474746704102e+00
2.304124832153320312e+00
1.368935966491699219e+01
5.872234344482421875e+00
9.396648406982421875e+00
4.466411972045898438e+01
5.958877182006835938e+01
6.220570802688598633e-01
4.199843215942382812e+01
7.222940063476562500e+02
5.808488368988037109e+00
3.194522285461425781e+01
6.671677589416503906e+00
2.285697221755981445e+00
8.073101043701171875e-01
3.846610595703125000e+03
1.776121330261230469e+01
3.313669738769531250e+02
5.961445808410644531e+00
3.315904846191406250e+02
1.297931313514709473e+00
1.890461273193359375e+02
3.055373779296875000e+03
9.834573417901992798e-02
2.000468969345092773e+00
8.279037475585937500e+02
2.705062627792358398e+00
1.206171142578125000e+03
2.762154817581176758e+00
1.996979141235351562e+01
6.079992294311523438e+00
1.191955280303955078e+01
7.720568776130676270e-02
6.469998836517333984e+00
1.966460227966308594e+00
3.481151733398437500e+02
3.124226951599121094e+01
1.819816780090332031e+01
4.019618988037109375e+00
2.393160057067871094e+01
1.640044403076171875e+01
1.061029076576232910e+00
3.427988586425781250e+02
9.299130249023437500e+01
1.245489025115966797e+01
1.567285537719726562e+01
1.298942565917968750e+02
7.641265106201171875e+01
1.829919433593750000e+02
3.788506984710693359e-01
4.547542480468750000e+03
8.513771057128906250e+00
5.292250442504882812e+01
2.864028549194335938e+01
1.379388689994812012e+00
4.053311767578125000e+02
8.976034545898437500e+01
6.483814120292663574e-01
5.209270629882812500e+02
4.227111053466796875e+01
3.603109836578369141e+00
1.580519042968750000e+03
4.686767578125000000e+01
6.244284057617187500e+01
4.670172119140625000e+01
4.644355773925781250e+02
1.518635711669921875e+02
1.043888397216796875e+02
2.368567085266113281e+01
9.429622192382812500e+02
3.254193067550659180e-01
9.129634857177734375e+00
6.547496337890625000e+02
1.917601394653320312e+01
4.680574340820312500e+02
1.047309637069702148e+00
5.766541957855224609e-01
4.097290039062500000e+01
5.611434936523437500e+00
5.504323005676269531e+00
5.786107635498046875e+01
6.237235665321350098e-01
1.263136672973632812e+01
3.918944835662841797e+00
5.270117759704589844e+00
3.187518310546875000e+01
9.640933275222778320e-01
1.811755061149597168e+00
6.733419189453125000e+02
1.753473876953125000e+03
1.972348332405090332e+00
1.166180953979492188e+02
1.719421958923339844e+01
7.380535125732421875e+00
2.983392578125000000e+03
4.757612228393554688e+00
9.851821136474609375e+01
2.653960990905761719e+01
2.500499153137207031e+01
7.402094116210937500e+02
1.630531692504882812e+01
1.362667999267578125e+02
4.232100830078125000e+02
1.044738464355468750e+02
4.249240112304687500e+01
4.162707214355468750e+02
3.284392929077148438e+01
3.446818113327026367e+00
6.220236587524414062e+01
1.757722663879394531e+01
1.399943733215332031e+01
1.040669433593750000e+03
6.487392578125000000e+02
6.634026489257812500e+02
5.414932250976562500e+02
7.101634025573730469e+00
3.538450956344604492e+00
7.626875042915344238e-01
1.809109878540039062e+01
1.317302608489990234e+01
6.840132236480712891e+00
1.436033844947814941e+00
4.585782527923583984e+00
7.316617369651794434e-01
1.684114379882812500e+02
4.113365554809570312e+01
9.526446533203125000e+01
1.878148193359375000e+02
1.165322685241699219e+01
4.686420059204101562e+01
1.784620475769042969e+01
1.124100780487060547e+01
3.559305965900421143e-01
6.736123535156250000e+03
8.831722412109375000e+02
7.429913330078125000e+01
1.589506835937500000e+02
7.071768188476562500e+01
7.572720947265625000e+02
3.580613708496093750e+01
1.198154926300048828e+01
3.872645568847656250e+01
2.251750946044921875e+00
4.533689880371093750e+01
1.030013183593750000e+03
4.823299407958984375e+01
7.539182186126708984e+00
4.136192321777343750e+00
9.934417724609375000e+01
8.288232421875000000e+02
6.487042999267578125e+01
1.695567131042480469e+01
1.579571437835693359e+01
8.943734318017959595e-02
7.825706154108047485e-02
2.243497085571289062e+01
1.504122066497802734e+01
4.123662948608398438e+00
1.254690170288085938e+01
1.501603088378906250e+02
3.656768798828125000e+01
8.272553253173828125e+01
4.061831951141357422e+00
1.809746503829956055e+00
5.718101024627685547e+00
2.093991661071777344e+01
9.357141113281250000e+02
1.719298481941223145e+00
8.968457794189453125e+01
6.068440675735473633e-01
5.482721805572509766e+00
1.768991947174072266e-01
1.500333023071289062e+01
2.846574707031250000e+03
2.683159179687500000e+04
4.380432605743408203e+00
1.252605133056640625e+02
4.936252975463867188e+01
4.460879325866699219e+00
1.274826202392578125e+02
4.785440368652343750e+02
3.755987644195556641e+00
3.072761297225952148e+00
9.163289070129394531e+00
9.600068664550781250e+01
1.871811866760253906e+01
7.380450725555419922e+00
2.986073608398437500e+02
8.600671386718750000e+02
9.377785682678222656e+00
3.183008432388305664e+00
3.508657217025756836e+00
2.266830902099609375e+02
3.304581642150878906e+00
1.367432880401611328e+01
3.012303466796875000e+02
1.807485961914062500e+01
5.897865600585937500e+02
9.741377563476562500e+02
1.332554779052734375e+02
1.805468440055847168e+00
3.333297729492187500e+01
