3.433705121278762817e-02
1.383214741945266724e-01
7.516461424529552460e-03
2.736902330070734024e-03
4.137028753757476807e-02
6.644205093383789062e+00
2.471702359616756439e-02
5.088443867862224579e-03
8.791334927082061768e-03
7.294270992279052734e-01
1.211312133818864822e-02
2.414235472679138184e-02
7.797083258628845215e-02
1.939942687749862671e-02
1.942151458933949471e-03
2.093885093927383423e-02
3.891115542501211166e-03
7.308178115636110306e-03
2.848624624311923981e-02
9.430857026018202305e-04
1.509289592504501343e-01
3.179151937365531921e-02
2.941255569458007812e-01
4.773544147610664368e-02
1.054675459861755371e+00
2.001219056546688080e-02
8.142733573913574219e-02
5.457868799567222595e-02
1.179545149207115173e-01
1.189412951469421387e+00
9.307415457442402840e-04
1.680950517766177654e-04
8.289033547043800354e-03
3.979409858584403992e-02
7.610797137022018433e-02
1.266355440020561218e-02
8.763694204390048981e-03
6.699019577354192734e-04
1.088279485702514648e-02
9.215787984430789948e-03
2.727796733379364014e-01
1.345760673284530640e-01
2.842867048457264900e-03
1.637989425659179688e+01
2.059800773859024048e-01
1.580215245485305786e-01
8.401171304285526276e-03
4.818044900894165039e-01
6.471927743405103683e-03
1.775930635631084442e-02
1.858272850513458252e-01
5.865115299820899963e-02
1.341883242130279541e-01
5.829961597919464111e-02
8.266999502666294575e-04
3.067817306146025658e-03
7.184867747128009796e-03
1.257681474089622498e-02
3.465974330902099609e-02
9.251858711242675781e+00
1.728029549121856689e-02
1.472212600708007812e+01
1.595155708491802216e-02
4.676268436014652252e-03
1.493550688028335571e-01
3.097217343747615814e-02
1.637652665376663208e-01
1.609360985457897186e-02
8.747723698616027832e-01
8.874198198318481445e-01
2.282761561218649149e-04
1.644100427627563477e+00
1.445502857677638531e-03
3.630421683192253113e-02
1.133620515465736389e-01
5.468183010816574097e-02
8.301018737256526947e-03
7.477075606584548950e-02
5.487952008843421936e-02
1.692449487745761871e-02
1.093724742531776428e-01
2.718140929937362671e-02
2.660422772169113159e-02
4.080327926203608513e-04
5.651826504617929459e-03
2.527012024074792862e-03
5.534249430638737977e-05
5.081260204315185547e-02
7.907803654670715332e-01
1.317769172601401806e-03
1.455657556653022766e-02
1.383610628545284271e-02
2.061016391962766647e-03
1.179759800434112549e-01
8.134044473990797997e-04
8.809677958488464355e-01
7.058336734771728516e-01
1.083398535847663879e-01
2.030718373134732246e-03
9.622848033905029297e-02
2.164424419403076172e+00
6.500159949064254761e-02
1.614723936654627323e-03
3.049807250499725342e-02
2.313789539039134979e-02
6.497495770454406738e-01
1.094634681940078735e-01
2.032369188964366913e-02
4.304339736700057983e-02
2.255961000919342041e-01
1.819422543048858643e-01
3.632125854492187500e-01
6.755834817886352539e-02
8.915027976036071777e-02
2.005239017307758331e-02
5.821158736944198608e-02
8.050136268138885498e-02
9.266387671232223511e-03
3.869600361213088036e-03
7.246913760900497437e-02
1.142563531175255775e-03
1.217590522766113281e+01
8.014958500862121582e-01
4.880216419696807861e-01
2.073065843433141708e-04
2.894592583179473877e-01
1.870181784033775330e-02
8.896202198229730129e-04
9.067264199256896973e-02
6.540460884571075439e-02
1.908758044242858887e+00
5.957818403840065002e-02
4.111048299819231033e-03
2.274372614920139313e-03
6.443702429533004761e-02
2.748308330774307251e-02
5.390104278922080994e-02
3.427421331405639648e+00
2.471796572208404541e-01
5.088983774185180664e-01
2.470935322344303131e-02
1.268356386572122574e-02
1.035233736038208008e+00
8.474007248878479004e-01
3.724048995971679688e+01
3.643192723393440247e-02
3.147837519645690918e-01
1.586741022765636444e-02
7.552798837423324585e-02
1.494080014526844025e-02
2.369174547493457794e-02
1.025128215551376343e-01
1.730297803878784180e-01
2.599170804023742676e-02
1.187153384089469910e-01
1.951299980282783508e-02
2.752741239964962006e-02
5.997491255402565002e-02
2.641102764755487442e-03
8.213480003178119659e-03
4.897685348987579346e-02
5.065148579888045788e-04
1.890014857053756714e-01
4.877416491508483887e-01
3.996072113513946533e-01
1.790479719638824463e-01
1.843379139900207520e-01
1.929378062486648560e-01
1.256382822990417480e+00
5.212735850363969803e-04
2.716952748596668243e-02
1.918335258960723877e-01
1.138856605393812060e-04
1.548916567116975784e-02
6.155690923333168030e-02
2.373568296432495117e+00
3.213284909725189209e-02
1.469990238547325134e-02
1.905308477580547333e-02
1.207813546061515808e-01
6.695943325757980347e-02
4.382845014333724976e-02
2.189337462186813354e-01
5.095235258340835571e-02
1.745232224464416504e+00
1.633579470217227936e-02
7.482888642698526382e-03
8.613621443510055542e-02
4.056732952594757080e-01
5.011403188109397888e-02
2.220825701951980591e-01
4.768992960453033447e-02
4.242440918460488319e-04
1.465729326009750366e-01
4.023328125476837158e-01
2.512007951736450195e-02
3.125472366809844971e-01
1.021845936775207520e-01
6.031990516930818558e-03
4.080507159233093262e-02
4.576233681291341782e-03
4.390854388475418091e-02
2.021257393062114716e-02
2.686299569904804230e-02
1.085937954485416412e-02
3.701244015246629715e-03
2.849586904048919678e-01
1.611461257934570312e+01
7.032859604805707932e-03
4.473978653550148010e-03
7.079554256051778793e-03
6.729059666395187378e-02
1.903709635371342301e-04
1.264223098754882812e+00
3.654615581035614014e-02
2.979529857635498047e+00
9.208726882934570312e-02
2.210973389446735382e-02
8.566595497541129589e-04
6.021170020103454590e-01
4.785090088844299316e-01
1.221330836415290833e-02
2.702471567317843437e-03
2.687585167586803436e-02
1.552450266899541020e-04
6.338300555944442749e-02
1.751962467096745968e-03
4.349147319793701172e+00
4.383734762668609619e-01
9.295263327658176422e-03
2.930487506091594696e-02
1.689678058028221130e-02
4.211935028433799744e-02
3.670343430712819099e-03
2.926582098007202148e-01
2.778251282870769501e-02
2.038779705762863159e-01
5.893184337764978409e-03
2.444065362215042114e-01
5.617847782559692860e-04
6.810703128576278687e-02
7.667434215545654297e-02
2.165614366531372070e-01
5.705606192350387573e-03
1.419895142316818237e-02
1.236077491194009781e-02
4.750959947705268860e-02
9.700235724449157715e-02
5.148313567042350769e-02
1.250547319650650024e-01
4.100253432989120483e-02
1.473748445510864258e+00
1.103219910874031484e-04
9.202826768159866333e-02
1.905467547476291656e-02
4.004110097885131836e-01
3.166845798492431641e+00
2.446249313652515411e-02
1.780169829726219177e-02
2.301081717014312744e-01
5.156581755727529526e-03
1.065845950506627560e-03
1.608678579330444336e+00
3.649537265300750732e-02
5.355889443308115005e-03
3.106173500418663025e-02
1.703017950057983398e-02
1.628752470016479492e+00
1.277939137071371078e-02
7.961658760905265808e-03
2.565716028213500977e+00
4.290565103292465210e-02
8.977950811386108398e-01
3.497062949463725090e-03
2.091577975079417229e-03
2.110533043742179871e-02
1.059662457555532455e-02
1.356757991015911102e-02
4.652601182460784912e-01
1.867904543876647949e+00
2.009381055831909180e-01
1.483890786767005920e-02
9.638744406402111053e-03
1.164763141423463821e-02
3.794836811721324921e-04
6.377462297677993774e-03
6.637261867523193359e+00
1.633716344833374023e+00
6.872826488688588142e-04
7.197284698486328125e-02
1.611800119280815125e-02
1.892779138870537281e-03
9.536232799291610718e-02
3.499703109264373779e-02
1.293164561502635479e-03
3.295809775590896606e-02
3.587134554982185364e-02
7.244134694337844849e-02
2.869580030441284180e+00
5.517195537686347961e-02
7.620297670364379883e-01
1.022445440292358398e+00
1.160052865743637085e-01
1.024241089820861816e+00
2.222506523132324219e+00
8.967164903879165649e-03
4.330427199602127075e-02
6.242714449763298035e-02
8.243625052273273468e-03
1.423459053039550781e-01
7.823109030723571777e-01
4.648002982139587402e-02
8.874827064573764801e-03
3.148609995841979980e-01
4.569169133901596069e-03
4.446692019701004028e-02
1.169123337604105473e-03
7.029083967208862305e-01
3.906534984707832336e-03
6.441576406359672546e-03
4.905350804328918457e-01
1.745597459375858307e-03
1.094112265855073929e-02
4.074679315090179443e-02
7.911265827715396881e-03
4.470299780368804932e-01
1.008274685591459274e-02
6.825620774179697037e-03
7.738008629530668259e-03
3.688125871121883392e-03
5.438191350549459457e-03
3.303487002849578857e-01
6.195208523422479630e-03
1.604462414979934692e-02
8.509480394423007965e-03
1.821429654955863953e-02
4.811817314475774765e-03
5.015018861740827560e-03
3.003891184926033020e-02
2.493055909872055054e-01
2.807611832395195961e-03
1.026642858050763607e-03
5.906338803470134735e-03
1.978658914566040039e+00
1.381404115818440914e-03
1.621520891785621643e-02
1.845799982547760010e-01
3.560483828186988831e-02
5.370115861296653748e-02
3.897672519087791443e-02
1.085985675454139709e-01
2.326191514730453491e-01
1.224797888426110148e-04
2.564626000821590424e-02
5.810113158077001572e-03
2.164857462048530579e-03
3.046991676092147827e-02
2.861947752535343170e-02
5.230917781591415405e-02
7.039108127355575562e-02
2.522275038063526154e-02
1.539993681944906712e-03
2.764407545328140259e-02
9.681546129286289215e-03
1.415284574031829834e-01
2.712414972484111786e-02
1.102052032947540283e-01
2.366123953834176064e-03
1.527853459119796753e-01
5.512697389349341393e-04
2.452444434165954590e-01
1.717278510332107544e-01
5.629327893257141113e-02
2.265396155416965485e-02
8.742705583572387695e-01
2.284110756590962410e-03
1.376935560256242752e-02
7.263150997459888458e-03
3.073133714497089386e-02
3.381768241524696350e-02
7.215064764022827148e-02
1.662143506109714508e-03
4.847032546997070312e+00
1.291785687208175659e-01
2.633181400597095490e-02
4.049818515777587891e+00
1.188869953155517578e+01
1.329435221850872040e-02
8.597114938311278820e-04
8.187323692254722118e-04
4.108802601695060730e-02
5.805604625493288040e-03
3.081260435283184052e-02
1.028208065032958984e+01
2.388128486927598715e-04
4.447689533233642578e+00
1.168677806854248047e-01
2.890286967158317566e-02
7.029107655398547649e-04
4.864912945777177811e-03
9.222077369689941406e+00
1.302353668212890625e+02
1.332939910888671875e+02
9.491247534751892090e-01
4.186196517944335938e+01
2.256717920303344727e+00
6.662485351562500000e+02
1.474746990203857422e+01
1.221950759887695312e+02
1.094292163848876953e+01
2.698656616210937500e+02
2.000626754760742188e+01
1.208284912109375000e+02
7.059585452079772949e-01
2.037874221801757812e+01
1.222267227172851562e+02
1.404453582763671875e+02
1.952815246582031250e+02
1.792764587402343750e+02
1.289966201782226562e+01
8.870842742919921875e+01
5.077339649200439453e+00
1.150787162780761719e+01
7.291745758056640625e+01
2.820690870285034180e+00
5.885614752769470215e-01
3.438815307617187500e+02
6.924440307617187500e+02
1.881579589843750000e+03
5.342208862304687500e+02
1.449440670013427734e+01
5.432274341583251953e+00
1.304151344299316406e+01
3.591030273437500000e+02
2.222912788391113281e+01
1.576824665069580078e+01
1.490826964378356934e+00
8.689799159765243530e-02
6.390105247497558594e+00
1.462673950195312500e+02
1.130377929687500000e+03
2.420041275024414062e+01
1.397521018981933594e+00
5.422769775390625000e+02
3.091397666931152344e+01
1.283144073486328125e+02
1.055839462280273438e+02
2.237361335754394531e+01
1.260447859764099121e+00
1.118668212890625000e+03
2.686188964843750000e+02
5.638438415527343750e+01
1.442856884002685547e+01
3.051131248474121094e+01
6.450714588165283203e+00
1.125197505950927734e+01
6.592376708984375000e+00
3.894447386264801025e-01
2.419907951354980469e+01
1.972412597656250000e+03
7.116162109375000000e+02
5.673791503906250000e+02
1.322456169128417969e+01
7.678285980224609375e+01
6.331147670745849609e+00
8.686411285400390625e+01
5.592028427124023438e+01
3.496421630859375000e+03
2.226429901123046875e+02
8.525089263916015625e+01
9.170349687337875366e-02
2.801481933593750000e+02
2.522758245468139648e+00
2.192628326416015625e+02
1.057365512847900391e+01
1.408598995208740234e+01
1.644110083580017090e+00
1.202604389190673828e+01
3.948745422363281250e+02
3.408437728881835938e+01
3.819609832763671875e+01
7.022676944732666016e+00
1.019229888916015625e+01
4.101506423950195312e+01
1.096923351287841797e+01
3.575868606567382812e+01
1.726200729608535767e-01
1.701394081115722656e+01
2.575094985961914062e+01
3.826676845550537109e+00
2.433162689208984375e+01
4.616877746582031250e+01
4.439791870117187500e+01
2.112477493286132812e+01
8.967875671386718750e+01
5.100530395507812500e+02
5.099066734313964844e+00
5.970282592773437500e+02
7.303778529167175293e-01
7.234525146484375000e+02
2.879069328308105469e+00
3.171961975097656250e+01
4.743007183074951172e+00
1.405528869628906250e+02
7.400590515136718750e+01
2.096568908691406250e+02
3.330414533615112305e+00
5.281675292968750000e+03
4.873425292968750000e+02
1.743452906608581543e+00
9.816013574600219727e-01
1.220293701171875000e+03
2.406242980957031250e+02
2.142991304397583008e+00
3.597596740722656250e+01
1.329254150390625000e+02
1.569777679443359375e+02
1.770150756835937500e+01
9.801141357421875000e+01
1.284380912780761719e+01
3.330519714355468750e+02
6.088070800781250000e+03
7.828510131835937500e+02
1.914408874511718750e+02
5.994855880737304688e+00
5.684442138671875000e+02
4.739115524291992188e+01
3.854614734649658203e+00
8.321389770507812500e+02
8.623532104492187500e+01
8.599014892578125000e+02
4.543195724487304688e+01
5.339652299880981445e-01
5.229426956176757812e+01
2.883274078369140625e+00
3.238750457763671875e+00
8.439495563507080078e-01
8.482205810546875000e+02
8.526532592773437500e+02
3.224118652343750000e+02
4.862887573242187500e+01
3.149514675140380859e+00
6.856255493164062500e+02
3.422381591796875000e+01
1.245367919921875000e+03
5.431702804565429688e+01
6.555678100585937500e+02
2.722573518753051758e+00
1.026355743408203125e+02
2.855763916015625000e+03
8.071045279502868652e-01
7.618253784179687500e+02
4.202238845825195312e+01
5.565069913864135742e-01
1.653492431640625000e+02
5.933458328247070312e+01
2.929555416107177734e+00
1.134232044219970703e+00
8.429074287414550781e+00
4.123947620391845703e+00
1.025463500976562500e+03
1.714954986572265625e+02
2.131369934082031250e+02
5.802574920654296875e+01
2.319013214111328125e+02
1.276367492675781250e+02
1.119220886230468750e+02
3.990950622558593750e+02
1.438296875000000000e+03
1.711293220520019531e+01
1.124089527130126953e+01
2.002671264648437500e+03
3.711489200592041016e+00
7.067244529724121094e+00
6.451564941406250000e+02
2.855096626281738281e+01
1.357827568054199219e+01
6.932769012451171875e+01
5.342639923095703125e+00
2.581300163269042969e+01
2.325636863708496094e+01
3.576543045043945312e+01
3.975723266601562500e+02
8.905836105346679688e+00
2.328225195312500000e+04
5.655961036682128906e+00
7.098062634468078613e-01
3.915880203247070312e+01
8.889105834960937500e+02
7.343366241455078125e+01
1.028067588806152344e+01
4.762478332519531250e+02
1.282308292388916016e+01
7.608237457275390625e+01
2.745306091308593750e+02
2.909776449203491211e+00
1.072641906738281250e+02
1.742019414901733398e+00
1.595345973968505859e+01
4.092576980590820312e+00
2.431316184997558594e+01
1.514072132110595703e+01
8.195754051208496094e+00
4.413332748413085938e+01
5.988241577148437500e+01
1.510740041732788086e+00
1.418548583984375000e+02
5.819816284179687500e+02
9.213918685913085938e+00
5.238987350463867188e+01
1.071821784973144531e+01
8.680314064025878906e+00
1.838604092597961426e+00
5.719616699218750000e+03
2.237305259704589844e+01
6.009194335937500000e+02
3.903090238571166992e+00
2.736974792480468750e+02
2.125646352767944336e+00
2.270652008056640625e+02
4.587429199218750000e+03
2.174922227859497070e-01
2.717009305953979492e+00
1.509382080078125000e+03
4.801140308380126953e+00
1.523066772460937500e+03
5.147827148437500000e+00
4.168418884277343750e+01
1.542718791961669922e+01
1.296652793884277344e+01
8.825878053903579712e-02
2.039405632019042969e+01
4.472358226776123047e+00
7.051530761718750000e+02
1.093953323364257812e+02
2.012258338928222656e+01
9.298775672912597656e+00
3.407351303100585938e+01
2.562432098388671875e+01
2.238088607788085938e+00
6.982843627929687500e+02
2.208079071044921875e+02
1.759585189819335938e+01
3.267390060424804688e+01
2.060621795654296875e+02
1.245846633911132812e+02
2.188556671142578125e+02
6.645492911338806152e-01
9.581936523437500000e+03
1.357951545715332031e+01
8.520367431640625000e+01
2.718202209472656250e+01
1.153076529502868652e+00
1.423574462890625000e+03
1.422123870849609375e+02
1.115582466125488281e+00
1.047974609375000000e+03
7.368575286865234375e+01
1.206694221496582031e+01
4.161038574218750000e+03
8.957597351074218750e+01
8.487493133544921875e+01
7.571622467041015625e+01
1.099447998046875000e+03
3.193395385742187500e+02
3.232656250000000000e+02
4.212073898315429688e+01
2.169656005859375000e+03
8.692693114280700684e-01
1.655750846862792969e+01
4.888341674804687500e+02
1.427153205871582031e+01
7.535748291015625000e+02
1.474025487899780273e+00
1.433875322341918945e+00
7.520997619628906250e+01
6.070948600769042969e+00
1.251252651214599609e+01
1.775178985595703125e+02
1.113954305648803711e+00
2.385132408142089844e+01
8.730683326721191406e+00
8.612779617309570312e+00
3.941697311401367188e+01
2.036315441131591797e+00
1.617168545722961426e+00
3.967305297851562500e+02
1.307505737304687500e+03
6.068321704864501953e+00
1.555293579101562500e+02
2.512084388732910156e+01
1.201462078094482422e+01
2.325726318359375000e+03
6.158598899841308594e+00
3.616446838378906250e+02
5.795084381103515625e+01
3.798473739624023438e+01
1.320019042968750000e+03
4.359681701660156250e+01
2.420244903564453125e+02
6.859077148437500000e+02
2.099341888427734375e+02
8.559590148925781250e+01
3.136619567871093750e+02
5.793697357177734375e+01
2.483976602554321289e+00
5.487232971191406250e+01
2.257516479492187500e+01
1.324029827117919922e+01
1.216266113281250000e+03
6.092862548828125000e+02
8.568460083007812500e+02
3.277815551757812500e+02
1.572851085662841797e+01
4.575823783874511719e+00
9.774487614631652832e-01
4.007089233398437500e+01
2.125594329833984375e+01
1.098166084289550781e+01
1.912212967872619629e+00
1.762693977355957031e+01
1.026000261306762695e+00
1.397777252197265625e+02
4.488297653198242188e+01
1.148331527709960938e+02
1.484888305664062500e+02
3.276380920410156250e+01
9.376766967773437500e+01
2.414087104797363281e+01
8.215664863586425781e+00
3.561926186084747314e-01
9.196798828125000000e+03
2.898399169921875000e+03
2.152511901855468750e+02
2.052586212158203125e+02
1.436060028076171875e+02
1.046114868164062500e+03
2.802847480773925781e+01
4.019540786743164062e+01
2.203363800048828125e+01
4.232255458831787109e+00
7.394276428222656250e+01
2.062732421875000000e+03
7.660830688476562500e+01
1.340130329132080078e+01
8.921219825744628906e+00
1.944052124023437500e+02
5.108226623535156250e+02
1.116591339111328125e+02
1.501130199432373047e+01
2.076173400878906250e+01
1.087199673056602478e-01
1.928782165050506592e-01
4.355464553833007812e+01
3.923888397216796875e+01
6.263873577117919922e+00
2.242169952392578125e+01
2.887542419433593750e+02
5.377880859375000000e+01
1.656705322265625000e+02
1.213128757476806641e+01
2.671347618103027344e+00
1.363550567626953125e+01
4.251975250244140625e+01
1.444895263671875000e+03
2.439330339431762695e+00
1.259035263061523438e+02
1.795999407768249512e+00
7.154973030090332031e+00
3.345960676670074463e-01
1.768599700927734375e+01
4.675865722656250000e+03
1.980132421875000000e+04
6.829472064971923828e+00
1.211767578125000000e+02
9.071630859375000000e+01
6.692503929138183594e+00
1.643036193847656250e+02
7.796380004882812500e+02
9.874692916870117188e+00
6.997885227203369141e+00
5.104085445404052734e+00
1.013544921875000000e+02
4.038815689086914062e+01
2.512954139709472656e+01
3.321573181152343750e+02
6.946988525390625000e+02
6.349069118499755859e+00
5.784044742584228516e+00
4.812215328216552734e+00
2.557819519042968750e+02
1.179240417480468750e+01
3.811952209472656250e+01
3.976145935058593750e+02
1.963373756408691406e+01
8.443002929687500000e+02
1.127660278320312500e+03
2.084812316894531250e+02
2.440412759780883789e+00
3.211198043823242188e+01
