6.930912286043167114e-02
2.068904787302017212e-01
6.002535298466682434e-02
3.131364705041050911e-03
5.470076575875282288e-02
4.773630201816558838e-01
3.091255761682987213e-02
1.250138878822326660e-02
6.103350222110748291e-02
1.818479150533676147e-01
1.874539852142333984e-01
7.353521883487701416e-02
7.962000370025634766e-02
1.673729158937931061e-02
1.351864822208881378e-02
5.458945035934448242e-02
3.789748298004269600e-03
3.726964816451072693e-02
2.362951822578907013e-02
1.039686705917119980e-02
1.380249299108982086e-02
1.389472372829914093e-02
1.629300266504287720e-01
2.702364698052406311e-02
3.810753583908081055e+00
1.098254136741161346e-02
2.975126169621944427e-02
1.700271666049957275e-01
3.568922877311706543e-01
1.397125720977783203e+00
3.006524173542857170e-03
1.209533889777958393e-03
9.027320146560668945e-02
1.859368532896041870e-01
1.489467080682516098e-02
2.409956008195877075e-01
1.640492491424083710e-02
2.308954251930117607e-03
6.048357486724853516e-02
2.330633439123630524e-02
6.201229691505432129e-01
1.585048735141754150e-01
3.744524344801902771e-02
3.994178771972656250e+00
3.265112340450286865e-01
1.249816715717315674e-01
2.493105456233024597e-02
1.116482734680175781e+00
2.940196311101317406e-03
4.613006412982940674e-01
1.369271278381347656e-01
4.012200608849525452e-02
4.024732112884521484e-01
8.128137886524200439e-02
4.633737262338399887e-03
7.519408129155635834e-03
7.729806937277317047e-03
1.331920027732849121e-01
2.495523355901241302e-02
1.573294353485107422e+01
1.474242005497217178e-02
5.211423397064208984e+00
2.336800098419189453e-02
2.542046643793582916e-02
1.420435011386871338e-01
2.039522677659988403e-01
3.895944654941558838e-01
7.235725224018096924e-02
2.095548391342163086e+00
8.308899402618408203e-01
3.037483838852494955e-04
7.204974293708801270e-01
6.539401598274707794e-03
1.074888110160827637e+00
1.650784462690353394e-01
4.766033217310905457e-02
1.803853549063205719e-02
2.980297990143299103e-02
3.327129781246185303e-02
3.144266083836555481e-02
3.867563307285308838e-01
3.064715489745140076e-02
1.048877611756324768e-01
1.815955736674368382e-03
5.265693180263042450e-03
6.148618180304765701e-03
2.739995834417641163e-04
3.051450289785861969e-02
9.331969618797302246e-01
1.336169894784688950e-03
1.499934121966362000e-02
1.008446142077445984e-01
1.704585924744606018e-02
5.233362689614295959e-02
3.081788681447505951e-02
6.744620800018310547e-01
1.819238215684890747e-01
6.142000555992126465e-01
1.071794051676988602e-02
1.434622108936309814e-01
8.739387989044189453e-01
5.866790935397148132e-02
5.888813175261020660e-03
3.026662953197956085e-02
4.668807610869407654e-02
2.614279389381408691e-01
7.838603854179382324e-02
9.439682215452194214e-02
7.412240505218505859e-01
7.343269139528274536e-02
1.945290714502334595e-02
1.835935711860656738e-01
1.245102360844612122e-01
5.419343113899230957e-01
5.984003841876983643e-02
9.128108620643615723e-02
9.060744196176528931e-02
2.219361253082752228e-02
5.983394104987382889e-03
2.887549065053462982e-02
3.616547910496592522e-03
3.641371154785156250e+01
4.830069541931152344e-01
1.031615495681762695e+00
1.250863308086991310e-03
3.512107208371162415e-02
1.708298921585083008e-02
8.847409044392406940e-04
2.304452508687973022e-01
5.521480366587638855e-02
6.054513454437255859e-01
1.508222520351409912e-01
9.275701828300952911e-03
2.569946926087141037e-03
3.029878064990043640e-02
9.589737281203269958e-03
1.635942980647087097e-02
1.043792486190795898e+00
7.780986279249191284e-02
1.110401034355163574e+00
5.785934627056121826e-02
2.763679996132850647e-02
3.844135284423828125e+00
7.873409390449523926e-01
4.005002975463867188e+00
1.308464258909225464e-01
2.956064343452453613e-01
6.273796409368515015e-02
1.464782208204269409e-01
3.569364920258522034e-02
2.263410016894340515e-02
6.225218772888183594e-01
1.073972955346107483e-01
7.594532519578933716e-02
2.202719002962112427e-01
7.957722991704940796e-02
2.903973683714866638e-02
5.005519837141036987e-02
1.818836317397654057e-03
3.758877748623490334e-03
2.010439485311508179e-01
4.737782105803489685e-02
1.258843690156936646e-01
1.427054554224014282e-01
1.166092514991760254e+00
2.679308354854583740e-01
4.893580377101898193e-01
2.070202827453613281e-01
3.139582395553588867e+00
3.495949320495128632e-03
2.515454590320587158e-01
1.610552072525024414e-01
4.821238573640584946e-03
5.363375321030616760e-02
9.964486211538314819e-02
1.086918473243713379e+00
6.007817015051841736e-02
5.028619989752769470e-02
2.843306399881839752e-02
1.063406705856323242e+00
1.257134675979614258e-01
8.270016312599182129e-02
1.573549956083297729e-01
5.672110617160797119e-02
1.912017941474914551e+00
9.561717510223388672e-02
5.375802144408226013e-02
4.301637411117553711e-02
3.179465532302856445e-01
4.653787985444068909e-02
7.783499360084533691e-01
5.512857809662818909e-02
1.285993377678096294e-03
5.790124461054801941e-02
1.711696088314056396e-01
6.890068948268890381e-02
1.361771225929260254e-01
4.183642566204071045e-02
4.251201637089252472e-03
2.917903363704681396e-01
4.827712196856737137e-03
6.200537085533142090e-02
6.947019696235656738e-02
3.953960165381431580e-02
4.525350406765937805e-02
1.203928235918283463e-02
8.191602677106857300e-02
1.273257541656494141e+01
7.799189537763595581e-03
4.054196644574403763e-03
1.985896378755569458e-02
5.492148175835609436e-02
1.727661117911338806e-03
4.520074725151062012e-01
8.379339426755905151e-02
1.104732751846313477e+00
5.138404965400695801e-01
1.653976365923881531e-02
3.046898636966943741e-03
1.032693982124328613e+00
1.220817446708679199e+00
6.753628142178058624e-03
1.397166680544614792e-02
2.407281287014484406e-02
3.850522334687411785e-04
1.859219223260879517e-01
5.276058334857225418e-03
1.711204886436462402e+00
1.372315436601638794e-01
2.323837019503116608e-02
2.630609273910522461e-02
2.960734069347381592e-02
1.577417552471160889e-02
4.365402832627296448e-02
2.213618159294128418e-02
2.904134988784790039e-01
8.564399182796478271e-02
3.519457532092928886e-03
3.032675683498382568e-01
5.336838308721780777e-03
2.166033983230590820e-01
1.845524646341800690e-02
9.205076098442077637e-02
1.082024164497852325e-02
1.689252629876136780e-02
3.329072147607803345e-02
1.144119575619697571e-01
5.464304611086845398e-02
7.330399751663208008e-02
1.589304059743881226e-01
1.166623309254646301e-01
7.272130846977233887e-01
1.141503802500665188e-03
3.307037353515625000e-01
1.799781769514083862e-01
1.575583964586257935e-01
2.702293634414672852e+00
7.543800771236419678e-02
4.506583511829376221e-02
3.694437816739082336e-02
1.753624901175498962e-02
5.376180168241262436e-03
3.432553708553314209e-01
7.032742351293563843e-02
2.094260603189468384e-02
3.328522741794586182e-01
6.135324481874704361e-03
1.703815340995788574e+00
1.403248403221368790e-03
2.734090201556682587e-02
6.208418369293212891e+00
2.498318850994110107e-01
9.805885702371597290e-02
6.498454138636589050e-03
2.179361879825592041e-03
2.398350089788436890e-02
4.686670750379562378e-02
2.981709502637386322e-02
1.026579067111015320e-01
6.444180011749267578e-01
6.003438830375671387e-01
1.138204187154769897e-01
3.666661307215690613e-02
2.010446414351463318e-02
1.787655288353562355e-03
1.411050651222467422e-02
4.136888504028320312e+00
2.005686283111572266e+00
1.162014901638031006e-02
1.209888979792594910e-01
1.529636606574058533e-02
1.040165685117244720e-02
2.196541875600814819e-01
1.837470382452011108e-02
4.960926249623298645e-03
1.751696877181529999e-02
3.376306965947151184e-02
5.408971756696701050e-02
1.091385364532470703e+00
1.708326190710067749e-01
1.926867842674255371e+00
2.026359736919403076e-01
2.044004946947097778e-01
1.658999204635620117e+00
3.586297929286956787e-01
3.220177814364433289e-02
1.040606200695037842e-02
1.424530297517776489e-01
1.375032067298889160e-01
3.144807815551757812e-01
1.310070753097534180e+00
1.650336682796478271e-01
1.642750799655914307e-01
2.512850463390350342e-01
1.309333648532629013e-02
7.847884297370910645e-02
3.464971203356981277e-03
1.444409728050231934e+00
2.394985640421509743e-03
1.097137201577425003e-02
1.399213373661041260e-01
2.799850888550281525e-03
1.321299076080322266e-01
6.492034196853637695e-01
5.699582025408744812e-02
2.508652210235595703e+00
1.074430905282497406e-02
1.118530891835689545e-02
2.031431905925273895e-02
8.270525373518466949e-03
2.325193723663687706e-03
3.117035627365112305e+00
3.911917656660079956e-02
5.229609459638595581e-02
2.101167477667331696e-02
2.897064574062824249e-02
2.528932504355907440e-02
1.792188361287117004e-02
9.930060058832168579e-02
5.197101235389709473e-01
5.392466858029365540e-02
2.168455859646201134e-03
8.840901777148246765e-03
1.601171374320983887e+00
2.754833782091736794e-03
1.720463857054710388e-02
7.382125258445739746e-01
6.395586729049682617e-01
8.194323629140853882e-02
2.691463232040405273e-01
1.425065249204635620e-01
6.182654574513435364e-02
8.045603753998875618e-04
1.775875501334667206e-02
7.037104666233062744e-02
4.481222946196794510e-03
2.227385900914669037e-02
9.723582863807678223e-02
1.556743383407592773e-01
1.741392761468887329e-01
4.388042539358139038e-02
1.379594579339027405e-02
5.590636283159255981e-02
3.741736337542533875e-02
4.449667632579803467e-01
6.300865113735198975e-02
9.119811654090881348e-02
7.576714269816875458e-03
3.605417907238006592e-01
1.143595902249217033e-03
1.266302317380905151e-01
2.474178746342658997e-02
4.219756603240966797e+00
8.085980266332626343e-02
3.821612596511840820e-01
5.295397713780403137e-03
2.027964964509010315e-02
3.241562843322753906e-02
1.902395859360694885e-02
1.100488938391208649e-02
8.741267770528793335e-02
1.142781507223844528e-02
8.115813732147216797e-01
5.654385089874267578e-01
1.071322262287139893e-01
2.052227973937988281e+00
1.314685821533203125e+01
2.059392072260379791e-02
1.779589243233203888e-02
4.460779600776731968e-04
6.245774030685424805e-02
7.406418025493621826e-02
5.848611518740653992e-02
1.103730487823486328e+01
1.337532186880707741e-03
4.006238460540771484e+00
2.097010910511016846e-01
4.076196998357772827e-02
1.250900328159332275e-02
1.457720529288053513e-02
2.755525350570678711e+00
2.800808715820312500e+01
2.748132896423339844e+01
2.324436604976654053e-01
6.510355949401855469e+00
1.796043992042541504e+00
4.924203491210937500e+01
5.168522357940673828e+00
6.722546386718750000e+01
4.808251857757568359e+00
4.967216110229492188e+01
1.589222526550292969e+01
5.345489978790283203e+00
4.093840122222900391e-01
1.056161212921142578e+01
2.714264106750488281e+01
8.690442085266113281e+00
8.095073699951171875e+01
1.848854255676269531e+01
2.040606498718261719e+00
3.100509405136108398e+00
2.355263471603393555e+00
1.037822437286376953e+01
9.818614959716796875e+00
2.119154930114746094e+01
1.277776718139648438e+00
9.709232330322265625e+00
8.160264587402343750e+01
2.255218353271484375e+02
2.076952171325683594e+01
1.696982860565185547e+00
1.484760403633117676e+00
2.862689971923828125e+00
1.936671447753906250e+02
1.149170875549316406e+00
1.823679733276367188e+01
4.988726377487182617e-01
2.483270317316055298e-01
1.760464906692504883e+00
1.829136848449707031e+01
6.725968017578125000e+02
1.294768333435058594e+01
5.987294912338256836e-01
6.219836044311523438e+01
1.537939929962158203e+01
7.468976593017578125e+01
6.569190216064453125e+01
1.288430023193359375e+01
1.516963243484497070e+00
1.192836380004882812e+02
2.952496147155761719e+01
4.836402893066406250e+00
1.119252109527587891e+01
4.354639053344726562e+01
5.828022956848144531e+00
6.075509190559387207e-01
1.219838738441467285e+00
1.151098847389221191e+00
3.619974374771118164e+00
1.265556335449218750e+02
2.455203437805175781e+01
1.289248352050781250e+02
1.343488335609436035e+00
5.247736454010009766e+00
1.817213773727416992e+00
1.939502525329589844e+01
7.209736347198486328e+00
4.656763305664062500e+02
5.428018798828125000e+02
5.123800277709960938e+01
4.685239866375923157e-02
3.733485794067382812e+01
1.470320582389831543e+00
8.526679229736328125e+01
1.462365341186523438e+01
5.484860420227050781e+00
6.247535347938537598e-01
1.336450219154357910e+00
1.891436386108398438e+01
1.738607406616210938e+01
1.439582633972167969e+01
2.079300880432128906e+00
4.968470573425292969e+00
6.008637428283691406e+00
3.058908224105834961e+00
2.378801345825195312e+00
2.944529950618743896e-01
2.186763954162597656e+01
1.476512336730957031e+01
8.228874802589416504e-01
2.464248895645141602e+00
7.514423370361328125e+01
2.765967559814453125e+01
8.751334190368652344e+00
1.600815010070800781e+01
2.000349235534667969e+01
3.930190801620483398e+00
6.831974487304687500e+02
1.830798983573913574e+00
1.486576843261718750e+01
5.928568840026855469e-01
1.869193077087402344e+00
2.043206542730331421e-01
5.899598312377929688e+01
1.024659633636474609e+01
1.689793777465820312e+01
2.873133182525634766e+00
1.619691925048828125e+02
2.570108947753906250e+02
1.880572080612182617e+00
1.815851628780364990e-01
2.551391410827636719e+01
7.943063259124755859e+00
8.265526771545410156e+00
2.316261291503906250e+01
1.777078628540039062e+01
7.136442184448242188e+00
3.709900379180908203e+00
8.174492835998535156e+00
9.333896636962890625e+00
1.412706947326660156e+01
2.431075927734375000e+03
2.445485839843750000e+02
2.205121803283691406e+01
2.761888742446899414e+00
9.183629608154296875e+01
6.609855651855468750e+00
1.603416800498962402e+00
2.257854461669921875e+02
5.084150695800781250e+01
1.043095779418945312e+01
1.350941181182861328e+01
1.515281647443771362e-01
1.605996251106262207e+00
7.867900729179382324e-01
1.119024515151977539e+00
2.830023527145385742e+00
9.937156677246093750e+01
2.434049797058105469e+01
4.697981643676757812e+01
7.998627471923828125e+01
5.211014151573181152e-01
1.972931823730468750e+02
2.407027816772460938e+01
5.045129013061523438e+01
1.056593322753906250e+01
1.766471557617187500e+02
1.504510402679443359e+00
1.615210914611816406e+01
3.514468002319335938e+01
1.684588670730590820e+00
1.974579772949218750e+02
1.330514717102050781e+01
1.116547346115112305e+00
5.091160583496093750e+01
6.359001636505126953e+00
1.222269177436828613e+00
1.294217944145202637e+00
5.163289904594421387e-01
1.257635712623596191e+00
1.542256622314453125e+02
7.808296203613281250e+01
5.344500732421875000e+01
7.580921649932861328e+00
2.306176376342773438e+01
2.425226449966430664e+00
1.934107589721679688e+01
4.868328094482421875e+01
2.954431762695312500e+02
7.070635557174682617e-01
1.337200736999511719e+01
1.218338928222656250e+02
1.799264550209045410e+00
5.390551567077636719e+00
1.206387939453125000e+02
1.370290756225585938e+01
3.429539680480957031e+00
1.494451427459716797e+01
2.389127969741821289e+00
2.609294891357421875e+01
1.322193741798400879e+00
3.797597885131835938e+01
6.083436203002929688e+01
1.774981319904327393e-01
7.704810791015625000e+02
1.309957885742187500e+01
1.145313620567321777e+00
3.650285482406616211e+00
8.481719970703125000e+01
1.053145790100097656e+01
1.510911583900451660e+00
6.544330120086669922e+00
1.640698432922363281e+00
1.391275215148925781e+01
1.669260025024414062e+01
2.995667457580566406e-01
8.076920509338378906e+00
1.571055054664611816e+00
9.199178814888000488e-01
3.355009555816650391e+00
6.280311584472656250e+00
1.942603230476379395e+00
7.082416534423828125e+00
6.321170330047607422e+00
2.914835929870605469e+01
3.692454397678375244e-01
6.262669563293457031e+00
7.458876037597656250e+01
6.716934204101562500e+00
1.710652732849121094e+01
8.144592285156250000e+00
4.655274391174316406e+00
7.141190171241760254e-01
2.789941406250000000e+02
7.268044471740722656e+00
2.087346267700195312e+01
3.278262138366699219e+00
8.013542175292968750e+01
7.446697354316711426e-01
5.803631973266601562e+01
7.581580200195312500e+02
3.312552273273468018e-01
5.917350649833679199e-01
4.302383422851562500e+01
1.337742209434509277e+00
2.596011352539062500e+02
4.196787834167480469e+00
5.455761909484863281e+00
1.242885112762451172e+00
4.650817394256591797e+00
4.257094264030456543e-01
1.418045711517333984e+01
6.916798949241638184e-01
5.352233123779296875e+01
2.239794254302978516e+00
2.483662414550781250e+01
5.293394923210144043e-01
1.627478718757629395e+00
6.065219402313232422e+00
1.198423027992248535e+00
6.932474517822265625e+01
7.615371704101562500e+00
3.139262199401855469e+00
3.017902135848999023e+00
1.344984436035156250e+01
4.463170623779296875e+01
4.716281509399414062e+01
3.434685766696929932e-01
1.591732940673828125e+02
3.985428333282470703e+00
6.820517539978027344e+00
1.073333358764648438e+01
1.331754565238952637e+00
7.508287811279296875e+01
2.495790863037109375e+01
4.565083980560302734e+00
1.809734153747558594e+01
4.383182048797607422e+00
3.102721929550170898e+00
9.168210601806640625e+01
2.308090591430664062e+01
1.748496627807617188e+01
1.262060165405273438e+01
4.003990554809570312e+01
1.735150337219238281e+01
3.435306167602539062e+01
3.223776245117187500e+01
1.331045837402343750e+02
1.653674691915512085e-01
7.771511077880859375e+00
4.368854064941406250e+02
5.219653701782226562e+01
7.553455352783203125e+01
4.195079207420349121e-01
4.269020259380340576e-01
1.150622272491455078e+01
5.730133056640625000e+00
1.298393535614013672e+01
1.034745407104492188e+01
2.739794015884399414e+00
1.082575416564941406e+01
5.607758998870849609e+00
4.012969493865966797e+00
4.452013969421386719e+00
6.997693181037902832e-01
2.088279485702514648e+00
1.505540618896484375e+02
7.223425292968750000e+01
3.906327247619628906e+00
1.608219528198242188e+01
1.097881984710693359e+01
4.536068916320800781e+00
8.209123535156250000e+02
3.114253044128417969e+00
1.600706291198730469e+01
6.062988281250000000e+00
1.897499275207519531e+01
3.852368545532226562e+01
3.675714254379272461e+00
2.133818054199218750e+01
3.668354415893554688e+01
4.339282989501953125e+01
1.128831100463867188e+01
1.330352935791015625e+02
5.482924938201904297e+00
5.743741989135742188e+00
8.118158721923828125e+01
5.194229125976562500e+00
8.256230354309082031e+00
1.398037872314453125e+02
8.853428649902343750e+01
8.808304595947265625e+01
4.220782775878906250e+02
1.090870141983032227e+00
3.440857648849487305e+00
6.041946411132812500e-01
1.171362519264221191e+00
8.105782508850097656e+00
1.668747305870056152e+00
6.472043991088867188e-01
2.358416318893432617e+00
6.078814268112182617e-01
3.421228332519531250e+02
1.820973396301269531e+01
1.318362731933593750e+02
3.674059677124023438e+01
3.238431215286254883e+00
2.924673461914062500e+01
8.936735153198242188e+00
1.091491603851318359e+01
9.614178538322448730e-01
5.154925537109375000e+02
8.258963012695312500e+01
8.106994628906250000e+00
1.892837142944335938e+01
7.089871978759765625e+01
2.800699462890625000e+02
8.284389495849609375e+00
1.271387934684753418e+00
2.146873092651367188e+01
5.894595384597778320e-01
8.538072586059570312e+00
4.619070053100585938e+01
1.725377273559570312e+01
1.354568243026733398e+00
2.429094552993774414e+00
1.075845489501953125e+02
1.681217041015625000e+02
3.093850708007812500e+01
2.062265586853027344e+01
1.217150783538818359e+01
2.373616844415664673e-01
1.301017105579376221e-01
1.585576438903808594e+01
8.797410011291503906e+00
2.160847902297973633e+00
1.506285285949707031e+01
8.341571044921875000e+01
9.947600555419921875e+01
2.220990180969238281e+01
2.376111984252929688e+00
1.567749857902526855e+00
3.432372331619262695e+00
6.319741725921630859e+00
6.251845550537109375e+01
2.322232961654663086e+00
2.166021347045898438e+01
6.928123831748962402e-01
4.240539550781250000e+00
1.489228606224060059e-01
4.126484394073486328e+00
1.158732299804687500e+02
1.305385839843750000e+04
6.225567817687988281e+00
1.796074676513671875e+01
2.487978458404541016e+00
2.331488609313964844e+00
4.067616271972656250e+01
8.124606323242187500e+01
1.108554244041442871e+00
1.691087126731872559e+00
5.481523513793945312e+00
6.844476318359375000e+01
3.141489982604980469e+01
3.306243181228637695e+00
9.885613250732421875e+01
3.381418151855468750e+02
2.044592857360839844e+00
2.674538135528564453e+00
2.226927280426025391e+00
2.779516983032226562e+01
2.320649862289428711e+00
3.430071592330932617e+00
3.440706481933593750e+02
8.942979812622070312e+00
4.116413879394531250e+01
9.625499877929687500e+02
5.459762954711914062e+01
1.383967041969299316e+00
5.033488082885742188e+01
