2.843122743070125580e-02
1.045129001140594482e-01
7.160430774092674255e-03
1.153025892563164234e-03
5.346310883760452271e-02
5.073748111724853516e+00
2.129715867340564728e-02
3.766653826460242271e-03
6.286617368459701538e-03
5.011143088340759277e-01
3.978474065661430359e-03
1.173238735646009445e-02
7.534667849540710449e-02
1.332961302250623703e-02
1.282524317502975464e-03
1.101840473711490631e-02
4.610825795680284500e-03
3.400213550776243210e-03
2.210475876927375793e-02
4.792623512912541628e-04
2.607077062129974365e-01
2.368011884391307831e-02
4.106274545192718506e-01
7.027775794267654419e-02
5.945727825164794922e-01
1.813167892396450043e-02
4.695863649249076843e-02
1.900612190365791321e-02
1.147230193018913269e-01
1.282428860664367676e+00
3.801260609179735184e-04
1.476310717407613993e-04
6.625370122492313385e-03
2.319515496492385864e-02
1.109658479690551758e-01
5.763964261859655380e-03
6.693595089018344879e-03
6.901677115820348263e-04
1.116350013762712479e-02
6.043014116585254669e-03
3.742641508579254150e-01
7.724890112876892090e-02
1.655863947235047817e-03
1.501087284088134766e+01
1.877673566341400146e-01
6.892866641283035278e-02
4.228001460433006287e-03
2.806153297424316406e-01
3.424656810238957405e-03
9.074303321540355682e-03
2.635402977466583252e-01
2.876661159098148346e-02
1.410655528306961060e-01
2.727000042796134949e-02
4.209285543765872717e-04
1.753464341163635254e-03
6.946828681975603104e-03
1.780538260936737061e-02
2.467173710465431213e-02
7.108386993408203125e+00
1.180650573223829269e-02
1.482315635681152344e+01
1.743926852941513062e-02
3.066811012104153633e-03
1.349773406982421875e-01
1.727975159883499146e-02
1.835292875766754150e-01
6.917254999279975891e-03
5.263850092887878418e-01
6.025514006614685059e-01
1.586712169228121638e-04
1.931047677993774414e+00
1.018157228827476501e-03
2.168856188654899597e-02
9.773780405521392822e-02
5.373482778668403625e-02
5.295630078762769699e-03
4.722644016146659851e-02
5.501206591725349426e-02
1.224679965525865555e-02
4.953913763165473938e-02
2.184144966304302216e-02
1.288138981908559799e-02
4.151678876951336861e-04
3.749147057533264160e-03
1.372710335999727249e-03
2.833540929714217782e-05
4.377489537000656128e-02
1.183027744293212891e+00
1.248557702638208866e-03
6.816559005528688431e-03
1.215548161417245865e-02
1.434260630048811436e-03
1.242732778191566467e-01
3.074942214880138636e-04
4.743879735469818115e-01
5.299756526947021484e-01
6.292260438203811646e-02
1.932284096255898476e-03
7.343430072069168091e-02
1.946387529373168945e+00
4.927040264010429382e-02
9.527821093797683716e-04
1.697466149926185608e-02
1.015758793801069260e-02
4.898373484611511230e-01
1.035375371575355530e-01
1.591854169964790344e-02
3.731073066592216492e-02
7.770487666130065918e-02
1.635338068008422852e-01
5.086542367935180664e-01
6.796671450138092041e-02
7.267694920301437378e-02
1.579680852591991425e-02
3.873588144779205322e-02
8.801907300949096680e-02
4.241296090185642242e-03
2.732965396717190742e-03
8.405056595802307129e-02
5.864993436262011528e-04
8.135074615478515625e+00
5.660727620124816895e-01
4.681917726993560791e-01
1.571150060044601560e-04
1.915701478719711304e-01
1.337859407067298889e-02
8.216472342610359192e-04
5.743075162172317505e-02
8.357772976160049438e-02
1.973124384880065918e+00
9.844356030225753784e-02
4.357528872787952423e-03
1.173499389551579952e-03
3.994691371917724609e-02
3.185143321752548218e-02
5.449765175580978394e-02
3.338686704635620117e+00
1.578100174665451050e-01
4.858663976192474365e-01
2.837985754013061523e-02
9.672377258539199829e-03
6.816969513893127441e-01
6.828714013099670410e-01
3.282794952392578125e+01
2.293905243277549744e-02
3.310253024101257324e-01
5.552520044147968292e-03
6.497748941183090210e-02
1.135273277759552002e-02
2.245014347136020660e-02
8.431129902601242065e-02
7.396101951599121094e-02
1.307630259543657303e-02
9.792055189609527588e-02
1.484902296215295792e-02
1.325573865324258804e-02
3.146498650312423706e-02
2.471712883561849594e-03
4.174613393843173981e-03
4.423988610506057739e-02
2.750908606685698032e-04
1.743698865175247192e-01
6.564982533454895020e-01
2.479007989168167114e-01
1.309819519519805908e-01
1.550181657075881958e-01
2.069158852100372314e-01
6.757761240005493164e-01
2.234008716186508536e-04
2.686104737222194672e-02
8.095534145832061768e-02
7.362034375546500087e-05
1.253839023411273956e-02
5.605504661798477173e-02
1.593935728073120117e+00
2.140778675675392151e-02
1.040662825107574463e-02
1.800905726850032806e-02
1.059477552771568298e-01
7.892964780330657959e-02
2.787225134670734406e-02
2.099717110395431519e-01
2.882117405533790588e-02
2.445889711380004883e+00
1.099533215165138245e-02
7.431612815707921982e-03
7.816214859485626221e-02
3.298099637031555176e-01
3.136854618787765503e-02
2.026048451662063599e-01
2.246777713298797607e-02
3.011294757016003132e-04
9.527558088302612305e-02
4.462796449661254883e-01
1.366958394646644592e-02
1.580994576215744019e-01
7.014870643615722656e-02
3.236844902858138084e-03
2.251897566020488739e-02
3.618397051468491554e-03
2.770530618727207184e-02
1.090465858578681946e-02
2.216506935656070709e-02
1.070292573422193527e-02
1.376301399432122707e-03
1.748167127370834351e-01
1.679471778869628906e+01
1.151555031538009644e-02
4.870304837822914124e-03
1.185264158993959427e-02
3.960191458463668823e-02
2.522806462366133928e-04
7.317178249359130859e-01
1.929705031216144562e-02
2.733650684356689453e+00
5.780259519815444946e-02
1.610832661390304565e-02
5.200376617722213268e-04
7.441368699073791504e-01
2.923099696636199951e-01
2.030220814049243927e-02
1.253981841728091240e-03
2.625018730759620667e-02
1.201368213514797390e-04
2.338492125272750854e-02
7.151978206820785999e-04
5.419254302978515625e+00
4.161429107189178467e-01
6.575469393283128738e-03
2.057712152600288391e-02
1.203850749880075455e-02
3.577838093042373657e-02
2.873712684959173203e-03
3.223237991333007812e-01
1.733230054378509521e-02
2.326611429452896118e-01
4.277530126273632050e-03
6.991010159254074097e-02
4.074637254234403372e-04
1.971513964235782623e-02
9.034218639135360718e-02
1.723156422376632690e-01
2.769788727164268494e-03
1.089996472001075745e-02
8.074575103819370270e-03
3.256959840655326843e-02
1.056945770978927612e-01
3.889475017786026001e-02
1.404969692230224609e-01
3.853103145956993103e-02
1.954256415367126465e+00
3.858373747789300978e-05
4.841613397002220154e-02
1.063062902539968491e-02
2.834856808185577393e-01
3.568035602569580078e+00
1.718618161976337433e-02
2.759658172726631165e-02
2.692211866378784180e-01
2.484874101355671883e-03
6.457162089645862579e-04
9.074705243110656738e-01
2.287679910659790039e-02
3.381870687007904053e-03
1.876617595553398132e-02
1.112691499292850494e-02
2.068011760711669922e+00
1.222120225429534912e-02
1.147450692951679230e-02
1.711788177490234375e+00
3.696526214480400085e-02
6.069977879524230957e-01
4.118201788514852524e-03
1.357843982987105846e-03
1.946139521896839142e-02
6.950907409191131592e-03
8.350556716322898865e-03
2.093224823474884033e-01
2.852377414703369141e+00
1.519041806459426880e-01
1.244980655610561371e-02
4.100008867681026459e-03
1.545950397849082947e-02
1.491866569267585874e-04
4.957294091582298279e-03
6.592553615570068359e+00
1.486987829208374023e+00
3.725525166373699903e-04
8.052952587604522705e-02
1.263968273997306824e-02
1.147770788520574570e-03
8.055683225393295288e-02
1.674362085759639740e-02
1.096564927138388157e-03
1.912725530564785004e-02
2.381267212331295013e-02
5.438935756683349609e-02
1.872284531593322754e+00
4.409430176019668579e-02
4.572488367557525635e-01
9.505649209022521973e-01
8.017847687005996704e-02
7.293046116828918457e-01
2.240611314773559570e+00
3.774755634367465973e-03
5.003190785646438599e-02
3.110199607908725739e-02
6.092632189393043518e-03
9.752060472965240479e-02
7.639994025230407715e-01
2.639716118574142456e-02
5.012061446905136108e-03
1.999869048595428467e-01
2.255083527415990829e-03
2.691975608468055725e-02
7.039462216198444366e-04
7.172260880470275879e-01
2.328451257199048996e-03
2.732787979766726494e-03
4.600479006767272949e-01
1.729841576889157295e-03
7.931310683488845825e-03
2.014916762709617615e-02
7.862563244998455048e-03
2.532732784748077393e-01
1.002063415944576263e-02
3.760109189897775650e-03
6.857365835458040237e-03
2.328646602109074593e-03
5.404022987931966782e-03
3.252948820590972900e-01
4.108463414013385773e-03
1.146005466580390930e-02
4.584834910929203033e-03
1.706402003765106201e-02
3.038343042135238647e-03
5.216746591031551361e-03
4.300456121563911438e-02
4.632891416549682617e-01
1.089360448531806469e-03
6.528306985273957253e-04
5.412319209426641464e-03
1.592548012733459473e+00
1.001082011498510838e-03
1.552040968090295792e-02
1.307770013809204102e-01
1.776340417563915253e-02
4.816012457013130188e-02
3.652440384030342102e-02
7.145740091800689697e-02
2.573304474353790283e-01
6.617416511289775372e-05
1.689786836504936218e-02
3.780067432671785355e-03
1.023986609652638435e-03
1.584590598940849304e-02
2.410681918263435364e-02
5.010526254773139954e-02
4.659724608063697815e-02
1.540221460163593292e-02
1.167353591881692410e-03
1.626290753483772278e-02
5.392164923250675201e-03
7.351425290107727051e-02
3.361803665757179260e-02
6.283177435398101807e-02
1.593044726178050041e-03
8.817603439092636108e-02
2.726561215240508318e-04
2.709271609783172607e-01
1.127731949090957642e-01
3.376736119389533997e-02
1.467471104115247726e-02
5.702415704727172852e-01
8.926371810957789421e-04
1.017209980636835098e-02
4.873456899076700211e-03
1.856077089905738831e-02
1.797582767903804779e-02
7.130467891693115234e-02
1.302992575801908970e-03
3.690500020980834961e+00
9.978714585304260254e-02
2.086121216416358948e-02
3.901308536529541016e+00
1.070596694946289062e+01
1.045521721243858337e-02
6.706898566335439682e-04
4.838599124923348427e-04
2.556730248034000397e-02
5.827621091157197952e-03
1.822836324572563171e-02
7.961658954620361328e+00
2.522938884794712067e-04
5.526367187500000000e+00
8.272850513458251953e-02
3.131168335676193237e-02
2.934239455498754978e-04
1.602097763679921627e-03
5.682338714599609375e+00
1.711867370605468750e+02
2.079397430419921875e+02
9.735387563705444336e-01
5.983354949951171875e+01
4.647021293640136719e+00
1.186047973632812500e+03
1.362590599060058594e+01
1.038857192993164062e+02
6.006858348846435547e+00
2.504041137695312500e+02
2.532287788391113281e+01
1.749598541259765625e+02
1.133744835853576660e+00
3.899106216430664062e+01
9.319372558593750000e+01
2.673734741210937500e+02
1.963215179443359375e+02
2.176873779296875000e+02
1.201073360443115234e+01
1.443281860351562500e+02
6.574271678924560547e+00
1.423690128326416016e+01
1.017931594848632812e+02
3.760626077651977539e+00
9.743337631225585938e-01
7.024619140625000000e+02
3.909000854492187500e+02
2.958661376953125000e+03
4.949554443359375000e+02
1.481736850738525391e+01
6.691242694854736328e+00
2.472697067260742188e+01
5.366668701171875000e+02
3.925115203857421875e+01
2.898663520812988281e+01
1.320292592048645020e+00
8.835670351982116699e-02
6.345369338989257812e+00
1.338068847656250000e+02
1.889125000000000000e+03
2.162020874023437500e+01
1.128455996513366699e+00
4.742866210937500000e+02
4.065290451049804688e+01
1.020954208374023438e+02
1.396396942138671875e+02
3.480040359497070312e+01
1.197453737258911133e+00
1.656678588867187500e+03
8.264845581054687500e+02
9.659606933593750000e+01
2.250601577758789062e+01
1.704099845886230469e+01
6.570050239562988281e+00
1.619113159179687500e+01
9.756910324096679688e+00
7.316797375679016113e-01
1.640576362609863281e+01
2.748570068359375000e+03
1.364742919921875000e+03
7.220636596679687500e+02
2.029202842712402344e+01
7.756958007812500000e+01
3.253130197525024414e+00
1.824933319091796875e+02
7.161449432373046875e+01
7.828137207031250000e+03
1.868651428222656250e+02
1.222064971923828125e+02
1.055639758706092834e-01
8.997902832031250000e+02
4.945823669433593750e+00
3.752846374511718750e+02
1.142058181762695312e+01
2.164308547973632812e+01
2.627705812454223633e+00
1.466457653045654297e+01
4.640285034179687500e+02
3.591870117187500000e+01
4.232152175903320312e+01
1.030919265747070312e+01
1.643507385253906250e+01
6.255746078491210938e+01
9.370073318481445312e+00
3.060144424438476562e+01
2.231795340776443481e-01
2.164810180664062500e+01
3.571830749511718750e+01
3.535859823226928711e+00
5.666401672363281250e+01
8.173084259033203125e+01
3.543693923950195312e+01
2.826189231872558594e+01
8.180441284179687500e+01
1.219875976562500000e+03
2.797483921051025391e+00
4.679507751464843750e+02
6.374689340591430664e-01
1.609815551757812500e+03
4.070301055908203125e+00
1.920935821533203125e+01
5.955485343933105469e+00
1.540041656494140625e+02
7.472445678710937500e+01
2.655594177246093750e+02
3.389775753021240234e+00
9.281039062500000000e+03
8.383016967773437500e+02
1.442139148712158203e+00
1.083907246589660645e+00
3.682354003906250000e+03
3.156651611328125000e+02
3.227049589157104492e+00
5.597735214233398438e+01
1.811794891357421875e+02
1.955202331542968750e+02
2.435064315795898438e+01
1.487713317871093750e+02
1.076591300964355469e+01
4.456840515136718750e+02
7.024683105468750000e+03
1.039533203125000000e+03
2.712168273925781250e+02
1.012613582611083984e+01
1.199317138671875000e+03
7.620172119140625000e+01
3.002483367919921875e+00
7.812586669921875000e+02
2.102998962402343750e+02
1.195328002929687500e+03
1.021021881103515625e+02
8.489744663238525391e-01
1.151210403442382812e+02
3.369254589080810547e+00
3.496050834655761719e+00
7.100831866264343262e-01
1.114199096679687500e+03
9.302390136718750000e+02
4.773637084960937500e+02
7.669570159912109375e+01
4.721740245819091797e+00
8.571042480468750000e+02
3.573897933959960938e+01
1.540570556640625000e+03
6.812020874023437500e+01
1.310965576171875000e+03
1.235831856727600098e+00
2.887582397460937500e+02
3.916822509765625000e+03
1.009705305099487305e+00
1.544678833007812500e+03
3.436283493041992188e+01
5.288435220718383789e-01
2.056113739013671875e+02
1.054180831909179688e+02
2.587542533874511719e+00
1.178007364273071289e+00
1.127559089660644531e+01
4.694283962249755859e+00
1.541550781250000000e+03
1.533060760498046875e+02
1.241580810546875000e+02
8.622068786621093750e+01
3.187866516113281250e+02
2.215520782470703125e+02
2.109247589111328125e+02
4.766163330078125000e+02
7.726340820312500000e+03
4.069355392456054688e+01
1.379866790771484375e+01
3.960125244140625000e+03
7.694566726684570312e+00
5.258771419525146484e+00
7.223422241210937500e+02
2.098783874511718750e+01
1.559926223754882812e+01
1.087685623168945312e+02
7.867509365081787109e+00
2.378845024108886719e+01
3.950435638427734375e+01
6.510253143310546875e+01
5.598047485351562500e+02
9.668066978454589844e+00
3.749805859375000000e+04
5.623797416687011719e+00
1.308073520660400391e+00
6.284772109985351562e+01
2.040030273437500000e+03
9.616699981689453125e+01
2.276183319091796875e+01
6.548154907226562500e+02
1.549856853485107422e+01
1.085086135864257812e+02
3.360688476562500000e+02
2.186493635177612305e+00
1.357914123535156250e+02
2.241177082061767578e+00
2.910565757751464844e+01
5.922667980194091797e+00
8.799702453613281250e+01
2.568911933898925781e+01
7.066030979156494141e+00
4.742786788940429688e+01
6.849402618408203125e+01
1.923130989074707031e+00
2.113153533935546875e+02
8.473348388671875000e+02
1.649466705322265625e+01
1.365639953613281250e+02
2.426757431030273438e+01
1.477235221862792969e+01
1.921322941780090332e+00
8.125006347656250000e+03
1.975279045104980469e+01
1.277010986328125000e+03
4.210296154022216797e+00
2.084755554199218750e+02
1.696273565292358398e+00
3.326947021484375000e+02
5.861662109375000000e+03
4.208896160125732422e-01
2.818023204803466797e+00
3.738245849609375000e+03
4.172771453857421875e+00
1.593411254882812500e+03
5.951135635375976562e+00
4.507594299316406250e+01
2.072245788574218750e+01
1.592658329010009766e+01
4.582095518708229065e-02
2.288166236877441406e+01
7.219063282012939453e+00
1.218104248046875000e+03
1.529216766357421875e+02
1.496128082275390625e+01
9.166986465454101562e+00
3.453439331054687500e+01
3.043001937866210938e+01
2.401247501373291016e+00
9.698801269531250000e+02
1.926353302001953125e+02
1.572242164611816406e+01
3.338832092285156250e+01
2.497849426269531250e+02
2.418527221679687500e+02
2.190180053710937500e+02
9.067124128341674805e-01
1.872084375000000000e+04
1.636730384826660156e+01
1.082633819580078125e+02
2.775638198852539062e+01
8.100610375404357910e-01
2.673670898437500000e+03
1.738940734863281250e+02
1.276896357536315918e+00
1.511854248046875000e+03
7.688706207275390625e+01
2.416390419006347656e+01
9.202720703125000000e+03
6.925648498535156250e+01
1.614116058349609375e+02
6.002123641967773438e+01
1.147912231445312500e+03
5.041831054687500000e+02
5.748492431640625000e+02
9.068824005126953125e+01
6.687847167968750000e+03
1.297140002250671387e+00
3.747732543945312500e+01
7.288676757812500000e+02
1.020378684997558594e+01
6.994737548828125000e+02
1.778419613838195801e+00
2.885689020156860352e+00
1.190168304443359375e+02
6.194684028625488281e+00
1.862932014465332031e+01
2.528534851074218750e+02
1.783411145210266113e+00
2.779563331604003906e+01
2.071841239929199219e+01
7.831375122070312500e+00
7.807506561279296875e+01
1.301281332969665527e+00
2.260027647018432617e+00
2.947081604003906250e+02
1.217950927734375000e+03
8.542629241943359375e+00
2.048398437500000000e+02
2.649554443359375000e+01
1.537399196624755859e+01
4.503220214843750000e+03
4.059295654296875000e+00
7.492348022460937500e+02
9.121643829345703125e+01
4.633242797851562500e+01
2.172539306640625000e+03
5.640864181518554688e+01
2.996056213378906250e+02
1.301894165039062500e+03
2.254101257324218750e+02
7.924507141113281250e+01
3.831535339355468750e+02
5.816414642333984375e+01
2.721461534500122070e+00
6.910596466064453125e+01
3.530696487426757812e+01
4.636853694915771484e+00
1.279178833007812500e+03
7.543032226562500000e+02
1.924387817382812500e+03
1.901893463134765625e+02
2.627761077880859375e+01
3.348525047302246094e+00
7.429736852645874023e-01
5.644308090209960938e+01
2.365085983276367188e+01
1.260735130310058594e+01
1.221286892890930176e+00
3.371140289306640625e+01
4.860490858554840088e-01
9.178105163574218750e+01
3.175607681274414062e+01
1.464102325439453125e+02
1.719478149414062500e+02
6.765657806396484375e+01
9.546896362304687500e+01
2.392642593383789062e+01
1.625566101074218750e+01
2.906645834445953369e-01
1.304941503906250000e+04
3.614173095703125000e+03
4.073930664062500000e+02
2.384467163085937500e+02
2.728450012207031250e+02
1.852429687500000000e+03
2.856570053100585938e+01
9.277897644042968750e+01
2.433492660522460938e+01
3.500859022140502930e+00
1.023880844116210938e+02
2.380332275390625000e+03
1.122879943847656250e+02
1.024039745330810547e+01
2.286586952209472656e+01
2.933452453613281250e+02
6.773018188476562500e+02
1.650137939453125000e+02
1.694940376281738281e+01
1.817789649963378906e+01
1.653946638107299805e-01
1.567695587873458862e-01
5.856023788452148438e+01
4.983592987060546875e+01
7.641833305358886719e+00
4.108823394775390625e+01
4.547859191894531250e+02
1.126123428344726562e+02
2.856259460449218750e+02
1.548001575469970703e+01
2.172771215438842773e+00
2.798028945922851562e+01
1.032769775390625000e+02
1.740107788085937500e+03
4.635215759277343750e+00
2.072806243896484375e+02
1.441025495529174805e+00
5.591622352600097656e+00
4.172300100326538086e-01
9.652156829833984375e+00
7.065910156250000000e+03
4.002351171875000000e+04
1.199966526031494141e+01
1.686172180175781250e+02
1.137447967529296875e+02
6.247201919555664062e+00
2.401150512695312500e+02
1.036795166015625000e+03
9.919672012329101562e+00
7.271732807159423828e+00
3.471599578857421875e+00
1.104499206542968750e+02
4.522735214233398438e+01
6.464624786376953125e+01
3.405411071777343750e+02
6.737597656250000000e+02
6.199959278106689453e+00
6.948628902435302734e+00
5.049731254577636719e+00
3.284458923339843750e+02
2.409152793884277344e+01
5.116563415527343750e+01
4.760339660644531250e+02
2.309656143188476562e+01
1.546254394531250000e+03
1.536886596679687500e+03
3.588067321777343750e+02
2.070498704910278320e+00
1.979644775390625000e+01
