3.077697195112705231e-02
1.253258287906646729e-01
8.005578070878982544e-03
1.903158728964626789e-03
4.534397646784782410e-02
7.462755203247070312e+00
2.380754612386226654e-02
3.496827790513634682e-03
5.354753229767084122e-03
6.389397382736206055e-01
7.100251037627458572e-03
1.849478296935558319e-02
5.438572913408279419e-02
1.836308464407920837e-02
1.264755614101886749e-03
1.434039790183305740e-02
2.913057571277022362e-03
4.551251418888568878e-03
2.553188055753707886e-02
4.548022989183664322e-04
1.451708078384399414e-01
2.026175521314144135e-02
2.833177149295806885e-01
5.546651035547256470e-02
9.035829305648803711e-01
1.755731739103794098e-02
5.683889612555503845e-02
3.099855408072471619e-02
1.229857653379440308e-01
1.142438769340515137e+00
5.226237699389457703e-04
1.228403125423938036e-04
8.022637106478214264e-03
3.053439222276210785e-02
6.654971837997436523e-02
9.031890891492366791e-03
7.974933832883834839e-03
5.714828148484230042e-04
9.707562625408172607e-03
6.171670742332935333e-03
2.859613895416259766e-01
1.135121509432792664e-01
2.021033316850662231e-03
1.292660140991210938e+01
2.373571097850799561e-01
9.104093909263610840e-02
6.545004434883594513e-03
3.779822289943695068e-01
4.293063655495643616e-03
1.388049963861703873e-02
1.825170964002609253e-01
4.410890862345695496e-02
1.093958169221878052e-01
3.926215320825576782e-02
5.109972553327679634e-04
1.934822299517691135e-03
4.407019354403018951e-03
1.530917920172214508e-02
2.148042246699333191e-02
9.342918395996093750e+00
1.434153970330953598e-02
1.608483886718750000e+01
1.397763751447200775e-02
2.993460977450013161e-03
1.404827982187271118e-01
2.018738538026809692e-02
2.083040326833724976e-01
9.232373908162117004e-03
7.430068850517272949e-01
6.427714228630065918e-01
1.481265062466263771e-04
2.163815021514892578e+00
9.279024088755249977e-04
3.429045155644416809e-02
9.135584533214569092e-02
4.676339775323867798e-02
6.501866504549980164e-03
4.667611420154571533e-02
4.056030511856079102e-02
1.434744335711002350e-02
5.597603693604469299e-02
1.875436305999755859e-02
2.035642042756080627e-02
3.138830361422151327e-04
2.635706914588809013e-03
1.631658873520791531e-03
3.109662429778836668e-05
4.826988279819488525e-02
9.703581929206848145e-01
1.074197818525135517e-03
8.606491610407829285e-03
9.746263734996318817e-03
1.369768637232482433e-03
1.073659360408782959e-01
4.925050307065248489e-04
7.657896280288696289e-01
5.425217151641845703e-01
7.322403043508529663e-02
1.492324867285788059e-03
6.673143059015274048e-02
2.630017280578613281e+00
4.742697253823280334e-02
1.211181632243096828e-03
1.902147196233272552e-02
1.545255351811647415e-02
4.362708330154418945e-01
8.337701112031936646e-02
1.845085062086582184e-02
4.311671108007431030e-02
1.181092336773872375e-01
1.380027383565902710e-01
3.579029738903045654e-01
5.672244727611541748e-02
5.890769511461257935e-02
1.894427463412284851e-02
3.827308490872383118e-02
6.141101196408271790e-02
6.409316789358854294e-03
2.827412215992808342e-03
9.018691629171371460e-02
6.939012091606855392e-04
1.156669235229492188e+01
5.171339511871337891e-01
4.393292665481567383e-01
1.413015270372852683e-04
1.968625932931900024e-01
1.161814853549003601e-02
6.896532140672206879e-04
7.151160389184951782e-02
7.739617675542831421e-02
1.477623581886291504e+00
5.699953064322471619e-02
3.272478701546788216e-03
1.146442140452563763e-03
4.209984466433525085e-02
2.181655727326869965e-02
4.860807582736015320e-02
3.903244733810424805e+00
1.636806279420852661e-01
4.699505865573883057e-01
1.843486353754997253e-02
8.679404854774475098e-03
7.256391048431396484e-01
6.219094991683959961e-01
2.923993110656738281e+01
2.717069908976554871e-02
3.295045793056488037e-01
7.853683084249496460e-03
6.797952204942703247e-02
1.183641515672206879e-02
2.342145144939422607e-02
1.229207739233970642e-01
1.281251162290573120e-01
1.987600699067115784e-02
9.662296622991561890e-02
1.330002117902040482e-02
1.263301260769367218e-02
4.086624458432197571e-02
1.844390179030597210e-03
5.359305068850517273e-03
4.367654770612716675e-02
3.594282607082277536e-04
1.992439031600952148e-01
4.963221848011016846e-01
2.892116010189056396e-01
1.064699739217758179e-01
1.830639541149139404e-01
1.730522513389587402e-01
1.185501813888549805e+00
2.773706219159066677e-04
1.971941255033016205e-02
1.391817480325698853e-01
8.132601215038448572e-05
1.847592554986476898e-02
3.626604005694389343e-02
2.214585542678833008e+00
2.451213076710700989e-02
1.089744362980127335e-02
1.266947388648986816e-02
1.014225780963897705e-01
5.369574204087257385e-02
3.736528381705284119e-02
1.473900824785232544e-01
4.297580942511558533e-02
2.060641527175903320e+00
1.415696833282709122e-02
6.112839095294475555e-03
6.168904900550842285e-02
2.685830891132354736e-01
2.621489576995372772e-02
1.641876250505447388e-01
2.967107295989990234e-02
3.366094315424561501e-04
1.176736801862716675e-01
4.508350789546966553e-01
1.678892783820629120e-02
2.529031038284301758e-01
8.376561105251312256e-02
3.625474637374281883e-03
2.822680585086345673e-02
3.309383755549788475e-03
4.303160682320594788e-02
1.800790615379810333e-02
2.472235262393951416e-02
9.802374057471752167e-03
2.137193921953439713e-03
1.865946650505065918e-01
1.658666801452636719e+01
6.972006056457757950e-03
3.745544701814651489e-03
6.970068439841270447e-03
4.092568159103393555e-02
1.191323535749688745e-04
9.029160141944885254e-01
2.773913368582725525e-02
2.284655570983886719e+00
8.604552596807479858e-02
2.238000743091106415e-02
5.192413227632641792e-04
6.280266642570495605e-01
3.475327193737030029e-01
1.288419775664806366e-02
1.535672461614012718e-03
2.618475630879402161e-02
1.122937028412707150e-04
4.230746626853942871e-02
7.949837017804384232e-04
5.530159473419189453e+00
3.881715238094329834e-01
8.648906834423542023e-03
1.994964107871055603e-02
1.158612221479415894e-02
2.851541154086589813e-02
2.408893313258886337e-03
2.179051935672760010e-01
2.227426134049892426e-02
1.558184623718261719e-01
5.085484590381383896e-03
1.420568823814392090e-01
3.699262451846152544e-04
3.359352052211761475e-02
6.471402943134307861e-02
1.714116632938385010e-01
3.622835734859108925e-03
1.094701979309320450e-02
1.032060198485851288e-02
4.295814037322998047e-02
1.049581542611122131e-01
3.335687145590782166e-02
9.092055261135101318e-02
4.015313461422920227e-02
1.402029991149902344e+00
5.076174056739546359e-05
5.445190891623497009e-02
1.454604230821132660e-02
2.678864896297454834e-01
5.474400997161865234e+00
1.491709519177675247e-02
1.736424863338470459e-02
2.283560037612915039e-01
4.156452603638172150e-03
5.284434882923960686e-04
1.190675377845764160e+00
2.559379674494266510e-02
3.155879210680723190e-03
2.425881847739219666e-02
1.124974712729454041e-02
2.340947866439819336e+00
7.884639315307140350e-03
9.225148707628250122e-03
2.062070608139038086e+00
4.350875690579414368e-02
6.876397132873535156e-01
3.069682978093624115e-03
1.475464901886880398e-03
2.140259183943271637e-02
6.126563064754009247e-03
9.870247915387153625e-03
2.651150524616241455e-01
1.930681347846984863e+00
1.373393982648849487e-01
1.006443146616220474e-02
4.750332329422235489e-03
1.394634600728750229e-02
1.426862727385014296e-04
4.620001185685396194e-03
5.721354484558105469e+00
1.533110976219177246e+00
5.280717159621417522e-04
6.408207863569259644e-02
1.274337340146303177e-02
1.235881238244473934e-03
7.771486788988113403e-02
2.550734207034111023e-02
8.089388720691204071e-04
1.949763111770153046e-02
2.885325439274311066e-02
5.675943195819854736e-02
3.340098619461059570e+00
4.883027076721191406e-02
6.045120954513549805e-01
9.026664495468139648e-01
7.363644987344741821e-02
1.097401499748229980e+00
1.882705092430114746e+00
7.403123658150434494e-03
4.193888977169990540e-02
4.555739462375640869e-02
6.344479974359273911e-03
1.139104068279266357e-01
7.196965217590332031e-01
3.484311327338218689e-02
6.914475001394748688e-03
2.293418794870376587e-01
3.087053773924708366e-03
3.654561564326286316e-02
7.139408262446522713e-04
5.195756554603576660e-01
2.268386539071798325e-03
3.654538653790950775e-03
3.512300848960876465e-01
1.204479951411485672e-03
8.429292589426040649e-03
3.486486896872520447e-02
7.429522462189197540e-03
3.062045574188232422e-01
8.584477938711643219e-03
3.908983431756496429e-03
6.384490523487329483e-03
2.398706972599029541e-03
5.026936996728181839e-03
2.460488080978393555e-01
5.339381285011768341e-03
1.139843277633190155e-02
6.795736495405435562e-03
1.535243447870016098e-02
2.696516923606395721e-03
4.563723225146532059e-03
2.607642114162445068e-02
2.595081031322479248e-01
1.540034892968833447e-03
7.135416381061077118e-04
4.717931617051362991e-03
2.168222904205322266e+00
1.078205066733062267e-03
1.281885430216789246e-02
1.815752536058425903e-01
2.027751319110393524e-02
4.942106083035469055e-02
3.361728414893150330e-02
7.598590850830078125e-02
2.746562957763671875e-01
6.005921386531554163e-05
1.361540891230106354e-02
3.213313175365328789e-03
1.008184743113815784e-03
2.011409215629100800e-02
2.409247867763042450e-02
4.862296953797340393e-02
5.866530910134315491e-02
1.809554919600486755e-02
1.309377839788794518e-03
1.649353280663490295e-02
7.754327263683080673e-03
9.507834166288375854e-02
2.815731242299079895e-02
7.623749226331710815e-02
1.580468262545764446e-03
1.010272651910781860e-01
3.015967959072440863e-04
2.725582122802734375e-01
1.818514466285705566e-01
4.663632437586784363e-02
1.663127355277538300e-02
7.993131875991821289e-01
1.748198061250150204e-03
9.055487811565399170e-03
4.884682595729827881e-03
1.735799014568328857e-02
2.262208610773086548e-02
5.365737527608871460e-02
9.652252192609012127e-04
4.884107589721679688e+00
1.093260943889617920e-01
2.182221226394176483e-02
4.676476478576660156e+00
9.794075012207031250e+00
1.047422923147678375e-02
5.206281784921884537e-04
4.606942529790103436e-04
3.466690704226493835e-02
3.535839729011058807e-03
2.633266709744930267e-02
1.150789642333984375e+01
1.908224658109247684e-04
4.235108852386474609e+00
8.935347199440002441e-02
2.923119999468326569e-02
3.813887888099998236e-04
3.014034358784556389e-03
8.320397377014160156e+00
1.590252075195312500e+02
2.386367950439453125e+02
1.110272765159606934e+00
5.678227233886718750e+01
3.760951042175292969e+00
9.800861206054687500e+02
1.329467391967773438e+01
1.035980148315429688e+02
9.797716140747070312e+00
3.483878173828125000e+02
2.147560501098632812e+01
1.543419799804687500e+02
1.072476744651794434e+00
2.529816818237304688e+01
1.782023162841796875e+02
1.670008850097656250e+02
1.954333648681640625e+02
2.250111846923828125e+02
9.013516426086425781e+00
1.304692535400390625e+02
4.936995029449462891e+00
1.112740230560302734e+01
1.235597991943359375e+02
3.085161685943603516e+00
6.932635903358459473e-01
4.696991882324218750e+02
6.912630004882812500e+02
3.113033935546875000e+03
7.436743774414062500e+02
1.600532722473144531e+01
5.588655471801757812e+00
2.088847160339355469e+01
4.397974243164062500e+02
2.178927803039550781e+01
2.374488067626953125e+01
1.344297647476196289e+00
7.767957448959350586e-02
6.239723205566406250e+00
1.583647460937500000e+02
1.505230590820312500e+03
2.430736732482910156e+01
1.324968576431274414e+00
4.478109130859375000e+02
5.972218322753906250e+01
1.436843566894531250e+02
1.294558563232421875e+02
3.018965530395507812e+01
1.052755832672119141e+00
1.308999877929687500e+03
3.885740966796875000e+02
6.002595901489257812e+01
1.640987396240234375e+01
2.595357322692871094e+01
7.273851871490478516e+00
1.243994140625000000e+01
5.061133861541748047e+00
5.196708440780639648e-01
2.136366462707519531e+01
2.458816650390625000e+03
9.717340698242187500e+02
7.066358032226562500e+02
1.784951210021972656e+01
7.627879333496093750e+01
5.280786514282226562e+00
1.424044342041015625e+02
8.406121063232421875e+01
5.133817871093750000e+03
2.835958251953125000e+02
9.262055206298828125e+01
9.789989143610000610e-02
5.747053833007812500e+02
2.872728347778320312e+00
3.180863647460937500e+02
9.752115249633789062e+00
1.438039588928222656e+01
1.772079825401306152e+00
1.061725425720214844e+01
5.395714721679687500e+02
3.506234359741210938e+01
3.571124649047851562e+01
8.744236946105957031e+00
1.401915645599365234e+01
4.317541122436523438e+01
7.332137107849121094e+00
3.367117309570312500e+01
1.612556129693984985e-01
2.071171569824218750e+01
3.683657836914062500e+01
3.731555461883544922e+00
3.520837783813476562e+01
6.090764999389648438e+01
5.424790573120117188e+01
2.209480285644531250e+01
8.623096466064453125e+01
9.378242797851562500e+02
3.363235950469970703e+00
5.636287841796875000e+02
4.811731874942779541e-01
9.814648437500000000e+02
3.565201520919799805e+00
2.641078567504882812e+01
5.310245513916015625e+00
1.414703674316406250e+02
8.547863769531250000e+01
1.780470581054687500e+02
2.500612735748291016e+00
7.728013671875000000e+03
7.144024047851562500e+02
1.595241785049438477e+00
1.123933315277099609e+00
2.034983032226562500e+03
2.596488037109375000e+02
2.068540334701538086e+00
5.059503173828125000e+01
1.247615203857421875e+02
1.617599487304687500e+02
2.457106590270996094e+01
1.313270568847656250e+02
1.401208591461181641e+01
3.706023559570312500e+02
7.724020019531250000e+03
8.673415527343750000e+02
2.020057525634765625e+02
6.730745792388916016e+00
6.981339111328125000e+02
4.754438018798828125e+01
3.573776483535766602e+00
1.036668090820312500e+03
1.688020935058593750e+02
9.821352539062500000e+02
5.881492614746093750e+01
7.362859249114990234e-01
6.538866424560546875e+01
2.888216018676757812e+00
3.118507385253906250e+00
7.889478802680969238e-01
1.366652343750000000e+03
1.016626770019531250e+03
4.530889282226562500e+02
6.004170227050781250e+01
3.395935058593750000e+00
7.341160888671875000e+02
2.989546394348144531e+01
1.195423828125000000e+03
6.320240020751953125e+01
9.825053100585937500e+02
1.772214174270629883e+00
1.636636810302734375e+02
3.036588134765625000e+03
9.392052888870239258e-01
1.403221923828125000e+03
3.637114715576171875e+01
6.175743937492370605e-01
1.655936889648437500e+02
7.981330108642578125e+01
2.379515647888183594e+00
9.683050513267517090e-01
7.888090610504150391e+00
4.513860702514648438e+00
1.733673461914062500e+03
1.801148986816406250e+02
2.388874816894531250e+02
6.968231201171875000e+01
3.180962219238281250e+02
1.274784851074218750e+02
1.649047698974609375e+02
4.975809631347656250e+02
3.715413818359375000e+03
2.193251991271972656e+01
1.269916629791259766e+01
3.018436035156250000e+03
5.262915611267089844e+00
1.041786479949951172e+01
5.890886840820312500e+02
2.742510414123535156e+01
1.321863842010498047e+01
1.031037750244140625e+02
5.188835620880126953e+00
2.294281768798828125e+01
2.706222534179687500e+01
5.476212692260742188e+01
4.422756042480468750e+02
1.025312519073486328e+01
3.073128320312500000e+04
7.852970600128173828e+00
8.269264101982116699e-01
3.840803146362304688e+01
1.093472534179687500e+03
7.412715148925781250e+01
9.715167045593261719e+00
7.817021484375000000e+02
1.648531150817871094e+01
9.016770172119140625e+01
3.067106933593750000e+02
2.310235500335693359e+00
1.205562133789062500e+02
1.690660715103149414e+00
1.624594688415527344e+01
6.202900886535644531e+00
3.695372009277343750e+01
2.077938270568847656e+01
9.944735527038574219e+00
4.801419448852539062e+01
7.023610687255859375e+01
1.685674190521240234e+00
1.618552398681640625e+02
7.956608276367187500e+02
1.145428085327148438e+01
8.401128387451171875e+01
1.400665473937988281e+01
9.141729354858398438e+00
1.094654440879821777e+00
7.691089843750000000e+03
2.189397430419921875e+01
6.963535156250000000e+02
3.538670778274536133e+00
3.384555664062500000e+02
2.457696437835693359e+00
2.749187316894531250e+02
5.983558105468750000e+03
2.919071316719055176e-01
2.470781326293945312e+00
2.313623291015625000e+03
5.508536338806152344e+00
1.735915161132812500e+03
4.969882011413574219e+00
6.435799407958984375e+01
1.634250068664550781e+01
1.900897598266601562e+01
5.503075942397117615e-02
1.729478454589843750e+01
5.162467956542968750e+00
9.537000122070312500e+02
8.295294189453125000e+01
1.897079467773437500e+01
6.934102058410644531e+00
4.335122680664062500e+01
2.381039237976074219e+01
1.902181148529052734e+00
6.936482543945312500e+02
2.481422882080078125e+02
1.519067001342773438e+01
3.169136428833007812e+01
2.649204711914062500e+02
1.798323822021484375e+02
2.294829406738281250e+02
8.934982419013977051e-01
1.407579296875000000e+04
1.758182334899902344e+01
9.069991302490234375e+01
2.865774345397949219e+01
8.625174164772033691e-01
1.707560546875000000e+03
1.669425201416015625e+02
1.270121097564697266e+00
2.019924682617187500e+03
6.943740081787109375e+01
1.045841217041015625e+01
6.380188476562500000e+03
1.020924072265625000e+02
1.013364715576171875e+02
8.168081665039062500e+01
1.161901489257812500e+03
3.908937377929687500e+02
5.385841674804687500e+02
5.565437698364257812e+01
3.638422607421875000e+03
9.401048421859741211e-01
3.245574569702148438e+01
7.809879150390625000e+02
1.562481880187988281e+01
8.409793701171875000e+02
1.429477810859680176e+00
1.964285492897033691e+00
1.159892578125000000e+02
5.154230594635009766e+00
1.342660999298095703e+01
2.473110351562500000e+02
1.257009983062744141e+00
2.657771110534667969e+01
1.072438621520996094e+01
5.290496349334716797e+00
6.490514373779296875e+01
1.357136487960815430e+00
1.494299292564392090e+00
4.287849426269531250e+02
1.616679565429687500e+03
7.125144958496093750e+00
2.109343109130859375e+02
2.606798934936523438e+01
1.254371070861816406e+01
3.447303466796875000e+03
5.554259777069091797e+00
4.593181457519531250e+02
5.407793807983398438e+01
5.360760116577148438e+01
2.294744140625000000e+03
5.670056152343750000e+01
3.132158203125000000e+02
1.079719970703125000e+03
3.143788757324218750e+02
7.010343933105468750e+01
5.199083862304687500e+02
5.037538909912109375e+01
3.008416175842285156e+00
5.897522354125976562e+01
3.412091445922851562e+01
1.055114459991455078e+01
1.551864379882812500e+03
7.340394287109375000e+02
1.333030883789062500e+03
3.395330810546875000e+02
1.810161018371582031e+01
3.828176259994506836e+00
8.233854174613952637e-01
4.180429458618164062e+01
1.454144191741943359e+01
1.056625652313232422e+01
1.310627818107604980e+00
1.914422416687011719e+01
6.953919529914855957e-01
1.479021759033203125e+02
5.834481430053710938e+01
1.723660736083984375e+02
1.709033203125000000e+02
4.963324737548828125e+01
9.239276123046875000e+01
2.099315834045410156e+01
1.212921428680419922e+01
3.651543259620666504e-01
1.221112695312500000e+04
4.190023925781250000e+03
2.735820007324218750e+02
2.554494476318359375e+02
1.954511566162109375e+02
1.469963134765625000e+03
3.431115341186523438e+01
6.478363037109375000e+01
2.374032974243164062e+01
4.711562633514404297e+00
9.412079620361328125e+01
1.963404296875000000e+03
1.264099273681640625e+02
1.295966053009033203e+01
1.278131866455078125e+01
2.746734619140625000e+02
6.294681396484375000e+02
1.507855529785156250e+02
1.850297164916992188e+01
2.077947807312011719e+01
1.193437352776527405e-01
1.334313750267028809e-01
5.054074096679687500e+01
3.336652374267578125e+01
5.742395877838134766e+00
3.699736785888671875e+01
3.666546325683593750e+02
7.262286376953125000e+01
2.256452178955078125e+02
1.490074157714843750e+01
2.864427804946899414e+00
1.994696617126464844e+01
6.544100189208984375e+01
1.419312500000000000e+03
2.879845142364501953e+00
1.678861846923828125e+02
1.542204260826110840e+00
5.056368350982666016e+00
3.367061913013458252e-01
1.427752208709716797e+01
8.438145507812500000e+03
4.076377343750000000e+04
8.552619934082031250e+00
1.291736907958984375e+02
1.216985473632812500e+02
5.996178150177001953e+00
2.136254882812500000e+02
8.479932861328125000e+02
1.080242347717285156e+01
6.669215202331542969e+00
3.961867094039916992e+00
1.002501831054687500e+02
4.492486572265625000e+01
3.624895095825195312e+01
4.170105590820312500e+02
8.550632324218750000e+02
6.154648780822753906e+00
6.946237087249755859e+00
5.129122257232666016e+00
3.377569885253906250e+02
1.497542285919189453e+01
5.350210952758789062e+01
5.815607910156250000e+02
2.252952003479003906e+01
1.179241943359375000e+03
1.334137939453125000e+03
3.077178344726562500e+02
2.473496437072753906e+00
3.257509231567382812e+01
