7.331340014934539795e-02
1.999433040618896484e-01
8.218282833695411682e-03
3.016137750819325447e-03
3.516507148742675781e-02
3.453591346740722656e+00
2.096151374280452728e-02
3.813149873167276382e-03
1.352660544216632843e-02
3.657624125480651855e-01
3.184080868959426880e-02
4.063441231846809387e-02
8.092168718576431274e-02
2.637755684554576874e-02
3.027249593287706375e-03
2.321697771549224854e-02
1.647069351747632027e-03
1.356406044214963913e-02
3.756407648324966431e-02
1.188216847367584705e-03
2.433669939637184143e-02
3.078612498939037323e-02
1.195718646049499512e-01
1.792825944721698761e-02
2.273574590682983398e+00
7.797523867338895798e-03
5.130761489272117615e-02
1.230821236968040466e-01
1.092021241784095764e-01
6.189799904823303223e-01
1.112223602831363678e-03
4.710313514806330204e-04
1.839723810553550720e-02
6.858962029218673706e-02
1.959318295121192932e-02
2.831175550818443298e-02
6.314112339168787003e-03
5.606511840596795082e-04
1.036539394408464432e-02
1.014797762036323547e-02
1.546978801488876343e-01
1.304273158311843872e-01
8.907892741262912750e-03
5.996397972106933594e+00
1.649608463048934937e-01
1.182249188423156738e-01
1.240884605795145035e-02
5.915738940238952637e-01
1.490659895353019238e-03
8.350976556539535522e-02
1.235574632883071899e-01
6.206220760941505432e-02
1.004250645637512207e-01
3.261686116456985474e-02
1.522076199762523174e-03
2.512859646230936050e-03
4.255476873368024826e-03
3.084862977266311646e-02
2.876088581979274750e-02
9.080578804016113281e+00
1.210189238190650940e-02
1.001083755493164062e+01
1.511533185839653015e-02
1.012892555445432663e-02
1.071231365203857422e-01
8.510489016771316528e-02
3.779871165752410889e-01
2.752015553414821625e-02
9.324136972427368164e-01
6.206425428390502930e-01
1.838085299823433161e-04
1.008958458900451660e+00
3.570758039131760597e-03
2.704168856143951416e-01
1.078133955597877502e-01
1.378501020371913910e-02
8.608207106590270996e-03
4.850319027900695801e-02
2.041917853057384491e-02
1.187073532491922379e-02
1.757884919643402100e-01
1.858910918235778809e-02
4.187314957380294800e-02
3.706826828420162201e-04
2.802088158205151558e-03
3.233518917113542557e-03
1.009091283776797354e-04
2.419848926365375519e-02
9.460660815238952637e-01
6.147157982923090458e-04
1.172392535954713821e-02
1.995428465306758881e-02
3.795291064307093620e-03
4.424946382641792297e-02
3.788712900131940842e-03
8.966392278671264648e-01
1.715477854013442993e-01
2.329554706811904907e-01
1.725415233522653580e-03
1.005927845835685730e-01
3.557789087295532227e+00
5.517116934061050415e-02
2.591653726994991302e-03
2.223782986402511597e-02
1.686679385602474213e-02
3.874328434467315674e-01
3.949922695755958557e-02
2.434284612536430359e-02
1.096746772527694702e-01
2.181667238473892212e-01
3.201119229197502136e-02
2.527888417243957520e-01
7.391857355833053589e-02
2.216956913471221924e-01
1.534551754593849182e-02
5.081266164779663086e-02
5.069776251912117004e-02
1.973979920148849487e-02
3.948675002902746201e-03
4.039393365383148193e-02
3.091483376920223236e-03
3.923156738281250000e+01
4.253061711788177490e-01
8.798094391822814941e-01
3.970508696511387825e-04
1.366379559040069580e-01
1.220910996198654175e-02
4.331746604293584824e-04
1.328974217176437378e-01
4.520809277892112732e-02
6.501609683036804199e-01
3.039808943867683411e-02
4.743872210383415222e-03
1.967237796634435654e-03
4.021622613072395325e-02
7.722390815615653992e-03
2.468581683933734894e-02
1.801399588584899902e+00
2.162605226039886475e-01
9.248458743095397949e-01
1.441479660570621490e-02
8.423486724495887756e-03
1.168425083160400391e+00
7.327387928962707520e-01
1.134120655059814453e+01
6.762361526489257812e-02
2.627663612365722656e-01
3.216974064707756042e-02
1.289275288581848145e-01
2.108163945376873016e-02
1.706876419484615326e-02
2.430425286293029785e-01
1.973419487476348877e-01
4.642711207270622253e-02
1.975137740373611450e-01
2.578973397612571716e-02
2.149630896747112274e-02
4.148110374808311462e-02
9.834124939516186714e-04
4.907328169792890549e-03
1.110966950654983521e-01
1.511974260210990906e-03
6.352593004703521729e-02
1.832068115472793579e-01
5.841383337974548340e-01
1.763657927513122559e-01
2.063165456056594849e-01
2.316613346338272095e-01
1.775363087654113770e+00
1.805695937946438789e-03
6.010097637772560120e-02
1.945192664861679077e-01
4.773923137690871954e-04
9.202579036355018616e-03
5.696373432874679565e-02
1.552668571472167969e+00
2.287143282592296600e-02
2.139376476407051086e-02
1.764322258532047272e-02
2.927304208278656006e-01
4.757709056138992310e-02
4.367777705192565918e-02
1.483596116304397583e-01
6.158014759421348572e-02
9.246652722358703613e-01
2.907160297036170959e-02
8.385474793612957001e-03
3.157733008265495300e-02
5.160307288169860840e-01
2.821096777915954590e-02
3.776315450668334961e-01
2.831760235130786896e-02
2.243137423647567630e-04
8.195491880178451538e-02
1.483392864465713501e-01
5.058818683028221130e-02
3.737226724624633789e-01
3.281690552830696106e-02
5.585629492998123169e-03
8.375313133001327515e-02
3.415742423385381699e-03
7.035882025957107544e-02
2.132474258542060852e-02
5.305717512965202332e-02
1.045212708413600922e-02
9.251601994037628174e-03
9.664180874824523926e-02
1.284840297698974609e+01
3.984922077506780624e-03
2.717143855988979340e-03
4.368128255009651184e-03
3.675640001893043518e-02
2.047148154815658927e-04
1.472071886062622070e+00
3.809365257620811462e-02
2.172089576721191406e+00
4.536832869052886963e-01
3.233244642615318298e-02
5.696124280802905560e-04
4.822604060173034668e-01
8.689137101173400879e-01
3.422422101721167564e-03
8.046712726354598999e-03
3.235928341746330261e-02
1.017925605992786586e-04
1.337475180625915527e-01
1.713766949251294136e-03
3.098650455474853516e+00
1.505003720521926880e-01
9.417744353413581848e-03
1.405824907124042511e-02
1.479439064860343933e-02
1.818630844354629517e-02
3.601386910304427147e-03
6.404343247413635254e-02
5.224989727139472961e-02
4.949847608804702759e-02
4.249168559908866882e-03
3.150223791599273682e-01
7.755832048133015633e-04
1.936100572347640991e-01
2.355114929378032684e-02
1.531156301498413086e-01
4.318594932556152344e-03
1.327444892376661301e-02
1.348519511520862579e-02
5.214222520589828491e-02
5.546096712350845337e-02
4.766146838665008545e-02
4.929012805223464966e-02
4.192410409450531006e-02
6.176046729087829590e-01
2.000641688937321305e-04
1.008952111005783081e-01
3.338981419801712036e-02
1.604074984788894653e-01
3.543046951293945312e+00
6.335685402154922485e-02
9.583054110407829285e-03
9.518047422170639038e-02
8.755753748118877411e-03
1.571473781950771809e-03
1.481390118598937988e+00
5.156442150473594666e-02
7.465998642146587372e-03
1.071940585970878601e-01
7.763599045574665070e-03
1.657335519790649414e+00
2.295425394549965858e-03
9.623698890209197998e-03
2.575791835784912109e+00
6.649286299943923950e-02
3.977625668048858643e-01
2.961277496069669724e-03
1.389008713886141777e-03
1.900780946016311646e-02
1.594708487391471863e-02
1.433943398296833038e-02
2.864819765090942383e-01
5.568037629127502441e-01
2.916346490383148193e-01
2.908492833375930786e-02
1.552240829914808273e-02
1.552864164113998413e-02
1.987830910366028547e-04
1.590823754668235779e-02
6.209156036376953125e+00
1.620091438293457031e+00
1.606646575964987278e-03
7.069823145866394043e-02
1.913678087294101715e-02
3.550448687747120857e-03
2.071721106767654419e-01
3.495020046830177307e-02
1.341920229606330395e-03
1.060759462416172028e-02
3.298956155776977539e-02
5.939647182822227478e-02
1.633710980415344238e+00
9.688940644264221191e-02
2.058271646499633789e+00
3.626517057418823242e-01
1.381583362817764282e-01
9.880046844482421875e-01
1.229429841041564941e+00
2.970932610332965851e-02
1.396890822798013687e-02
1.403163969516754150e-01
1.670538261532783508e-02
1.496583819389343262e-01
1.118271112442016602e+00
1.567615717649459839e-01
2.867760322988033295e-02
4.339938461780548096e-01
1.139119546860456467e-02
3.073410503566265106e-02
1.721235108561813831e-03
9.042686223983764648e-01
2.239816589280962944e-03
1.039218809455633163e-02
1.528797000646591187e-01
8.717601303942501545e-04
2.522887289524078369e-02
1.345226764678955078e-01
7.734618615359067917e-03
1.262996673583984375e+00
5.690282676368951797e-03
4.574798047542572021e-03
2.349842712283134460e-02
5.236784927546977997e-03
1.538094482384622097e-03
6.065593957901000977e-01
1.190518960356712341e-02
3.272917494177818298e-02
1.168196648359298706e-02
1.224357634782791138e-02
1.763039641082286835e-02
1.084885746240615845e-02
2.295335195958614349e-02
1.694245636463165283e-01
1.005991175770759583e-02
4.676000389736145735e-04
6.551552098244428635e-03
1.165678977966308594e+00
1.043748343363404274e-03
1.225219666957855225e-02
2.441649436950683594e-01
1.938556283712387085e-01
2.762846648693084717e-02
5.423353239893913269e-02
1.411066800355911255e-01
9.010079503059387207e-02
1.269893982680514455e-04
1.865531690418720245e-02
1.121579483151435852e-02
4.568432457745075226e-03
2.717859856784343719e-02
3.723030164837837219e-02
7.333380728960037231e-02
1.389723271131515503e-01
3.440731391310691833e-02
1.435507903806865215e-03
4.920404031872749329e-02
1.673294976353645325e-02
3.234401643276214600e-01
1.617439649999141693e-02
1.642458736896514893e-01
1.552726374939084053e-03
2.344612777233123779e-01
6.631099968217313290e-04
7.818936556577682495e-02
7.957155257463455200e-02
8.736283183097839355e-01
3.427984192967414856e-02
7.063748240470886230e-01
4.647744819521903992e-03
1.030912250280380249e-02
9.244457818567752838e-03
8.436546660959720612e-03
2.896514162421226501e-02
5.299373716115951538e-02
3.628207137808203697e-03
1.165059208869934082e+00
1.640917360782623291e-01
4.065400362014770508e-02
5.999742507934570312e+00
1.637550926208496094e+01
1.098761707544326782e-02
3.123827278614044189e-03
4.558968357741832733e-04
6.558643281459808350e-02
1.569836586713790894e-02
4.520305991172790527e-02
5.213307857513427734e+00
3.170760755892843008e-04
5.060883998870849609e+00
2.231441289186477661e-01
1.934001408517360687e-02
1.931564649567008018e-03
5.674661602824926376e-03
1.866192817687988281e+01
6.463059234619140625e+01
5.611051559448242188e+01
5.526264905929565430e-01
2.330836486816406250e+01
1.335843801498413086e+00
2.883540039062500000e+02
9.933510780334472656e+00
8.608951568603515625e+01
1.626895523071289062e+01
1.025243911743164062e+02
2.658388900756835938e+01
2.308434486389160156e+01
6.894019246101379395e-01
7.532017230987548828e+00
6.966214752197265625e+01
2.418995857238769531e+01
1.424233093261718750e+02
3.893087768554687500e+01
4.979300022125244141e+00
1.886102294921875000e+01
4.669732570648193359e+00
9.392487525939941406e+00
3.015434265136718750e+01
6.845076560974121094e+00
9.141294360160827637e-01
7.406927490234375000e+01
5.355545654296875000e+02
5.934550781250000000e+02
1.368957214355468750e+02
3.074093341827392578e+00
3.378218650817871094e+00
5.059199333190917969e+00
3.883957214355468750e+02
3.548533678054809570e+00
6.624113559722900391e+00
4.972053170204162598e-01
8.390546590089797974e-02
2.136289596557617188e+00
1.353907470703125000e+02
1.084753051757812500e+03
2.456806564331054688e+01
6.517859697341918945e-01
3.831555480957031250e+02
1.630779838562011719e+01
1.446495208740234375e+02
1.208209991455078125e+02
1.070958709716796875e+01
8.451403379440307617e-01
4.173800048828125000e+02
8.377702331542968750e+01
1.902809143066406250e+01
1.376555252075195312e+01
3.823332595825195312e+01
3.176295518875122070e+00
4.206696510314941406e+00
3.562549114227294922e+00
6.339474320411682129e-01
9.308779716491699219e+00
5.078049011230468750e+02
9.858306121826171875e+01
5.385448608398437500e+02
3.362546443939208984e+00
2.345957946777343750e+01
4.830111980438232422e+00
1.761579704284667969e+01
4.805356597900390625e+01
9.867416381835937500e+02
7.092969970703125000e+02
2.165597534179687500e+01
6.364886462688446045e-02
5.330352401733398438e+01
1.271773576736450195e+00
1.404073944091796875e+02
9.805353164672851562e+00
8.765343666076660156e+00
4.732689559459686279e-01
6.433567047119140625e+00
8.311154937744140625e+01
2.754099082946777344e+01
2.167295837402343750e+01
3.038211107254028320e+00
1.148549938201904297e+01
1.891913604736328125e+01
1.096947669982910156e+01
1.172717475891113281e+01
1.452965140342712402e-01
1.492415809631347656e+01
1.633739662170410156e+01
2.810765981674194336e+00
6.337202548980712891e+00
6.127005004882812500e+01
4.726124954223632812e+01
1.670262336730957031e+01
8.061019134521484375e+01
5.219610214233398438e+01
3.417950391769409180e+00
1.170053222656250000e+03
1.418131709098815918e+00
8.231269073486328125e+01
1.851773262023925781e+00
1.345992374420166016e+01
1.020781636238098145e+00
1.018340911865234375e+02
2.092729377746582031e+01
4.079730606079101562e+01
2.517623901367187500e+00
8.750717163085937500e+02
3.663724060058593750e+02
1.990508675575256348e+00
1.679151207208633423e-01
2.711686096191406250e+02
1.013963546752929688e+02
2.564391374588012695e+00
3.807466125488281250e+01
7.470590209960937500e+01
2.695465660095214844e+01
1.360871505737304688e+01
5.032624053955078125e+01
1.748392105102539062e+01
7.194412994384765625e+01
8.518920898437500000e+03
1.992966766357421875e+02
8.171315002441406250e+01
1.878755092620849609e+00
1.486008911132812500e+02
1.201806449890136719e+01
1.833100199699401855e+00
7.727840576171875000e+02
1.122932968139648438e+02
9.454425048828125000e+01
1.369455337524414062e+01
2.321273237466812134e-01
9.712760925292968750e+00
1.546403408050537109e+00
1.947087407112121582e+00
3.155340671539306641e+00
2.367336425781250000e+02
1.421706237792968750e+02
2.708672180175781250e+02
3.108340644836425781e+01
1.226228833198547363e+00
4.551473388671875000e+02
1.808325958251953125e+01
2.502426147460937500e+02
3.106344032287597656e+01
2.760979309082031250e+02
1.029110670089721680e+00
2.744563102722167969e+01
5.373502807617187500e+02
6.350221633911132812e-01
4.060912780761718750e+02
6.566709899902343750e+01
6.084643006324768066e-01
1.197325668334960938e+02
1.592510700225830078e+01
1.287115097045898438e+00
1.314127206802368164e+00
1.957248449325561523e+00
1.025113821029663086e+00
6.162913818359375000e+02
1.334111785888671875e+02
1.310425567626953125e+02
1.988262939453125000e+01
1.125519485473632812e+02
1.447990322113037109e+01
4.403527450561523438e+01
1.060156402587890625e+02
3.525271301269531250e+02
3.787207841873168945e+00
1.136567687988281250e+01
6.468775634765625000e+02
2.045355081558227539e+00
3.985695838928222656e+00
1.578523864746093750e+02
2.534826660156250000e+01
6.695419788360595703e+00
4.899967956542968750e+01
2.560561656951904297e+00
1.318045616149902344e+01
3.722810506820678711e+00
3.140818214416503906e+01
1.888257598876953125e+02
1.309042930603027344e+00
7.053239746093750000e+03
6.207949638366699219e+00
8.964640498161315918e-01
1.499827384948730469e+01
1.508182067871093750e+02
3.368687820434570312e+01
1.637721896171569824e+00
7.482379913330078125e+01
5.167936325073242188e+00
5.003466796875000000e+01
6.219414901733398438e+01
1.334486722946166992e+00
5.296462631225585938e+01
1.006035923957824707e+00
1.818796277046203613e+00
2.585408926010131836e+00
1.035871696472167969e+01
3.194320201873779297e+00
7.289035797119140625e+00
2.675290489196777344e+01
6.782606506347656250e+01
5.740050077438354492e-01
1.538326454162597656e+01
2.910474243164062500e+02
6.665581226348876953e+00
2.330203628540039062e+01
8.852434158325195312e+00
2.397208929061889648e+00
1.110375881195068359e+00
2.199843994140625000e+03
1.706781768798828125e+01
1.611735687255859375e+02
8.146623611450195312e+00
3.544920959472656250e+02
1.438992977142333984e+00
1.230955734252929688e+02
2.701228759765625000e+03
1.440148204565048218e-01
1.687450528144836426e+00
3.895027465820312500e+02
2.841050148010253906e+00
4.852009582519531250e+02
2.256195068359375000e+00
1.829342651367187500e+01
3.859922885894775391e+00
1.098372936248779297e+01
1.201186999678611755e-01
9.145917892456054688e+00
1.645977854728698730e+00
1.371830444335937500e+02
1.537618732452392578e+01
3.159170913696289062e+01
1.816697120666503906e+00
1.388353633880615234e+01
1.399877262115478516e+01
9.702555537223815918e-01
3.675640258789062500e+02
4.205491256713867188e+01
8.513934135437011719e+00
8.755094528198242188e+00
8.667308807373046875e+01
5.836860656738281250e+01
1.467306213378906250e+02
3.587455451488494873e-01
1.582118286132812500e+03
5.519823551177978516e+00
3.452864456176757812e+01
2.893847846984863281e+01
1.464957118034362793e+00
1.412059783935546875e+02
6.144641494750976562e+01
1.115660786628723145e+00
1.512020721435546875e+02
2.712223243713378906e+01
2.523796796798706055e+00
9.763568725585937500e+02
3.669998168945312500e+01
5.218431854248046875e+01
3.689295959472656250e+01
3.226176147460937500e+02
9.773401641845703125e+01
6.702260589599609375e+01
2.604223442077636719e+01
3.615034790039062500e+02
2.074331194162368774e-01
7.864655017852783203e+00
7.371193237304687500e+02
2.844887161254882812e+01
2.386413421630859375e+02
9.445626139640808105e-01
2.810536921024322510e-01
2.661436843872070312e+01
6.442654609680175781e+00
6.540073394775390625e+00
3.868743896484375000e+01
9.885762929916381836e-01
1.002864456176757812e+01
3.419868469238281250e+00
4.601107597351074219e+00
2.693919181823730469e+01
6.396507024765014648e-01
2.150629758834838867e+00
5.619448852539062500e+02
8.542713623046875000e+02
1.788785099983215332e+00
9.473640441894531250e+01
2.006478309631347656e+01
6.316612243652343750e+00
2.494412109375000000e+03
4.321018218994140625e+00
5.837380981445312500e+01
1.089739513397216797e+01
2.021404075622558594e+01
4.572216796875000000e+02
1.319428348541259766e+01
1.066860504150390625e+02
2.193095855712890625e+02
7.387255859375000000e+01
2.789375877380371094e+01
4.389574890136718750e+02
2.098995971679687500e+01
6.259259223937988281e+00
9.033580017089843750e+01
1.580417156219482422e+01
9.704923629760742188e+00
6.688739624023437500e+02
4.552469787597656250e+02
4.177734375000000000e+02
6.171701049804687500e+02
5.342292785644531250e+00
4.874461650848388672e+00
6.578032374382019043e-01
9.652628898620605469e+00
1.196087646484375000e+01
5.668832778930664062e+00
1.519429683685302734e+00
3.193248987197875977e+00
1.063837885856628418e+00
2.600481567382812500e+02
3.315685653686523438e+01
7.279426574707031250e+01
2.050712738037109375e+02
9.515021324157714844e+00
4.401225662231445312e+01
2.661473655700683594e+01
1.638733863830566406e+01
6.430479288101196289e-01
3.258796386718750000e+03
5.710933837890625000e+02
3.087947845458984375e+01
7.616168975830078125e+01
4.089136505126953125e+01
6.562271118164062500e+02
4.018255996704101562e+01
4.563398361206054688e+00
2.530570220947265625e+01
1.720666885375976562e+00
3.768196487426757812e+01
5.915372924804687500e+02
3.647939682006835938e+01
6.685614585876464844e+00
3.370980501174926758e+00
1.049827117919921875e+02
7.981390991210937500e+02
4.049856567382812500e+01
2.130250740051269531e+01
1.645889282226562500e+01
1.776663661003112793e-01
6.923864781856536865e-02
2.432914352416992188e+01
1.208750438690185547e+01
4.489239215850830078e+00
1.425384616851806641e+01
1.099494552612304688e+02
4.939210128784179688e+01
7.162176513671875000e+01
2.506191968917846680e+00
1.322793364524841309e+00
5.419810295104980469e+00
1.301825237274169922e+01
5.158156738281250000e+02
2.651511669158935547e+00
6.922093200683593750e+01
3.682797551155090332e-01
5.527837276458740234e+00
2.270401120185852051e-01
9.351362228393554688e+00
1.452847290039062500e+03
2.248989843750000000e+04
3.807651281356811523e+00
8.575273895263671875e+01
2.341942596435546875e+01
3.461642980575561523e+00
7.867522430419921875e+01
2.494288330078125000e+02
2.374670982360839844e+00
4.029078960418701172e+00
1.300683784484863281e+01
8.386775207519531250e+01
2.219987106323242188e+01
6.324599266052246094e+00
1.898885955810546875e+02
1.294333251953125000e+03
9.272131919860839844e+00
3.113018035888671875e+00
2.359184980392456055e+00
1.453700866699218750e+02
1.902541756629943848e+00
7.839776515960693359e+00
2.549441986083984375e+02
1.911983108520507812e+01
2.857164001464843750e+02
8.163101806640625000e+02
9.837621307373046875e+01
1.212365746498107910e+00
3.580629730224609375e+01
