4.971827939152717590e-02
1.981316357851028442e-01
5.795650184154510498e-03
2.580273663625121117e-03
3.677704930305480957e-02
5.340681552886962891e+00
2.038533799350261688e-02
2.633906435221433640e-03
9.318411350250244141e-03
4.815365076065063477e-01
1.914528198540210724e-02
2.853660471737384796e-02
5.485630035400390625e-02
2.431421540677547455e-02
2.399397781118750572e-03
1.517598237842321396e-02
1.497249351814389229e-03
1.450097933411598206e-02
2.933803945779800415e-02
7.227575988508760929e-04
2.875169180333614349e-02
2.755717374384403229e-02
1.166435852646827698e-01
2.097740583121776581e-02
1.659825563430786133e+00
6.527656689286231995e-03
4.612296074628829956e-02
8.304932713508605957e-02
9.729234129190444946e-02
5.273542404174804688e-01
5.649579106830060482e-04
2.153009409084916115e-04
9.749516844749450684e-03
5.138051137328147888e-02
2.769861556589603424e-02
1.422604545950889587e-02
4.466820508241653442e-03
3.590178384911268950e-04
9.386294521391391754e-03
6.198993884027004242e-03
1.723010689020156860e-01
1.407889127731323242e-01
4.337300546467304230e-03
7.683098316192626953e+00
1.487736552953720093e-01
1.356838494539260864e-01
1.116124819964170456e-02
5.268334746360778809e-01
1.157945604063570499e-03
4.591153189539909363e-02
1.261793524026870728e-01
6.182894855737686157e-02
1.172404363751411438e-01
3.675721213221549988e-02
9.185384260490536690e-04
2.629936905577778816e-03
3.596410388126969337e-03
1.755570992827415466e-02
2.948730066418647766e-02
1.154929351806640625e+01
1.356088556349277496e-02
1.082691574096679688e+01
1.367536745965480804e-02
6.429298780858516693e-03
9.436950832605361938e-02
5.242437869310379028e-02
1.906961947679519653e-01
2.044746465981006622e-02
6.700195670127868652e-01
5.824145674705505371e-01
1.276294788112863898e-04
1.113295674324035645e+00
2.082352992147207260e-03
1.251520812511444092e-01
8.831611275672912598e-02
1.666239090263843536e-02
6.395539268851280212e-03
4.417794942855834961e-02
2.727942354977130890e-02
1.294641103595495224e-02
1.495189368724822998e-01
2.171561121940612793e-02
2.241618186235427856e-02
2.366896951571106911e-04
2.134483773261308670e-03
2.483715536072850227e-03
5.416932617663405836e-05
2.431227266788482666e-02
6.277387738227844238e-01
4.177028604317456484e-04
1.000033318996429443e-02
1.153469644486904144e-02
2.335332799702882767e-03
4.715046659111976624e-02
1.834371243603527546e-03
9.587719440460205078e-01
2.143006771802902222e-01
1.420899480581283569e-01
8.579930872656404972e-04
9.957703202962875366e-02
2.424806594848632812e+00
4.728711396455764771e-02
1.649815007112920284e-03
1.912968233227729797e-02
1.405342388898134232e-02
5.135087966918945312e-01
5.657339468598365784e-02
1.830648817121982574e-02
5.129171535372734070e-02
1.568198502063751221e-01
5.342320352792739868e-02
2.872334718704223633e-01
7.268105447292327881e-02
1.641227602958679199e-01
1.570425741374492645e-02
3.550649434328079224e-02
3.979866951704025269e-02
1.222114916890859604e-02
2.841662149876356125e-03
3.800954669713973999e-02
1.779865007847547531e-03
2.545756340026855469e+01
3.897688984870910645e-01
8.263745903968811035e-01
2.095379168167710304e-04
1.508487462997436523e-01
1.348594762384891510e-02
3.460100269876420498e-04
8.792357891798019409e-02
3.665680810809135437e-02
7.162289619445800781e-01
2.177658863365650177e-02
3.264891449362039566e-03
1.626556739211082458e-03
4.857493191957473755e-02
8.932098746299743652e-03
2.892586030066013336e-02
1.473591566085815430e+00
2.031982243061065674e-01
5.851010084152221680e-01
1.224184315651655197e-02
9.050609543919563293e-03
1.019441008567810059e+00
8.019518852233886719e-01
2.073563385009765625e+01
4.932453855872154236e-02
2.194944173097610474e-01
1.522824726998806000e-02
9.363786131143569946e-02
1.204025279730558395e-02
1.339058019220829010e-02
1.317957490682601929e-01
1.904824376106262207e-01
3.166825696825981140e-02
1.855259835720062256e-01
1.342390011996030807e-02
1.910070516169071198e-02
3.911649808287620544e-02
1.097786589525640011e-03
4.972580820322036743e-03
6.214933469891548157e-02
6.123823113739490509e-04
9.028220176696777344e-02
2.295598834753036499e-01
3.218364119529724121e-01
1.932701617479324341e-01
1.371284276247024536e-01
2.315481603145599365e-01
1.630344748497009277e+00
1.027747406624257565e-03
2.675472013652324677e-02
1.628910154104232788e-01
2.027267328230664134e-04
7.809430826455354691e-03
4.963245242834091187e-02
1.784716129302978516e+00
1.963986456394195557e-02
1.549277082085609436e-02
1.494550984352827072e-02
2.010356932878494263e-01
4.681390896439552307e-02
4.204591736197471619e-02
1.543196588754653931e-01
5.713120475411415100e-02
1.060834765434265137e+00
1.817615516483783722e-02
6.918369792401790619e-03
2.998011372983455658e-02
6.766108274459838867e-01
2.709961310029029846e-02
3.427845239639282227e-01
2.560071647167205811e-02
1.482127117924392223e-04
8.179359883069992065e-02
1.991816759109497070e-01
2.382497303187847137e-02
4.203068315982818604e-01
3.965954482555389404e-02
5.878962576389312744e-03
4.759871587157249451e-02
3.127416362985968590e-03
4.818935692310333252e-02
1.478664018213748932e-02
3.560202941298484802e-02
8.594405837357044220e-03
4.383096471428871155e-03
1.193368434906005859e-01
2.034531211853027344e+01
3.566716564819216728e-03
2.594112884253263474e-03
4.348452202975749969e-03
4.584714770317077637e-02
1.329925289610400796e-04
1.437094449996948242e+00
3.195068240165710449e-02
2.004176616668701172e+00
2.877608537673950195e-01
2.905406430363655090e-02
4.163988924119621515e-04
4.838543534278869629e-01
7.105754017829895020e-01
3.079485148191452026e-03
4.100761841982603073e-03
3.137114271521568298e-02
6.384563312167301774e-05
1.063583716750144958e-01
1.778090372681617737e-03
3.743703126907348633e+00
2.117391675710678101e-01
8.624399080872535706e-03
1.552821230143308640e-02
1.201155222952365875e-02
2.016509883105754852e-02
3.178764600306749344e-03
7.747002691030502319e-02
2.516337111592292786e-02
7.160466909408569336e-02
3.778773592785000801e-03
3.280863165855407715e-01
4.259618290234357119e-04
9.608451277017593384e-02
2.297541685402393341e-02
1.461548954248428345e-01
3.910196945071220398e-03
1.161598321050405502e-02
9.738087654113769531e-03
3.435194492340087891e-02
7.291286438703536987e-02
4.036238417029380798e-02
4.036266356706619263e-02
3.507733345031738281e-02
8.383552432060241699e-01
1.314478722633793950e-04
9.231824427843093872e-02
2.034155651926994324e-02
1.733935326337814331e-01
4.212084770202636719e+00
4.304015263915061951e-02
9.782044216990470886e-03
1.023185774683952332e-01
7.569112814962863922e-03
1.014820532873272896e-03
1.413176655769348145e+00
4.127794131636619568e-02
4.972037859261035919e-03
5.346679314970970154e-02
9.702019393444061279e-03
1.623103976249694824e+00
3.459490137174725533e-03
6.737966090440750122e-03
2.471442937850952148e+00
4.051268845796585083e-02
5.575612187385559082e-01
2.212476683780550957e-03
1.186254201456904411e-03
1.272989064455032349e-02
1.307364646345376968e-02
9.393892250955104828e-03
2.627736628055572510e-01
6.681596040725708008e-01
2.449312210083007812e-01
1.805268973112106323e-02
1.291218772530555725e-02
1.068407483398914337e-02
1.830922847148030996e-04
1.099063549190759659e-02
6.526455879211425781e+00
2.059376001358032227e+00
8.664315682835876942e-04
4.642039537429809570e-02
1.156728714704513550e-02
2.574985846877098083e-03
1.816361993551254272e-01
2.863361872732639313e-02
1.148117822594940662e-03
1.124882511794567108e-02
2.681495249271392822e-02
5.812204256653785706e-02
1.774114251136779785e+00
6.601625680923461914e-02
1.772510290145874023e+00
4.605607688426971436e-01
1.165467873215675354e-01
6.745112538337707520e-01
1.820532560348510742e+00
1.658168062567710876e-02
1.472446322441101074e-02
9.622795879840850830e-02
8.779081515967845917e-03
1.361546814441680908e-01
1.081274151802062988e+00
8.056288212537765503e-02
2.092113532125949860e-02
4.379767775535583496e-01
5.730947945266962051e-03
2.912880666553974152e-02
1.174552948214113712e-03
6.266563534736633301e-01
1.510529429651796818e-03
8.828558959066867828e-03
2.124011367559432983e-01
7.344751502387225628e-04
1.550034526735544205e-02
6.577090919017791748e-02
5.137948319315910339e-03
7.467338442802429199e-01
5.583696067333221436e-03
4.664116073399782181e-03
1.431177556514739990e-02
3.156151622533798218e-03
1.293643843382596970e-03
4.234686791896820068e-01
8.101934567093849182e-03
1.865676231682300568e-02
9.213428013026714325e-03
8.921967819333076477e-03
8.524877019226551056e-03
6.193616427481174469e-03
1.669043675065040588e-02
1.567465960979461670e-01
4.192569293081760406e-03
4.192859050817787647e-04
5.318334326148033142e-03
1.192179322242736816e+00
8.490742184221744537e-04
1.473015081137418747e-02
1.962692439556121826e-01
1.041452586650848389e-01
3.303204476833343506e-02
3.468763455748558044e-02
1.287062764167785645e-01
7.283771783113479614e-02
7.661293057026341558e-05
1.889465190470218658e-02
5.542375613003969193e-03
3.621070645749568939e-03
2.638599090278148651e-02
3.020046465098857880e-02
5.604693666100502014e-02
9.323798120021820068e-02
3.510500863194465637e-02
1.125812414102256298e-03
4.100624099373817444e-02
1.086947694420814514e-02
2.295895814895629883e-01
1.197567116469144821e-02
1.488019675016403198e-01
1.295660040341317654e-03
2.046713829040527344e-01
3.052957181353121996e-04
7.979502528905868530e-02
1.018439605832099915e-01
2.360302209854125977e-01
2.604814991354942322e-02
5.952631831169128418e-01
3.128130687400698662e-03
1.256878674030303955e-02
5.406118463724851608e-03
1.166656333953142166e-02
2.157713472843170166e-02
5.029777064919471741e-02
1.966495998203754425e-03
2.417842388153076172e+00
1.131199002265930176e-01
2.535137161612510681e-02
4.757701873779296875e+00
1.195653152465820312e+01
8.195729926228523254e-03
1.453152508474886417e-03
5.102290306240320206e-04
4.423353448510169983e-02
9.448911994695663452e-03
3.566779568791389465e-02
4.547684192657470703e+00
2.013229823205620050e-04
4.351348876953125000e+00
1.552225649356842041e-01
1.781963370740413666e-02
1.086674514226615429e-03
5.486075766384601593e-03
2.231328964233398438e+01
1.044751434326171875e+02
1.057511291503906250e+02
8.054636716842651367e-01
3.915662384033203125e+01
1.647067189216613770e+00
5.440581054687500000e+02
1.150445938110351562e+01
1.364833374023437500e+02
1.523030376434326172e+01
1.721644134521484375e+02
1.862900543212890625e+01
3.577600479125976562e+01
6.643618345260620117e-01
8.345644950866699219e+00
9.038634490966796875e+01
4.372352981567382812e+01
2.024584045410156250e+02
8.403792572021484375e+01
5.724379062652587891e+00
3.749536132812500000e+01
4.869519233703613281e+00
7.931432723999023438e+00
5.111949539184570312e+01
3.269694805145263672e+00
6.410526633262634277e-01
1.427391052246093750e+02
7.066466064453125000e+02
8.717453002929687500e+02
3.026371154785156250e+02
4.090698719024658203e+00
3.394783496856689453e+00
6.372887611389160156e+00
4.620279235839843750e+02
6.498205184936523438e+00
6.125202178955078125e+00
5.587007999420166016e-01
6.195288151502609253e-02
2.873564958572387695e+00
1.398259124755859375e+02
1.304591796875000000e+03
2.441300010681152344e+01
7.115029692649841309e-01
5.370874633789062500e+02
1.677107810974121094e+01
1.763773956298828125e+02
1.257977294921875000e+02
1.210179901123046875e+01
6.019493937492370605e-01
7.487819213867187500e+02
1.162893066406250000e+02
2.787579536437988281e+01
1.594535255432128906e+01
3.334204483032226562e+01
2.860649585723876953e+00
7.557400226593017578e+00
4.707793712615966797e+00
4.244948029518127441e-01
1.801354598999023438e+01
1.044575561523437500e+03
1.678063812255859375e+02
6.360325927734375000e+02
4.553845882415771484e+00
4.718313598632812500e+01
6.417184352874755859e+00
2.710027503967285156e+01
5.559907531738281250e+01
1.470980468750000000e+03
4.561452636718750000e+02
3.601779174804687500e+01
7.331847399473190308e-02
6.998957824707031250e+01
1.140445351600646973e+00
1.451312866210937500e+02
9.946635246276855469e+00
1.062742996215820312e+01
6.396493315696716309e-01
7.425085544586181641e+00
2.339828643798828125e+02
3.432656860351562500e+01
2.560432052612304688e+01
5.483316898345947266e+00
9.866858482360839844e+00
3.081517028808593750e+01
8.472509384155273438e+00
1.984026718139648438e+01
1.311544775962829590e-01
1.279993915557861328e+01
1.519817256927490234e+01
3.158509492874145508e+00
1.063341331481933594e+01
5.098630905151367188e+01
5.179541397094726562e+01
1.481955623626708984e+01
1.133130722045898438e+02
1.026444320678710938e+02
3.371114730834960938e+00
1.126044067382812500e+03
8.503602147102355957e-01
1.831814727783203125e+02
1.677328109741210938e+00
2.236285018920898438e+01
1.601605892181396484e+00
1.307127990722656250e+02
3.210997772216796875e+01
6.862875366210937500e+01
2.765202760696411133e+00
2.252141601562500000e+03
3.675461425781250000e+02
9.883548021316528320e-01
2.754529416561126709e-01
5.357001342773437500e+02
1.694461212158203125e+02
1.986673831939697266e+00
3.842761230468750000e+01
8.769467926025390625e+01
4.139488983154296875e+01
1.653549957275390625e+01
6.355405044555664062e+01
1.396887302398681641e+01
1.204139099121093750e+02
9.610269531250000000e+03
2.998061218261718750e+02
1.505904693603515625e+02
2.252924203872680664e+00
1.656328582763671875e+02
2.362017631530761719e+01
2.732456445693969727e+00
7.748344726562500000e+02
1.006174087524414062e+02
2.087218475341796875e+02
1.547074699401855469e+01
2.699384689331054688e-01
1.353381633758544922e+01
1.938380002975463867e+00
2.222646951675415039e+00
2.142003774642944336e+00
3.082506103515625000e+02
3.195515747070312500e+02
2.872485656738281250e+02
2.936265182495117188e+01
1.982170820236206055e+00
5.014041442871093750e+02
2.237822151184082031e+01
4.400697021484375000e+02
3.518080520629882812e+01
2.637696228027343750e+02
1.293394327163696289e+00
3.497006607055664062e+01
1.173838256835937500e+03
4.672854244709014893e-01
5.572015380859375000e+02
5.456827163696289062e+01
4.156215786933898926e-01
1.699929504394531250e+02
2.260491561889648438e+01
1.535200238227844238e+00
1.039268851280212402e+00
3.219203233718872070e+00
1.524719476699829102e+00
7.595286865234375000e+02
1.493982543945312500e+02
2.000486602783203125e+02
2.959381484985351562e+01
1.746860046386718750e+02
3.577454757690429688e+01
4.590863418579101562e+01
1.914913787841796875e+02
5.570219726562500000e+02
6.353448867797851562e+00
8.970078468322753906e+00
1.050418090820312500e+03
1.762836575508117676e+00
5.980940341949462891e+00
3.034166564941406250e+02
2.269291305541992188e+01
8.798378944396972656e+00
6.066070556640625000e+01
2.799685716629028320e+00
1.995312118530273438e+01
6.650239467620849609e+00
2.914107704162597656e+01
3.913833312988281250e+02
3.104581117630004883e+00
1.271370214843750000e+04
5.446901321411132812e+00
6.645114421844482422e-01
1.717009544372558594e+01
3.910011291503906250e+02
4.628294372558593750e+01
2.774168729782104492e+00
1.396163787841796875e+02
7.382318973541259766e+00
5.727154541015625000e+01
1.051821899414062500e+02
1.430434346199035645e+00
7.552410888671875000e+01
9.551910161972045898e-01
2.849409818649291992e+00
2.771153450012207031e+00
1.277021884918212891e+01
4.624431610107421875e+00
7.469861030578613281e+00
3.830263900756835938e+01
8.957653045654296875e+01
5.240500569343566895e-01
3.346224212646484375e+01
7.067514038085937500e+02
6.771916389465332031e+00
3.948402404785156250e+01
9.086902618408203125e+00
2.852556228637695312e+00
1.214061498641967773e+00
3.527903076171875000e+03
1.491366481781005859e+01
2.694046020507812500e+02
6.479098796844482422e+00
3.585156555175781250e+02
1.274115920066833496e+00
1.907218933105468750e+02
4.036198730468750000e+03
1.105344146490097046e-01
1.880833387374877930e+00
7.776634521484375000e+02
2.684461593627929688e+00
8.958631591796875000e+02
3.400429010391235352e+00
2.014573478698730469e+01
5.754121780395507812e+00
1.104057598114013672e+01
1.111022606492042542e-01
8.974587440490722656e+00
2.080176115036010742e+00
3.203036499023437500e+02
2.709354209899902344e+01
2.257039642333984375e+01
3.987113237380981445e+00
2.205533409118652344e+01
1.729021644592285156e+01
9.814605712890625000e-01
2.743598022460937500e+02
7.868367004394531250e+01
1.193890762329101562e+01
1.497937965393066406e+01
1.344549102783203125e+02
6.121155548095703125e+01
1.595063781738281250e+02
4.471236467361450195e-01
3.296540527343750000e+03
5.894651889801025391e+00
5.200112533569335938e+01
4.405803298950195312e+01
1.355268955230712891e+00
3.201529541015625000e+02
1.001159439086914062e+02
7.459338903427124023e-01
3.352142028808593750e+02
4.923289871215820312e+01
3.659566402435302734e+00
1.830082641601562500e+03
6.210255050659179688e+01
8.091299438476562500e+01
4.550515365600585938e+01
4.073081970214843750e+02
1.422857818603515625e+02
8.745235443115234375e+01
3.304882049560546875e+01
6.334707641601562500e+02
2.844372391700744629e-01
9.103725433349609375e+00
9.021578979492187500e+02
1.799523735046386719e+01
4.583067321777343750e+02
1.139837861061096191e+00
4.040676057338714600e-01
3.600063705444335938e+01
7.205541610717773438e+00
5.730014324188232422e+00
5.381659317016601562e+01
7.269217967987060547e-01
1.416967296600341797e+01
3.616530656814575195e+00
6.387869834899902344e+00
3.271788024902343750e+01
1.289175033569335938e+00
2.296674728393554688e+00
7.305566406250000000e+02
1.852979980468750000e+03
2.438922882080078125e+00
1.200147705078125000e+02
2.089171028137207031e+01
9.058239936828613281e+00
2.916322998046875000e+03
4.328011512756347656e+00
9.986482238769531250e+01
1.836387825012207031e+01
2.161954879760742188e+01
6.834060058593750000e+02
1.764694213867187500e+01
1.404649810791015625e+02
4.302083129882812500e+02
1.096745529174804688e+02
4.851576995849609375e+01
3.552298583984375000e+02
3.653469467163085938e+01
4.544906139373779297e+00
7.831507873535156250e+01
1.625118446350097656e+01
1.205323314666748047e+01
1.027546630859375000e+03
6.485255737304687500e+02
5.208565063476562500e+02
6.713961791992187500e+02
9.125815391540527344e+00
5.049143314361572266e+00
7.871942520141601562e-01
1.352861309051513672e+01
1.355649662017822266e+01
5.004725933074951172e+00
1.992818832397460938e+00
3.813493013381958008e+00
9.457895755767822266e-01
1.970988159179687500e+02
3.430835723876953125e+01
7.290282440185546875e+01
2.275901641845703125e+02
1.701670265197753906e+01
5.468267059326171875e+01
2.222624397277832031e+01
1.180457305908203125e+01
3.941473364830017090e-01
6.924843261718750000e+03
8.845078125000000000e+02
5.277346038818359375e+01
1.235036621093750000e+02
6.289580535888671875e+01
7.429885253906250000e+02
2.959817504882812500e+01
8.428752899169921875e+00
3.146986389160156250e+01
2.189367294311523438e+00
6.073674011230468750e+01
8.290620117187500000e+02
4.149218750000000000e+01
7.415502071380615234e+00
4.969419479370117188e+00
1.273781051635742188e+02
1.098330810546875000e+03
5.924188613891601562e+01
1.830810928344726562e+01
1.870398712158203125e+01
8.153993636369705200e-02
8.339876681566238403e-02
3.489151763916015625e+01
1.285037040710449219e+01
4.877057552337646484e+00
1.548343753814697266e+01
1.652574157714843750e+02
4.498560714721679688e+01
9.865901184082031250e+01
3.506601333618164062e+00
1.849468231201171875e+00
7.131533622741699219e+00
1.727558326721191406e+01
9.604162597656250000e+02
2.233564853668212891e+00
8.589191436767578125e+01
5.985059142112731934e-01
7.172300338745117188e+00
2.004365324974060059e-01
1.380693721771240234e+01
2.702044189453125000e+03
2.209787500000000000e+04
4.423782825469970703e+00
1.133741989135742188e+02
4.364081573486328125e+01
5.591163158416748047e+00
1.048676910400390625e+02
5.124332885742187500e+02
3.167392730712890625e+00
3.894106149673461914e+00
1.223019790649414062e+01
1.096642532348632812e+02
2.201951217651367188e+01
7.187511444091796875e+00
2.807925415039062500e+02
1.121313354492187500e+03
8.840771675109863281e+00
3.705806732177734375e+00
2.655752420425415039e+00
1.778033905029296875e+02
3.086266040802001953e+00
1.488214874267578125e+01
2.789074096679687500e+02
2.079743385314941406e+01
4.679855957031250000e+02
9.547893066406250000e+02
1.589468994140625000e+02
1.878662228584289551e+00
3.612509536743164062e+01
