2.367106452584266663e-02
9.512997418642044067e-02
5.623723380267620087e-03
2.044624416157603264e-03
3.608918190002441406e-02
6.026877880096435547e+00
2.192034386098384857e-02
3.053592052310705185e-03
5.494584329426288605e-03
5.727316141128540039e-01
8.046451956033706665e-03
2.380901016294956207e-02
4.531530290842056274e-02
2.142419107258319855e-02
1.388523960486054420e-03
1.432500034570693970e-02
2.241472713649272919e-03
7.431063801050186157e-03
2.005290612578392029e-02
7.725841715000569820e-04
1.108300760388374329e-01
2.536778710782527924e-02
1.716562062501907349e-01
3.460371866822242737e-02
1.008939981460571289e+00
1.383020915091037750e-02
5.430434644222259521e-02
5.124947056174278259e-02
8.665723353624343872e-02
8.153898715972900391e-01
6.304337293840944767e-04
1.608985621714964509e-04
6.387529894709587097e-03
2.957641705870628357e-02
4.511751607060432434e-02
9.905373677611351013e-03
6.162874866276979446e-03
5.043537239544093609e-04
7.829076610505580902e-03
6.318946368992328644e-03
2.087910473346710205e-01
9.169845283031463623e-02
2.629817696288228035e-03
1.223616600036621094e+01
1.769375205039978027e-01
9.939887374639511108e-02
7.181121036410331726e-03
3.905809819698333740e-01
4.331530071794986725e-03
1.606889441609382629e-02
1.519005745649337769e-01
4.932846501469612122e-02
7.974842935800552368e-02
4.379620403051376343e-02
6.807268946431577206e-04
2.453239401802420616e-03
5.860394798219203949e-03
1.037283055484294891e-02
2.575122378766536713e-02
6.478358745574951172e+00
1.170455384999513626e-02
8.543289184570312500e+00
1.700361445546150208e-02
4.192435182631015778e-03
9.398575127124786377e-02
1.915700733661651611e-02
1.663820743560791016e-01
1.347273960709571838e-02
6.114242076873779297e-01
5.687311291694641113e-01
1.884024823084473610e-04
1.127147316932678223e+00
1.311899628490209579e-03
3.820252418518066406e-02
9.162338078022003174e-02
4.077245667576789856e-02
6.906026508659124374e-03
4.566270112991333008e-02
3.259639069437980652e-02
1.241307798773050308e-02
9.162661433219909668e-02
2.164739742875099182e-02
2.018109150230884552e-02
3.290306776762008667e-04
2.668578177690505981e-03
1.944058225490152836e-03
4.764192271977663040e-05
3.214173763990402222e-02
5.706341862678527832e-01
1.034663873724639416e-03
1.144258119165897369e-02
9.198104031383991241e-03
1.798826968297362328e-03
8.694932609796524048e-02
6.738473894074559212e-04
7.003422379493713379e-01
6.003004312515258789e-01
7.676687836647033691e-02
1.582611468620598316e-03
7.419252395629882812e-02
1.787062406539916992e+00
4.913892969489097595e-02
1.718082115985453129e-03
2.218242548406124115e-02
1.872649230062961578e-02
5.024328827857971191e-01
8.163608610630035400e-02
1.231115311384201050e-02
3.636628761887550354e-02
1.389909535646438599e-01
1.311424076557159424e-01
3.087885081768035889e-01
4.890793561935424805e-02
6.610232591629028320e-02
1.603098772466182709e-02
4.704401642084121704e-02
5.501859635114669800e-02
8.001826703548431396e-03
3.478217404335737228e-03
6.601154804229736328e-02
1.199295162223279476e-03
1.113772392272949219e+01
4.988811314105987549e-01
3.913553059101104736e-01
1.864363875938579440e-04
1.839715540409088135e-01
2.022521756589412689e-02
7.041060016490519047e-04
5.692434683442115784e-02
5.768989399075508118e-02
1.122391104698181152e+00
4.077242687344551086e-02
3.483146894723176956e-03
1.964562339708209038e-03
5.749929696321487427e-02
1.783945970237255096e-02
3.950950503349304199e-02
2.255162239074707031e+00
2.199936807155609131e-01
4.678795933723449707e-01
1.897308602929115295e-02
8.591586723923683167e-03
8.991289138793945312e-01
6.869084239006042480e-01
2.951730346679687500e+01
2.972249686717987061e-02
2.381505817174911499e-01
1.079002860933542252e-02
4.786595702171325684e-02
1.122279185801744461e-02
1.798247173428535461e-02
1.010416448116302490e-01
1.862621754407882690e-01
2.528801560401916504e-02
9.147297590970993042e-02
1.514401659369468689e-02
2.161313965916633606e-02
4.553432017564773560e-02
1.586997532285749912e-03
7.471358403563499451e-03
4.160681739449501038e-02
5.163232563063502312e-04
1.398737132549285889e-01
3.628145158290863037e-01
3.235166370868682861e-01
1.448678672313690186e-01
1.059646606445312500e-01
2.039544582366943359e-01
8.538315892219543457e-01
4.926234250888228416e-04
1.757286302745342255e-02
1.112901717424392700e-01
1.157365913968533278e-04
1.052208524197340012e-02
4.907565936446189880e-02
1.793641924858093262e+00
2.557514980435371399e-02
1.112256012856960297e-02
1.144427247345447540e-02
1.162602677941322327e-01
4.081445187330245972e-02
3.791280090808868408e-02
1.375615596771240234e-01
4.715315252542495728e-02
1.711056590080261230e+00
1.373898983001708984e-02
7.020214572548866272e-03
4.766790941357612610e-02
3.472324609756469727e-01
3.539508953690528870e-02
1.843523532152175903e-01
3.278810158371925354e-02
2.681104524526745081e-04
1.586630940437316895e-01
3.538634181022644043e-01
2.731542661786079407e-02
3.123872280120849609e-01
9.294304251670837402e-02
4.945489112287759781e-03
2.753421291708946228e-02
3.162088105455040932e-03
4.576833918690681458e-02
1.471072155982255936e-02
2.742036245763301849e-02
7.774705532938241959e-03
3.718795021995902061e-03
2.177983522415161133e-01
1.181829357147216797e+01
5.765267182141542435e-03
3.541747340932488441e-03
5.292148794978857040e-03
4.174171760678291321e-02
1.488741254433989525e-04
8.029741644859313965e-01
3.096724860370159149e-02
2.360763311386108398e+00
1.027937829494476318e-01
1.818603835999965668e-02
7.064345409162342548e-04
4.631800949573516846e-01
3.343951106071472168e-01
8.813635446131229401e-03
2.624031854793429375e-03
2.209320478141307831e-02
1.414948928868398070e-04
5.257563292980194092e-02
1.450624200515449047e-03
3.253525018692016602e+00
3.179322481155395508e-01
7.560996804386377335e-03
1.979806832969188690e-02
1.093691866844892502e-02
2.686300873756408691e-02
3.665049560368061066e-03
1.903890222311019897e-01
1.886796578764915466e-02
1.262606084346771240e-01
5.326933227479457855e-03
1.738701909780502319e-01
4.698998236563056707e-04
5.702522024512290955e-02
5.115519091486930847e-02
1.478017270565032959e-01
4.153118468821048737e-03
1.317877322435379028e-02
9.207591414451599121e-03
4.138211533427238464e-02
9.767635166645050049e-02
3.521196916699409485e-02
8.725342899560928345e-02
2.616023831069469452e-02
8.001051545143127441e-01
7.100446964614093304e-05
6.746891140937805176e-02
1.504149101674556732e-02
2.796147763729095459e-01
2.595401763916015625e+00
2.397895045578479767e-02
1.301756780594587326e-02
1.545778363943099976e-01
5.072549451142549515e-03
7.276028627529740334e-04
1.221856355667114258e+00
2.670424059033393860e-02
4.634996876120567322e-03
2.282190322875976562e-02
1.252087298780679703e-02
1.243535876274108887e+00
8.082536980509757996e-03
7.190118543803691864e-03
1.783985972404479980e+00
3.736380487680435181e-02
5.739271044731140137e-01
3.320670221000909805e-03
1.934567699208855629e-03
1.247118413448333740e-02
1.080588158220052719e-02
1.042768917977809906e-02
3.949757516384124756e-01
1.456675529479980469e+00
1.320539563894271851e-01
1.031410787254571915e-02
8.028641343116760254e-03
1.197938900440931320e-02
2.457887749187648296e-04
5.534460768103599548e-03
5.122814178466796875e+00
1.294866919517517090e+00
6.609375122934579849e-04
6.590606272220611572e-02
1.206787116825580597e-02
1.909174025058746338e-03
8.080724626779556274e-02
3.484346345067024231e-02
8.335156599059700966e-04
2.092650346457958221e-02
2.571846544742584229e-02
4.710670933127403259e-02
2.372492551803588867e+00
4.493355005979537964e-02
7.208198308944702148e-01
6.074004173278808594e-01
8.780569583177566528e-02
7.209988236427307129e-01
1.783833980560302734e+00
1.024092175066471100e-02
2.918654121458530426e-02
4.068883508443832397e-02
6.561897695064544678e-03
1.240874305367469788e-01
7.715819478034973145e-01
3.900678083300590515e-02
8.934036828577518463e-03
2.811841666698455811e-01
4.624177701771259308e-03
3.028295002877712250e-02
9.651805739849805832e-04
5.898287296295166016e-01
3.015712136402726173e-03
5.424335598945617676e-03
3.431525528430938721e-01
1.351034734398126602e-03
7.049270439893007278e-03
3.360684216022491455e-02
5.146991461515426636e-03
3.549119830131530762e-01
6.468950305134057999e-03
5.205234512686729431e-03
6.359202787280082703e-03
2.528418786823749542e-03
4.329307936131954193e-03
2.209867089986801147e-01
5.862245336174964905e-03
1.383268926292657852e-02
8.616752922534942627e-03
1.159037183970212936e-02
4.198757465928792953e-03
5.034337285906076431e-03
2.221723645925521851e-02
2.022168934345245361e-01
1.939440728165209293e-03
6.977200973778963089e-04
4.906523041427135468e-03
1.723554968833923340e+00
1.085874740965664387e-03
1.152487751096487045e-02
1.506754755973815918e-01
3.532493114471435547e-02
4.315352067351341248e-02
3.876097127795219421e-02
1.046125665307044983e-01
2.292213737964630127e-01
9.342284465674310923e-05
1.519152708351612091e-02
4.124372731894254684e-03
2.060302067548036575e-03
2.300149574875831604e-02
2.220918051898479462e-02
5.152989923954010010e-02
6.663087755441665649e-02
1.942863687872886658e-02
1.219320925883948803e-03
2.144061401486396790e-02
8.537304587662220001e-03
1.594177782535552979e-01
2.134494110941886902e-02
8.262438327074050903e-02
1.584437210112810135e-03
1.082891896367073059e-01
3.584203659556806087e-04
1.654430478811264038e-01
1.440376490354537964e-01
6.365773081779479980e-02
2.171477861702442169e-02
8.965584039688110352e-01
2.103354549035429955e-03
9.263692423701286316e-03
6.547566968947649002e-03
1.610426418483257294e-02
3.095492161810398102e-02
5.973891168832778931e-02
1.207956345751881599e-03
4.638219833374023438e+00
9.885989874601364136e-02
2.481081150472164154e-02
4.144937038421630859e+00
7.595448970794677734e+00
9.677834808826446533e-03
8.299209293909370899e-04
6.203591474331915379e-04
3.238517791032791138e-02
4.591050092130899429e-03
2.717907726764678955e-02
7.200665950775146484e+00
2.048189053311944008e-04
4.300944328308105469e+00
9.769766032695770264e-02
2.628961578011512756e-02
5.265515064820647240e-04
3.212802810594439507e-03
7.420295238494873047e+00
8.936279296875000000e+01
8.500446319580078125e+01
6.952226161956787109e-01
4.010694503784179688e+01
2.187009096145629883e+00
4.857577209472656250e+02
8.281352043151855469e+00
5.853625869750976562e+01
1.002539348602294922e+01
1.637450256347656250e+02
1.595407199859619141e+01
7.887479400634765625e+01
6.154156923294067383e-01
1.407830524444580078e+01
1.086566925048828125e+02
8.021528625488281250e+01
2.128961639404296875e+02
1.169167022705078125e+02
8.384499549865722656e+00
7.091028594970703125e+01
4.339994430541992188e+00
7.828520774841308594e+00
5.496196365356445312e+01
2.235538721084594727e+00
4.626381695270538330e-01
1.939611206054687500e+02
5.216700439453125000e+02
1.315163696289062500e+03
2.878504943847656250e+02
9.384319305419921875e+00
4.103705406188964844e+00
9.147130012512207031e+00
2.259420471191406250e+02
1.363131618499755859e+01
9.035531044006347656e+00
7.770450711250305176e-01
6.085145846009254456e-02
3.896806955337524414e+00
1.256178436279296875e+02
9.272081909179687500e+02
1.781702423095703125e+01
1.148559331893920898e+00
4.208547668457031250e+02
2.336950111389160156e+01
9.660459136962890625e+01
9.286811828613281250e+01
1.511516380310058594e+01
8.596706986427307129e-01
7.195384521484375000e+02
2.074140014648437500e+02
3.106274414062500000e+01
8.946091651916503906e+00
2.472237205505371094e+01
4.072655200958251953e+00
8.663309097290039062e+00
5.411109447479248047e+00
3.009917736053466797e-01
1.862354850769042969e+01
1.209275756835937500e+03
4.911971435546875000e+02
3.221343383789062500e+02
9.360061645507812500e+00
4.835577011108398438e+01
4.761884212493896484e+00
4.380470657348632812e+01
5.475335311889648438e+01
2.226490478515625000e+03
2.029580383300781250e+02
4.756803131103515625e+01
7.060198485851287842e-02
1.887159423828125000e+02
1.754284262657165527e+00
1.643007965087890625e+02
7.483016014099121094e+00
1.102834796905517578e+01
1.268792271614074707e+00
8.405457496643066406e+00
2.316876678466796875e+02
3.034593963623046875e+01
2.929439926147460938e+01
5.836079597473144531e+00
6.962823867797851562e+00
3.583465194702148438e+01
5.513017177581787109e+00
3.269215011596679688e+01
1.044872328639030457e-01
1.086921405792236328e+01
1.793576431274414062e+01
3.404548168182373047e+00
1.444261074066162109e+01
3.590935897827148438e+01
3.083849143981933594e+01
1.691899681091308594e+01
6.146619415283203125e+01
2.810851135253906250e+02
4.145911693572998047e+00
4.824765014648437500e+02
6.403987407684326172e-01
3.790451965332031250e+02
1.946057677268981934e+00
2.412124061584472656e+01
3.424146413803100586e+00
1.056805038452148438e+02
5.237561035156250000e+01
1.210827789306640625e+02
2.271266222000122070e+00
2.538373291015625000e+03
3.508044738769531250e+02
1.292703866958618164e+00
6.263316273689270020e-01
1.053291503906250000e+03
1.553761291503906250e+02
1.157490253448486328e+00
2.890763282775878906e+01
9.420022583007812500e+01
9.728388977050781250e+01
1.403637695312500000e+01
8.528858184814453125e+01
1.231661128997802734e+01
2.346158905029296875e+02
4.661782226562500000e+03
4.403236999511718750e+02
1.480224609375000000e+02
3.808371305465698242e+00
3.165217285156250000e+02
3.131552505493164062e+01
2.992384433746337891e+00
6.042233886718750000e+02
8.316938781738281250e+01
5.157202758789062500e+02
3.561137008666992188e+01
3.882467150688171387e-01
3.398112487792968750e+01
2.366523981094360352e+00
2.714414596557617188e+00
7.801147103309631348e-01
4.420253601074218750e+02
6.693344116210937500e+02
2.971955261230468750e+02
3.730410003662109375e+01
2.590890407562255859e+00
5.688994750976562500e+02
2.466080665588378906e+01
8.619935302734375000e+02
3.375239944458007812e+01
3.988996582031250000e+02
1.781995296478271484e+00
5.466807174682617188e+01
1.701828247070312500e+03
6.181789636611938477e-01
6.041704101562500000e+02
3.981485748291015625e+01
4.801450371742248535e-01
1.055554046630859375e+02
3.599609756469726562e+01
2.260446310043334961e+00
8.363131284713745117e-01
5.822968959808349609e+00
2.960520267486572266e+00
7.894298095703125000e+02
1.681848907470703125e+02
1.414120941162109375e+02
5.149167251586914062e+01
1.877136383056640625e+02
9.050692749023437500e+01
7.051564025878906250e+01
3.326978759765625000e+02
8.527797241210937500e+02
1.175726795196533203e+01
8.358172416687011719e+00
1.161920288085937500e+03
1.984034776687622070e+00
4.792204856872558594e+00
4.271283569335937500e+02
1.981472206115722656e+01
9.272766113281250000e+00
5.978144836425781250e+01
2.657565116882324219e+00
1.632598114013671875e+01
1.178194999694824219e+01
2.194983100891113281e+01
2.491620788574218750e+02
7.820107460021972656e+00
2.031767968750000000e+04
4.119662284851074219e+00
6.578574776649475098e-01
1.946433067321777344e+01
5.743212890625000000e+02
4.635013961791992188e+01
5.643213748931884766e+00
2.908472290039062500e+02
8.684213638305664062e+00
5.692896652221679688e+01
2.172930755615234375e+02
2.606916904449462891e+00
7.865928649902343750e+01
1.384841799736022949e+00
8.330415725708007812e+00
3.178429841995239258e+00
1.469596862792968750e+01
1.157452964782714844e+01
5.401716709136962891e+00
4.041165924072265625e+01
5.299596786499023438e+01
1.130023598670959473e+00
7.465518951416015625e+01
3.852451171875000000e+02
5.799939632415771484e+00
3.825947570800781250e+01
7.421760082244873047e+00
3.961806774139404297e+00
1.198650240898132324e+00
3.990583496093750000e+03
1.978433418273925781e+01
4.465915832519531250e+02
3.596872091293334961e+00
2.454152374267578125e+02
1.517385601997375488e+00
2.173845977783203125e+02
2.572614013671875000e+03
1.540544629096984863e-01
1.753005146980285645e+00
9.587045288085937500e+02
3.833325147628784180e+00
9.510152587890625000e+02
3.537108898162841797e+00
2.507864761352539062e+01
9.130030632019042969e+00
1.107885265350341797e+01
7.671689242124557495e-02
1.151016330718994141e+01
3.015278339385986328e+00
5.987761840820312500e+02
6.273173141479492188e+01
1.437334156036376953e+01
4.962186336517333984e+00
3.008835792541503906e+01
1.576638603210449219e+01
1.588341951370239258e+00
4.975793151855468750e+02
1.325280761718750000e+02
1.038881015777587891e+01
2.092059516906738281e+01
1.665315551757812500e+02
8.048851013183593750e+01
1.956904449462890625e+02
6.500849723815917969e-01
6.437812988281250000e+03
1.014932918548583984e+01
5.311090850830078125e+01
1.864773559570312500e+01
6.463577151298522949e-01
8.049127807617187500e+02
9.643053436279296875e+01
8.675639629364013672e-01
6.887259521484375000e+02
5.654825210571289062e+01
6.340685367584228516e+00
3.167429443359375000e+03
8.212004852294921875e+01
5.590823364257812500e+01
5.082760620117187500e+01
6.212988891601562500e+02
2.170231323242187500e+02
1.906427001953125000e+02
3.019233894348144531e+01
1.050086547851562500e+03
5.028550624847412109e-01
1.433369636535644531e+01
4.599190979003906250e+02
1.236485862731933594e+01
4.633974304199218750e+02
1.376065254211425781e+00
8.509503006935119629e-01
4.316171264648437500e+01
5.948806285858154297e+00
7.581586837768554688e+00
1.073895263671875000e+02
7.868936657905578613e-01
1.387930011749267578e+01
4.664969921112060547e+00
8.243062019348144531e+00
3.479973983764648438e+01
1.361863136291503906e+00
1.073714017868041992e+00
4.373743896484375000e+02
1.092698486328125000e+03
3.066358089447021484e+00
2.036000061035156250e+02
1.697524452209472656e+01
7.441209316253662109e+00
1.843650146484375000e+03
4.684782981872558594e+00
2.203759002685546875e+02
3.164059066772460938e+01
2.896568298339843750e+01
8.155464477539062500e+02
2.474449729919433594e+01
1.487048645019531250e+02
5.294885864257812500e+02
1.247852630615234375e+02
5.210796737670898438e+01
2.795171813964843750e+02
3.224483489990234375e+01
2.393816471099853516e+00
4.329963302612304688e+01
1.559453201293945312e+01
1.046703815460205078e+01
1.098960449218750000e+03
4.925572509765625000e+02
5.686540527343750000e+02
3.332869567871093750e+02
1.036610889434814453e+01
3.540279626846313477e+00
6.656717658042907715e-01
3.145228195190429688e+01
1.356905555725097656e+01
8.995606422424316406e+00
1.339720249176025391e+00
1.058126831054687500e+01
7.226086258888244629e-01
1.032437362670898438e+02
3.515007019042968750e+01
6.340304183959960938e+01
1.208027343750000000e+02
2.157431221008300781e+01
6.813397979736328125e+01
1.749631309509277344e+01
5.866168975830078125e+00
2.485916465520858765e-01
6.239165527343750000e+03
1.862144042968750000e+03
1.416947021484375000e+02
1.525834808349609375e+02
8.050321197509765625e+01
6.124078369140625000e+02
2.756484413146972656e+01
2.286215591430664062e+01
2.240638351440429688e+01
2.780330181121826172e+00
4.861119842529296875e+01
1.447776000976562500e+03
5.516266250610351562e+01
7.841207981109619141e+00
6.016549587249755859e+00
1.333317565917968750e+02
5.080487670898437500e+02
8.075346374511718750e+01
1.647447776794433594e+01
1.598151683807373047e+01
1.047192439436912537e-01
1.492111086845397949e-01
2.883630561828613281e+01
2.463675308227539062e+01
5.294443130493164062e+00
1.316279125213623047e+01
1.997002105712890625e+02
4.280990982055664062e+01
1.536095886230468750e+02
6.139979839324951172e+00
2.077516555786132812e+00
9.019000053405761719e+00
3.059984588623046875e+01
1.175229370117187500e+03
2.089051723480224609e+00
8.328256988525390625e+01
1.048180341720581055e+00
4.068196773529052734e+00
2.374863922595977783e-01
1.228651714324951172e+01
3.746940429687500000e+03
1.791548632812500000e+04
5.651152133941650391e+00
1.156246337890625000e+02
7.122792053222656250e+01
4.560362815856933594e+00
1.397915191650390625e+02
4.611042175292968750e+02
7.590371131896972656e+00
5.077167034149169922e+00
5.205848217010498047e+00
7.931587982177734375e+01
2.509022140502929688e+01
1.586591053009033203e+01
2.692612609863281250e+02
4.526982421875000000e+02
4.842436790466308594e+00
4.472393512725830078e+00
3.644626617431640625e+00
2.096110076904296875e+02
6.112481117248535156e+00
2.179887008666992188e+01
2.321411895751953125e+02
1.633280181884765625e+01
6.562086791992187500e+02
7.148856201171875000e+02
1.493103790283203125e+02
1.519884705543518066e+00
2.020639419555664062e+01
