1.017297059297561646e-01
1.863092333078384399e-01
3.594512492418289185e-02
3.892401466146111488e-03
4.496173560619354248e-02
9.348224401473999023e-01
2.746818587183952332e-02
1.108700875192880630e-02
4.085730016231536865e-02
1.596015244722366333e-01
1.272973716259002686e-01
9.459783881902694702e-02
1.119563728570938110e-01
2.309239655733108521e-02
1.361921336501836777e-02
5.452328175306320190e-02
3.870462067425251007e-03
3.613802045583724976e-02
3.126546368002891541e-02
8.455514907836914062e-03
1.242244523018598557e-02
2.216661162674427032e-02
2.002985030412673950e-01
2.797555737197399139e-02
4.550056934356689453e+00
1.006923150271177292e-02
4.250282421708106995e-02
1.841833442449569702e-01
2.915453910827636719e-01
1.083231210708618164e+00
3.601605072617530823e-03
1.482870779000222683e-03
6.917194277048110962e-02
1.984990686178207397e-01
2.533917129039764404e-02
1.868093311786651611e-01
1.752738840878009796e-02
1.983100082725286484e-03
6.626583635807037354e-02
1.824916712939739227e-02
4.899700582027435303e-01
1.927236467599868774e-01
3.462894260883331299e-02
4.778502941131591797e+00
2.728985846042633057e-01
1.290375888347625732e-01
2.230148576200008392e-02
1.126072049140930176e+00
2.385215135291218758e-03
2.825058996677398682e-01
1.904455423355102539e-01
6.382446736097335815e-02
3.131642639636993408e-01
7.391166687011718750e-02
3.417751286178827286e-03
5.908905062824487686e-03
7.915499620139598846e-03
1.179821640253067017e-01
2.489265613257884979e-02
1.491042995452880859e+01
1.710704341530799866e-02
7.527148723602294922e+00
1.999564655125141144e-02
3.036664426326751709e-02
1.526826471090316772e-01
1.857790648937225342e-01
4.929966926574707031e-01
6.939335167407989502e-02
2.053004026412963867e+00
7.464960813522338867e-01
3.049375081900507212e-04
7.576919198036193848e-01
6.729925982654094696e-03
9.272187352180480957e-01
1.384063065052032471e-01
3.921896964311599731e-02
1.667855121195316315e-02
4.928669705986976624e-02
3.363216295838356018e-02
3.284019231796264648e-02
4.648524820804595947e-01
3.521462157368659973e-02
1.056091859936714172e-01
1.835144590586423874e-03
5.129622761160135269e-03
6.326571106910705566e-03
3.004060708917677402e-04
3.055307082831859589e-02
9.747369289398193359e-01
1.204436295665800571e-03
1.796734519302845001e-02
6.343885511159896851e-02
1.540228072553873062e-02
5.486711487174034119e-02
2.688922174274921417e-02
8.142231106758117676e-01
1.880552619695663452e-01
5.598086714744567871e-01
9.689420461654663086e-03
1.553759723901748657e-01
1.702505707740783691e+00
6.718467921018600464e-02
5.848748143762350082e-03
2.593354694545269012e-02
4.161241278052330017e-02
2.886270880699157715e-01
8.665708452463150024e-02
7.296555489301681519e-02
5.403347015380859375e-01
1.011032909154891968e-01
2.587309293448925018e-02
2.147542238235473633e-01
1.301626116037368774e-01
6.023558378219604492e-01
3.517030924558639526e-02
1.037547439336776733e-01
8.816855400800704956e-02
2.268409915268421173e-02
8.046493865549564362e-03
2.559286914765834808e-02
4.060192033648490906e-03
4.245276641845703125e+01
4.244332611560821533e-01
1.386259436607360840e+00
9.875462856143712997e-04
5.927151814103126526e-02
2.082212455570697784e-02
8.350958232767879963e-04
1.642986685037612915e-01
4.552857577800750732e-02
8.118878602981567383e-01
1.132818832993507385e-01
9.540269151329994202e-03
2.704340731725096703e-03
3.787275403738021851e-02
1.116261072456836700e-02
3.027508035302162170e-02
1.120293378829956055e+00
1.599718034267425537e-01
1.024810552597045898e+00
4.603396356105804443e-02
1.978644728660583496e-02
3.042976140975952148e+00
8.757766485214233398e-01
6.820517539978027344e+00
1.532927751541137695e-01
3.248395025730133057e-01
5.825890600681304932e-02
1.936602294445037842e-01
3.662516549229621887e-02
2.446141466498374939e-02
5.593273639678955078e-01
1.492474526166915894e-01
8.359383046627044678e-02
3.128813803195953369e-01
8.293259888887405396e-02
3.166349232196807861e-02
4.127957299351692200e-02
1.738268882036209106e-03
4.638702608644962311e-03
1.482900381088256836e-01
2.396170236170291901e-02
9.754611551761627197e-02
1.586327999830245972e-01
1.329987049102783203e+00
3.115642368793487549e-01
4.151960313320159912e-01
3.014190793037414551e-01
2.464067697525024414e+00
4.309909418225288391e-03
1.808578670024871826e-01
1.854166537523269653e-01
3.137788735330104828e-03
3.786868229508399963e-02
8.255399018526077271e-02
1.223304390907287598e+00
4.185622185468673706e-02
4.577667638659477234e-02
4.088028520345687866e-02
1.098118543624877930e+00
1.514660418033599854e-01
6.175970286130905151e-02
1.572380959987640381e-01
6.381586939096450806e-02
2.288514375686645508e+00
7.914110273122787476e-02
3.772354498505592346e-02
3.377683833241462708e-02
3.434877395629882812e-01
6.225991249084472656e-02
1.062146425247192383e+00
5.134208500385284424e-02
8.406140259467065334e-04
6.213524565100669861e-02
1.724357604980468750e-01
7.065159082412719727e-02
1.253627091646194458e-01
4.228771105408668518e-02
6.166954990476369858e-03
3.335413634777069092e-01
5.317388102412223816e-03
5.859820917248725891e-02
6.481022387742996216e-02
4.209860786795616150e-02
3.663814440369606018e-02
1.139014679938554764e-02
9.509466588497161865e-02
1.181206798553466797e+01
5.761955399066209793e-03
4.410990513861179352e-03
1.815052889287471771e-02
5.110286921262741089e-02
1.491412171162664890e-03
7.094594836235046387e-01
7.608864456415176392e-02
1.785465836524963379e+00
6.559115052223205566e-01
2.262862958014011383e-02
1.696162507869303226e-03
1.314348340034484863e+00
1.429237723350524902e+00
5.921434145420789719e-03
1.654724963009357452e-02
2.747688442468643188e-02
3.280894015915691853e-04
1.969113200902938843e-01
4.323445260524749756e-03
1.942703723907470703e+00
1.662303954362869263e-01
2.351030148565769196e-02
3.116898983716964722e-02
3.546611964702606201e-02
2.122761681675910950e-02
2.794377319514751434e-02
3.463783487677574158e-02
2.480228096246719360e-01
9.516552090644836426e-02
4.841627087444067001e-03
2.901507019996643066e-01
3.160434542223811150e-03
2.504965960979461670e-01
2.633305080235004425e-02
1.638503074645996094e-01
8.707829751074314117e-03
1.405597012490034103e-02
2.803158015012741089e-02
1.237902566790580750e-01
5.470509454607963562e-02
7.515275478363037109e-02
1.152883023023605347e-01
8.598302304744720459e-02
9.411734938621520996e-01
7.352748070843517780e-04
4.298915863037109375e-01
1.451692134141921997e-01
1.757698655128479004e-01
2.015512704849243164e+00
1.198071762919425964e-01
3.633587434887886047e-02
5.754813551902770996e-02
1.851179823279380798e-02
4.846182186156511307e-03
5.059821009635925293e-01
8.567533642053604126e-02
1.605361513793468475e-02
3.393492102622985840e-01
5.390642676502466202e-03
1.235080003738403320e+00
1.517965109087526798e-03
2.780593000352382660e-02
7.684309482574462891e+00
2.244884222745895386e-01
1.397422850131988525e-01
6.109400652348995209e-03
2.398381009697914124e-03
2.922424674034118652e-02
5.095439404249191284e-02
2.408364601433277130e-02
1.716978847980499268e-01
6.304655671119689941e-01
5.162938237190246582e-01
1.064222157001495361e-01
3.716674819588661194e-02
1.146988384425640106e-02
1.096442108973860741e-03
1.717978157103061676e-02
4.975689888000488281e+00
2.271103143692016602e+00
9.705360047519207001e-03
1.183680519461631775e-01
2.217929437756538391e-02
1.091227401047945023e-02
3.317520320415496826e-01
2.529238164424896240e-02
4.772664513438940048e-03
1.438852306455373764e-02
3.719758987426757812e-02
7.178448885679244995e-02
1.356047987937927246e+00
1.951392889022827148e-01
2.737603187561035156e+00
2.081216275691986084e-01
2.581945359706878662e-01
1.796107292175292969e+00
5.748779177665710449e-01
2.399025484919548035e-02
1.097756810486316681e-02
1.804542094469070435e-01
1.211776137351989746e-01
2.890447080135345459e-01
1.344576001167297363e+00
1.616186350584030151e-01
1.151740923523902893e-01
2.480416744947433472e-01
1.447656378149986267e-02
8.982205390930175781e-02
4.406107123941183090e-03
1.149912595748901367e+00
2.367267152294516563e-03
1.264659781008958817e-02
2.113535255193710327e-01
2.647186163812875748e-03
8.251552283763885498e-02
3.162364959716796875e-01
3.759403899312019348e-02
3.231756925582885742e+00
8.418190293014049530e-03
9.589426219463348389e-03
2.587216719985008240e-02
9.079350158572196960e-03
2.344154519960284233e-03
2.967469453811645508e+00
3.171597793698310852e-02
4.303004965186119080e-02
1.944816298782825470e-02
3.364640474319458008e-02
2.637906000018119812e-02
1.846171543002128601e-02
1.179303899407386780e-01
3.968072533607482910e-01
4.187116399407386780e-02
1.812229165807366371e-03
8.012528531253337860e-03
1.399675488471984863e+00
1.978436019271612167e-03
1.982714235782623291e-02
6.811662912368774414e-01
6.170276403427124023e-01
6.171114742755889893e-02
2.185854762792587280e-01
1.558453291654586792e-01
8.534144610166549683e-02
5.886817234568297863e-04
1.995261386036872864e-02
6.676198542118072510e-02
5.039880983531475067e-03
2.427935972809791565e-02
1.113254427909851074e-01
1.367184370756149292e-01
1.538550257682800293e-01
5.192053318023681641e-02
1.025675516575574875e-02
6.232558563351631165e-02
3.084198758006095886e-02
4.822728931903839111e-01
5.487766116857528687e-02
9.039936959743499756e-02
5.686192307621240616e-03
4.116049110889434814e-01
1.278815674595534801e-03
1.187028065323829651e-01
2.287307940423488617e-02
4.341899394989013672e+00
8.418880403041839600e-02
4.787116348743438721e-01
5.248519591987133026e-03
1.529519911855459213e-02
2.142941206693649292e-02
1.697583496570587158e-02
1.884353719651699066e-02
8.607661724090576172e-02
1.002068724483251572e-02
8.598008751869201660e-01
5.552278757095336914e-01
9.571021050214767456e-02
3.167976379394531250e+00
1.533503723144531250e+01
1.893269829452037811e-02
1.589422486722469330e-02
4.384833446238189936e-04
6.923142075538635254e-02
5.062665417790412903e-02
6.388796865940093994e-02
1.044922542572021484e+01
1.059336122125387192e-03
3.995904684066772461e+00
2.485127747058868408e-01
2.499603480100631714e-02
1.124516781419515610e-02
1.122104190289974213e-02
5.329416275024414062e+00
2.588512039184570312e+01
3.106866264343261719e+01
3.030775785446166992e-01
7.320929527282714844e+00
1.989139080047607422e+00
8.536121368408203125e+01
6.460986614227294922e+00
7.743513488769531250e+01
5.014736652374267578e+00
5.363085556030273438e+01
2.282041358947753906e+01
9.306801795959472656e+00
6.015688776969909668e-01
1.741193389892578125e+01
3.035643196105957031e+01
1.525008487701416016e+01
1.307378540039062500e+02
2.101299858093261719e+01
2.982856988906860352e+00
3.523128032684326172e+00
3.969367265701293945e+00
1.507096004486083984e+01
1.404849720001220703e+01
2.096224975585937500e+01
1.353401660919189453e+00
1.977570915222167969e+01
1.565396728515625000e+02
2.990001831054687500e+02
2.351690101623535156e+01
2.516436100006103516e+00
2.921397209167480469e+00
3.243442535400390625e+00
3.147924499511718750e+02
2.489612579345703125e+00
1.782870864868164062e+01
5.623348951339721680e-01
2.591250538825988770e-01
2.374725341796875000e+00
2.670889663696289062e+01
1.041739868164062500e+03
2.144485473632812500e+01
5.901542305946350098e-01
1.026747283935546875e+02
1.468539810180664062e+01
1.090112991333007812e+02
8.579196166992187500e+01
1.182875156402587891e+01
1.455444455146789551e+00
1.511030426025390625e+02
4.715756225585937500e+01
8.093499183654785156e+00
1.294016551971435547e+01
6.300008010864257812e+01
4.956378936767578125e+00
1.099279522895812988e+00
2.014296770095825195e+00
1.454034328460693359e+00
4.156373023986816406e+00
1.507136688232421875e+02
4.158202743530273438e+01
1.986617431640625000e+02
1.620275855064392090e+00
9.429252624511718750e+00
2.285096883773803711e+00
1.887948799133300781e+01
1.168984413146972656e+01
7.112881469726562500e+02
1.059628784179687500e+03
3.800410461425781250e+01
6.728916615247726440e-02
4.124233245849609375e+01
1.857573390007019043e+00
1.079345169067382812e+02
1.048654079437255859e+01
8.093688011169433594e+00
4.286804795265197754e-01
2.084126710891723633e+00
3.127008819580078125e+01
2.626809692382812500e+01
1.979871368408203125e+01
2.720537185668945312e+00
6.634951114654541016e+00
9.247273445129394531e+00
5.705935955047607422e+00
3.477846860885620117e+00
3.421214520931243896e-01
2.363053512573242188e+01
1.666112518310546875e+01
1.175908207893371582e+00
3.581047534942626953e+00
7.053713226318359375e+01
4.585216903686523438e+01
1.341674423217773438e+01
2.997571372985839844e+01
2.214990997314453125e+01
3.897437334060668945e+00
1.113127441406250000e+03
2.457213163375854492e+00
2.310617256164550781e+01
7.628966569900512695e-01
2.839895963668823242e+00
3.616077005863189697e-01
6.612150573730468750e+01
1.280965042114257812e+01
2.393736839294433594e+01
4.195386409759521484e+00
2.036486511230468750e+02
3.463681640625000000e+02
2.195966243743896484e+00
2.150986790657043457e-01
4.865216064453125000e+01
1.727907752990722656e+01
1.029741859436035156e+01
2.800712013244628906e+01
3.050870704650878906e+01
1.113712692260742188e+01
5.521676063537597656e+00
1.536809539794921875e+01
1.119058895111083984e+01
2.662352561950683594e+01
3.309922607421875000e+03
2.390283203125000000e+02
2.997777175903320312e+01
3.284350156784057617e+00
1.381428680419921875e+02
9.187645912170410156e+00
2.010290622711181641e+00
2.150362701416015625e+02
6.767297363281250000e+01
2.441975402832031250e+01
1.373032283782958984e+01
1.806957870721817017e-01
3.306903839111328125e+00
1.018993020057678223e+00
1.659878015518188477e+00
5.334846019744873047e+00
1.140557861328125000e+02
5.322730255126953125e+01
7.514666748046875000e+01
7.069734954833984375e+01
5.170839428901672363e-01
3.228635559082031250e+02
2.563412857055664062e+01
1.000552902221679688e+02
1.591620922088623047e+01
2.549220733642578125e+02
1.337873578071594238e+00
2.572799873352050781e+01
6.808964538574218750e+01
1.287093281745910645e+00
2.538028259277343750e+02
2.811218452453613281e+01
1.018245100975036621e+00
9.973818206787109375e+01
7.734591484069824219e+00
1.339666128158569336e+00
9.536193013191223145e-01
7.384373545646667480e-01
1.404124021530151367e+00
1.802533874511718750e+02
9.056952667236328125e+01
7.146575927734375000e+01
1.087817096710205078e+01
3.674869918823242188e+01
3.576610326766967773e+00
2.289459037780761719e+01
9.412950134277343750e+01
2.928417053222656250e+02
1.250342011451721191e+00
1.264135074615478516e+01
2.291958770751953125e+02
1.965633630752563477e+00
5.565957069396972656e+00
1.277630386352539062e+02
1.528408527374267578e+01
3.524070501327514648e+00
1.934665298461914062e+01
3.815521955490112305e+00
2.701295089721679688e+01
1.789268612861633301e+00
3.043345832824707031e+01
8.420154571533203125e+01
2.473602592945098877e-01
1.941804565429687500e+03
1.216277694702148438e+01
1.532498955726623535e+00
4.991950988769531250e+00
1.036950836181640625e+02
1.812376785278320312e+01
2.484255790710449219e+00
1.252358150482177734e+01
2.272738218307495117e+00
2.394453239440917969e+01
2.235821723937988281e+01
3.482337594032287598e-01
1.068507957458496094e+01
1.667257189750671387e+00
1.083047628402709961e+00
4.124796867370605469e+00
9.325626373291015625e+00
2.155863046646118164e+00
7.794359207153320312e+00
8.641250610351562500e+00
4.323292160034179688e+01
4.310581684112548828e-01
9.462935447692871094e+00
8.543083953857421875e+01
5.797580718994140625e+00
2.388129425048828125e+01
1.264659881591796875e+01
5.042861938476562500e+00
1.248072504997253418e+00
5.123817138671875000e+02
1.133348655700683594e+01
4.069176864624023438e+01
5.468389987945556641e+00
1.357899169921875000e+02
7.404828071594238281e-01
1.024546508789062500e+02
1.425059204101562500e+03
2.673981487751007080e-01
8.227425813674926758e-01
9.160790252685546875e+01
1.643833518028259277e+00
2.926158447265625000e+02
4.683438777923583984e+00
6.187040328979492188e+00
1.904610872268676758e+00
7.903790950775146484e+00
5.144110918045043945e-01
1.866804695129394531e+01
1.044612050056457520e+00
6.911373901367187500e+01
3.978759527206420898e+00
3.218807983398437500e+01
9.312101602554321289e-01
3.491824865341186523e+00
7.948238849639892578e+00
1.033229947090148926e+00
1.174029083251953125e+02
1.025073719024658203e+01
5.621209621429443359e+00
3.373297214508056641e+00
1.960059547424316406e+01
6.089704895019531250e+01
7.189317321777343750e+01
3.825542628765106201e-01
2.765771789550781250e+02
4.340004444122314453e+00
9.423636436462402344e+00
1.826790046691894531e+01
1.643136620521545410e+00
1.198904800415039062e+02
3.632322311401367188e+01
4.723166465759277344e+00
1.892019081115722656e+01
8.445734024047851562e+00
3.578366041183471680e+00
1.673168334960937500e+02
3.005324935913085938e+01
3.061838340759277344e+01
1.562692356109619141e+01
8.423547363281250000e+01
2.578209495544433594e+01
5.173844146728515625e+01
2.576664161682128906e+01
1.170941238403320312e+02
1.626653969287872314e-01
8.664730072021484375e+00
8.227980957031250000e+02
5.011931991577148438e+01
1.005101852416992188e+02
5.685443878173828125e-01
3.977994024753570557e-01
1.828940200805664062e+01
9.454377174377441406e+00
1.136161613464355469e+01
1.434551906585693359e+01
2.356657028198242188e+00
1.164084434509277344e+01
5.896074771881103516e+00
4.184581279754638672e+00
5.373135566711425781e+00
7.739068865776062012e-01
2.280038595199584961e+00
1.934236907958984375e+02
1.371749420166015625e+02
4.616730690002441406e+00
3.118691444396972656e+01
1.832732963562011719e+01
5.083311080932617188e+00
1.865533691406250000e+03
4.213422298431396484e+00
2.670193099975585938e+01
7.651612281799316406e+00
2.987170219421386719e+01
9.503751373291015625e+01
5.578014373779296875e+00
3.310391998291015625e+01
4.889208602905273438e+01
4.386816787719726562e+01
2.027635574340820312e+01
2.348842010498046875e+02
6.766637802124023438e+00
4.854476451873779297e+00
1.001256332397460938e+02
7.387520790100097656e+00
1.015351390838623047e+01
2.446477203369140625e+02
1.231214675903320312e+02
1.214929428100585938e+02
5.082363281250000000e+02
1.103021860122680664e+00
3.856067419052124023e+00
7.388350367546081543e-01
2.626002788543701172e+00
8.616131782531738281e+00
2.481125116348266602e+00
8.749836087226867676e-01
4.068519592285156250e+00
1.016723752021789551e+00
2.953659973144531250e+02
1.442475128173828125e+01
1.013764877319335938e+02
6.808598327636718750e+01
3.905600786209106445e+00
3.919902420043945312e+01
1.426966762542724609e+01
1.738820838928222656e+01
1.044869303703308105e+00
1.054601196289062500e+03
1.199330215454101562e+02
1.010826873779296875e+01
2.620808601379394531e+01
9.188189697265625000e+01
3.927919006347656250e+02
1.212107658386230469e+01
2.058173418045043945e+00
1.965552520751953125e+01
6.803867816925048828e-01
1.578418350219726562e+01
9.908317565917968750e+01
1.954966354370117188e+01
2.145863056182861328e+00
2.736322402954101562e+00
1.257928695678710938e+02
2.717159729003906250e+02
3.995265960693359375e+01
2.254272651672363281e+01
1.437302303314208984e+01
2.868628203868865967e-01
1.195452660322189331e-01
1.917196846008300781e+01
9.658080101013183594e+00
3.083071231842041016e+00
1.577315711975097656e+01
1.047301177978515625e+02
1.007888793945312500e+02
2.209941673278808594e+01
2.868251800537109375e+00
1.707084536552429199e+00
3.626920938491821289e+00
6.496987342834472656e+00
1.205984725952148438e+02
2.921516418457031250e+00
2.221316909790039062e+01
5.131556987762451172e-01
5.034507751464843750e+00
1.841643303632736206e-01
5.095870971679687500e+00
1.756567687988281250e+02
1.947731250000000000e+04
7.178941726684570312e+00
2.721672821044921875e+01
3.881810426712036133e+00
2.534102439880371094e+00
4.649661636352539062e+01
1.386494293212890625e+02
1.512450695037841797e+00
2.163656473159790039e+00
7.104151248931884766e+00
7.671464538574218750e+01
3.552453613281250000e+01
4.089489936828613281e+00
1.394319000244140625e+02
4.443569641113281250e+02
3.201388835906982422e+00
3.122882366180419922e+00
2.486691236495971680e+00
3.883616256713867188e+01
2.325148820877075195e+00
4.029454708099365234e+00
3.641117858886718750e+02
1.463847541809082031e+01
5.855856323242187500e+01
1.047253295898437500e+03
4.293896484375000000e+01
1.492837905883789062e+00
5.296514511108398438e+01
