1.232174783945083618e-01
2.444242835044860840e-01
2.659843675792217255e-02
3.884352743625640869e-03
3.275228664278984070e-02
2.103396177291870117e+00
2.117434516549110413e-02
1.325726881623268127e-02
3.214224800467491150e-02
2.463432252407073975e-01
1.188397705554962158e-01
6.643778085708618164e-02
1.282009780406951904e-01
2.570453658699989319e-02
7.247627247124910355e-03
4.726682230830192566e-02
3.607299178838729858e-03
2.233349531888961792e-02
3.620810061693191528e-02
5.334395915269851685e-03
1.588124036788940430e-02
2.418535016477108002e-02
1.554242223501205444e-01
2.287236042320728302e-02
3.756675481796264648e+00
1.087063271552324295e-02
4.703745245933532715e-02
1.742404252290725708e-01
1.989708542823791504e-01
1.124122500419616699e+00
2.888468792662024498e-03
9.997023735195398331e-04
4.114678502082824707e-02
1.267965734004974365e-01
3.162649273872375488e-02
1.036925241351127625e-01
1.315498445183038712e-02
1.045656856149435043e-03
3.252118825912475586e-02
1.585936918854713440e-02
2.945915758609771729e-01
1.535811871290206909e-01
2.437041141092777252e-02
3.550836324691772461e+00
2.667151391506195068e-01
1.244624778628349304e-01
2.091653831303119659e-02
8.525211811065673828e-01
1.969874603673815727e-03
1.595589965581893921e-01
1.675538122653961182e-01
1.160709410905838013e-01
2.306076288223266602e-01
5.884220078587532043e-02
3.339346731081604958e-03
4.153025336563587189e-03
5.776934791356325150e-03
6.175357848405838013e-02
3.114092722535133362e-02
1.534837722778320312e+01
1.462698914110660553e-02
7.978715896606445312e+00
1.963562704622745514e-02
2.491374500095844269e-02
1.765429973602294922e-01
1.536709517240524292e-01
5.450621247291564941e-01
5.268845707178115845e-02
1.400709271430969238e+00
8.230757713317871094e-01
2.660874160937964916e-04
7.817927598953247070e-01
6.286851130425930023e-03
5.405340194702148438e-01
1.029818877577781677e-01
2.402924373745918274e-02
1.498803030699491501e-02
5.618068203330039978e-02
3.033562190830707550e-02
1.826206780970096588e-02
4.304032325744628906e-01
2.977492660284042358e-02
1.112835928797721863e-01
1.151651609688997269e-03
4.487132653594017029e-03
5.396635271608829498e-03
1.921112416312098503e-04
2.870378084480762482e-02
9.101862311363220215e-01
1.201805425807833672e-03
1.865676976740360260e-02
3.958479315042495728e-02
8.435403928160667419e-03
5.099070817232131958e-02
1.351686287671327591e-02
1.043570160865783691e+00
2.242044955492019653e-01
5.092946290969848633e-01
4.889189265668392181e-03
1.594614833593368530e-01
2.162742376327514648e+00
9.813228994607925415e-02
4.474125802516937256e-03
3.232346102595329285e-02
2.800308354198932648e-02
2.419563680887222290e-01
6.355478614568710327e-02
5.622103810310363770e-02
3.064229488372802734e-01
1.435950845479965210e-01
2.883045934140682220e-02
1.837146580219268799e-01
1.011925861239433289e-01
4.517696499824523926e-01
2.461522072553634644e-02
9.357512742280960083e-02
7.131922990083694458e-02
2.779980003833770752e-02
8.186051622033119202e-03
3.124789893627166748e-02
3.460113657638430595e-03
5.315216445922851562e+01
4.908150434494018555e-01
1.221310853958129883e+00
8.537882240489125252e-04
1.338846981525421143e-01
1.772306486964225769e-02
9.712929022498428822e-04
1.800189465284347534e-01
5.205638334155082703e-02
8.347821235656738281e-01
7.132539153099060059e-02
9.320619516074657440e-03
2.874333644285798073e-03
5.159721896052360535e-02
1.269921939820051193e-02
3.265089169144630432e-02
1.229071140289306641e+00
2.385645806789398193e-01
1.143057942390441895e+00
2.873619645833969116e-02
1.254766061902046204e-02
1.450199246406555176e+00
8.558641672134399414e-01
7.962966918945312500e+00
1.316317617893218994e-01
4.765155017375946045e-01
6.564828753471374512e-02
2.374766767024993896e-01
4.116513580083847046e-02
1.996621489524841309e-02
4.902786314487457275e-01
1.932840943336486816e-01
7.467358559370040894e-02
3.132366538047790527e-01
5.938940867781639099e-02
2.716203406453132629e-02
5.193021520972251892e-02
1.680373679846525192e-03
5.494311917573213577e-03
1.511464118957519531e-01
1.072980463504791260e-02
9.638693928718566895e-02
1.545092463493347168e-01
1.101604580879211426e+00
2.935293316841125488e-01
3.025647401809692383e-01
2.620176970958709717e-01
2.278965950012207031e+00
3.581832395866513252e-03
1.337095797061920166e-01
2.142226994037628174e-01
1.357045839540660381e-03
2.058338746428489685e-02
7.144732028245925903e-02
1.204689383506774902e+00
3.758540004491806030e-02
3.779816254973411560e-02
3.307859972119331360e-02
8.480393886566162109e-01
1.161694154143333435e-01
6.040150672197341919e-02
1.926256716251373291e-01
7.447287440299987793e-02
1.187117934226989746e+00
5.931962653994560242e-02
2.565222233533859253e-02
3.392260521650314331e-02
4.177148044109344482e-01
4.303934425115585327e-02
6.815652251243591309e-01
4.116835445165634155e-02
6.572754355147480965e-04
6.005459651350975037e-02
1.485577821731567383e-01
7.554364204406738281e-02
2.070608586072921753e-01
4.626396670937538147e-02
8.152418769896030426e-03
2.468524128198623657e-01
5.102718714624643326e-03
6.820067763328552246e-02
4.866059124469757080e-02
5.170182883739471436e-02
2.650308609008789062e-02
1.292781718075275421e-02
1.017328575253486633e-01
1.044777774810791016e+01
5.120451096445322037e-03
3.773209871724247932e-03
9.970293380320072174e-03
4.588455706834793091e-02
6.604693480767309666e-04
1.273495078086853027e+00
4.690662771463394165e-02
1.972503066062927246e+00
6.616113185882568359e-01
1.986436732113361359e-02
1.171638607047498226e-03
1.111816048622131348e+00
1.148509383201599121e+00
6.359102670103311539e-03
1.383870560675859451e-02
2.794788405299186707e-02
2.182424505008384585e-04
2.149845659732818604e-01
3.403764450922608376e-03
2.398932695388793945e+00
1.118161156773567200e-01
1.282491907477378845e-02
2.647604234516620636e-02
2.605833671987056732e-02
2.044345252215862274e-02
1.270530093461275101e-02
4.873717576265335083e-02
1.885528713464736938e-01
6.868122518062591553e-02
5.921019241213798523e-03
3.570967912673950195e-01
2.037891885265707970e-03
2.745386660099029541e-01
3.190561756491661072e-02
2.224443256855010986e-01
8.069940842688083649e-03
1.287257857620716095e-02
2.553828619420528412e-02
9.449315071105957031e-02
5.081409215927124023e-02
6.464982032775878906e-02
1.156573221087455750e-01
5.968970805406570435e-02
9.954780936241149902e-01
4.376379947643727064e-04
3.107888698577880859e-01
8.607129752635955811e-02
1.627638339996337891e-01
2.229500532150268555e+00
1.226154565811157227e-01
2.400264702737331390e-02
6.374715268611907959e-02
1.291797030717134476e-02
3.652704181149601936e-03
7.939721941947937012e-01
9.429704397916793823e-02
1.182404998689889908e-02
2.837936580181121826e-01
4.805646836757659912e-03
1.680793404579162598e+00
2.059858990833163261e-03
1.932902447879314423e-02
6.299482822418212891e+00
1.551086157560348511e-01
2.485913187265396118e-01
4.768494982272386551e-03
2.401997568085789680e-03
2.808857150375843048e-02
3.389601409435272217e-02
1.912399008870124817e-02
2.469649314880371094e-01
6.204766631126403809e-01
4.928368628025054932e-01
7.087115198373794556e-02
2.852965891361236572e-02
1.499093975871801376e-02
7.676139939576387405e-04
1.830847002565860748e-02
5.592769622802734375e+00
1.827170729637145996e+00
7.866407744586467743e-03
7.412818074226379395e-02
2.350699342787265778e-02
7.475292775779962540e-03
3.164000511169433594e-01
3.659328818321228027e-02
3.205275861546397209e-03
1.314052101224660873e-02
3.543058410286903381e-02
8.616214990615844727e-02
1.730943083763122559e+00
1.916003376245498657e-01
2.951302051544189453e+00
2.454178184270858765e-01
2.514514923095703125e-01
1.917452216148376465e+00
8.772811889648437500e-01
2.331768907606601715e-02
1.319476962089538574e-02
2.234529107809066772e-01
5.765221640467643738e-02
2.204970419406890869e-01
1.288234829902648926e+00
1.616718769073486328e-01
6.087573617696762085e-02
2.694014012813568115e-01
1.610640622675418854e-02
6.886211037635803223e-02
3.523013787344098091e-03
1.515921235084533691e+00
2.952694892883300781e-03
1.316070649772882462e-02
1.846480369567871094e-01
1.862924313172698021e-03
4.628904163837432861e-02
2.534736990928649902e-01
2.967533282935619354e-02
3.489258289337158203e+00
6.464096717536449432e-03
7.138741668313741684e-03
3.071776963770389557e-02
9.959498420357704163e-03
2.122617792338132858e-03
1.608128190040588379e+00
2.781917899847030640e-02
3.728543967008590698e-02
1.615924015641212463e-02
2.624123916029930115e-02
2.508192323148250580e-02
1.608856022357940674e-02
7.563656568527221680e-02
2.917473614215850830e-01
3.096964024007320404e-02
1.011610496789216995e-03
8.660404011607170105e-03
1.252303838729858398e+00
1.629372243769466877e-03
2.279734984040260315e-02
4.510994255542755127e-01
4.903982579708099365e-01
4.758641496300697327e-02
1.269840002059936523e-01
1.887795776128768921e-01
8.567970991134643555e-02
3.749021852854639292e-04
2.088528871536254883e-02
4.346819594502449036e-02
5.592884030193090439e-03
3.423389047384262085e-02
6.938572227954864502e-02
1.096114963293075562e-01
1.948023438453674316e-01
5.207400768995285034e-02
5.913733504712581635e-03
8.283460885286331177e-02
3.568292781710624695e-02
4.208687245845794678e-01
3.465798124670982361e-02
1.276337802410125732e-01
3.574727568775415421e-03
4.381232261657714844e-01
1.361504429951310158e-03
9.097176790237426758e-02
4.953815788030624390e-02
3.013034820556640625e+00
6.159458309412002563e-02
5.645815134048461914e-01
6.004716269671916962e-03
1.330615486949682236e-02
1.456330996006727219e-02
1.280720904469490051e-02
2.932226285338401794e-02
7.580174505710601807e-02
9.554782882332801819e-03
8.965903520584106445e-01
3.712479174137115479e-01
7.120760530233383179e-02
3.801570653915405273e+00
1.652121543884277344e+01
1.983107253909111023e-02
8.008399978280067444e-03
4.174642963334918022e-04
9.103477746248245239e-02
3.598959743976593018e-02
5.320213735103607178e-02
9.319367408752441406e+00
7.833302952349185944e-04
4.749423503875732422e+00
2.600698471069335938e-01
2.255720831453800201e-02
6.804997567087411880e-03
9.306812658905982971e-03
1.178188228607177734e+01
3.858769226074218750e+01
3.660123443603515625e+01
3.350361287593841553e-01
1.087160587310791016e+01
2.123777151107788086e+00
1.410330352783203125e+02
1.039712810516357422e+01
8.992180633544921875e+01
9.435871124267578125e+00
7.238040924072265625e+01
2.088007164001464844e+01
1.137913894653320312e+01
7.476163506507873535e-01
1.376119804382324219e+01
3.922622680664062500e+01
2.080888175964355469e+01
1.398563232421875000e+02
1.869012832641601562e+01
4.218818187713623047e+00
5.874063014984130859e+00
4.711531162261962891e+00
1.101185607910156250e+01
1.651163482666015625e+01
1.552114772796630859e+01
1.461635828018188477e+00
2.768507766723632812e+01
2.639355773925781250e+02
3.843029785156250000e+02
5.038679885864257812e+01
2.663196563720703125e+00
2.619977235794067383e+00
2.891597032546997070e+00
3.279773254394531250e+02
2.833018064498901367e+00
1.138836956024169922e+01
5.725398063659667969e-01
1.521807610988616943e-01
2.252055644989013672e+00
5.497231674194335938e+01
1.180329345703125000e+03
2.011716842651367188e+01
5.626516342163085938e-01
1.363083190917968750e+02
1.531658077239990234e+01
1.374537353515625000e+02
1.179179458618164062e+02
1.297443199157714844e+01
1.486832261085510254e+00
2.011128845214843750e+02
5.693681335449218750e+01
1.491050434112548828e+01
1.708911705017089844e+01
5.889538574218750000e+01
4.453329563140869141e+00
1.779809832572937012e+00
2.542674541473388672e+00
1.221669077873229980e+00
5.771903038024902344e+00
3.264918212890625000e+02
4.755571746826171875e+01
2.578624572753906250e+02
2.437590360641479492e+00
1.423848724365234375e+01
3.829450607299804688e+00
1.854241180419921875e+01
2.548937416076660156e+01
8.724655761718750000e+02
1.135455932617187500e+03
2.664138221740722656e+01
8.784586191177368164e-02
3.900342941284179688e+01
1.750725030899047852e+00
1.008744201660156250e+02
9.151167869567871094e+00
8.278075218200683594e+00
4.684426486492156982e-01
3.085210561752319336e+00
4.758615875244140625e+01
2.619056510925292969e+01
2.457395362854003906e+01
3.193602561950683594e+00
1.182117843627929688e+01
1.396560001373291016e+01
1.022217845916748047e+01
4.711943626403808594e+00
2.098373770713806152e-01
2.432664871215820312e+01
1.675825309753417969e+01
1.765116930007934570e+00
4.476937294006347656e+00
6.725659942626953125e+01
3.825394821166992188e+01
1.863506889343261719e+01
4.778787612915039062e+01
2.731336593627929688e+01
5.219311237335205078e+00
1.642488647460937500e+03
1.994058847427368164e+00
3.844530105590820312e+01
8.523700237274169922e-01
5.952096939086914062e+00
5.259444117546081543e-01
8.796178436279296875e+01
1.575518798828125000e+01
2.223145866394042969e+01
3.974553346633911133e+00
3.342880859375000000e+02
3.321527404785156250e+02
2.306197643280029297e+00
1.867853254079818726e-01
7.548892974853515625e+01
3.347405242919921875e+01
7.841095924377441406e+00
3.326628112792968750e+01
4.999006271362304688e+01
1.367183113098144531e+01
8.632987022399902344e+00
2.930591773986816406e+01
1.362772178649902344e+01
3.345062637329101562e+01
5.159817382812500000e+03
1.915767669677734375e+02
4.676035690307617188e+01
2.563431501388549805e+00
2.134130096435546875e+02
9.735652923583984375e+00
2.413192033767700195e+00
3.554216613769531250e+02
8.496372985839843750e+01
4.502618026733398438e+01
1.141641998291015625e+01
2.310537397861480713e-01
5.515119552612304688e+00
1.276160359382629395e+00
2.087794303894042969e+00
5.754189491271972656e+00
1.238775405883789062e+02
7.462657165527343750e+01
1.438217315673828125e+02
4.400106430053710938e+01
7.113327383995056152e-01
2.908920288085937500e+02
2.285127449035644531e+01
1.499176330566406250e+02
2.146869850158691406e+01
3.512168884277343750e+02
1.146480679512023926e+00
3.134807968139648438e+01
1.633948211669921875e+02
8.627945184707641602e-01
2.657120361328125000e+02
5.827063369750976562e+01
7.938321232795715332e-01
1.400982818603515625e+02
9.642829895019531250e+00
1.605872631072998047e+00
1.083510041236877441e+00
1.077642560005187988e+00
1.222610592842102051e+00
3.180868225097656250e+02
1.382432250976562500e+02
1.035741119384765625e+02
1.252117538452148438e+01
5.245326232910156250e+01
5.528432369232177734e+00
2.929882049560546875e+01
8.133618927001953125e+01
3.562921447753906250e+02
1.991591572761535645e+00
1.192459583282470703e+01
3.224999694824218750e+02
1.660882115364074707e+00
4.791835308074951172e+00
1.405284271240234375e+02
1.885207176208496094e+01
5.492321968078613281e+00
2.584134674072265625e+01
2.979418992996215820e+00
2.449853706359863281e+01
2.527161359786987305e+00
3.335184860229492188e+01
1.174076614379882812e+02
4.299672245979309082e-01
2.780656494140625000e+03
1.086977863311767578e+01
1.594062566757202148e+00
8.198050498962402344e+00
1.138760681152343750e+02
2.265015602111816406e+01
2.043563604354858398e+00
1.874011039733886719e+01
3.677886486053466797e+00
3.477659225463867188e+01
2.931624031066894531e+01
5.856313705444335938e-01
2.313180351257324219e+01
1.719480395317077637e+00
1.303876876831054688e+00
3.402420520782470703e+00
9.757087707519531250e+00
2.522164344787597656e+00
6.767951488494873047e+00
1.495886230468750000e+01
6.396768951416015625e+01
6.094941496849060059e-01
1.069188117980957031e+01
1.143598785400390625e+02
6.178347110748291016e+00
2.388117980957031250e+01
1.106720447540283203e+01
3.614407539367675781e+00
1.304294824600219727e+00
1.146372314453125000e+03
1.351324558258056641e+01
7.641049957275390625e+01
7.286418437957763672e+00
1.766410064697265625e+02
9.966857433319091797e-01
1.207942657470703125e+02
1.747480712890625000e+03
2.657981216907501221e-01
1.118185162544250488e+00
1.400613403320312500e+02
1.862115144729614258e+00
3.202213439941406250e+02
4.368066787719726562e+00
1.143061733245849609e+01
1.823661327362060547e+00
8.907343864440917969e+00
3.148311078548431396e-01
1.383005237579345703e+01
1.107015490531921387e+00
8.754343414306640625e+01
6.717677593231201172e+00
4.239346694946289062e+01
1.284178614616394043e+00
6.327950000762939453e+00
1.242531394958496094e+01
1.174607157707214355e+00
2.268289642333984375e+02
1.811880683898925781e+01
8.147554397583007812e+00
5.688312053680419922e+00
3.262736892700195312e+01
8.351700592041015625e+01
1.088440475463867188e+02
3.328757882118225098e-01
5.080344848632812500e+02
6.258011341094970703e+00
1.381519603729248047e+01
2.680269622802734375e+01
1.936987757682800293e+00
1.378384857177734375e+02
4.693444061279296875e+01
2.256752729415893555e+00
3.647891998291015625e+01
1.284906482696533203e+01
3.208656072616577148e+00
2.962198791503906250e+02
2.227812004089355469e+01
4.111828994750976562e+01
2.387422943115234375e+01
2.008021240234375000e+02
3.604023742675781250e+01
6.542817687988281250e+01
1.988015556335449219e+01
1.776847229003906250e+02
1.981749534606933594e-01
7.890750408172607422e+00
9.601488647460937500e+02
4.150449371337890625e+01
1.287693939208984375e+02
5.852745771408081055e-01
3.703992664813995361e-01
2.221992874145507812e+01
9.347432136535644531e+00
9.647069931030273438e+00
2.339325332641601562e+01
2.032580375671386719e+00
1.198102092742919922e+01
4.086814403533935547e+00
4.121409893035888672e+00
1.112006855010986328e+01
1.065669894218444824e+00
2.071237087249755859e+00
2.925852966308593750e+02
2.643025817871093750e+02
4.165749073028564453e+00
4.552471923828125000e+01
2.063774681091308594e+01
6.005497455596923828e+00
2.162048828125000000e+03
4.865962982177734375e+00
4.156513595581054688e+01
8.060869216918945312e+00
2.301319313049316406e+01
1.891728210449218750e+02
9.478750228881835938e+00
6.226610946655273438e+01
7.300074768066406250e+01
5.639500427246093750e+01
2.506022644042968750e+01
3.963656005859375000e+02
9.016901016235351562e+00
5.785421371459960938e+00
1.146769256591796875e+02
1.248465919494628906e+01
8.783459663391113281e+00
3.435915832519531250e+02
1.973486022949218750e+02
1.837798309326171875e+02
5.993089599609375000e+02
1.880774855613708496e+00
5.330560207366943359e+00
7.536504864692687988e-01
5.188615322113037109e+00
1.232143402099609375e+01
4.084672927856445312e+00
1.254692077636718750e+00
4.065124034881591797e+00
1.231040835380554199e+00
2.640926818847656250e+02
1.899227333068847656e+01
1.209244003295898438e+02
1.312342224121093750e+02
5.469347953796386719e+00
4.550790786743164062e+01
2.034812545776367188e+01
2.133493041992187500e+01
9.719943404197692871e-01
1.545086181640625000e+03
2.431148834228515625e+02
1.434476947784423828e+01
5.387139892578125000e+01
6.500097656250000000e+01
5.381128540039062500e+02
1.876654815673828125e+01
2.559834957122802734e+00
1.989435577392578125e+01
9.265062212944030762e-01
2.470592689514160156e+01
2.577187500000000000e+02
2.053330612182617188e+01
3.755873918533325195e+00
4.037201881408691406e+00
1.158241195678710938e+02
5.002991027832031250e+02
4.420664596557617188e+01
2.078793144226074219e+01
2.090032386779785156e+01
2.596450448036193848e-01
9.746953845024108887e-02
2.181729125976562500e+01
1.164789867401123047e+01
4.482690811157226562e+00
1.736413764953613281e+01
9.358975219726562500e+01
7.934599304199218750e+01
3.439348220825195312e+01
2.496489524841308594e+00
1.752032756805419922e+00
5.156677246093750000e+00
8.027542114257812500e+00
1.901063842773437500e+02
3.185923099517822266e+00
3.588055038452148438e+01
4.053443968296051025e-01
6.556896209716796875e+00
2.709620893001556396e-01
5.048378467559814453e+00
4.550779113769531250e+02
2.018384375000000000e+04
4.917983055114746094e+00
4.771487426757812500e+01
7.878653526306152344e+00
3.475338459014892578e+00
5.837500762939453125e+01
1.902868652343750000e+02
1.838168501853942871e+00
2.915348768234252930e+00
1.090145683288574219e+01
8.368969726562500000e+01
3.155481529235839844e+01
5.275910854339599609e+00
1.411986389160156250e+02
7.103489379882812500e+02
6.039446353912353516e+00
2.399574041366577148e+00
2.617999553680419922e+00
7.208860015869140625e+01
1.960348606109619141e+00
4.000556468963623047e+00
3.634611206054687500e+02
1.697125053405761719e+01
1.080152511596679688e+02
9.782055053710937500e+02
5.529388809204101562e+01
1.154360294342041016e+00
4.984385681152343750e+01
