4.845725744962692261e-02
2.242951691150665283e-01
1.754790842533111572e-01
7.966603152453899384e-03
2.690901458263397217e-01
3.778767287731170654e-01
9.481398761272430420e-02
1.184738148003816605e-02
1.846846640110015869e-01
1.401253044605255127e-01
3.953584134578704834e-01
9.028521180152893066e-02
5.929245054721832275e-02
1.845779828727245331e-02
4.056745395064353943e-02
7.344172894954681396e-02
1.618289016187191010e-02
5.748857930302619934e-02
2.584409154951572418e-02
2.918462827801704407e-02
3.163190558552742004e-02
1.067402772605419159e-02
4.197102785110473633e-01
6.058847159147262573e-02
5.723234653472900391e+00
2.188807912170886993e-02
3.825117275118827820e-02
2.048226594924926758e-01
1.356077194213867188e+00
1.024101614952087402e+00
5.741205066442489624e-03
2.204506890848278999e-03
2.695181071758270264e-01
4.713744521141052246e-01
1.051128841936588287e-02
4.446065425872802734e-01
2.651426568627357483e-02
1.049027405679225922e-02
1.142355799674987793e-01
8.131686598062515259e-02
1.665623307228088379e+00
2.534334361553192139e-01
7.213176041841506958e-02
3.406652212142944336e+00
4.383955299854278564e-01
3.380693495273590088e-01
5.703967437148094177e-02
7.424523830413818359e-01
7.011045236140489578e-03
1.122362494468688965e+00
1.777579784393310547e-01
3.196707740426063538e-02
1.002400994300842285e+00
2.139914184808731079e-01
9.568925946950912476e-03
1.607169210910797119e-02
1.375310774892568588e-02
2.470083981752395630e-01
3.115219995379447937e-02
7.714243412017822266e+00
3.470850735902786255e-02
3.586716175079345703e+00
5.525585263967514038e-02
4.143932089209556580e-02
2.425677776336669922e-01
5.725404620170593262e-01
2.821229100227355957e-01
1.079035028815269470e-01
3.997553110122680664e+00
1.546885371208190918e+00
4.284756432753056288e-04
9.082353115081787109e-01
1.175046525895595551e-02
2.269656181335449219e+00
3.672081530094146729e-01
2.038586139678955078e-01
1.952872611582279205e-02
2.019072137773036957e-02
6.154285371303558350e-02
7.704886794090270996e-02
4.397135376930236816e-01
2.882744185626506805e-02
7.203749567270278931e-02
3.737266641110181808e-03
1.496982481330633163e-02
9.852904826402664185e-03
9.516878053545951843e-04
3.839487954974174500e-02
1.238849878311157227e+00
2.232652157545089722e-03
1.856898888945579529e-02
1.666507869958877563e-01
4.601180925965309143e-02
7.321684062480926514e-02
6.290464848279953003e-02
7.137737274169921875e-01
1.412682831287384033e-01
1.049058556556701660e+00
2.727430500090122223e-02
2.059702277183532715e-01
4.276607632637023926e-01
3.687019273638725281e-02
1.399319525808095932e-02
7.207439839839935303e-02
7.665377855300903320e-02
3.314810097217559814e-01
1.039315462112426758e-01
2.520762979984283447e-01
1.597175598144531250e+00
1.243414133787155151e-01
1.990379579365253448e-02
3.104977309703826904e-01
3.782626986503601074e-01
5.049546360969543457e-01
2.489940226078033447e-01
9.202188998460769653e-02
1.663177460432052612e-01
3.658885881304740906e-02
4.228108562529087067e-03
5.182980000972747803e-02
1.117396540939807892e-02
1.243774127960205078e+01
9.424400329589843750e-01
1.246059417724609375e+00
2.789052436128258705e-03
2.199092134833335876e-02
1.696617156267166138e-02
2.609888790175318718e-03
1.729367673397064209e-01
7.897821068763732910e-02
8.604475259780883789e-01
3.495863974094390869e-01
7.538992911577224731e-03
7.620548829436302185e-03
3.622979298233985901e-02
1.154270768165588379e-02
2.951179631054401398e-02
8.195861577987670898e-01
8.789689838886260986e-02
9.700369834899902344e-01
1.059205308556556702e-01
7.408920675516128540e-02
7.742973804473876953e+00
1.333060741424560547e+00
2.068954229354858398e+00
1.306534558534622192e-01
2.639341950416564941e-01
1.131194904446601868e-01
1.579215973615646362e-01
3.748111054301261902e-02
2.739735320210456848e-02
1.503502368927001953e+00
1.893030852079391479e-01
7.822880148887634277e-02
2.698635160923004150e-01
8.501843363046646118e-02
3.963779285550117493e-02
8.208881318569183350e-02
3.725184127688407898e-03
4.347993992269039154e-03
4.513725638389587402e-01
6.867486983537673950e-02
1.608477234840393066e-01
1.365564763545989990e-01
1.439085245132446289e+00
1.661634445190429688e-01
5.074142813682556152e-01
2.051276117563247681e-01
5.000228404998779297e+00
3.652101615443825722e-03
3.081181645393371582e-01
1.378255486488342285e-01
1.449034176766872406e-02
8.679527044296264648e-02
2.317498773336410522e-01
1.108840227127075195e+00
1.066797077655792236e-01
9.967843443155288696e-02
7.142762839794158936e-02
1.534049510955810547e+00
1.444713771343231201e-01
2.490662187337875366e-01
1.818136870861053467e-01
5.734626203775405884e-02
1.853171586990356445e+00
1.703264266252517700e-01
2.064804732799530029e-01
9.878537058830261230e-02
2.899788916110992432e-01
1.319440603256225586e-01
6.584438085556030273e-01
1.156613752245903015e-01
8.023333735764026642e-03
1.019770577549934387e-01
2.084600776433944702e-01
4.484602436423301697e-02
1.818536072969436646e-01
6.636065244674682617e-02
4.982309415936470032e-03
2.654641866683959961e-01
1.748075522482395172e-02
1.364482641220092773e-01
1.617688685655593872e-01
4.836037755012512207e-02
1.660135537385940552e-01
1.377428695559501648e-02
5.876646190881729126e-02
1.447655773162841797e+01
1.432699523866176605e-02
1.054198294878005981e-02
3.806874901056289673e-02
8.284146338701248169e-02
4.972139839082956314e-03
2.760805189609527588e-01
1.988565474748611450e-01
4.389841258525848389e-01
4.168846309185028076e-01
2.436443418264389038e-02
5.896112881600856781e-03
1.854668617248535156e+00
1.414182901382446289e+00
1.713470369577407837e-02
2.066136710345745087e-02
5.038105323910713196e-02
7.722475565969944000e-04
3.051013052463531494e-01
1.867284439504146576e-02
1.548512697219848633e+00
2.460206449031829834e-01
3.094912134110927582e-02
2.929028309881687164e-02
6.822755932807922363e-02
1.988383568823337555e-02
1.676448583602905273e-01
4.051796346902847290e-02
6.103497743606567383e-01
1.184636428952217102e-01
3.577667521312832832e-03
3.210427463054656982e-01
2.517330087721347809e-02
2.033990770578384399e-01
1.389017328619956970e-02
4.519216343760490417e-02
2.308745868504047394e-02
9.850502759218215942e-02
8.128792792558670044e-02
2.528161108493804932e-01
6.004188209772109985e-02
9.391306340694427490e-02
2.212268263101577759e-01
1.101555228233337402e-01
5.885413885116577148e-01
5.728778894990682602e-03
6.868472099304199219e-01
1.942460834980010986e-01
1.646020710468292236e-01
2.526206731796264648e+00
4.771196842193603516e-02
1.437252759933471680e-01
4.580204933881759644e-02
4.827612265944480896e-02
1.242935936897993088e-02
2.224474698305130005e-01
1.075920239090919495e-01
3.833761811256408691e-02
5.110077857971191406e-01
1.948287151753902435e-02
1.378165125846862793e+00
2.811982296407222748e-03
6.580477207899093628e-02
4.278856277465820312e+00
2.051789611577987671e-01
1.092722341418266296e-01
1.167036965489387512e-02
3.678408218547701836e-03
3.721442818641662598e-02
5.445988103747367859e-02
5.154618993401527405e-02
4.182006046175956726e-02
4.895781874656677246e-01
9.110953807830810547e-01
2.360038608312606812e-01
6.537993997335433960e-02
1.773925498127937317e-02
4.129022359848022461e-03
3.827900066971778870e-02
3.125872373580932617e+00
9.035376310348510742e-01
2.140717953443527222e-02
1.901535093784332275e-01
1.780052669346332550e-02
1.205567177385091782e-02
2.269013375043869019e-01
1.810026913881301880e-02
1.896608434617519379e-02
1.602823659777641296e-02
3.827503696084022522e-02
5.406991392374038696e-02
6.406468749046325684e-01
1.817263662815093994e-01
1.261196970939636230e+00
3.350053727626800537e-01
2.295370101928710938e-01
2.883937835693359375e+00
2.934885621070861816e-01
6.241354346275329590e-02
1.951920241117477417e-02
1.197797581553459167e-01
2.824939787387847900e-01
3.762907683849334717e-01
1.425853967666625977e+00
3.557308018207550049e-01
5.655068755149841309e-01
5.741071105003356934e-01
3.139860183000564575e-02
1.239066794514656067e-01
7.357939146459102631e-03
9.871500730514526367e-01
4.683368839323520660e-03
2.721864730119705200e-02
1.442890316247940063e-01
1.467619463801383972e-02
4.574737846851348877e-01
2.241937637329101562e+00
7.543191313743591309e-02
1.910284757614135742e+00
2.649467624723911285e-02
4.631933569908142090e-02
4.510521143674850464e-02
9.180130437016487122e-03
3.270637942478060722e-03
4.158466815948486328e+00
9.145698696374893188e-02
9.626317769289016724e-02
2.646083943545818329e-02
6.450896710157394409e-02
8.676009625196456909e-02
2.672803029417991638e-02
1.211195513606071472e-01
7.404697537422180176e-01
1.697572171688079834e-01
1.406920049339532852e-02
1.829339005053043365e-02
2.905161380767822266e+00
9.001613594591617584e-03
1.298650633543729782e-02
1.635322451591491699e+00
2.389988452196121216e-01
2.149153649806976318e-01
3.469953536987304688e-01
1.676444560289382935e-01
3.365687653422355652e-02
1.649420941248536110e-03
3.693307936191558838e-02
1.303153336048126221e-01
9.177823550999164581e-03
2.090264298021793365e-02
3.941478431224822998e-01
5.106947422027587891e-01
1.233998090028762817e-01
1.204060614109039307e-01
4.716339334845542908e-02
7.552773505449295044e-02
4.249874874949455261e-02
5.587705373764038086e-01
1.000993922352790833e-01
1.296349465847015381e-01
1.607435941696166992e-02
4.279423654079437256e-01
1.723671914078295231e-03
1.890775561332702637e-01
2.118282765150070190e-02
2.235162734985351562e+00
1.026738435029983521e-01
4.126344323158264160e-01
9.055876173079013824e-03
5.317512899637222290e-02
1.687110811471939087e-01
6.098476052284240723e-02
7.416787091642618179e-03
1.103145554661750793e-01
1.459247060120105743e-02
1.243505239486694336e+00
7.644352912902832031e-01
1.519522070884704590e-01
1.215008497238159180e+00
1.416713905334472656e+01
3.479704633355140686e-02
4.991186037659645081e-02
1.647496712394058704e-03
8.839089423418045044e-02
2.713741362094879150e-01
1.123283877968788147e-01
1.088343429565429688e+01
6.731430999934673309e-03
3.041908979415893555e+00
2.764365971088409424e-01
1.923255324363708496e-01
2.210829965770244598e-02
3.151001408696174622e-02
1.167418956756591797e+00
2.881720542907714844e+01
2.760042762756347656e+01
7.144635319709777832e-01
1.274372386932373047e+01
3.732514619827270508e+00
2.373938560485839844e+01
1.970005273818969727e+00
4.635441589355468750e+01
1.489966869354248047e+00
3.912511062622070312e+01
1.023758029937744141e+01
2.522101879119873047e+00
3.358099162578582764e-01
5.652871608734130859e+00
3.368171691894531250e+01
4.401823043823242188e+00
1.959354591369628906e+01
1.997031021118164062e+01
1.577989220619201660e+00
1.988783478736877441e+00
6.637618541717529297e-01
6.842011451721191406e+00
7.894438743591308594e+00
4.638784790039062500e+01
1.082463145256042480e+00
5.674757003784179688e+00
1.914663124084472656e+01
2.220105133056640625e+02
1.914245033264160156e+01
1.747004628181457520e+00
1.119054317474365234e+00
3.466803073883056641e+00
1.292468261718750000e+02
5.862354040145874023e-01
2.024384117126464844e+01
5.991030931472778320e-01
3.449724018573760986e-01
1.910001993179321289e+00
8.069217681884765625e+00
3.186748046875000000e+02
7.522737026214599609e+00
8.505148291587829590e-01
2.754400634765625000e+01
6.590507030487060547e+00
4.662852478027343750e+01
2.168363571166992188e+01
1.169638442993164062e+01
1.299710392951965332e+00
5.305843353271484375e+01
1.783486938476562500e+01
3.037894248962402344e+00
1.704314231872558594e+01
3.912311553955078125e+01
4.480206966400146484e+00
4.028320908546447754e-01
6.351454257965087891e-01
8.767672181129455566e-01
1.281891345977783203e+00
4.838944625854492188e+01
1.391131210327148438e+01
7.874909210205078125e+01
1.209174871444702148e+00
3.656217098236083984e+00
1.089834928512573242e+00
2.845517349243164062e+01
3.367934942245483398e+00
1.066191253662109375e+02
1.077615203857421875e+02
1.213499908447265625e+02
2.812080271542072296e-02
2.112427520751953125e+01
8.167886734008789062e-01
8.333444976806640625e+01
2.674618911743164062e+01
4.872828483581542969e+00
9.892171621322631836e-01
8.506609201431274414e-01
1.024534988403320312e+01
9.597304344177246094e+00
7.924108505249023438e+00
1.039270639419555664e+00
3.231122493743896484e+00
2.227083206176757812e+00
2.495794296264648438e+00
1.630979895591735840e+00
7.002546787261962891e-01
8.022109985351562500e+00
1.318247985839843750e+01
4.673395156860351562e-01
1.843354821205139160e+00
2.745788383483886719e+01
1.828565216064453125e+01
3.737470626831054688e+00
6.196421146392822266e+00
1.831210899353027344e+01
1.649537563323974609e+00
2.189519042968750000e+02
1.616222620010375977e+00
8.542996406555175781e+00
7.536070346832275391e-01
9.583952426910400391e-01
2.223589718341827393e-01
5.993732070922851562e+01
8.314516067504882812e+00
1.240360927581787109e+01
1.546828269958496094e+00
1.201382751464843750e+02
1.230313796997070312e+02
1.285803079605102539e+00
2.575069665908813477e-01
1.287310218811035156e+01
8.393958091735839844e+00
5.901049137115478516e+00
1.180448055267333984e+01
4.324469089508056641e+00
5.202414512634277344e+00
2.116534471511840820e+00
2.020005464553833008e+00
5.663723945617675781e+00
5.385432243347167969e+00
7.957241821289062500e+02
3.698499450683593750e+02
2.273727798461914062e+01
1.557516336441040039e+00
2.289552879333496094e+01
6.228966236114501953e+00
1.742877840995788574e+00
1.035503540039062500e+02
1.420109558105468750e+01
3.911124706268310547e+00
1.352414608001708984e+01
1.465201824903488159e-01
8.139175772666931152e-01
8.678920865058898926e-01
5.755241513252258301e-01
2.538971185684204102e+00
3.568881225585937500e+01
1.786667442321777344e+01
2.774452018737792969e+01
7.220374298095703125e+01
6.675844788551330566e-01
1.102766265869140625e+02
3.257600021362304688e+01
3.181857872009277344e+01
8.838152885437011719e+00
7.502840423583984375e+01
2.914251089096069336e+00
9.043507575988769531e+00
9.771888732910156250e+00
2.202303886413574219e+00
1.156806640625000000e+02
4.413844585418701172e+00
1.351439714431762695e+00
2.738256454467773438e+01
3.623032808303833008e+00
1.102870583534240723e+00
2.390051603317260742e+00
7.485585808753967285e-01
9.526585936546325684e-01
5.237186431884765625e+01
2.545081520080566406e+01
2.366322326660156250e+01
3.266751527786254883e+00
1.408133983612060547e+01
1.352774858474731445e+00
8.638377189636230469e+00
1.415057468414306641e+01
2.874144897460937500e+02
3.092099130153656006e-01
1.244771194458007812e+01
2.947346305847167969e+01
2.178074121475219727e+00
2.628691434860229492e+00
9.901148223876953125e+01
1.328459453582763672e+01
3.276649951934814453e+00
1.233761119842529297e+01
4.547717571258544922e+00
3.129956626892089844e+01
9.869166016578674316e-01
3.991334152221679688e+01
2.450960159301757812e+01
9.573969990015029907e-02
1.060235214233398438e+02
1.730959320068359375e+01
1.093416929244995117e+00
2.511126041412353516e+00
6.240649795532226562e+01
1.267459869384765625e+01
1.277352213859558105e+00
5.217193126678466797e+00
1.071442484855651855e+00
1.065064144134521484e+01
1.453625297546386719e+01
3.159482777118682861e-01
2.386778593063354492e+00
1.225456595420837402e+00
1.119809985160827637e+00
2.652273416519165039e+00
1.010405921936035156e+01
2.759148120880126953e+00
7.122101306915283203e+00
3.725622892379760742e+00
2.492465019226074219e+01
2.013863921165466309e-01
3.901879310607910156e+00
8.589998626708984375e+01
6.293500900268554688e+00
9.871881484985351562e+00
4.893562316894531250e+00
4.517655372619628906e+00
4.736780524253845215e-01
3.889620971679687500e+01
2.797117948532104492e+00
1.182573127746582031e+01
1.249103307723999023e+00
2.084027481079101562e+01
4.736829698085784912e-01
3.912984085083007812e+01
2.439889068603515625e+02
6.081798076629638672e-01
5.540590882301330566e-01
1.762201499938964844e+01
8.664026856422424316e-01
2.092993927001953125e+02
2.557820558547973633e+00
6.508258342742919922e+00
1.165895938873291016e+00
2.578604221343994141e+00
3.889589607715606689e-01
1.201874065399169922e+01
9.119965434074401855e-01
4.076481246948242188e+01
1.576132535934448242e+00
1.355533981323242188e+01
3.874695599079132080e-01
5.258854031562805176e-01
1.602487206459045410e+00
1.873757243156433105e+00
1.440756607055664062e+01
3.502421855926513672e+00
1.710147023200988770e+00
2.286804437637329102e+00
1.738298606872558594e+01
1.028557205200195312e+01
1.777922821044921875e+01
4.568085968494415283e-01
3.208426284790039062e+01
2.157667875289916992e+00
2.160304784774780273e+00
6.482954025268554688e+00
8.255952596664428711e-01
4.573276138305664062e+01
1.160532951354980469e+01
5.989236831665039062e+00
1.571050643920898438e+01
2.003424167633056641e+00
2.235430002212524414e+00
2.814073181152343750e+01
2.955199050903320312e+01
7.201089382171630859e+00
8.207965850830078125e+00
1.362073135375976562e+01
1.728108787536621094e+01
2.090553665161132812e+01
3.596385192871093750e+01
8.178783416748046875e+01
3.620865643024444580e-01
1.066138362884521484e+01
1.203205795288085938e+02
2.802081108093261719e+01
4.983309173583984375e+01
5.532628297805786133e-01
5.907200574874877930e-01
7.159971237182617188e+00
2.299750089645385742e+00
8.198849678039550781e+00
6.756236076354980469e+00
2.973679304122924805e+00
8.806540489196777344e+00
5.096127510070800781e+00
3.601400613784790039e+00
1.123471140861511230e+00
2.913522124290466309e-01
2.085480928421020508e+00
6.185828018188476562e+01
1.650875663757324219e+01
3.021311044692993164e+00
3.953632354736328125e+00
4.363919734954833984e+00
2.822421073913574219e+00
1.809403381347656250e+02
2.077463865280151367e+00
5.013637542724609375e+00
2.264266967773437500e+00
7.983088493347167969e+00
1.593605995178222656e+01
2.196435213088989258e+00
1.136320304870605469e+01
3.242737579345703125e+01
2.843215751647949219e+01
3.791944980621337891e+00
4.617368698120117188e+01
6.126214981079101562e+00
4.687588691711425781e+00
3.369528961181640625e+01
2.867511272430419922e+00
1.028261947631835938e+01
5.839070892333984375e+01
5.027936172485351562e+01
7.667822265625000000e+01
1.831244506835937500e+02
2.778499841690063477e+00
1.390179038047790527e+00
6.514040827751159668e-01
7.789236307144165039e-01
5.174244880676269531e+00
9.255012273788452148e-01
5.317898392677307129e-01
1.515286445617675781e+00
4.620573818683624268e-01
2.426265106201171875e+02
1.756604003906250000e+01
5.700304412841796875e+01
2.145525169372558594e+01
1.597741246223449707e+00
1.717182350158691406e+01
6.715778827667236328e+00
4.041031360626220703e+00
8.604933023452758789e-01
1.264127578735351562e+02
4.806618118286132812e+01
4.275667190551757812e+00
8.091504096984863281e+00
3.235033035278320312e+01
1.358459320068359375e+02
4.836223125457763672e+00
8.172667026519775391e-01
1.711179351806640625e+01
9.998234510421752930e-01
5.283048152923583984e+00
7.525777816772460938e+00
3.325609588623046875e+01
9.511122107505798340e-01
2.516349792480468750e+00
9.685564422607421875e+01
2.827461051940917969e+01
2.154573249816894531e+01
1.023463249206542969e+01
8.070913314819335938e+00
2.100317180156707764e-01
1.318108290433883667e-01
1.073086452484130859e+01
5.704777240753173828e+00
1.192620754241943359e+00
7.431657791137695312e+00
8.080977630615234375e+01
1.384644317626953125e+02
9.892754554748535156e+00
3.505951166152954102e+00
2.332465648651123047e+00
4.101269721984863281e+00
5.858909606933593750e+00
2.931122970581054688e+01
2.029777526855468750e+00
1.853759384155273438e+01
7.941055893898010254e-01
3.449459314346313477e+00
1.534351110458374023e-01
3.455379486083984375e+00
2.363477706909179688e+01
1.935350463867187500e+03
3.883379459381103516e+00
9.663672447204589844e+00
1.304029464721679688e+00
2.101451396942138672e+00
3.588011550903320312e+01
3.641761016845703125e+01
4.020898938179016113e-01
1.211205244064331055e+00
3.271136283874511719e+00
3.183125686645507812e+01
3.823803710937500000e+01
2.074776411056518555e+00
3.446620178222656250e+01
1.956943664550781250e+02
1.541445016860961914e+00
3.962959766387939453e+00
2.078940391540527344e+00
1.209021949768066406e+01
5.064797878265380859e+00
7.710367202758789062e+00
5.490486450195312500e+02
4.649292469024658203e+00
2.349157714843750000e+01
3.386187744140625000e+02
5.462057113647460938e+01
2.694825649261474609e+00
3.598708724975585938e+01
