5.899786949157714844e-01
1.228817343711853027e+00
8.946478962898254395e-01
2.364618331193923950e-01
3.358377933502197266e+00
2.075562000274658203e+00
4.873912334442138672e-01
4.555925130844116211e-01
1.209097027778625488e+00
6.136468648910522461e-01
1.356288552284240723e+00
4.025504589080810547e-01
5.902235507965087891e-01
1.634079515933990479e-01
3.096672892570495605e-01
9.134219884872436523e-01
4.854947030544281006e-01
6.087991595268249512e-01
1.344095170497894287e-01
4.613576829433441162e-01
2.173872232437133789e+00
1.761073708534240723e+00
1.776911735534667969e+00
7.699661254882812500e-01
6.341985225677490234e+00
4.489722549915313721e-01
4.120087921619415283e-01
2.071950197219848633e+00
1.125324368476867676e+00
3.198426008224487305e+00
4.591877460479736328e-01
2.218340337276458740e-01
1.020733237266540527e+00
2.406472921371459961e+00
6.173673272132873535e-01
5.428693294525146484e-01
1.128546893596649170e-01
1.422136276960372925e-01
3.461253046989440918e-01
1.005733966827392578e+00
1.787345886230468750e+00
3.720692873001098633e+00
4.847946763038635254e-01
3.796413183212280273e+00
9.420500397682189941e-01
1.573840975761413574e+00
2.389342546463012695e+00
8.516259789466857910e-01
1.758153736591339111e-01
4.469129562377929688e+00
1.025024771690368652e+00
2.288453876972198486e-01
2.092988967895507812e+00
9.307075142860412598e-01
1.081871509552001953e+00
1.457815468311309814e-01
3.117216229438781738e-01
5.211360454559326172e-01
6.708561778068542480e-01
3.391511440277099609e+00
5.215818881988525391e-01
1.672403216361999512e+00
4.625916481018066406e-01
3.358649611473083496e-01
1.075740575790405273e+00
3.097671270370483398e+00
1.085936307907104492e+00
7.469479441642761230e-01
1.694945812225341797e+00
4.497664451599121094e+00
6.186654791235923767e-02
6.774740815162658691e-01
4.917252957820892334e-01
2.086798667907714844e+00
3.327026128768920898e+00
1.259803056716918945e+00
6.998555064201354980e-01
9.600616693496704102e-01
3.726237714290618896e-01
5.079578757286071777e-01
9.275864958763122559e-01
3.559663295745849609e-01
4.500780999660491943e-01
6.823108792304992676e-01
3.940965533256530762e-01
4.811669588088989258e-01
1.552087664604187012e-01
1.055769920349121094e+00
4.475347697734832764e-01
1.868636310100555420e-01
3.360385596752166748e-01
1.339557766914367676e+00
4.875030815601348877e-01
1.117810249328613281e+00
5.156194567680358887e-01
2.794934511184692383e+00
4.087862372398376465e-01
1.450937986373901367e+00
5.525972843170166016e-01
2.794394791126251221e-01
1.345960497856140137e+00
8.209061026573181152e-01
1.504242569208145142e-01
4.758960306644439697e-01
1.261294841766357422e+00
6.292961835861206055e-01
2.838650941848754883e-01
1.727375268936157227e+00
3.808665037155151367e+00
8.310355544090270996e-01
2.280228286981582642e-01
1.478942036628723145e+00
1.130070567131042480e+00
7.744569182395935059e-01
7.720198035240173340e-01
4.378300011157989502e-01
1.426486492156982422e+00
3.653207421302795410e-01
5.868418812751770020e-01
1.432483434677124023e+00
2.411993741989135742e-01
6.795791625976562500e+00
2.681361913681030273e+00
2.307081222534179688e+00
2.117604017257690430e-01
1.274380534887313843e-01
2.639601826667785645e-01
1.385014206171035767e-01
2.934144496917724609e+00
4.423690438270568848e-01
4.945579767227172852e-01
4.242325425148010254e-01
9.207317233085632324e-02
5.633407235145568848e-01
7.556200027465820312e-01
5.093683004379272461e-01
1.531482785940170288e-01
2.501653194427490234e+00
3.168409764766693115e-01
1.964930176734924316e+00
1.197733879089355469e+00
1.467290401458740234e+00
2.589081287384033203e+00
2.734498500823974609e+00
3.992229402065277100e-01
8.298709988594055176e-01
5.439512729644775391e-01
7.985610365867614746e-01
2.098483085632324219e+00
4.514126479625701904e-01
1.075601950287818909e-01
1.280904769897460938e+00
3.924067318439483643e-01
4.153688549995422363e-01
6.677293777465820312e-01
5.671272277832031250e-01
6.291976571083068848e-01
1.859252333641052246e+00
7.143429517745971680e-01
1.953407973051071167e-01
3.493671178817749023e+00
3.828045427799224854e-01
9.277598261833190918e-01
7.850928306579589844e-01
4.923316836357116699e-01
4.233568608760833740e-01
8.484843969345092773e-01
9.111903309822082520e-01
2.617212533950805664e+00
2.377139776945114136e-01
1.234698176383972168e+00
2.280213832855224609e+00
7.197141051292419434e-01
3.658362030982971191e-01
8.841842412948608398e-01
1.172381639480590820e+00
1.195286870002746582e+00
1.129283905029296875e+00
3.409409821033477783e-01
2.968904972076416016e+00
3.375200927257537842e-01
3.010404586791992188e+00
1.678226470947265625e+00
3.738625645637512207e-01
1.439498424530029297e+00
1.422188043594360352e+00
8.424668908119201660e-01
5.946143865585327148e-01
2.873439073562622070e+00
7.730274200439453125e-01
8.134493231773376465e-01
3.791316747665405273e-01
3.781440854072570801e-01
8.795884251594543457e-01
7.012121677398681641e-01
7.959747910499572754e-01
1.799733757972717285e+00
6.770851016044616699e-01
3.157375752925872803e-01
7.453690171241760254e-01
3.274933695793151855e-01
2.851292192935943604e-01
8.261195421218872070e-01
6.218993663787841797e-01
9.551129937171936035e-01
8.773203939199447632e-02
1.496224105358123779e-01
2.877677679061889648e+00
3.102002739906311035e-01
4.661933481693267822e-01
4.695980250835418701e-01
5.399007201194763184e-01
3.240301609039306641e-01
5.450842380523681641e-01
1.891332983970642090e+00
2.280685901641845703e+00
1.333836197853088379e+00
9.728105664253234863e-01
2.245349287986755371e-01
1.040979623794555664e+00
4.684591293334960938e-01
5.093246698379516602e-01
3.554108142852783203e-01
8.862033486366271973e-01
1.933897584676742554e-01
1.124431133270263672e+00
4.601619243621826172e-01
2.268658876419067383e+00
5.773820877075195312e-01
4.014542400836944580e-01
1.936051994562149048e-01
1.751673817634582520e+00
4.866335988044738770e-01
1.275507330894470215e+00
8.550585508346557617e-01
5.162754058837890625e-01
2.447908371686935425e-01
1.716137826442718506e-01
6.325534582138061523e-01
5.984928607940673828e-01
1.131785035133361816e+00
3.716897666454315186e-01
2.462154030799865723e-01
6.955572366714477539e-01
4.519083797931671143e-01
3.500842154026031494e-01
4.173035025596618652e-01
4.771101474761962891e-01
7.938413023948669434e-01
4.239415526390075684e-01
7.066806554794311523e-01
1.859950542449951172e+00
4.276841282844543457e-01
6.596496701240539551e-01
6.438118815422058105e-01
1.078298091888427734e+00
1.847250103950500488e+00
1.630384922027587891e-01
2.690007090568542480e-01
1.251471042633056641e+00
5.412436127662658691e-01
6.952050924301147461e-01
1.118802189826965332e+00
5.955235958099365234e-01
1.260744810104370117e+00
7.562419772148132324e-01
2.444371223449707031e+00
3.168993473052978516e+00
1.205935776233673096e-01
2.576173543930053711e-01
6.657747626304626465e-01
6.922001242637634277e-01
4.447805285453796387e-01
4.488114416599273682e-01
1.199572682380676270e+00
5.538945198059082031e-01
3.277505040168762207e-01
4.757456481456756592e-01
3.903376162052154541e-01
7.590123414993286133e-01
7.781196236610412598e-01
8.555106520652770996e-01
4.794447124004364014e-01
1.748005300760269165e-01
1.248078048229217529e-01
5.640885233879089355e-01
4.884678840637207031e+00
1.697976946830749512e+00
5.879290699958801270e-01
6.457037329673767090e-01
2.692935168743133545e-01
3.379348516464233398e-01
1.620561003684997559e+00
1.583806425333023071e-01
1.906746923923492432e-01
8.806987404823303223e-01
4.811402261257171631e-01
1.254240870475769043e-01
1.858599632978439331e-01
2.994043827056884766e-01
1.026870131492614746e+00
1.316673398017883301e+00
6.524191498756408691e-01
9.320498704910278320e-01
7.941125631332397461e-01
7.930755019187927246e-01
4.530925750732421875e-01
1.625047564506530762e+00
7.968386411666870117e-01
3.416320085525512695e-01
2.496724367141723633e+00
1.546292543411254883e+00
8.169249892234802246e-01
2.983968019485473633e+00
1.462665796279907227e+00
2.062574028968811035e-01
1.479385793209075928e-01
1.852997779846191406e+00
2.287848293781280518e-01
2.950289249420166016e-01
5.535053610801696777e-01
2.668088972568511963e-01
2.045935153961181641e+00
7.210940837860107422e+00
8.571654558181762695e-01
2.536731243133544922e+00
3.561995327472686768e-01
1.571215748786926270e+00
5.500319004058837891e-01
3.539856076240539551e-01
1.402549296617507935e-01
1.030773162841796875e+00
4.822990596294403076e-01
1.618175983428955078e+00
7.528604865074157715e-01
2.750356495380401611e-01
6.175267100334167480e-01
2.741993665695190430e-01
4.616816043853759766e-01
1.921363949775695801e+00
3.048653364181518555e+00
2.310691624879837036e-01
9.124150276184082031e-01
3.904093980789184570e+00
4.708572924137115479e-01
2.475737184286117554e-01
1.013334512710571289e+00
8.133146166801452637e-01
6.609243154525756836e-01
6.072888970375061035e-01
2.455162525177001953e+00
3.145160675048828125e-01
2.401499003171920776e-01
6.925506591796875000e-01
8.947745561599731445e-01
7.457734346389770508e-01
4.589063525199890137e-01
2.050631761550903320e+00
7.222042679786682129e-01
2.006023883819580078e+00
9.107915163040161133e-01
2.243892848491668701e-01
5.578347444534301758e-01
4.755008816719055176e-01
1.298187851905822754e+00
1.960083544254302979e-01
1.593188285827636719e+00
1.523461341857910156e-01
9.330859780311584473e-01
1.172909811139106750e-01
1.471952438354492188e+00
1.864582300186157227e+00
9.840355515480041504e-01
5.077846646308898926e-01
6.822623610496520996e-01
5.131243467330932617e-01
1.139748215675354004e+00
2.069935798645019531e+00
1.302652597427368164e+00
4.340431839227676392e-02
4.607983827590942383e-01
3.892666995525360107e-01
9.986653327941894531e-01
1.075275063514709473e+00
4.404391646385192871e-01
1.441363692283630371e+00
1.231758594512939453e+00
6.417043805122375488e-01
2.012806415557861328e+00
1.161769986152648926e+00
2.158092737197875977e+00
1.161297440528869629e+00
3.453538119792938232e-01
2.007084846496582031e+00
1.128437638282775879e+00
3.183390855789184570e+00
2.341857433319091797e+00
1.850848197937011719e+00
2.906550467014312744e-01
7.607635259628295898e-01
1.971313834190368652e+00
5.485463619232177734e+00
3.683640241622924805e+00
1.138466835021972656e+00
9.466255187988281250e+00
5.869075775146484375e+00
2.215155839920043945e+00
1.527792811393737793e+00
3.910293817520141602e+00
1.842772245407104492e+00
7.023145675659179688e+00
1.074527382850646973e+00
2.031468152999877930e+00
5.357214808464050293e-01
6.435362696647644043e-01
3.943767070770263672e+00
1.750653982162475586e+00
1.769898533821105957e+00
5.583308339118957520e-01
1.545710206031799316e+00
4.503518104553222656e+00
4.548683643341064453e+00
6.636148452758789062e+00
3.180793285369873047e+00
1.417799949645996094e+01
2.138702630996704102e+00
1.467248558998107910e+00
6.638339996337890625e+00
4.020124912261962891e+00
1.053122711181640625e+01
2.100363969802856445e+00
8.009465932846069336e-01
3.079914331436157227e+00
7.336297988891601562e+00
2.093630552291870117e+00
1.978560805320739746e+00
3.291569054126739502e-01
3.076661229133605957e-01
1.077911376953125000e+00
3.268497228622436523e+00
3.877904176712036133e+00
1.114856910705566406e+01
1.274540305137634277e+00
1.021905422210693359e+01
3.748574733734130859e+00
3.335590839385986328e+00
1.207426071166992188e+01
2.495230436325073242e+00
1.037528753280639648e+00
1.535458755493164062e+01
4.369674205780029297e+00
9.271787405014038086e-01
8.598390579223632812e+00
3.935823678970336914e+00
3.449955940246582031e+00
2.602436840534210205e-01
6.548877358436584473e-01
1.159808516502380371e+00
1.353691458702087402e+00
1.139017581939697266e+01
1.935207962989807129e+00
6.745239257812500000e+00
1.345505118370056152e+00
9.550355076789855957e-01
2.804444074630737305e+00
8.571806907653808594e+00
2.366725444793701172e+00
2.985065937042236328e+00
4.558514595031738281e+00
1.948436927795410156e+01
1.222027316689491272e-01
2.289289712905883789e+00
1.577256560325622559e+00
4.720722198486328125e+00
9.189733505249023438e+00
3.484145879745483398e+00
2.737804889678955078e+00
2.574506998062133789e+00
1.611233830451965332e+00
2.407466650009155273e+00
2.564086914062500000e+00
9.617409110069274902e-01
1.792320728302001953e+00
2.986888170242309570e+00
1.373617291450500488e+00
1.124788641929626465e+00
6.424661874771118164e-01
3.979051828384399414e+00
1.473730802536010742e+00
6.243729591369628906e-01
1.439949154853820801e+00
4.121833324432373047e+00
1.533923029899597168e+00
3.224890708923339844e+00
2.223503112792968750e+00
1.386955451965332031e+01
1.322072267532348633e+00
5.967348575592041016e+00
1.782176971435546875e+00
8.646026849746704102e-01
1.890287280082702637e+00
2.890844345092773438e+00
4.365817010402679443e-01
2.390074014663696289e+00
5.772063732147216797e+00
1.867381811141967773e+00
8.312616944313049316e-01
6.101262092590332031e+00
1.290891361236572266e+01
2.206114292144775391e+00
7.804866433143615723e-01
4.018655776977539062e+00
2.596830368041992188e+00
2.177361011505126953e+00
2.415993690490722656e+00
1.489784121513366699e+00
3.719928264617919922e+00
1.430860757827758789e+00
2.098854064941406250e+00
4.590354919433593750e+00
6.272408962249755859e-01
3.180372810363769531e+01
1.371952438354492188e+01
1.000303363800048828e+01
7.787864804267883301e-01
5.599435567855834961e-01
8.828024268150329590e-01
4.766437113285064697e-01
9.771126747131347656e+00
1.979089260101318359e+00
1.067948341369628906e+00
1.349252700805664062e+00
2.924975156784057617e-01
1.426526904106140137e+00
2.888636112213134766e+00
1.557673096656799316e+00
3.063482046127319336e-01
6.767089843750000000e+00
7.808367609977722168e-01
4.339168548583984375e+00
5.299378395080566406e+00
3.125885009765625000e+00
6.975136756896972656e+00
7.377933025360107422e+00
1.038849830627441406e+00
2.882751226425170898e+00
1.352642536163330078e+00
2.178109645843505859e+00
6.744032382965087891e+00
1.320453524589538574e+00
3.347364664077758789e-01
3.650445699691772461e+00
1.366674065589904785e+00
1.536209225654602051e+00
1.931007504463195801e+00
1.781330704689025879e+00
3.019926548004150391e+00
5.716080665588378906e+00
2.943903923034667969e+00
6.060549616813659668e-01
6.579976558685302734e+00
1.577520489692687988e+00
4.126210689544677734e+00
1.879031181335449219e+00
1.459671139717102051e+00
1.132301330566406250e+00
3.168623685836791992e+00
3.056435585021972656e+00
8.767485618591308594e+00
7.593999505043029785e-01
4.643768310546875000e+00
7.400199890136718750e+00
2.196694850921630859e+00
1.006519794464111328e+00
4.023766994476318359e+00
3.972788810729980469e+00
4.706357002258300781e+00
4.876567363739013672e+00
1.501379132270812988e+00
9.178997039794921875e+00
7.465150952339172363e-01
1.053371524810791016e+01
4.578712940216064453e+00
8.611378073692321777e-01
4.763040065765380859e+00
4.939587593078613281e+00
1.481087684631347656e+00
2.179134130477905273e+00
1.438982105255126953e+01
2.583023786544799805e+00
2.192155361175537109e+00
8.012919425964355469e-01
1.147239804267883301e+00
2.092741250991821289e+00
2.480659008026123047e+00
2.872066736221313477e+00
6.519739627838134766e+00
2.643027782440185547e+00
9.363214373588562012e-01
2.244935750961303711e+00
1.810006976127624512e+00
8.362734317779541016e-01
3.067274570465087891e+00
2.063142061233520508e+00
1.802676200866699219e+00
2.500762343406677246e-01
4.308092892169952393e-01
6.725942134857177734e+00
1.376485228538513184e+00
1.473482489585876465e+00
1.903978705406188965e+00
2.167840480804443359e+00
1.108385324478149414e+00
2.206473112106323242e+00
7.140048503875732422e+00
8.410651206970214844e+00
2.597287416458129883e+00
3.325550079345703125e+00
9.246634244918823242e-01
2.611764669418334961e+00
1.467525243759155273e+00
2.165958881378173828e+00
9.913834333419799805e-01
3.295661926269531250e+00
6.174080967903137207e-01
4.905941963195800781e+00
1.458050131797790527e+00
8.411684036254882812e+00
1.432322263717651367e+00
2.037544488906860352e+00
5.068950653076171875e-01
4.727714538574218750e+00
1.583380937576293945e+00
6.189812660217285156e+00
3.263808250427246094e+00
1.443876624107360840e+00
3.498910367488861084e-01
4.466227591037750244e-01
1.525009155273437500e+00
2.568417549133300781e+00
3.019875288009643555e+00
2.006592512130737305e+00
8.335604071617126465e-01
2.199636220932006836e+00
1.761954665184020996e+00
1.452579855918884277e+00
1.086701154708862305e+00
1.672330737113952637e+00
3.380049705505371094e+00
1.024832963943481445e+00
2.091100215911865234e+00
5.326235771179199219e+00
1.530632972717285156e+00
2.881052494049072266e+00
3.498425960540771484e+00
2.326176881790161133e+00
6.884418010711669922e+00
5.975096225738525391e-01
5.072523355484008789e-01
5.234819889068603516e+00
1.948158621788024902e+00
2.721351385116577148e+00
3.001188993453979492e+00
1.579964399337768555e+00
3.945610761642456055e+00
2.201838970184326172e+00
1.174959754943847656e+01
6.639669895172119141e+00
6.061785817146301270e-01
7.522451281547546387e-01
1.670302152633666992e+00
3.093655586242675781e+00
1.846009373664855957e+00
1.710159420967102051e+00
2.151045560836791992e+00
2.043523311614990234e+00
9.139797091484069824e-01
1.390453577041625977e+00
1.872236847877502441e+00
1.889083504676818848e+00
2.654009580612182617e+00
2.152013063430786133e+00
1.599574565887451172e+00
1.132170557975769043e+00
2.280252277851104736e-01
2.570249319076538086e+00
1.279014968872070312e+01
3.652266025543212891e+00
2.026533842086791992e+00
1.340595483779907227e+00
1.138468742370605469e+00
1.427809238433837891e+00
4.037526130676269531e+00
5.609419941902160645e-01
5.185516476631164551e-01
3.424776792526245117e+00
1.580192565917968750e+00
4.592853188514709473e-01
4.705784618854522705e-01
1.308498501777648926e+00
2.883656978607177734e+00
3.326247215270996094e+00
1.784794926643371582e+00
2.966294527053833008e+00
2.197514295578002930e+00
3.326487779617309570e+00
2.441308736801147461e+00
3.711992740631103516e+00
3.561363935470581055e+00
1.107958197593688965e+00
9.664040565490722656e+00
3.782709360122680664e+00
2.302490472793579102e+00
1.004074573516845703e+01
3.864430665969848633e+00
4.410109519958496094e-01
6.721174716949462891e-01
4.341651916503906250e+00
7.209500670433044434e-01
8.341109752655029297e-01
1.256121158599853516e+00
7.937843203544616699e-01
7.333362579345703125e+00
1.623768043518066406e+01
2.399178028106689453e+00
7.532710552215576172e+00
1.143199324607849121e+00
5.085227489471435547e+00
1.805897951126098633e+00
1.322023510932922363e+00
5.356432795524597168e-01
3.622744083404541016e+00
1.849908351898193359e+00
4.023558616638183594e+00
1.896251678466796875e+00
1.282932758331298828e+00
3.536937713623046875e+00
1.005243539810180664e+00
1.070439577102661133e+00
4.547901630401611328e+00
8.372776031494140625e+00
1.099858880043029785e+00
3.626543998718261719e+00
1.059592819213867188e+01
1.081232666969299316e+00
1.075020313262939453e+00
3.047523975372314453e+00
2.493193149566650391e+00
1.180485963821411133e+00
2.144133090972900391e+00
5.836897850036621094e+00
8.244619369506835938e-01
7.949073910713195801e-01
3.705466270446777344e+00
2.155554533004760742e+00
2.693699598312377930e+00
2.077605009078979492e+00
1.002548408508300781e+01
3.439389467239379883e+00
5.720142841339111328e+00
2.549383640289306641e+00
9.944972991943359375e-01
2.046720743179321289e+00
1.493046641349792480e+00
2.954635620117187500e+00
6.023652553558349609e-01
5.234495639801025391e+00
5.641465187072753906e-01
3.620825529098510742e+00
3.431774675846099854e-01
3.903718471527099609e+00
1.034252071380615234e+01
5.318809032440185547e+00
2.018644094467163086e+00
2.740165710449218750e+00
1.860810756683349609e+00
3.612793922424316406e+00
5.657850265502929688e+00
5.497389316558837891e+00
1.251959502696990967e-01
1.681310176849365234e+00
1.341632008552551270e+00
3.814869403839111328e+00
4.806368827819824219e+00
1.173717141151428223e+00
2.985798358917236328e+00
3.969402074813842773e+00
2.325473070144653320e+00
6.213993549346923828e+00
3.676789045333862305e+00
6.138284206390380859e+00
3.674595117568969727e+00
1.081764698028564453e+00
6.193299293518066406e+00
4.314538002014160156e+00
6.964628696441650391e+00
8.508833885192871094e+00
5.884705066680908203e+00
1.010790228843688965e+00
2.868366241455078125e+00
