6.762857735157012939e-02
2.318615466356277466e-01
7.271280512213706970e-03
2.794566331431269646e-03
3.585002943873405457e-02
5.756549835205078125e+00
2.119263261556625366e-02
4.906261339783668518e-03
1.490745972841978073e-02
4.619782865047454834e-01
2.865379117429256439e-02
3.165657818317413330e-02
7.935430854558944702e-02
2.691326662898063660e-02
3.591591259464621544e-03
2.671826444566249847e-02
2.146546263247728348e-03
1.701848208904266357e-02
4.355023056268692017e-02
1.264447462745010853e-03
3.470383211970329285e-02
4.035286977887153625e-02
1.384593546390533447e-01
2.050410769879817963e-02
2.176509618759155273e+00
1.186387147754430771e-02
5.876558274030685425e-02
1.057233065366744995e-01
1.251849979162216187e-01
7.203391194343566895e-01
1.304177334532141685e-03
3.593717119656503201e-04
1.402426976710557938e-02
5.590589717030525208e-02
2.520254626870155334e-02
2.361607924103736877e-02
6.613189820200204849e-03
5.176818231120705605e-04
1.006258372217416763e-02
9.201315231621265411e-03
1.651010513305664062e-01
1.117849797010421753e-01
8.504730649292469025e-03
5.811681270599365234e+00
1.701037585735321045e-01
1.876494139432907104e-01
1.436257734894752502e-02
5.484846830368041992e-01
1.483648084104061127e-03
6.314765661954879761e-02
1.217243894934654236e-01
7.115627080202102661e-02
1.094227880239486694e-01
3.517612069845199585e-02
1.266612671315670013e-03
2.820552559569478035e-03
5.168274976313114166e-03
1.794092357158660889e-02
3.351702168583869934e-02
1.149541950225830078e+01
1.380594912916421890e-02
9.440808296203613281e+00
1.467592176049947739e-02
1.264571771025657654e-02
1.210488528013229370e-01
6.362742930650711060e-02
2.921971380710601807e-01
2.952837944030761719e-02
9.221923351287841797e-01
5.775430202484130859e-01
1.714310346869751811e-04
1.184265136718750000e+00
2.438911702483892441e-03
1.851255595684051514e-01
9.447024762630462646e-02
1.572382263839244843e-02
9.289086796343326569e-03
6.914924830198287964e-02
2.857564948499202728e-02
1.169830467551946640e-02
1.878345459699630737e-01
2.212485298514366150e-02
3.959229588508605957e-02
3.505672793835401535e-04
3.155433805659413338e-03
3.525033593177795410e-03
8.367136615561321378e-05
2.963985130190849304e-02
7.814562320709228516e-01
6.836486863903701305e-04
1.539163477718830109e-02
1.157177798449993134e-02
4.009163472801446915e-03
4.978587105870246887e-02
2.421903423964977264e-03
1.018461346626281738e+00
2.406230419874191284e-01
2.117307037115097046e-01
1.372388331219553947e-03
1.306443363428115845e-01
3.422560214996337891e+00
5.794556066393852234e-02
3.054678440093994141e-03
2.634459920227527618e-02
1.812236197292804718e-02
4.428097307682037354e-01
5.098265781998634338e-02
2.087386325001716614e-02
7.012137025594711304e-02
2.103683054447174072e-01
5.614812672138214111e-02
2.482907176017761230e-01
8.066282421350479126e-02
2.032905966043472290e-01
1.553305517882108688e-02
5.501886084675788879e-02
5.508423596620559692e-02
2.020550519227981567e-02
4.767287522554397583e-03
3.793158009648323059e-02
2.886806847527623177e-03
3.290132141113281250e+01
5.477960705757141113e-01
7.628477811813354492e-01
3.441255539655685425e-04
2.216426879167556763e-01
1.908948458731174469e-02
5.550931673496961594e-04
1.386842429637908936e-01
5.286939442157745361e-02
9.153990745544433594e-01
2.814286202192306519e-02
5.241103935986757278e-03
2.389569533988833427e-03
4.685376957058906555e-02
1.080650556832551956e-02
4.160532727837562561e-02
1.791526913642883301e+00
2.186677306890487671e-01
8.496567606925964355e-01
1.420098263770341873e-02
1.038032677024602890e-02
1.006383299827575684e+00
8.470022678375244141e-01
1.573654937744140625e+01
6.079510599374771118e-02
3.260749280452728271e-01
3.131174296140670776e-02
1.047286838293075562e-01
2.138009481132030487e-02
2.251823991537094116e-02
1.826851069927215576e-01
2.299418747425079346e-01
4.205607250332832336e-02
2.069697827100753784e-01
2.044222503900527954e-02
2.590412087738513947e-02
5.485084652900695801e-02
1.613021711818873882e-03
5.687293130904436111e-03
1.011909022927284241e-01
1.149569521658122540e-03
8.632665127515792847e-02
1.991638541221618652e-01
5.293914675712585449e-01
2.312182039022445679e-01
1.364192813634872437e-01
2.967303097248077393e-01
2.064453363418579102e+00
1.584227196872234344e-03
4.721953719854354858e-02
2.141345590353012085e-01
3.503141342662274837e-04
1.135139632970094681e-02
5.841004475951194763e-02
1.701538085937500000e+00
2.701710164546966553e-02
2.369166165590286255e-02
2.634924650192260742e-02
2.180744409561157227e-01
6.338530778884887695e-02
4.148884862661361694e-02
1.707817167043685913e-01
7.820852845907211304e-02
8.207141757011413574e-01
2.476477436721324921e-02
7.989759556949138641e-03
3.535779193043708801e-02
5.245152711868286133e-01
3.430620953440666199e-02
3.523038923740386963e-01
3.485241904854774475e-02
2.379507786827161908e-04
1.008466780185699463e-01
1.868240833282470703e-01
5.580415576696395874e-02
3.796024620532989502e-01
3.864036500453948975e-02
9.101213887333869934e-03
6.028480082750320435e-02
4.273970145732164383e-03
6.369651854038238525e-02
1.824444159865379333e-02
5.291996523737907410e-02
1.057772338390350342e-02
1.058109384030103683e-02
1.272540390491485596e-01
1.202482795715332031e+01
4.497168119996786118e-03
2.531829290091991425e-03
4.619479179382324219e-03
4.840257391333580017e-02
2.385781408520415425e-04
1.422053933143615723e+00
3.423426672816276550e-02
2.256761789321899414e+00
3.493699729442596436e-01
2.783136628568172455e-02
5.865418352186679840e-04
5.453495979309082031e-01
7.166643142700195312e-01
5.056131165474653244e-03
7.142769638448953629e-03
3.293156623840332031e-02
9.802392014535143971e-05
1.429753601551055908e-01
2.142522251233458519e-03
2.862152814865112305e+00
1.534233391284942627e-01
8.947866968810558319e-03
1.669849269092082977e-02
1.252112351357936859e-02
2.342681214213371277e-02
3.321650438010692596e-03
8.923589438199996948e-02
4.129042103886604309e-02
9.544532746076583862e-02
5.398984998464584351e-03
3.098107576370239258e-01
7.291421061381697655e-04
1.769649386405944824e-01
3.432639315724372864e-02
1.935162395238876343e-01
5.421106237918138504e-03
1.536715589463710785e-02
1.337826251983642578e-02
4.903916642069816589e-02
7.007899880409240723e-02
4.670802876353263855e-02
7.299151271581649780e-02
3.871794044971466064e-02
6.057895421981811523e-01
1.948938443092629313e-04
1.067046374082565308e-01
2.716289460659027100e-02
2.223955541849136353e-01
4.137347221374511719e+00
6.390541791915893555e-02
1.214289292693138123e-02
1.094453558325767517e-01
1.069393754005432129e-02
1.649089041166007519e-03
1.440728306770324707e+00
5.998746678233146667e-02
6.187346763908863068e-03
8.262757956981658936e-02
9.853666648268699646e-03
1.444242715835571289e+00
4.724104423075914383e-03
9.444893337786197662e-03
3.142656326293945312e+00
5.608746409416198730e-02
7.837480902671813965e-01
3.148041199892759323e-03
1.565285259857773781e-03
1.950421929359436035e-02
2.281386218965053558e-02
1.412710826843976974e-02
3.787131309509277344e-01
7.070188522338867188e-01
2.940737009048461914e-01
2.209924161434173584e-02
1.642107032239437103e-02
1.897237636148929596e-02
3.399362321943044662e-04
1.483881566673517227e-02
6.325725078582763672e+00
1.856563091278076172e+00
1.700037857517600060e-03
5.838212743401527405e-02
1.925754733383655548e-02
3.170780604705214500e-03
2.253140360116958618e-01
3.998404741287231445e-02
1.591367647051811218e-03
1.354220416396856308e-02
3.069779649376869202e-02
5.799521878361701965e-02
1.905349850654602051e+00
8.144959062337875366e-02
1.909114599227905273e+00
4.720392525196075439e-01
1.797225922346115112e-01
1.102525472640991211e+00
1.186393857002258301e+00
3.085775859653949738e-02
1.493815705180168152e-02
1.330847442150115967e-01
1.625430956482887268e-02
1.831442266702651978e-01
1.005559682846069336e+00
1.293553262948989868e-01
2.510834485292434692e-02
3.968647718429565430e-01
1.006215717643499374e-02
4.411952197551727295e-02
2.063704188913106918e-03
8.417240977287292480e-01
2.768806414678692818e-03
1.246288511902093887e-02
2.024704366922378540e-01
1.092027407139539719e-03
2.060505002737045288e-02
9.956568479537963867e-02
7.788130082190036774e-03
1.271829009056091309e+00
4.736939445137977600e-03
5.808924790471792221e-03
1.884276978671550751e-02
4.769038408994674683e-03
1.916318316943943501e-03
5.646397471427917480e-01
1.050347276031970978e-02
2.729727514088153839e-02
1.494977995753288269e-02
1.421851105988025665e-02
1.293003652244806290e-02
8.871670812368392944e-03
2.074622921645641327e-02
1.473241299390792847e-01
7.350242231041193008e-03
5.263788043521344662e-04
8.386458270251750946e-03
1.510402798652648926e+00
1.194104086607694626e-03
1.256993226706981659e-02
2.387697398662567139e-01
1.713236570358276367e-01
3.550620004534721375e-02
5.578880384564399719e-02
1.339439600706100464e-01
1.022849157452583313e-01
1.264447491848841310e-04
2.225585840642452240e-02
1.038390584290027618e-02
4.496713634580373764e-03
3.720809146761894226e-02
2.924990467727184296e-02
5.359465256333351135e-02
1.134394854307174683e-01
4.930384457111358643e-02
1.415375503711402416e-03
5.323634669184684753e-02
1.494067907333374023e-02
2.979917526245117188e-01
1.630572415888309479e-02
1.456234008073806763e-01
2.466291422024369240e-03
2.582067847251892090e-01
6.677505443803966045e-04
6.688264012336730957e-02
1.032200977206230164e-01
4.709967970848083496e-01
3.282721340656280518e-02
7.158884406089782715e-01
4.131500143557786942e-03
1.393378339707851410e-02
8.123067207634449005e-03
1.146162301301956177e-02
3.554657474160194397e-02
5.225889012217521667e-02
3.416794817894697189e-03
1.908681511878967285e+00
1.398786753416061401e-01
2.905574068427085876e-02
5.779955387115478516e+00
1.514173221588134766e+01
9.321984834969043732e-03
2.141443779692053795e-03
6.953705451451241970e-04
6.429702043533325195e-02
1.292265299707651138e-02
3.959205001592636108e-02
5.636803150177001953e+00
3.639343194663524628e-04
4.308624267578125000e+00
2.270699441432952881e-01
2.033624611794948578e-02
1.915357192046940327e-03
6.259373854845762253e-03
2.224565887451171875e+01
8.756130218505859375e+01
5.845946502685546875e+01
6.075916290283203125e-01
3.018517875671386719e+01
1.705155134201049805e+00
3.097161560058593750e+02
1.098143005371093750e+01
1.144646835327148438e+02
1.592291545867919922e+01
1.156808853149414062e+02
1.900070953369140625e+01
2.848948860168457031e+01
5.865935087203979492e-01
9.560632705688476562e+00
9.686432647705078125e+01
3.411786651611328125e+01
1.620705566406250000e+02
6.253223037719726562e+01
6.365948677062988281e+00
2.469071769714355469e+01
5.622650623321533203e+00
8.612763404846191406e+00
3.002959251403808594e+01
5.449489593505859375e+00
9.639154672622680664e-01
9.573596191406250000e+01
5.325465698242187500e+02
7.463475952148437500e+02
2.241990356445312500e+02
4.223272323608398438e+00
3.274163722991943359e+00
5.051584243774414062e+00
3.112261962890625000e+02
4.714763164520263672e+00
6.028013706207275391e+00
5.034404993057250977e-01
7.217750698328018188e-02
2.242046117782592773e+00
1.223223419189453125e+02
1.190673583984375000e+03
1.849432754516601562e+01
7.116018533706665039e-01
3.575943603515625000e+02
1.406564998626708984e+01
2.132113037109375000e+02
1.166940841674804688e+02
8.768679618835449219e+00
7.659455537796020508e-01
3.980129394531250000e+02
1.038515472412109375e+02
2.188671493530273438e+01
1.319704627990722656e+01
2.889017486572265625e+01
2.876700162887573242e+00
5.805052280426025391e+00
4.866446495056152344e+00
4.750825762748718262e-01
1.158783912658691406e+01
7.078937377929687500e+02
1.385526123046875000e+02
4.382969665527343750e+02
3.367845535278320312e+00
3.496007919311523438e+01
6.654356002807617188e+00
1.650389289855957031e+01
5.361277770996093750e+01
1.082436645507812500e+03
6.497082519531250000e+02
2.241806983947753906e+01
6.432701647281646729e-02
5.833198928833007812e+01
1.005236148834228516e+00
1.124891204833984375e+02
9.994873046875000000e+00
8.689762115478515625e+00
6.581755876541137695e-01
9.469676971435546875e+00
1.268427276611328125e+02
2.754713249206542969e+01
2.351639175415039062e+01
4.113915443420410156e+00
1.106122207641601562e+01
2.699687385559082031e+01
1.176304626464843750e+01
1.711228370666503906e+01
1.185589507222175598e-01
1.388455581665039062e+01
1.346832180023193359e+01
3.803458213806152344e+00
9.538734436035156250e+00
3.947398376464843750e+01
5.109251785278320312e+01
1.475047588348388672e+01
8.013840484619140625e+01
7.308451080322265625e+01
4.320689678192138672e+00
1.131845458984375000e+03
1.082182884216308594e+00
1.161478271484375000e+02
1.818475842475891113e+00
1.851136398315429688e+01
1.828044772148132324e+00
1.374837646484375000e+02
2.773127937316894531e+01
4.993582534790039062e+01
2.403507709503173828e+00
1.026437500000000000e+03
2.745144958496093750e+02
1.355518221855163574e+00
2.270708829164505005e-01
2.989518737792968750e+02
1.310248718261718750e+02
2.274209499359130859e+00
3.250103759765625000e+01
8.346878814697265625e+01
3.910555648803710938e+01
1.467644023895263672e+01
7.006330108642578125e+01
1.429308700561523438e+01
9.708337402343750000e+01
7.985586425781250000e+03
2.290121307373046875e+02
1.038328781127929688e+02
2.024466514587402344e+00
1.527419586181640625e+02
1.916504478454589844e+01
2.110176086425781250e+00
7.777854614257812500e+02
1.146002349853515625e+02
1.660245819091796875e+02
1.137882137298583984e+01
2.740659415721893311e-01
1.129757118225097656e+01
1.442388057708740234e+00
2.285590887069702148e+00
3.533316135406494141e+00
2.383932800292968750e+02
1.816584777832031250e+02
2.781159057617187500e+02
2.745203781127929688e+01
1.745885491371154785e+00
3.237575683593750000e+02
1.968933296203613281e+01
3.471318664550781250e+02
3.074479484558105469e+01
3.052596740722656250e+02
1.165987610816955566e+00
2.491867256164550781e+01
8.659241333007812500e+02
7.721150517463684082e-01
3.592723999023437500e+02
6.806900024414062500e+01
4.984221458435058594e-01
1.361817016601562500e+02
1.632876777648925781e+01
1.476859927177429199e+00
1.230079412460327148e+00
3.593339681625366211e+00
1.394709348678588867e+00
7.297718505859375000e+02
1.617424468994140625e+02
1.702130126953125000e+02
1.957040596008300781e+01
1.243917999267578125e+02
2.570576477050781250e+01
3.381262207031250000e+01
1.323432464599609375e+02
4.506728210449218750e+02
5.437644958496093750e+00
9.546051025390625000e+00
7.287623291015625000e+02
1.551813721656799316e+00
4.912190914154052734e+00
2.054686584472656250e+02
2.533776473999023438e+01
8.687589645385742188e+00
5.306832504272460938e+01
4.145753860473632812e+00
1.335332775115966797e+01
5.531965255737304688e+00
2.268958091735839844e+01
2.886745300292968750e+02
2.211003780364990234e+00
7.829712402343750000e+03
5.100415229797363281e+00
6.754986643791198730e-01
1.788671875000000000e+01
1.821718292236328125e+02
3.292578887939453125e+01
1.812576174736022949e+00
1.124764633178710938e+02
6.422088146209716797e+00
5.483442687988281250e+01
7.907419586181640625e+01
1.783641219139099121e+00
5.277020263671875000e+01
1.149378776550292969e+00
3.174042701721191406e+00
2.113438367843627930e+00
1.226500511169433594e+01
3.744328975677490234e+00
7.331712245941162109e+00
3.644672012329101562e+01
8.107083129882812500e+01
8.062292337417602539e-01
2.078320884704589844e+01
3.064370422363281250e+02
7.046475887298583984e+00
2.167973899841308594e+01
9.332464218139648438e+00
2.840174674987792969e+00
1.526636481285095215e+00
2.932873535156250000e+03
1.865032768249511719e+01
2.120185394287109375e+02
7.615026473999023438e+00
3.220198974609375000e+02
1.353770017623901367e+00
1.676612243652343750e+02
2.440928222656250000e+03
1.415778100490570068e-01
1.975664258003234863e+00
4.221324157714843750e+02
3.347467660903930664e+00
6.546191406250000000e+02
3.296200513839721680e+00
1.777009582519531250e+01
3.835824251174926758e+00
9.969508171081542969e+00
1.263517290353775024e-01
7.955486774444580078e+00
1.845054268836975098e+00
1.718276672363281250e+02
1.996833992004394531e+01
2.766483306884765625e+01
3.812020778656005859e+00
1.858319091796875000e+01
1.485145282745361328e+01
1.117424607276916504e+00
3.414380187988281250e+02
6.331998443603515625e+01
1.116602706909179688e+01
1.198648357391357422e+01
9.944645690917968750e+01
5.681780624389648438e+01
1.876718444824218750e+02
4.075325429439544678e-01
2.104043212890625000e+03
7.189989566802978516e+00
4.431159591674804688e+01
3.027465820312500000e+01
1.555446147918701172e+00
2.113839874267578125e+02
5.984561920166015625e+01
1.139162421226501465e+00
2.231679534912109375e+02
3.826430130004882812e+01
3.544435262680053711e+00
1.108172485351562500e+03
5.117269897460937500e+01
5.410988235473632812e+01
3.407581329345703125e+01
3.977482910156250000e+02
8.612490844726562500e+01
7.707334899902343750e+01
2.426421737670898438e+01
3.591961669921875000e+02
3.178281784057617188e-01
8.438001632690429688e+00
7.419391479492187500e+02
2.062168884277343750e+01
3.745614929199218750e+02
1.058060407638549805e+00
4.099210202693939209e-01
3.585068511962890625e+01
7.676080703735351562e+00
6.105623245239257812e+00
4.732857894897460938e+01
1.035532236099243164e+00
1.168874359130859375e+01
2.671674251556396484e+00
5.991198062896728516e+00
3.111020851135253906e+01
1.399391651153564453e+00
1.742349267005920410e+00
5.830249023437500000e+02
1.078816772460937500e+03
2.847192525863647461e+00
1.002647628784179688e+02
2.136105155944824219e+01
6.299809932708740234e+00
2.537966552734375000e+03
4.343474864959716797e+00
8.450095367431640625e+01
1.743740844726562500e+01
2.056333732604980469e+01
5.379284057617187500e+02
1.527256393432617188e+01
1.134918975830078125e+02
2.562189636230468750e+02
8.331482696533203125e+01
3.919737625122070312e+01
3.886839904785156250e+02
2.197626876831054688e+01
6.036730289459228516e+00
7.626795196533203125e+01
1.634507179260253906e+01
1.426686096191406250e+01
8.576643676757812500e+02
4.601610412597656250e+02
4.273673400878906250e+02
5.584689941406250000e+02
5.856500625610351562e+00
4.739219188690185547e+00
1.149144291877746582e+00
1.436699008941650391e+01
1.403868961334228516e+01
6.172701835632324219e+00
2.165729522705078125e+00
3.432415723800659180e+00
1.239438295364379883e+00
1.658724212646484375e+02
3.682259750366210938e+01
7.086451721191406250e+01
2.627984313964843750e+02
7.982519149780273438e+00
5.101519012451171875e+01
2.414056015014648438e+01
1.253357028961181641e+01
5.403448939323425293e-01
3.979710205078125000e+03
6.642465820312500000e+02
4.085703277587890625e+01
1.128285217285156250e+02
5.281187438964843750e+01
5.369739990234375000e+02
3.834760284423828125e+01
5.778505802154541016e+00
2.318410491943359375e+01
1.850427746772766113e+00
4.533006668090820312e+01
7.988332519531250000e+02
3.564154052734375000e+01
7.180408477783203125e+00
3.134345531463623047e+00
1.029268875122070312e+02
1.101822753906250000e+03
4.973782348632812500e+01
1.799289894104003906e+01
1.792985916137695312e+01
1.258407682180404663e-01
8.626834303140640259e-02
2.732600212097167969e+01
1.412532138824462891e+01
4.475709915161132812e+00
1.655807685852050781e+01
8.896576690673828125e+01
3.488689804077148438e+01
6.933294677734375000e+01
3.597429990768432617e+00
1.863158226013183594e+00
6.542376041412353516e+00
1.402844810485839844e+01
7.136550903320312500e+02
2.719882011413574219e+00
7.374719238281250000e+01
5.568651556968688965e-01
5.452318668365478516e+00
2.889602780342102051e-01
1.092193889617919922e+01
1.946192749023437500e+03
2.000701367187500000e+04
3.419787406921386719e+00
8.499817657470703125e+01
2.976521301269531250e+01
4.836465835571289062e+00
1.036715469360351562e+02
2.670656127929687500e+02
3.536622047424316406e+00
3.994418621063232422e+00
1.328530406951904297e+01
7.917164611816406250e+01
2.208150482177734375e+01
4.854734420776367188e+00
2.223756103515625000e+02
1.202612792968750000e+03
8.881299018859863281e+00
2.604479074478149414e+00
3.483807563781738281e+00
1.701162109375000000e+02
2.122219324111938477e+00
9.111207962036132812e+00
2.426373901367187500e+02
2.450267219543457031e+01
3.341024169921875000e+02
9.245548095703125000e+02
1.159479522705078125e+02
1.777325630187988281e+00
3.565409469604492188e+01
