4.474442452192306519e-02
1.748797446489334106e-01
8.182047866284847260e-03
2.923159627243876457e-03
4.520216584205627441e-02
8.417295455932617188e+00
2.585766278207302094e-02
5.699803587049245834e-03
8.375915698707103729e-03
9.033015370368957520e-01
1.132549811154603958e-02
2.612112462520599365e-02
8.701079338788986206e-02
2.251426316797733307e-02
1.794797484762966633e-03
2.056117355823516846e-02
3.894859692081809044e-03
8.594852872192859650e-03
3.360207378864288330e-02
1.063697738572955132e-03
1.523306965827941895e-01
3.823056817054748535e-02
3.214997649192810059e-01
4.545439034700393677e-02
1.249416947364807129e+00
2.065249718725681305e-02
8.214367181062698364e-02
5.718812718987464905e-02
1.218677833676338196e-01
1.410522937774658203e+00
8.749521803110837936e-04
1.901642826851457357e-04
8.595291525125503540e-03
4.271711781620979309e-02
8.762196451425552368e-02
1.225030981004238129e-02
1.015630923211574554e-02
5.840907688252627850e-04
1.214870158582925797e-02
8.343097753822803497e-03
2.967980206012725830e-01
1.529780328273773193e-01
2.947717672213912010e-03
1.953627777099609375e+01
2.102402448654174805e-01
1.598573476076126099e-01
8.935208432376384735e-03
6.246429085731506348e-01
5.834319163113832474e-03
1.999982632696628571e-02
2.651569545269012451e-01
6.926050782203674316e-02
1.629919260740280151e-01
5.493638664484024048e-02
8.048312738537788391e-04
3.507567569613456726e-03
7.154966238886117935e-03
1.579394005239009857e-02
3.557193279266357422e-02
1.161298561096191406e+01
2.044904418289661407e-02
1.861728858947753906e+01
1.716673746705055237e-02
4.809039644896984100e-03
1.779640167951583862e-01
3.158729895949363708e-02
1.963646113872528076e-01
1.730632781982421875e-02
9.836736321449279785e-01
1.041052579879760742e+00
2.147609920939430594e-04
1.933055520057678223e+00
1.495368662290275097e-03
4.013926535844802856e-02
1.072519347071647644e-01
6.267170608043670654e-02
9.192759171128273010e-03
7.518115639686584473e-02
5.740582570433616638e-02
2.184142358601093292e-02
1.252959519624710083e-01
2.621327713131904602e-02
2.704319544136524200e-02
4.166596627328544855e-04
4.505986347794532776e-03
2.216534689068794250e-03
5.021256583859212697e-05
5.728018283843994141e-02
8.196747303009033203e-01
1.293930690735578537e-03
1.477544754743576050e-02
1.062051672488451004e-02
1.774909556843340397e-03
1.347816586494445801e-01
8.507106686010956764e-04
1.095268964767456055e+00
7.970262765884399414e-01
1.107598617672920227e-01
2.047817921265959740e-03
1.095535978674888611e-01
3.108779668807983398e+00
7.275723665952682495e-02
1.747055561281740665e-03
3.117720223963260651e-02
2.533303387463092804e-02
7.373197674751281738e-01
1.329982131719589233e-01
2.106575109064579010e-02
4.675014317035675049e-02
1.896006464958190918e-01
2.372352331876754761e-01
4.512318074703216553e-01
7.847547531127929688e-02
9.409476071596145630e-02
2.101190946996212006e-02
5.552369356155395508e-02
8.071968704462051392e-02
1.060756482183933258e-02
4.081266000866889954e-03
9.306988120079040527e-02
1.248332671821117401e-03
1.452767086029052734e+01
8.387582898139953613e-01
5.837776660919189453e-01
1.988642325159162283e-04
3.173175752162933350e-01
1.916025951504707336e-02
9.023470338433980942e-04
1.176859140396118164e-01
7.483206689357757568e-02
2.122008323669433594e+00
6.882137060165405273e-02
4.994252230972051620e-03
2.049139700829982758e-03
6.901271641254425049e-02
2.922761812806129456e-02
6.848662346601486206e-02
3.873653411865234375e+00
3.447065353393554688e-01
6.140662431716918945e-01
2.640009298920631409e-02
1.358452066779136658e-02
1.291073322296142578e+00
1.035896897315979004e+00
4.997041320800781250e+01
3.760391846299171448e-02
4.509849846363067627e-01
1.687992550432682037e-02
8.140115439891815186e-02
1.586651802062988281e-02
2.356075122952461243e-02
1.162135750055313110e-01
1.734727174043655396e-01
2.872289530932903290e-02
1.572830677032470703e-01
2.128606662154197693e-02
2.655559591948986053e-02
5.317232385277748108e-02
3.043471602723002434e-03
7.056615781038999557e-03
5.401834845542907715e-02
5.221081664785742760e-04
2.226684540510177612e-01
6.892364621162414551e-01
3.989048302173614502e-01
2.111982256174087524e-01
2.037572264671325684e-01
2.223563045263290405e-01
1.426612257957458496e+00
4.516406042966991663e-04
3.089569136500358582e-02
2.139515876770019531e-01
1.156902435468509793e-04
1.710167713463306427e-02
6.482422351837158203e-02
2.752790927886962891e+00
3.096225671470165253e-02
1.708591356873512268e-02
1.716665551066398621e-02
1.324909478425979614e-01
7.380025088787078857e-02
5.347959324717521667e-02
2.531497478485107422e-01
5.594009533524513245e-02
2.489342451095581055e+00
1.859181188046932220e-02
9.433601051568984985e-03
9.119761735200881958e-02
5.176681280136108398e-01
5.317445471882820129e-02
2.365556359291076660e-01
4.000444337725639343e-02
3.279964730609208345e-04
1.773752421140670776e-01
4.657991230487823486e-01
2.578843198716640472e-02
3.813731670379638672e-01
1.046178042888641357e-01
6.256037857383489609e-03
3.593903407454490662e-02
5.003856495022773743e-03
5.089712142944335938e-02
2.064925245940685272e-02
3.322206437587738037e-02
1.047444902360439301e-02
3.733743447810411453e-03
3.473243117332458496e-01
2.082267761230468750e+01
7.649802137166261673e-03
4.338591359555721283e-03
8.001204580068588257e-03
7.272348552942276001e-02
1.771165843820199370e-04
1.538717269897460938e+00
3.613093122839927673e-02
3.548545122146606445e+00
1.117169857025146484e-01
2.445910498499870300e-02
7.779611623845994473e-04
7.915257215499877930e-01
6.337619423866271973e-01
1.364021282643079758e-02
2.835710532963275909e-03
2.945190295577049255e-02
1.451176212867721915e-04
5.510332435369491577e-02
1.670069061219692230e-03
5.194937229156494141e+00
5.584384202957153320e-01
1.095714047551155090e-02
3.467019647359848022e-02
2.086718566715717316e-02
4.071045666933059692e-02
3.356440924108028412e-03
3.127010762691497803e-01
2.908436581492424011e-02
2.528200447559356689e-01
5.964223761111497879e-03
2.833489179611206055e-01
5.142097361385822296e-04
6.439796835184097290e-02
9.566898643970489502e-02
2.269267886877059937e-01
5.074625369161367416e-03
1.434833277016878128e-02
1.416757050901651382e-02
5.439082533121109009e-02
1.348228305578231812e-01
6.126263737678527832e-02
1.291382014751434326e-01
5.008742958307266235e-02
1.779010772705078125e+00
9.426221367903053761e-05
9.728085994720458984e-02
2.051891572773456573e-02
4.040203392505645752e-01
3.416422843933105469e+00
2.684027515351772308e-02
2.402186580002307892e-02
2.711102962493896484e-01
6.243860349059104919e-03
1.028801547363400459e-03
1.673309564590454102e+00
4.081076383590698242e-02
4.927081987261772156e-03
3.136956319212913513e-02
2.061763033270835876e-02
1.949112176895141602e+00
1.190104614943265915e-02
8.932623080909252167e-03
3.031154870986938477e+00
4.642249643802642822e-02
1.197673559188842773e+00
3.260597353801131248e-03
1.893867854960262775e-03
2.277755737304687500e-02
1.160431280732154846e-02
1.481077354401350021e-02
4.076845049858093262e-01
2.162166357040405273e+00
2.177724093198776245e-01
1.491319015622138977e-02
1.007661409676074982e-02
1.186010427772998810e-02
2.925198059529066086e-04
7.440903224050998688e-03
7.549346446990966797e+00
1.949105620384216309e+00
6.389128975570201874e-04
8.002138137817382812e-02
1.477743405848741531e-02
1.974260201677680016e-03
1.021936535835266113e-01
4.154568538069725037e-02
1.360266935080289841e-03
3.644111007452011108e-02
4.002450406551361084e-02
8.180526643991470337e-02
3.722561836242675781e+00
7.258637994527816772e-02
9.195594787597656250e-01
1.202669143676757812e+00
1.223262697458267212e-01
1.113517165184020996e+00
2.832369089126586914e+00
9.175228886306285858e-03
4.347288981080055237e-02
7.696927338838577271e-02
8.327556774020195007e-03
1.555303335189819336e-01
1.009253382682800293e+00
5.316241458058357239e-02
1.022984273731708527e-02
3.119521141052246094e-01
4.088188521564006805e-03
5.362546816468238831e-02
1.263772952370345592e-03
7.039663791656494141e-01
4.551008343696594238e-03
7.210832554847002029e-03
5.039414763450622559e-01
1.576642156578600407e-03
1.248574443161487579e-02
3.730057179927825928e-02
7.403744850307703018e-03
4.904910027980804443e-01
1.022866740822792053e-02
6.270689889788627625e-03
9.352438151836395264e-03
3.827991895377635956e-03
5.049714818596839905e-03
3.538248836994171143e-01
6.661664228886365891e-03
2.046645246446132660e-02
9.856618009507656097e-03
1.694511808454990387e-02
4.553194157779216766e-03
5.445511545985937119e-03
3.614389523863792419e-02
3.286940753459930420e-01
2.296665916219353676e-03
1.057100715115666389e-03
5.812543444335460663e-03
2.465924024581909180e+00
1.308885985054075718e-03
1.925166137516498566e-02
2.100088149309158325e-01
4.310867562890052795e-02
6.063153594732284546e-02
4.449233040213584900e-02
1.188612803816795349e-01
3.135450482368469238e-01
1.294798421440646052e-04
2.692663669586181641e-02
5.081426817923784256e-03
2.408074447885155678e-03
3.038004040718078613e-02
2.976798452436923981e-02
5.716846883296966553e-02
7.736304402351379395e-02
2.396158315241336823e-02
1.638653571717441082e-03
2.806181833148002625e-02
1.121846865862607956e-02
1.806997805833816528e-01
3.337236866354942322e-02
1.253481507301330566e-01
2.430430846288800240e-03
1.652674823999404907e-01
4.988444852642714977e-04
3.013097643852233887e-01
2.614869773387908936e-01
6.756467372179031372e-02
2.609486132860183716e-02
1.201920032501220703e+00
2.510015619918704033e-03
1.395836193114519119e-02
7.392360828816890717e-03
2.891203574836254120e-02
3.648374974727630615e-02
7.505606114864349365e-02
1.727132359519600868e-03
6.119373321533203125e+00
1.395603567361831665e-01
2.503582835197448730e-02
5.398683071136474609e+00
1.236046981811523438e+01
1.484724599868059158e-02
8.042511763051152229e-04
8.285599178634583950e-04
4.545393586158752441e-02
7.080296985805034637e-03
3.362141177058219910e-02
1.218976020812988281e+01
2.168013306800276041e-04
5.784106254577636719e+00
1.084297820925712585e-01
2.899680659174919128e-02
6.080581224523484707e-04
4.909376148134469986e-03
1.151674556732177734e+01
1.738216094970703125e+02
2.244844512939453125e+02
1.235950112342834473e+00
5.015058898925781250e+01
3.036162137985229492e+00
1.095894531250000000e+03
1.950424003601074219e+01
1.585069274902343750e+02
1.374937534332275391e+01
3.494214782714843750e+02
2.556487274169921875e+01
1.620734863281250000e+02
9.324249625205993652e-01
2.456513214111328125e+01
1.621813354492187500e+02
1.806890869140625000e+02
2.883744812011718750e+02
2.341672515869140625e+02
1.593704032897949219e+01
1.219294357299804688e+02
7.507741451263427734e+00
1.336477851867675781e+01
9.193790435791015625e+01
3.258848190307617188e+00
7.352371811866760254e-01
4.164722595214843750e+02
1.008851440429687500e+03
2.629650146484375000e+03
7.320759887695312500e+02
1.595747661590576172e+01
7.516137599945068359e+00
1.926676559448242188e+01
4.907258605957031250e+02
2.442379379272460938e+01
2.133213233947753906e+01
1.794403076171875000e+00
9.768161177635192871e-02
7.751599788665771484e+00
1.999734039306640625e+02
1.471467407226562500e+03
3.424506378173828125e+01
1.558257699012756348e+00
7.996518554687500000e+02
4.841254806518554688e+01
1.562339324951171875e+02
1.534064636230468750e+02
2.932647514343261719e+01
1.309800744056701660e+00
1.512969848632812500e+03
4.295581054687500000e+02
8.101480102539062500e+01
2.061267852783203125e+01
3.853932189941406250e+01
7.811749935150146484e+00
1.557446765899658203e+01
9.935708045959472656e+00
5.302901268005371094e-01
3.197089195251464844e+01
2.626102783203125000e+03
1.056974365234375000e+03
7.556135864257812500e+02
1.642495155334472656e+01
1.053644638061523438e+02
7.330637454986572266e+00
1.095339660644531250e+02
7.233489990234375000e+01
5.202280273437500000e+03
3.769270324707031250e+02
1.093537673950195312e+02
1.125527992844581604e-01
3.784941406250000000e+02
3.089002609252929688e+00
2.798265686035156250e+02
1.133322238922119141e+01
1.844928169250488281e+01
2.152799844741821289e+00
1.393135643005371094e+01
6.135480346679687500e+02
5.558067703247070312e+01
4.744649505615234375e+01
8.740603446960449219e+00
1.241588497161865234e+01
5.115642547607421875e+01
1.067637538909912109e+01
4.534239959716796875e+01
2.023638337850570679e-01
2.332549285888671875e+01
3.293836975097656250e+01
4.392479419708251953e+00
3.272710800170898438e+01
5.637335968017578125e+01
5.805464172363281250e+01
2.709714126586914062e+01
1.401276092529296875e+02
7.164974365234375000e+02
5.438093185424804688e+00
7.802445678710937500e+02
9.071947932243347168e-01
1.093467773437500000e+03
3.371114253997802734e+00
3.706675720214843750e+01
6.367057323455810547e+00
1.838715972900390625e+02
9.820696258544921875e+01
2.347897949218750000e+02
4.135822772979736328e+00
6.639701171875000000e+03
6.803976440429687500e+02
1.805780410766601562e+00
1.345997214317321777e+00
2.129434814453125000e+03
3.348472595214843750e+02
2.516916751861572266e+00
4.657202529907226562e+01
1.581468811035156250e+02
2.025620269775390625e+02
2.730061149597167969e+01
1.433417816162109375e+02
1.563155937194824219e+01
5.527662353515625000e+02
7.918381347656250000e+03
9.076810302734375000e+02
2.388979644775390625e+02
7.537093639373779297e+00
7.402715454101562500e+02
5.917533874511718750e+01
4.906212329864501953e+00
1.173220947265625000e+03
1.249865417480468750e+02
1.111148315429687500e+03
5.866283798217773438e+01
7.015596032142639160e-01
6.740020751953125000e+01
3.653974533081054688e+00
4.008003234863281250e+00
1.191418528556823730e+00
1.186712646484375000e+03
1.260266723632812500e+03
4.393779907226562500e+02
6.434007263183593750e+01
4.341663360595703125e+00
1.007812438964843750e+03
4.496516036987304688e+01
1.626086303710937500e+03
6.431040954589843750e+01
1.024933593750000000e+03
2.952321767807006836e+00
1.342876739501953125e+02
3.889485595703125000e+03
8.766943216323852539e-01
1.078891357421875000e+03
4.857861709594726562e+01
5.908236503601074219e-01
2.283116912841796875e+02
9.174880218505859375e+01
3.298863410949707031e+00
1.148132920265197754e+00
1.072157859802246094e+01
5.009500980377197266e+00
1.646492553710937500e+03
2.023829345703125000e+02
3.263512878417968750e+02
9.949455261230468750e+01
3.105459289550781250e+02
1.758548889160156250e+02
1.383377990722656250e+02
4.937111206054687500e+02
1.851710815429687500e+03
2.310936164855957031e+01
1.318810653686523438e+01
3.158286865234375000e+03
4.745892524719238281e+00
1.029132175445556641e+01
8.718729248046875000e+02
3.358489608764648438e+01
1.549794769287109375e+01
1.077452850341796875e+02
5.421021461486816406e+00
3.185789108276367188e+01
3.218792724609375000e+01
4.682759857177734375e+01
5.751369018554687500e+02
1.153197288513183594e+01
3.741047265625000000e+04
7.271672725677490234e+00
9.135125279426574707e-01
4.551451492309570312e+01
1.383614746093750000e+03
1.016756210327148438e+02
1.113231372833251953e+01
5.781565551757812500e+02
1.573429107666015625e+01
9.627473449707031250e+01
3.659646911621093750e+02
3.459508419036865234e+00
1.389744262695312500e+02
2.159989356994628906e+00
1.820399665832519531e+01
4.671914577484130859e+00
3.143744468688964844e+01
2.047304153442382812e+01
1.191705799102783203e+01
6.215637969970703125e+01
8.141375732421875000e+01
2.066562414169311523e+00
1.722368316650390625e+02
8.463128051757812500e+02
1.113304138183593750e+01
7.245821380615234375e+01
1.377050876617431641e+01
9.091004371643066406e+00
2.228734970092773438e+00
8.274131835937500000e+03
2.843170356750488281e+01
7.821950683593750000e+02
5.200195312500000000e+00
3.770742797851562500e+02
3.079983234405517578e+00
3.353304443359375000e+02
7.795224121093750000e+03
2.894498109817504883e-01
3.603464126586914062e+00
2.290172607421875000e+03
6.390383243560791016e+00
2.014894531250000000e+03
6.971887111663818359e+00
4.897794342041015625e+01
2.169873619079589844e+01
1.937736511230468750e+01
1.052059829235076904e-01
2.567439270019531250e+01
5.933641433715820312e+00
8.631328735351562500e+02
1.512916412353515625e+02
2.559464073181152344e+01
1.150354003906250000e+01
4.538829421997070312e+01
3.840653610229492188e+01
2.954895973205566406e+00
9.371434936523437500e+02
2.847408142089843750e+02
2.188416290283203125e+01
3.566823196411132812e+01
2.707725830078125000e+02
1.726915283203125000e+02
2.840157470703125000e+02
9.044086933135986328e-01
1.585374023437500000e+04
1.700385856628417969e+01
1.225259017944335938e+02
3.646479797363281250e+01
1.327575564384460449e+00
1.945491333007812500e+03
1.830274658203125000e+02
1.272276759147644043e+00
1.438400390625000000e+03
1.047335128784179688e+02
1.610514068603515625e+01
6.667767578125000000e+03
1.247650299072265625e+02
1.151705093383789062e+02
1.038223342895507812e+02
1.643028442382812500e+03
4.089429016113281250e+02
4.830496826171875000e+02
6.115023422241210938e+01
3.300567138671875000e+03
1.030905723571777344e+00
2.281276512145996094e+01
8.103756103515625000e+02
1.649240684509277344e+01
1.028602661132812500e+03
1.706247806549072266e+00
1.653769612312316895e+00
9.602138519287109375e+01
6.868013381958007812e+00
1.608871650695800781e+01
1.997101135253906250e+02
1.218366861343383789e+00
2.815649604797363281e+01
9.907216072082519531e+00
1.062297916412353516e+01
4.836540985107421875e+01
2.356571435928344727e+00
1.897149443626403809e+00
5.490216674804687500e+02
2.009441894531250000e+03
6.919963836669921875e+00
2.136152038574218750e+02
2.873165702819824219e+01
1.471920967102050781e+01
3.147369384765625000e+03
7.913263797760009766e+00
5.435604858398437500e+02
8.070133972167968750e+01
5.263800048828125000e+01
1.700532714843750000e+03
6.581964111328125000e+01
3.460637207031250000e+02
8.877372436523437500e+02
2.763262023925781250e+02
9.086112213134765625e+01
4.454471740722656250e+02
8.324461364746093750e+01
3.205550432205200195e+00
7.190167236328125000e+01
2.987727928161621094e+01
1.497090053558349609e+01
1.769935302734375000e+03
8.966563720703125000e+02
1.324530273437500000e+03
4.500635681152343750e+02
1.566045761108398438e+01
5.669665336608886719e+00
1.227420091629028320e+00
5.215261459350585938e+01
2.229598999023437500e+01
1.468668270111083984e+01
2.421561956405639648e+00
1.815618324279785156e+01
1.032531261444091797e+00
1.866959228515625000e+02
5.121860504150390625e+01
1.331644592285156250e+02
1.849712677001953125e+02
4.438306045532226562e+01
1.232609786987304688e+02
3.095696067810058594e+01
1.146254539489746094e+01
3.608329594135284424e-01
1.332554882812500000e+04
3.945288085937500000e+03
2.658499450683593750e+02
2.848979492187500000e+02
1.850434417724609375e+02
1.308947387695312500e+03
3.371515655517578125e+01
5.910416412353515625e+01
3.171784973144531250e+01
4.114218711853027344e+00
1.051607742309570312e+02
2.568731933593750000e+03
1.084874572753906250e+02
1.644126319885253906e+01
1.438903522491455078e+01
2.727109069824218750e+02
7.889232788085937500e+02
1.482070770263671875e+02
2.058734893798828125e+01
2.571786689758300781e+01
1.468241959810256958e-01
2.529163658618927002e-01
5.676020812988281250e+01
4.912568283081054688e+01
9.035582542419433594e+00
2.885024452209472656e+01
3.397479858398437500e+02
6.748738861083984375e+01
2.287788848876953125e+02
1.514849567413330078e+01
3.369965076446533203e+00
1.540382099151611328e+01
6.128559494018554688e+01
2.163879394531250000e+03
3.540388345718383789e+00
1.800378723144531250e+02
2.206619977951049805e+00
8.502103805541992188e+00
4.085923433303833008e-01
2.564214324951171875e+01
7.517470214843750000e+03
3.217991992187500000e+04
9.202309608459472656e+00
1.920911254882812500e+02
1.320669403076171875e+02
7.741318225860595703e+00
2.223954467773437500e+02
1.119945434570312500e+03
1.354868698120117188e+01
7.804582595825195312e+00
6.592176437377929688e+00
1.412867889404296875e+02
4.643404769897460938e+01
3.122759246826171875e+01
4.852032775878906250e+02
9.659335327148437500e+02
8.611290931701660156e+00
6.861770629882812500e+00
5.912334918975830078e+00
3.217732543945312500e+02
1.535150241851806641e+01
5.238789749145507812e+01
4.397804260253906250e+02
2.533652687072753906e+01
1.262661865234375000e+03
1.387848999023437500e+03
2.688844299316406250e+02
2.965500354766845703e+00
4.009868621826171875e+01
