2.813844755291938782e-02
1.249957382678985596e-01
5.539493169635534286e-03
2.029870403930544853e-03
3.597047552466392517e-02
6.452014446258544922e+00
1.871177181601524353e-02
3.817785531282424927e-03
7.637031376361846924e-03
6.763608455657958984e-01
8.298742584884166718e-03
1.732526905834674835e-02
5.461693182587623596e-02
2.004190906882286072e-02
1.435337471775710583e-03
1.915628090500831604e-02
2.756786299869418144e-03
5.206602625548839569e-03
2.280310541391372681e-02
7.433129358105361462e-04
1.043464317917823792e-01
2.467666007578372955e-02
2.138759791851043701e-01
3.737059980630874634e-02
1.004090785980224609e+00
1.599352248013019562e-02
6.930834800004959106e-02
3.653198108077049255e-02
9.469843655824661255e-02
9.705956578254699707e-01
6.906717899255454540e-04
1.443702785763889551e-04
6.969523150473833084e-03
2.643738873302936554e-02
5.365901440382003784e-02
9.980943985283374786e-03
6.030072458088397980e-03
6.496672285720705986e-04
7.362407166510820389e-03
7.094889879226684570e-03
2.382737696170806885e-01
1.006145626306533813e-01
2.881135558709502220e-03
1.327252292633056641e+01
1.320738494396209717e-01
1.317602843046188354e-01
5.981160793453454971e-03
4.251623153686523438e-01
4.529220983386039734e-03
1.439765095710754395e-02
1.599634289741516113e-01
4.775714129209518433e-02
1.196759641170501709e-01
4.480913281440734863e-02
5.960936541669070721e-04
2.482714829966425896e-03
6.200811825692653656e-03
1.065494306385517120e-02
2.353077381849288940e-02
7.679950237274169922e+00
1.495842915028333664e-02
1.168574237823486328e+01
1.515356544405221939e-02
3.373530926182866096e-03
1.253179758787155151e-01
2.333457954227924347e-02
1.446891278028488159e-01
1.251134183257818222e-02
5.612901449203491211e-01
6.694091558456420898e-01
1.798548182705417275e-04
1.370253562927246094e+00
9.741784306243062019e-04
2.871499396860599518e-02
9.378089755773544312e-02
4.775698110461235046e-02
6.758705247193574905e-03
5.252658203244209290e-02
4.035556316375732422e-02
1.383790094405412674e-02
1.123604252934455872e-01
1.938098110258579254e-02
2.090806700289249420e-02
2.944653679151087999e-04
4.656889010220766068e-03
1.762591651640832424e-03
3.678225766634568572e-05
3.804484009742736816e-02
6.440933942794799805e-01
1.075601670891046524e-03
1.195226982235908508e-02
1.048819255083799362e-02
1.377566601149737835e-03
9.152070432901382446e-02
6.567018572241067886e-04
7.347369790077209473e-01
6.559248566627502441e-01
7.570873200893402100e-02
1.553936745040118694e-03
7.488071918487548828e-02
1.563825964927673340e+00
4.549543932080268860e-02
1.458718907088041306e-03
2.386667393147945404e-02
1.738441362977027893e-02
4.817108511924743652e-01
8.946124464273452759e-02
1.447405107319355011e-02
3.142959624528884888e-02
1.514411568641662598e-01
1.495783179998397827e-01
2.936656773090362549e-01
5.203888565301895142e-02
7.479863613843917847e-02
2.035783790051937103e-02
4.798285663127899170e-02
6.389342248439788818e-02
7.190156262367963791e-03
2.920845290645956993e-03
5.290449783205986023e-02
9.354721405543386936e-04
9.929364204406738281e+00
6.248561143875122070e-01
3.619919121265411377e-01
1.680386340012773871e-04
2.339438796043395996e-01
1.962329447269439697e-02
7.251668139360845089e-04
7.300961762666702271e-02
5.750245228409767151e-02
1.295454502105712891e+00
4.880462959408760071e-02
3.267953405156731606e-03
1.826731837354600430e-03
5.114081129431724548e-02
2.075188793241977692e-02
3.856767341494560242e-02
3.109172105789184570e+00
2.042872458696365356e-01
4.410801231861114502e-01
1.899521797895431519e-02
9.796304628252983093e-03
8.052908778190612793e-01
6.855134963989257812e-01
3.225809860229492188e+01
2.691002748906612396e-02
2.663275003433227539e-01
1.299781911075115204e-02
5.284619331359863281e-02
1.236913632601499557e-02
1.985420100390911102e-02
8.168733119964599609e-02
1.679400354623794556e-01
2.098044753074645996e-02
8.904890716075897217e-02
1.483810134232044220e-02
2.253473363816738129e-02
4.933490976691246033e-02
2.369687426835298538e-03
7.000885903835296631e-03
4.466751217842102051e-02
4.366039647720754147e-04
1.330235451459884644e-01
3.717001676559448242e-01
3.627018630504608154e-01
1.315618604421615601e-01
1.373831629753112793e-01
1.633268147706985474e-01
1.007778763771057129e+00
3.831858048215508461e-04
2.589333429932594299e-02
1.498885899782180786e-01
8.954013173934072256e-05
1.112573221325874329e-02
4.169734194874763489e-02
2.030669212341308594e+00
2.839805185794830322e-02
1.074047200381755829e-02
1.452394016087055206e-02
9.422258287668228149e-02
5.479056388139724731e-02
3.966668248176574707e-02
2.005595862865447998e-01
4.122391715645790100e-02
1.633388996124267578e+00
1.377153489738702774e-02
7.730013690888881683e-03
6.883762031793594360e-02
2.711907923221588135e-01
3.728992864489555359e-02
1.803321689367294312e-01
3.862224146723747253e-02
3.015464462805539370e-04
1.160735711455345154e-01
3.547824621200561523e-01
2.091661654412746429e-02
2.712304890155792236e-01
9.750065952539443970e-02
5.031479056924581528e-03
3.403766080737113953e-02
3.937155473977327347e-03
3.647622093558311462e-02
1.538932323455810547e-02
2.486114390194416046e-02
7.762036751955747604e-03
3.549918998032808304e-03
1.954376548528671265e-01
1.178219413757324219e+01
4.830643534660339355e-03
3.145325230434536934e-03
5.935506429523229599e-03
4.871546104550361633e-02
1.617037050891667604e-04
8.342166543006896973e-01
2.632209099829196930e-02
2.162537097930908203e+00
7.292294502258300781e-02
1.656142063438892365e-02
6.214549066498875618e-04
5.599719882011413574e-01
3.784554600715637207e-01
1.115074753761291504e-02
2.629311289638280869e-03
2.075056731700897217e-02
1.283228339161723852e-04
4.232584685087203979e-02
1.355018699541687965e-03
2.829215288162231445e+00
3.071756660938262939e-01
8.042884059250354767e-03
2.556360326707363129e-02
1.141592580825090408e-02
3.621775284409523010e-02
3.192213363945484161e-03
2.230045646429061890e-01
2.615809999406337738e-02
1.818418651819229126e-01
5.697819869965314865e-03
2.132749557495117188e-01
4.744514299090951681e-04
5.024658143520355225e-02
5.828207731246948242e-02
1.923142224550247192e-01
4.308949690312147141e-03
1.149896811693906784e-02
9.761886671185493469e-03
4.292540997266769409e-02
8.777128905057907104e-02
3.651139512658119202e-02
1.254649460315704346e-01
3.287658840417861938e-02
1.039497613906860352e+00
7.561429083580151200e-05
7.324866950511932373e-02
1.617563888430595398e-02
3.594825863838195801e-01
2.318822860717773438e+00
1.975973509252071381e-02
1.569396443665027618e-02
1.475015282630920410e-01
3.817243035882711411e-03
7.435178849846124649e-04
1.279938936233520508e+00
3.024557232856750488e-02
3.963088151067495346e-03
2.439104206860065460e-02
1.518432796001434326e-02
1.517284989356994629e+00
8.382784202694892883e-03
6.348117254674434662e-03
2.118974685668945312e+00
3.464857116341590881e-02
6.659495234489440918e-01
2.711729612201452255e-03
1.518700737506151199e-03
1.663427986204624176e-02
7.495384197682142258e-03
1.079642120748758316e-02
4.086272716522216797e-01
1.204895734786987305e+00
1.628864109516143799e-01
1.233659777790307999e-02
7.002508733421564102e-03
1.128201186656951904e-02
2.747149264905601740e-04
4.218275193125009537e-03
4.931351661682128906e+00
1.196367621421813965e+00
5.348342820070683956e-04
6.597459316253662109e-02
1.122099906206130981e-02
1.614724751561880112e-03
6.939027458429336548e-02
2.694905176758766174e-02
9.533865377306938171e-04
2.297584526240825653e-02
2.297441475093364716e-02
5.902963131666183472e-02
2.765190839767456055e+00
4.556912928819656372e-02
6.700097322463989258e-01
7.528452277183532715e-01
9.522993862628936768e-02
8.859427571296691895e-01
1.833953142166137695e+00
9.085066616535186768e-03
3.678822517395019531e-02
5.622627958655357361e-02
7.294586393982172012e-03
1.141267120838165283e-01
6.648005247116088867e-01
3.809953853487968445e-02
8.496185764670372009e-03
2.458683699369430542e-01
3.821980440989136696e-03
4.059462994337081909e-02
1.024445286020636559e-03
5.981472730636596680e-01
3.164687193930149078e-03
5.573951639235019684e-03
3.664107024669647217e-01
1.277909846976399422e-03
8.022235706448554993e-03
3.377048298716545105e-02
6.160506512969732285e-03
4.548749327659606934e-01
6.515410263091325760e-03
5.286870058625936508e-03
6.119934841990470886e-03
2.688155509531497955e-03
5.083300173282623291e-03
2.602193355560302734e-01
4.673958756029605865e-03
1.578982733190059662e-02
8.548408746719360352e-03
1.490428298711776733e-02
4.016030579805374146e-03
4.324051551520824432e-03
2.578682079911231995e-02
2.068316489458084106e-01
2.122593577951192856e-03
8.118145633488893509e-04
4.504029173403978348e-03
1.681031703948974609e+00
9.852932998910546303e-04
1.161527354270219803e-02
1.465148627758026123e-01
2.908957377076148987e-02
5.610391497611999512e-02
3.191716596484184265e-02
8.185321837663650513e-02
2.306083291769027710e-01
1.021897915052250028e-04
2.451295405626296997e-02
4.829429555684328079e-03
1.689139869995415211e-03
2.466639131307601929e-02
2.685207687318325043e-02
4.412899911403656006e-02
5.815783143043518066e-02
1.921726763248443604e-02
1.258032280020415783e-03
2.099235542118549347e-02
7.868264801800251007e-03
1.234531626105308533e-01
2.343686297535896301e-02
7.834228128194808960e-02
2.027869690209627151e-03
1.295292526483535767e-01
4.034583398606628180e-04
1.944787055253982544e-01
1.747386157512664795e-01
5.658163502812385559e-02
2.034674026072025299e-02
7.462358474731445312e-01
2.159616677090525627e-03
1.120337750762701035e-02
5.836022086441516876e-03
1.985382288694381714e-02
2.924110554158687592e-02
5.485397204756736755e-02
1.222216291353106499e-03
3.869727611541748047e+00
9.926424175500869751e-02
2.001643739640712738e-02
3.178378820419311523e+00
7.557677268981933594e+00
1.235498860478401184e-02
7.032135035842657089e-04
6.911109085194766521e-04
3.502717241644859314e-02
4.537688102573156357e-03
2.468208037316799164e-02
8.314097404479980469e+00
2.081173588521778584e-04
3.749143362045288086e+00
9.684760123491287231e-02
2.719527482986450195e-02
5.644764751195907593e-04
3.963524941354990005e-03
6.919827938079833984e+00
1.262775039672851562e+02
1.044045257568359375e+02
7.275043725967407227e-01
3.672555160522460938e+01
2.341926574707031250e+00
5.332029418945312500e+02
9.047327041625976562e+00
1.032420654296875000e+02
1.017049789428710938e+01
1.815710144042968750e+02
1.589568901062011719e+01
8.880017852783203125e+01
6.259323358535766602e-01
1.530057621002197266e+01
1.156125640869140625e+02
1.067940521240234375e+02
1.617628021240234375e+02
1.442816619873046875e+02
9.545730590820312500e+00
5.628934097290039062e+01
3.862851858139038086e+00
8.010944366455078125e+00
5.283222579956054688e+01
2.790110826492309570e+00
5.140615105628967285e-01
2.806817016601562500e+02
4.992615051269531250e+02
1.671975341796875000e+03
3.998222961425781250e+02
1.009378051757812500e+01
4.174326896667480469e+00
9.996384620666503906e+00
2.566417846679687500e+02
1.423558139801025391e+01
1.327929019927978516e+01
9.080868363380432129e-01
8.451712131500244141e-02
4.478854179382324219e+00
1.135980682373046875e+02
1.028601196289062500e+03
1.617807006835937500e+01
1.282604217529296875e+00
4.292902832031250000e+02
2.306336784362792969e+01
1.245474777221679688e+02
7.763973999023437500e+01
1.622393798828125000e+01
1.025512218475341797e+00
8.562545776367187500e+02
2.296978454589843750e+02
4.060837173461914062e+01
1.285045623779296875e+01
2.638389396667480469e+01
4.828767776489257812e+00
9.488685607910156250e+00
5.549061775207519531e+00
3.579638302326202393e-01
1.732413864135742188e+01
1.569145385742187500e+03
6.650899658203125000e+02
4.534719238281250000e+02
1.096498680114746094e+01
5.701269149780273438e+01
4.785296916961669922e+00
6.403797912597656250e+01
4.512623214721679688e+01
2.759990966796875000e+03
1.655928192138671875e+02
5.556726837158203125e+01
7.410353422164916992e-02
1.850010833740234375e+02
1.749809741973876953e+00
1.676110229492187500e+02
9.581145286560058594e+00
1.246913433074951172e+01
1.291835427284240723e+00
8.782797813415527344e+00
2.932567138671875000e+02
3.274678421020507812e+01
3.665578842163085938e+01
5.472205162048339844e+00
7.400870800018310547e+00
3.333091735839843750e+01
8.327200889587402344e+00
2.653549766540527344e+01
1.132199168205261230e-01
1.430278205871582031e+01
1.859267425537109375e+01
3.486524105072021484e+00
1.842949485778808594e+01
4.019287872314453125e+01
3.509528732299804688e+01
1.735366439819335938e+01
7.287383270263671875e+01
4.181541137695312500e+02
4.580429553985595703e+00
4.791093750000000000e+02
5.339330434799194336e-01
5.806364135742187500e+02
1.981992483139038086e+00
2.383212280273437500e+01
4.658369064331054688e+00
1.298910980224609375e+02
5.408288955688476562e+01
1.448669586181640625e+02
2.741014480590820312e+00
4.071666503906250000e+03
4.001537780761718750e+02
1.226633310317993164e+00
8.123713135719299316e-01
1.115180175781250000e+03
1.717708129882812500e+02
1.864839076995849609e+00
3.736101150512695312e+01
1.018419570922851562e+02
1.319330596923828125e+02
1.300567817687988281e+01
8.023617553710937500e+01
9.551781654357910156e+00
3.143923645019531250e+02
5.350410156250000000e+03
6.258696899414062500e+02
1.358588256835937500e+02
5.641524791717529297e+00
4.562951354980468750e+02
4.121380996704101562e+01
3.341667413711547852e+00
6.513563232421875000e+02
7.529243469238281250e+01
6.341023559570312500e+02
3.720672225952148438e+01
4.091210663318634033e-01
4.038849639892578125e+01
2.626791715621948242e+00
2.734386444091796875e+00
6.895118951797485352e-01
7.500369262695312500e+02
7.396029052734375000e+02
3.038853454589843750e+02
4.315281295776367188e+01
2.475484132766723633e+00
5.598458862304687500e+02
2.833225250244140625e+01
9.782413940429687500e+02
4.010557937622070312e+01
5.029750366210937500e+02
2.027875185012817383e+00
6.923007202148437500e+01
2.224220703125000000e+03
7.184941768646240234e-01
6.530310058593750000e+02
3.899135971069335938e+01
4.992142021656036377e-01
1.209313735961914062e+02
5.151848983764648438e+01
2.247540712356567383e+00
9.139069914817810059e-01
7.660785198211669922e+00
3.608631610870361328e+00
9.613289794921875000e+02
1.392601318359375000e+02
1.620709381103515625e+02
4.721490478515625000e+01
1.971902923583984375e+02
8.645465087890625000e+01
8.412019348144531250e+01
3.254746398925781250e+02
1.240451782226562500e+03
1.401203250885009766e+01
1.060358047485351562e+01
1.695336547851562500e+03
2.362195253372192383e+00
5.211449146270751953e+00
4.326368103027343750e+02
2.357748222351074219e+01
1.142413902282714844e+01
5.159165191650390625e+01
3.932651281356811523e+00
1.975629425048828125e+01
1.749733543395996094e+01
3.058544158935546875e+01
3.908633728027343750e+02
6.894639968872070312e+00
2.209867578125000000e+04
4.351493835449218750e+00
6.973329782485961914e-01
2.968602180480957031e+01
7.404882812500000000e+02
5.519310379028320312e+01
7.505996704101562500e+00
3.673299560546875000e+02
9.833650588989257812e+00
5.781739044189453125e+01
2.372969207763671875e+02
2.246875762939453125e+00
8.927411651611328125e+01
1.672237038612365723e+00
1.398695278167724609e+01
3.324218034744262695e+00
2.088812446594238281e+01
1.295803260803222656e+01
6.899995803833007812e+00
3.590774154663085938e+01
4.392776107788085938e+01
1.332932353019714355e+00
1.023366394042968750e+02
3.850313720703125000e+02
7.158626079559326172e+00
3.616153717041015625e+01
7.781344890594482422e+00
6.300673484802246094e+00
1.642608404159545898e+00
4.403549804687500000e+03
1.639067649841308594e+01
4.059580688476562500e+02
2.964116334915161133e+00
2.738118286132812500e+02
1.507773518562316895e+00
2.237572021484375000e+02
3.384375000000000000e+03
2.007971554994583130e-01
2.465277671813964844e+00
1.140191406250000000e+03
4.118521690368652344e+00
1.082836181640625000e+03
4.328541278839111328e+00
2.502890777587890625e+01
9.921469688415527344e+00
1.256067943572998047e+01
7.966669648885726929e-02
1.296522617340087891e+01
3.528223991394042969e+00
6.343727416992187500e+02
8.406233215332031250e+01
1.986168289184570312e+01
8.401653289794921875e+00
3.268434524536132812e+01
2.221447372436523438e+01
2.031774520874023438e+00
5.268371582031250000e+02
1.477157440185546875e+02
1.505171298980712891e+01
2.498761367797851562e+01
1.759531097412109375e+02
1.111828765869140625e+02
2.033163299560546875e+02
5.940269827842712402e-01
7.463266601562500000e+03
1.285693740844726562e+01
6.479811859130859375e+01
2.014571189880371094e+01
8.866891860961914062e-01
1.171491333007812500e+03
1.062773132324218750e+02
9.867268204689025879e-01
8.870834350585937500e+02
6.028879928588867188e+01
8.810768127441406250e+00
3.020319091796875000e+03
7.442565155029296875e+01
5.968039321899414062e+01
6.772539520263671875e+01
8.664639282226562500e+02
2.250961761474609375e+02
2.751444396972656250e+02
3.441199493408203125e+01
1.945503417968750000e+03
5.748373270034790039e-01
1.301432037353515625e+01
3.809254150390625000e+02
1.202383041381835938e+01
4.664710388183593750e+02
1.053680181503295898e+00
1.136168718338012695e+00
5.568115997314453125e+01
4.208718776702880859e+00
9.623291969299316406e+00
1.375792388916015625e+02
6.943693757057189941e-01
1.699417304992675781e+01
6.537300109863281250e+00
6.272554397583007812e+00
3.362005996704101562e+01
1.604294180870056152e+00
1.164418339729309082e+00
3.359121704101562500e+02
8.759304199218750000e+02
4.673368930816650391e+00
1.605634307861328125e+02
1.669613456726074219e+01
1.065062618255615234e+01
1.792671508789062500e+03
4.399089336395263672e+00
2.755891723632812500e+02
5.024016571044921875e+01
2.784508132934570312e+01
9.378837890625000000e+02
3.628337478637695312e+01
1.815531768798828125e+02
5.547437133789062500e+02
1.576751403808593750e+02
5.753870391845703125e+01
2.815830993652343750e+02
5.125882339477539062e+01
2.534825325012207031e+00
4.208738327026367188e+01
2.206288146972656250e+01
1.113964653015136719e+01
1.074950195312500000e+03
5.218282470703125000e+02
7.562061157226562500e+02
3.116103515625000000e+02
1.069388198852539062e+01
3.682993888854980469e+00
8.127149343490600586e-01
3.987009429931640625e+01
1.839283752441406250e+01
8.633221626281738281e+00
1.519268393516540527e+00
1.237017822265625000e+01
7.704378366470336914e-01
9.808332061767578125e+01
4.165889358520507812e+01
9.899411010742187500e+01
1.557471008300781250e+02
1.961991882324218750e+01
6.853875732421875000e+01
1.744730186462402344e+01
6.228223800659179688e+00
2.848620414733886719e-01
8.304860351562500000e+03
2.038116699218750000e+03
1.919976196289062500e+02
1.874426269531250000e+02
1.104667739868164062e+02
7.827006225585937500e+02
2.400403976440429688e+01
3.184702301025390625e+01
1.731368446350097656e+01
2.846428871154785156e+00
6.066582489013671875e+01
1.720174438476562500e+03
5.787752151489257812e+01
9.474801063537597656e+00
6.852617263793945312e+00
1.578124847412109375e+02
4.622225036621093750e+02
1.112988815307617188e+02
1.204945182800292969e+01
1.455628490447998047e+01
1.054932773113250732e-01
1.562148928642272949e-01
4.377783203125000000e+01
3.500458526611328125e+01
4.266116619110107422e+00
1.923519706726074219e+01
2.534641876220703125e+02
4.841012573242187500e+01
1.439769439697265625e+02
9.768762588500976562e+00
2.216485500335693359e+00
1.053361797332763672e+01
3.760806274414062500e+01
1.234893554687500000e+03
1.988288283348083496e+00
1.008373413085937500e+02
1.603524446487426758e+00
6.083536624908447266e+00
2.445024102926254272e-01
1.699882507324218750e+01
4.827026855468750000e+03
2.466833007812500000e+04
6.055630683898925781e+00
1.069927368164062500e+02
8.291865539550781250e+01
4.772868156433105469e+00
1.812344360351562500e+02
5.385582275390625000e+02
8.645213127136230469e+00
4.960494518280029297e+00
4.457391262054443359e+00
8.490808868408203125e+01
3.061110496520996094e+01
1.922475433349609375e+01
3.045330200195312500e+02
4.810430297851562500e+02
5.746386051177978516e+00
4.696959495544433594e+00
4.480392456054687500e+00
2.337580413818359375e+02
8.497902870178222656e+00
2.863177108764648438e+01
2.991873168945312500e+02
1.561046409606933594e+01
7.164253540039062500e+02
8.461364746093750000e+02
1.787421112060546875e+02
1.936029672622680664e+00
2.690827178955078125e+01
