1.216417923569679260e-01
7.363439202308654785e-01
5.626451969146728516e-01
4.158685356378555298e-02
1.282655000686645508e+00
2.540156602859497070e+00
1.925736367702484131e-01
4.918408766388893127e-02
1.694554090499877930e+00
1.480785906314849854e-01
7.064908146858215332e-01
3.926864564418792725e-01
8.387652039527893066e-02
6.663079559803009033e-02
9.488467872142791748e-02
3.144046366214752197e-01
2.797435522079467773e-01
2.002877146005630493e-01
5.511539801955223083e-02
1.337724179029464722e-01
3.950004577636718750e-01
6.615625321865081787e-02
1.751659870147705078e+00
8.974381536245346069e-02
1.582495880126953125e+01
1.417409479618072510e-01
2.868007123470306396e-01
5.114808082580566406e-01
3.231953144073486328e+00
1.917571067810058594e+00
4.821129515767097473e-02
2.082774974405765533e-02
4.548853337764739990e-01
1.958758115768432617e+00
2.712647244334220886e-02
4.423096477985382080e-01
4.841314628720283508e-02
7.522092759609222412e-02
1.342319101095199585e-01
2.527150213718414307e-01
5.829189300537109375e+00
1.887806892395019531e+00
2.198291718959808350e-01
2.635457515716552734e+00
4.616241455078125000e-01
1.374741911888122559e+00
2.486434578895568848e-01
3.729831874370574951e-01
3.477712720632553101e-02
1.301560521125793457e+00
5.894738435745239258e-01
9.962317347526550293e-02
1.023455023765563965e+00
6.185788512229919434e-01
1.602146476507186890e-01
3.630765900015830994e-02
1.878179796040058136e-02
4.691758751869201660e-01
1.115614101290702820e-01
2.495067358016967773e+00
1.590569615364074707e-01
1.624839544296264648e+00
1.313698738813400269e-01
1.471280604600906372e-01
5.377399921417236328e-01
1.937325358390808105e+00
3.195538222789764404e-01
3.697025179862976074e-01
2.436033010482788086e+00
2.653231143951416016e+00
3.956447821110486984e-03
6.834843754768371582e-01
8.060574531555175781e-02
3.945708274841308594e+00
2.012122631072998047e+00
6.967768073081970215e-01
6.995408982038497925e-02
1.075699925422668457e-01
2.552407383918762207e-01
2.086813449859619141e-01
3.880005776882171631e-01
5.173010006546974182e-02
2.196394801139831543e-01
6.866090744733810425e-02
9.435573965311050415e-02
9.072776138782501221e-02
9.102481417357921600e-03
2.646789848804473877e-01
5.078118443489074707e-01
1.029529422521591187e-02
1.420346349477767944e-01
2.939681112766265869e-01
1.470245718955993652e-01
1.970915198326110840e-01
2.947249114513397217e-01
1.125787615776062012e+00
1.012782230973243713e-01
1.504233598709106445e+00
8.610167354345321655e-02
3.010728657245635986e-01
1.097908616065979004e+00
1.299928873777389526e-01
2.946289442479610443e-02
5.518860220909118652e-01
1.760257184505462646e-01
4.444691836833953857e-01
1.397220939397811890e-01
5.501615405082702637e-01
3.517659664154052734e+00
8.522175550460815430e-01
4.687327891588211060e-02
9.738337397575378418e-01
1.330907940864562988e+00
5.640208125114440918e-01
4.939407408237457275e-01
1.797738820314407349e-01
3.697701990604400635e-01
6.703434884548187256e-02
1.926296576857566833e-02
2.316708266735076904e-01
3.531782329082489014e-02
8.906071662902832031e+00
1.305207014083862305e+00
1.835731029510498047e+00
2.508599497377872467e-02
4.126614332199096680e-02
4.937883839011192322e-02
1.246361061930656433e-02
4.370875656604766846e-01
1.901297867298126221e-01
5.356400609016418457e-01
5.009731054306030273e-01
1.327119022607803345e-02
8.258055150508880615e-02
1.444222927093505859e-01
3.223410248756408691e-02
6.013914570212364197e-02
5.644429922103881836e-01
1.666770577430725098e-01
1.522076249122619629e+00
6.097857356071472168e-01
5.333383083343505859e-01
4.514466762542724609e+00
1.003723740577697754e+00
7.223647236824035645e-01
2.437771111726760864e-01
2.737107574939727783e-01
5.274685621261596680e-01
9.862371087074279785e-01
1.391158998012542725e-01
4.295654222369194031e-02
2.559107780456542969e+00
5.422039628028869629e-01
1.128626540303230286e-01
2.536851167678833008e-01
1.668240129947662354e-01
6.513535976409912109e-02
5.701643824577331543e-01
7.826054841279983521e-02
2.357082068920135498e-02
3.833123207092285156e+00
7.002501934766769409e-02
2.927215397357940674e-01
2.509945631027221680e-01
7.895750999450683594e-01
3.206814527511596680e-01
3.002171516418457031e-01
4.583024978637695312e-01
7.274984836578369141e+00
2.606916055083274841e-02
4.256209135055541992e-01
4.755662381649017334e-01
6.994511187076568604e-02
7.315821200609207153e-02
4.139970541000366211e-01
1.284038424491882324e+00
1.508441865444183350e-01
1.343726664781570435e-01
2.327083200216293335e-01
2.528868675231933594e+00
1.658757477998733521e-01
1.861454010009765625e+00
6.120073795318603516e-01
6.026868894696235657e-02
1.004764080047607422e+00
5.408201217651367188e-01
2.037809640169143677e-01
3.376476168632507324e-01
7.188172340393066406e-01
2.652815878391265869e-01
6.553723812103271484e-01
4.971997439861297607e-01
7.684037834405899048e-02
2.060346454381942749e-01
3.837250173091888428e-01
8.945868909358978271e-02
8.347359299659729004e-01
3.739221990108489990e-01
3.476294130086898804e-02
4.795908927917480469e-01
1.040859818458557129e-01
1.448571085929870605e-01
8.931334018707275391e-01
1.188822239637374878e-01
8.805261850357055664e-01
2.384078130125999451e-02
5.602479726076126099e-02
1.651265335083007812e+01
5.573332682251930237e-02
4.419039189815521240e-02
1.011409461498260498e-01
2.732584178447723389e-01
2.239479683339595795e-02
3.305102884769439697e-01
1.071369528770446777e+00
5.709741115570068359e-01
7.280861735343933105e-01
1.372711956501007080e-01
1.055041141808032990e-02
9.201679229736328125e-01
4.586053490638732910e-01
1.471673995256423950e-01
5.363542959094047546e-02
2.535005509853363037e-01
1.866743527352809906e-02
6.341946721076965332e-01
7.583595067262649536e-02
2.328135967254638672e+00
3.121076822280883789e-01
4.116794094443321228e-02
6.905362755060195923e-02
3.273326456546783447e-01
1.110989227890968323e-01
5.389243960380554199e-01
3.585177958011627197e-01
8.302505612373352051e-01
1.681344360113143921e-01
2.336078695952892303e-02
1.319999396800994873e-01
3.077695667743682861e-01
9.628605842590332031e-01
3.937302157282829285e-02
6.360372155904769897e-02
1.066373884677886963e-01
3.943950235843658447e-01
1.496872007846832275e-01
4.275305867195129395e-01
5.542675778269767761e-02
1.816319376230239868e-01
2.339176386594772339e-01
1.130542978644371033e-01
8.326372504234313965e-01
7.465963065624237061e-02
8.684238195419311523e-01
1.319342106580734253e-01
1.716983616352081299e-01
2.768230438232421875e+00
5.822557955980300903e-02
1.721117794513702393e-01
3.163481950759887695e-01
1.881344616413116455e-01
8.245180547237396240e-02
5.655114054679870605e-01
2.154631465673446655e-01
4.213004708290100098e-01
8.091591000556945801e-01
2.578858137130737305e-01
1.177317500114440918e+00
2.787511609494686127e-02
1.250391602516174316e-01
1.533421039581298828e+00
2.088098526000976562e-01
1.939836591482162476e-01
5.025427415966987610e-02
1.153225004673004150e-01
1.028890162706375122e-01
6.289023905992507935e-02
2.322049885988235474e-01
1.056910231709480286e-01
3.063623607158660889e-01
6.233893036842346191e-01
4.576552212238311768e-01
1.509636491537094116e-01
3.447403013706207275e-02
3.172944858670234680e-02
3.113192319869995117e-01
1.546899199485778809e+00
1.066614031791687012e+00
5.910960957407951355e-02
1.933919638395309448e-01
4.130775108933448792e-02
3.898632898926734924e-02
5.185847878456115723e-01
3.288511931896209717e-02
7.523046433925628662e-02
4.903974011540412903e-02
1.142838224768638611e-01
3.912308439612388611e-02
1.548237651586532593e-01
2.542267441749572754e-01
1.115977168083190918e+00
1.093213438987731934e+00
3.124397993087768555e-01
1.784288525581359863e+00
4.916082620620727539e-01
2.913728952407836914e-01
1.478337496519088745e-01
4.900003075599670410e-01
6.035509109497070312e-01
2.285866141319274902e-01
2.805295228958129883e+00
1.748045563697814941e+00
1.161820769309997559e+00
3.013663768768310547e+00
4.240715801715850830e-01
1.888091266155242920e-01
3.082060441374778748e-02
7.629222273826599121e-01
2.777033299207687378e-02
9.063103795051574707e-02
1.446037590503692627e-01
2.054769545793533325e-01
2.440319061279296875e+00
6.649449825286865234e+00
2.762487828731536865e-01
9.187958836555480957e-01
1.710069477558135986e-01
2.466737926006317139e-01
3.403603732585906982e-01
1.092545464634895325e-01
1.956347748637199402e-02
3.261735677719116211e+00
2.871055006980895996e-01
2.729002237319946289e-01
6.771607697010040283e-02
1.289955377578735352e-01
5.382592082023620605e-01
1.054967194795608521e-01
1.524323523044586182e-01
1.432115912437438965e+00
9.739977717399597168e-01
3.764258697628974915e-02
6.816621124744415283e-02
2.767905950546264648e+00
1.430650055408477783e-01
6.101326271891593933e-02
2.574128389358520508e+00
1.373228877782821655e-01
4.674707651138305664e-01
2.359497547149658203e-01
5.469759702682495117e-01
3.705829381942749023e-02
4.431653767824172974e-03
1.493764072656631470e-01
3.498471677303314209e-01
5.538430064916610718e-02
7.041557133197784424e-02
1.311791181564331055e+00
7.928769588470458984e-01
5.371569395065307617e-01
4.346123635768890381e-01
1.218766123056411743e-01
2.047109305858612061e-01
1.080061495304107666e-01
6.898522973060607910e-01
1.054626479744911194e-01
3.048372268676757812e-01
7.215703278779983521e-02
4.119636118412017822e-01
1.914634183049201965e-02
5.129646658897399902e-01
9.646496921777725220e-02
1.143246173858642578e+00
4.544419944286346436e-01
4.966203570365905762e-01
5.298102647066116333e-02
5.823454856872558594e-01
1.065810918807983398e+00
2.751074135303497314e-01
1.135575957596302032e-02
2.706841826438903809e-01
1.677782982587814331e-01
1.059017539024353027e+00
1.253799200057983398e+00
2.618922889232635498e-01
1.910444974899291992e+00
2.176079511642456055e+00
1.141460612416267395e-01
2.155157029628753662e-01
7.546349614858627319e-02
2.579145729541778564e-01
9.338563084602355957e-01
1.601508557796478271e-01
3.784740924835205078e+00
3.285113871097564697e-01
8.543240547180175781e+00
1.211085677146911621e+00
6.737651824951171875e-01
4.034024849534034729e-02
2.270181626081466675e-01
1.473953723907470703e+00
2.722391319274902344e+01
1.657098770141601562e+01
7.604025602340698242e-01
1.465847301483154297e+01
1.655216407775878906e+01
7.711099147796630859e+00
8.583399057388305664e-01
2.975743484497070312e+01
8.903482556343078613e-01
2.493021774291992188e+01
4.578288555145263672e+00
1.310588002204895020e+00
7.014231085777282715e-01
1.293779492378234863e+00
1.267634582519531250e+01
3.208059787750244141e+00
2.457941293716430664e+00
3.055140972137451172e+00
1.573097348213195801e+00
2.274500608444213867e+00
7.939402461051940918e-01
1.389678287506103516e+01
2.709501743316650391e+00
7.198963928222656250e+01
2.570862770080566406e+00
6.400373935699462891e+00
4.659735202789306641e+00
4.010777664184570312e+01
2.808398818969726562e+01
1.423490524291992188e+00
7.808961272239685059e-01
4.809994220733642578e+00
5.010556793212890625e+01
4.792560935020446777e-01
5.555976867675781250e+00
5.074900984764099121e-01
3.906410932540893555e-01
1.273344039916992188e+00
2.816448450088500977e+00
5.302185058593750000e+01
8.610564231872558594e+00
1.028788566589355469e+00
1.624987983703613281e+01
2.884724617004394531e+00
1.051618289947509766e+01
8.619383811950683594e+00
3.875615596771240234e+00
1.161094069480895996e+00
1.798603248596191406e+01
8.469298362731933594e+00
2.846583366394042969e+00
1.215857219696044922e+01
2.075469589233398438e+01
2.768360137939453125e+00
1.969841271638870239e-01
2.258069962263107300e-01
1.080061316490173340e+00
5.407894849777221680e-01
1.534185695648193359e+01
3.852260112762451172e+00
2.829499626159667969e+01
1.053631067276000977e+00
2.076209783554077148e+00
1.183769345283508301e+00
2.105025482177734375e+01
2.475622653961181641e+00
8.846715927124023438e+00
9.579077720642089844e+00
7.870892333984375000e+01
2.455166354775428772e-02
4.673775672912597656e+00
7.008261680603027344e-01
2.810398864746093750e+01
3.134179496765136719e+01
3.788076162338256836e+00
1.859535813331604004e+00
1.201792716979980469e+00
3.421933650970458984e+00
3.192698240280151367e+00
3.284973144531250000e+00
4.697635769844055176e-01
4.951432228088378906e+00
2.189640998840332031e+00
2.490357398986816406e+00
1.033755660057067871e+00
5.846433639526367188e-01
5.324020862579345703e+00
3.081993818283081055e+00
1.503734290599822998e-01
3.220236539840698242e+00
4.335539340972900391e+00
4.335782051086425781e+00
2.285221576690673828e+00
5.559628009796142578e+00
2.473985481262207031e+01
4.595356583595275879e-01
2.234087944030761719e+01
1.293159723281860352e+00
2.738740205764770508e+00
2.476480007171630859e+00
2.472002029418945312e+00
3.631505668163299561e-01
3.383555984497070312e+01
3.574964761734008789e+00
4.206285476684570312e+00
8.413102030754089355e-01
1.528036499023437500e+01
5.937063980102539062e+01
2.743738412857055664e+00
4.189494252204895020e-01
8.410747528076171875e+00
8.822326660156250000e+00
3.474417686462402344e+00
5.500782012939453125e+00
1.488712906837463379e+00
2.538220882415771484e+00
1.015326857566833496e+00
6.131306290626525879e-01
5.789006710052490234e+00
7.383447885513305664e-01
2.003669433593750000e+02
7.327520751953125000e+01
2.432622528076171875e+01
6.501930356025695801e-01
2.459564685821533203e+00
2.352881193161010742e+00
9.148904681205749512e-01
2.091189765930175781e+01
4.073336124420166016e+00
1.157823204994201660e+00
6.125101566314697266e+00
1.738026738166809082e-01
5.175327062606811523e-01
2.044941186904907227e+00
4.999917149543762207e-01
4.678981006145477295e-01
3.854035854339599609e+00
2.293169021606445312e+00
1.554136562347412109e+01
2.089412117004394531e+01
3.232954263687133789e+00
3.378660202026367188e+01
8.706609725952148438e+00
9.724170684814453125e+00
6.570674896240234375e+00
6.398304939270019531e+00
5.472441673278808594e+00
1.283365249633789062e+01
3.049987077713012695e+00
8.763158321380615234e-01
2.684068679809570312e+01
2.054001569747924805e+00
1.265343904495239258e+00
6.389760494232177734e+00
1.795266628265380859e+00
6.552718281745910645e-01
7.407190322875976562e+00
1.997928142547607422e+00
4.063511490821838379e-01
1.558604621887207031e+01
2.554066896438598633e+00
8.549004554748535156e+00
1.373520493507385254e+00
3.173554182052612305e+00
2.006298303604125977e+00
3.822008132934570312e+00
5.891658306121826172e+00
1.078840408325195312e+02
4.644016325473785400e-01
6.948254108428955078e+00
1.039014720916748047e+01
1.636058211326599121e+00
4.045490920543670654e-01
1.594410991668701172e+01
1.236178398132324219e+01
1.705698847770690918e+00
4.440030097961425781e+00
5.555709838867187500e+00
2.098268127441406250e+01
8.078674077987670898e-01
2.402713775634765625e+01
9.039854049682617188e+00
7.234641909599304199e-02
1.871914100646972656e+01
2.119190788269042969e+01
4.749598503112792969e-01
3.992177963256835938e+00
2.053303718566894531e+01
3.769391536712646484e+00
2.404540777206420898e+00
4.689756393432617188e+00
8.390637636184692383e-01
3.263493061065673828e+00
1.013919544219970703e+01
9.120563864707946777e-01
5.808241367340087891e+00
2.174900293350219727e+00
7.260820269584655762e-01
4.081667423248291016e+00
3.808331727981567383e+00
1.629548549652099609e+00
1.136214637756347656e+01
1.899459600448608398e+00
6.164004802703857422e+00
1.476399302482604980e-01
8.996176123619079590e-01
8.209992218017578125e+01
2.824215173721313477e+00
1.993475079536437988e+00
2.236304283142089844e+00
4.031209945678710938e+00
3.537873327732086182e-01
3.221099138259887695e+00
6.857567787170410156e+00
1.209492206573486328e+01
1.618310332298278809e+00
3.896979808807373047e+00
2.637135684490203857e-01
5.161096572875976562e+00
1.039956474304199219e+01
1.423425793647766113e+00
5.342493653297424316e-01
5.987880229949951172e+00
7.015227675437927246e-01
3.747888946533203125e+01
7.408823370933532715e-01
2.182887458801269531e+01
1.789428234100341797e+00
8.828963637351989746e-01
5.042403936386108398e-01
5.197591304779052734e+00
1.768903732299804688e+00
2.424454498291015625e+01
3.928180932998657227e+00
2.881908178329467773e+00
6.503512263298034668e-01
4.213023185729980469e-01
3.738101124763488770e-01
5.119894981384277344e+00
8.031192779541015625e+00
1.930737018585205078e+00
1.166885733604431152e+00
9.716120362281799316e-01
8.878455162048339844e+00
1.866929054260253906e+00
2.829825162887573242e+00
1.035843610763549805e+00
6.239428043365478516e+00
7.772203683853149414e-01
1.104303836822509766e+00
6.475070476531982422e+00
1.324011087417602539e+00
1.102440738677978516e+01
2.554580450057983398e+00
1.426571607589721680e+00
2.133930587768554688e+01
9.195919632911682129e-01
4.116427004337310791e-01
1.232557678222656250e+01
7.365977287292480469e+00
3.503246068954467773e+00
3.437416315078735352e+00
3.317820787429809570e+00
1.181291294097900391e+01
8.332757949829101562e+00
1.599733352661132812e+01
1.098208713531494141e+01
1.012473583221435547e+00
3.145186185836791992e+00
1.140314674377441406e+01
5.258772373199462891e+00
8.758512496948242188e+00
7.470512390136718750e-01
2.006401538848876953e+00
1.463654398918151855e+00
6.555383205413818359e-01
4.645498275756835938e+00
4.120118618011474609e+00
1.505648851394653320e+00
5.115283966064453125e+00
2.741985797882080078e+00
2.042859315872192383e+00
1.440746665000915527e+00
1.344365030527114868e-01
6.470963954925537109e+00
1.797410774230957031e+01
5.957702159881591797e+00
1.324027657508850098e+00
8.329766392707824707e-01
1.053469181060791016e+00
8.882274627685546875e-01
1.825901603698730469e+01
9.138844609260559082e-01
8.605051040649414062e-01
1.286912083625793457e+00
3.166301012039184570e+00
2.960800647735595703e+00
5.346584916114807129e-01
4.410165786743164062e+00
1.860407066345214844e+01
1.159615516662597656e+01
2.066615581512451172e+00
9.764459609985351562e+00
3.750050783157348633e+00
5.491602420806884766e+00
7.500261306762695312e+00
3.077496528625488281e+00
6.500132560729980469e+00
5.631654739379882812e+00
2.841513442993164062e+01
3.673567199707031250e+01
1.552825450897216797e+01
2.316136550903320312e+01
1.994260191917419434e+00
5.061265230178833008e-01
4.582142233848571777e-01
4.845293045043945312e+00
4.354501664638519287e-01
4.109475612640380859e-01
6.734195351600646973e-01
9.775898456573486328e-01
4.350980758666992188e+01
1.797219657897949219e+01
9.457712173461914062e+00
9.460118293762207031e+00
1.636066079139709473e+00
4.689303398132324219e+00
4.036311626434326172e+00
3.248996496200561523e+00
7.894444465637207031e-01
2.809948539733886719e+01
1.585512161254882812e+01
2.258593320846557617e+00
1.673490524291992188e+00
4.190877437591552734e+00
3.047728729248046875e+01
1.550737977027893066e+00
3.730253875255584717e-01
1.009191608428955078e+01
3.815087556838989258e+00
8.907188773155212402e-01
1.224697589874267578e+00
2.008350753784179688e+01
1.363741040229797363e+00
1.799402356147766113e+00
3.587678909301757812e+01
5.528691291809082031e+00
3.716518878936767578e+00
3.474963665008544922e+00
6.086587905883789062e+00
2.883217334747314453e-01
7.938963919878005981e-02
5.132136344909667969e+00
2.145548820495605469e+00
1.083579063415527344e+00
4.488156318664550781e+00
2.895903205871582031e+01
2.834257507324218750e+01
6.856931686401367188e+00
2.342322826385498047e+00
1.432698011398315430e+00
2.785375118255615234e+00
2.390657186508178711e+00
5.609943866729736328e+00
8.534489870071411133e-01
6.725363254547119141e+00
5.750912427902221680e-01
4.807678222656250000e+00
4.632818102836608887e-01
3.019038200378417969e+00
4.455442905426025391e+00
6.119553375244140625e+01
5.265662670135498047e+00
6.388056755065917969e+00
9.076801538467407227e-01
6.046144008636474609e+00
1.066854858398437500e+01
8.566883087158203125e+00
1.160197854042053223e-01
2.821959495544433594e+00
3.496295452117919922e+00
7.864649295806884766e+00
3.812681198120117188e+01
2.018877267837524414e+00
6.839696407318115234e+00
1.496243953704833984e+01
2.802907228469848633e+00
5.028789520263671875e+00
1.786610722541809082e+00
3.070969581604003906e+00
9.483223915100097656e+00
3.552322149276733398e+00
9.853371429443359375e+01
6.613937854766845703e+00
2.830918693542480469e+01
3.823192977905273438e+01
1.162365818023681641e+01
1.222182273864746094e+00
9.865552902221679688e+00
