5.859236791729927063e-02
2.266923189163208008e-01
2.066890150308609009e-01
9.430267848074436188e-03
2.876090109348297119e-01
4.909157454967498779e-01
1.165488734841346741e-01
1.614166609942913055e-02
1.994094997644424438e-01
1.496960967779159546e-01
4.462537169456481934e-01
1.169841438531875610e-01
7.751667499542236328e-02
2.412163652479648590e-02
5.345501750707626343e-02
9.600887447595596313e-02
2.068389579653739929e-02
7.228422909975051880e-02
3.704234212636947632e-02
3.763617202639579773e-02
3.898627310991287231e-02
1.527602970600128174e-02
4.745192825794219971e-01
7.871891558170318604e-02
7.165247440338134766e+00
2.861548587679862976e-02
4.679373279213905334e-02
2.601501643657684326e-01
1.481786012649536133e+00
1.312613368034362793e+00
7.879738695919513702e-03
2.704690210521221161e-03
3.164774179458618164e-01
5.081310868263244629e-01
1.478193793445825577e-02
6.272435784339904785e-01
3.570250794291496277e-02
1.309193111956119537e-02
1.456846743822097778e-01
8.220309764146804810e-02
1.918565750122070312e+00
2.870892286300659180e-01
9.385403990745544434e-02
3.737677812576293945e+00
5.529414415359497070e-01
3.957213163375854492e-01
7.730813324451446533e-02
9.215489625930786133e-01
9.932820685207843781e-03
1.237131834030151367e+00
2.102607190608978271e-01
4.154204949736595154e-02
1.100334763526916504e+00
2.500743865966796875e-01
1.351464539766311646e-02
1.984919421374797821e-02
1.816194690763950348e-02
3.319610357284545898e-01
3.566933423280715942e-02
1.100609493255615234e+01
4.267690703272819519e-02
4.527192592620849609e+00
7.241678982973098755e-02
5.348272994160652161e-02
2.782713174819946289e-01
6.109239459037780762e-01
3.573612272739410400e-01
1.255265176296234131e-01
4.966202259063720703e+00
1.781165719032287598e+00
6.746727158315479755e-04
1.026728391647338867e+00
1.554496306926012039e-02
2.435724735260009766e+00
4.251562654972076416e-01
2.318712472915649414e-01
2.655095607042312622e-02
2.475117519497871399e-02
7.779687643051147461e-02
9.443878382444381714e-02
5.463337898254394531e-01
4.060675203800201416e-02
9.824013710021972656e-02
5.233148112893104553e-03
1.704841293394565582e-02
1.233519800007343292e-02
1.231809263117611408e-03
5.064070597290992737e-02
1.601021647453308105e+00
2.941643586382269859e-03
2.603060565888881683e-02
1.991683095693588257e-01
5.973300337791442871e-02
8.648663759231567383e-02
9.573942422866821289e-02
8.374270796775817871e-01
2.088434249162673950e-01
1.245950937271118164e+00
3.943433985114097595e-02
2.774445712566375732e-01
5.771487355232238770e-01
4.822272062301635742e-02
1.797314547002315521e-02
8.663163334131240845e-02
1.077759787440299988e-01
4.632404148578643799e-01
1.287593990564346313e-01
3.081451356410980225e-01
1.673243284225463867e+00
1.358845382928848267e-01
2.830662578344345093e-02
3.329512476921081543e-01
4.250261485576629639e-01
6.125430464744567871e-01
2.710250914096832275e-01
1.305832117795944214e-01
1.830861270427703857e-01
4.410997033119201660e-02
5.666141863912343979e-03
7.141400873661041260e-02
1.386607810854911804e-02
1.384473323822021484e+01
9.721265435218811035e-01
1.519338846206665039e+00
3.403970738872885704e-03
3.168096393346786499e-02
2.570831961929798126e-02
3.658887464553117752e-03
2.091369777917861938e-01
1.001780852675437927e-01
1.098657965660095215e+00
4.677020907402038574e-01
1.227446459233760834e-02
9.912324137985706329e-03
4.576374590396881104e-02
1.597062870860099792e-02
4.354441538453102112e-02
1.004196405410766602e+00
1.160229891538619995e-01
1.183745145797729492e+00
1.200557947158813477e-01
8.707651495933532715e-02
8.271798133850097656e+00
1.599752783775329590e+00
2.781881570816040039e+00
1.641239374876022339e-01
3.260799646377563477e-01
1.433163136243820190e-01
1.914140731096267700e-01
4.763261228799819946e-02
3.664139285683631897e-02
1.861473083496093750e+00
2.176698446273803711e-01
9.745863825082778931e-02
3.327521383762359619e-01
1.187077835202217102e-01
4.818449541926383972e-02
1.069504693150520325e-01
5.144753959029912949e-03
5.691196769475936890e-03
5.629323124885559082e-01
8.898436278104782104e-02
1.983165144920349121e-01
1.772229969501495361e-01
1.766118407249450684e+00
2.545838654041290283e-01
6.331160068511962891e-01
2.885636985301971436e-01
5.955651760101318359e+00
4.915808327496051788e-03
3.760243058204650879e-01
1.583247035741806030e-01
1.950511150062084198e-02
9.758875519037246704e-02
2.616665363311767578e-01
1.214886426925659180e+00
1.365730613470077515e-01
1.305427700281143188e-01
9.741826355457305908e-02
1.962162494659423828e+00
1.985166668891906738e-01
2.662165760993957520e-01
2.217070311307907104e-01
7.677260786294937134e-02
2.409212589263916016e+00
2.070231437683105469e-01
2.672424316406250000e-01
1.081467866897583008e-01
3.675616383552551270e-01
1.319388002157211304e-01
8.171392083168029785e-01
1.476098001003265381e-01
1.039587985724210739e-02
1.314488649368286133e-01
2.507636249065399170e-01
7.212699949741363525e-02
2.048756480216979980e-01
8.404877781867980957e-02
6.657180842012166977e-03
3.597219288349151611e-01
2.358794398605823517e-02
1.623956859111785889e-01
1.969166696071624756e-01
6.251692771911621094e-02
1.835989058017730713e-01
2.164177410304546356e-02
7.673342525959014893e-02
1.658125877380371094e+01
1.854841969907283783e-02
1.440285518765449524e-02
5.288403108716011047e-02
1.117249205708503723e-01
6.704330909997224808e-03
2.982169687747955322e-01
2.224118113517761230e-01
6.191582679748535156e-01
5.081944465637207031e-01
3.002345375716686249e-02
7.747848052531480789e-03
2.174551725387573242e+00
1.434700965881347656e+00
2.175640687346458435e-02
2.825523354113101959e-02
6.321630626916885376e-02
1.147571601904928684e-03
3.844596743583679199e-01
2.490465901792049408e-02
1.592029452323913574e+00
3.014663457870483398e-01
4.136835411190986633e-02
3.984979912638664246e-02
9.310480952262878418e-02
2.411187812685966492e-02
2.043588012456893921e-01
4.719220101833343506e-02
7.050157189369201660e-01
1.429359912872314453e-01
5.212417803704738617e-03
4.085291922092437744e-01
2.810800634324550629e-02
2.604846060276031494e-01
1.941794902086257935e-02
5.925059318542480469e-02
2.979307062923908234e-02
1.063246726989746094e-01
1.045122221112251282e-01
3.101283311843872070e-01
7.721509039402008057e-02
1.199821457266807556e-01
3.044122159481048584e-01
1.369754821062088013e-01
6.866763830184936523e-01
6.937437690794467926e-03
9.012790322303771973e-01
2.197093963623046875e-01
2.099760174751281738e-01
2.846013069152832031e+00
6.759830564260482788e-02
1.776104271411895752e-01
5.662564560770988464e-02
7.292094826698303223e-02
1.484236121177673340e-02
2.933874726295471191e-01
1.360885053873062134e-01
4.738358035683631897e-02
6.644036769866943359e-01
2.176772244274616241e-02
1.511344790458679199e+00
3.218149300664663315e-03
9.078984707593917847e-02
6.112957954406738281e+00
2.515371739864349365e-01
1.384484171867370605e-01
1.487655658274888992e-02
4.359158221632242203e-03
4.966844990849494934e-02
7.363470643758773804e-02
6.337644904851913452e-02
5.986066907644271851e-02
5.712191462516784668e-01
1.128777742385864258e+00
2.668767571449279785e-01
8.680530637502670288e-02
2.759825997054576874e-02
6.908226292580366135e-03
4.148290306329727173e-02
3.467736005783081055e+00
1.120174050331115723e+00
3.342409431934356689e-02
2.241752296686172485e-01
2.445236593484878540e-02
1.598905399441719055e-02
3.079330027103424072e-01
2.364234998822212219e-02
2.311534993350505829e-02
2.314224280416965485e-02
4.967909678816795349e-02
6.933819502592086792e-02
9.595711827278137207e-01
2.212845683097839355e-01
1.371052503585815430e+00
3.920888900756835938e-01
2.814069390296936035e-01
3.508013963699340820e+00
3.342337310314178467e-01
6.922435760498046875e-02
2.929273433983325958e-02
1.429110914468765259e-01
3.579814434051513672e-01
5.395159721374511719e-01
1.625484228134155273e+00
3.811722695827484131e-01
5.829935669898986816e-01
6.244119405746459961e-01
3.755691275000572205e-02
2.027690559625625610e-01
1.034490764141082764e-02
1.227024793624877930e+00
6.783285178244113922e-03
3.009928949177265167e-02
1.852874159812927246e-01
1.749696768820285797e-02
4.314567446708679199e-01
2.533146381378173828e+00
1.017591282725334167e-01
2.522164821624755859e+00
3.072937950491905212e-02
5.877634137868881226e-02
5.473451316356658936e-02
1.178594119846820831e-02
4.536909516900777817e-03
4.682258605957031250e+00
1.082430556416511536e-01
1.231987103819847107e-01
4.062900319695472717e-02
8.200495690107345581e-02
9.362596273422241211e-02
3.439437225461006165e-02
1.320122778415679932e-01
7.969587445259094238e-01
2.010803073644638062e-01
1.549579296261072159e-02
2.423874102532863617e-02
3.530553340911865234e+00
1.100594364106655121e-02
1.631106622517108917e-02
1.728784680366516113e+00
3.527753353118896484e-01
2.710501253604888916e-01
4.563667774200439453e-01
1.699698716402053833e-01
4.573592171072959900e-02
2.310572192072868347e-03
4.439097270369529724e-02
1.412963271141052246e-01
1.090423204004764557e-02
3.158629685640335083e-02
4.275487065315246582e-01
5.043725371360778809e-01
1.649682372808456421e-01
1.441711783409118652e-01
5.646245554089546204e-02
9.854555130004882812e-02
5.299828574061393738e-02
6.925303936004638672e-01
1.191385015845298767e-01
1.525845080614089966e-01
2.206653542816638947e-02
6.246275305747985840e-01
2.450285013765096664e-03
2.083639055490493774e-01
2.840884588658809662e-02
3.046898126602172852e+00
1.252952367067337036e-01
5.157454609870910645e-01
1.136493030935525894e-02
7.109830528497695923e-02
1.998256444931030273e-01
5.974319949746131897e-02
1.157689932733774185e-02
1.317622661590576172e-01
1.888302899897098541e-02
1.494263768196105957e+00
8.519618511199951172e-01
1.854742616415023804e-01
1.431006431579589844e+00
1.524489307403564453e+01
4.239942505955696106e-02
6.367416679859161377e-02
1.879080431535840034e-03
9.890409559011459351e-02
2.998579740524291992e-01
1.586649417877197266e-01
1.386423873901367188e+01
8.090048097074031830e-03
3.598282098770141602e+00
3.315719366073608398e-01
2.144096344709396362e-01
2.700221911072731018e-02
3.650540858507156372e-02
1.348638057708740234e+00
2.759294700622558594e+01
3.010787010192871094e+01
7.737135887145996094e-01
1.324298191070556641e+01
4.518522739410400391e+00
2.794344902038574219e+01
2.454871892929077148e+00
4.734228897094726562e+01
1.572477221488952637e+00
3.996464538574218750e+01
1.332564258575439453e+01
2.931615591049194336e+00
4.150911867618560791e-01
7.544504642486572266e+00
4.038471984863281250e+01
5.594685077667236328e+00
2.729216957092285156e+01
2.672137451171875000e+01
2.052580833435058594e+00
2.490088462829589844e+00
9.442152976989746094e-01
7.603490352630615234e+00
9.160181045532226562e+00
5.048967742919921875e+01
1.339687824249267578e+00
6.296354770660400391e+00
2.372582817077636719e+01
2.430794067382812500e+02
1.961399269104003906e+01
2.259570837020874023e+00
1.372138619422912598e+00
3.660058498382568359e+00
1.231735534667968750e+02
7.693454623222351074e-01
2.431398010253906250e+01
6.882682442665100098e-01
4.284976124763488770e-01
2.366597175598144531e+00
8.311240196228027344e+00
3.675044555664062500e+02
8.684640884399414062e+00
1.025144100189208984e+00
2.961970710754394531e+01
8.338354110717773438e+00
5.313097000122070312e+01
2.713752937316894531e+01
1.329436588287353516e+01
1.614292383193969727e+00
5.637121200561523438e+01
1.967625999450683594e+01
3.745410203933715820e+00
1.868034362792968750e+01
4.189267349243164062e+01
6.035125732421875000e+00
5.017983913421630859e-01
7.948425412178039551e-01
1.174681186676025391e+00
1.538980364799499512e+00
6.522174835205078125e+01
1.735205841064453125e+01
9.507336425781250000e+01
1.432606101036071777e+00
4.171862602233886719e+00
1.270667076110839844e+00
2.995309638977050781e+01
4.012861251831054688e+00
1.118914566040039062e+02
1.376610717773437500e+02
1.185721054077148438e+02
4.517697542905807495e-02
2.351298904418945312e+01
1.094698429107666016e+00
8.720005798339843750e+01
2.935164260864257812e+01
5.466276645660400391e+00
1.253605604171752930e+00
9.648447036743164062e-01
1.230808734893798828e+01
1.144991779327392578e+01
9.160661697387695312e+00
1.433154821395874023e+00
3.783303737640380859e+00
3.062697887420654297e+00
2.644023418426513672e+00
1.971958637237548828e+00
8.236398100852966309e-01
1.004841136932373047e+01
1.649119186401367188e+01
6.007819771766662598e-01
2.271011352539062500e+00
3.090413856506347656e+01
2.275471305847167969e+01
4.182857036590576172e+00
9.465044975280761719e+00
2.062997436523437500e+01
2.353370428085327148e+00
2.418882446289062500e+02
2.311558723449707031e+00
1.085542774200439453e+01
8.728454113006591797e-01
1.119221329689025879e+00
2.669873833656311035e-01
6.741354370117187500e+01
1.114005565643310547e+01
1.615871047973632812e+01
1.932088375091552734e+00
1.367036895751953125e+02
1.286661529541015625e+02
1.357916355133056641e+00
3.327097296714782715e-01
1.462715053558349609e+01
8.871475219726562500e+00
6.720810890197753906e+00
1.203297328948974609e+01
5.776791095733642578e+00
5.186680316925048828e+00
2.415454149246215820e+00
2.578545331954956055e+00
7.814000129699707031e+00
7.088979721069335938e+00
7.697896118164062500e+02
3.437926635742187500e+02
2.551851272583007812e+01
1.886999487876892090e+00
3.047713470458984375e+01
8.330986022949218750e+00
2.274366617202758789e+00
1.052141952514648438e+02
1.728521728515625000e+01
4.895431995391845703e+00
1.678284263610839844e+01
2.097775489091873169e-01
1.081473827362060547e+00
9.853085279464721680e-01
7.965000867843627930e-01
3.442111015319824219e+00
4.296831512451171875e+01
2.264158821105957031e+01
3.063916587829589844e+01
7.479832458496093750e+01
7.281697988510131836e-01
1.157764129638671875e+02
3.660741043090820312e+01
3.985639953613281250e+01
9.897442817687988281e+00
8.938832092285156250e+01
3.375564336776733398e+00
9.815607070922851562e+00
1.164385318756103516e+01
2.742579698562622070e+00
1.319782409667968750e+02
5.205526828765869141e+00
1.455804467201232910e+00
3.087988471984863281e+01
4.676987648010253906e+00
1.235347032546997070e+00
2.848956584930419922e+00
9.953679442405700684e-01
1.141539096832275391e+00
6.632356262207031250e+01
3.290081405639648438e+01
2.676573371887207031e+01
4.227547645568847656e+00
1.624130058288574219e+01
1.899206161499023438e+00
1.059091758728027344e+01
1.939448928833007812e+01
3.163240966796875000e+02
3.830403685569763184e-01
1.385368442535400391e+01
3.212139129638671875e+01
2.524810791015625000e+00
2.743588924407958984e+00
1.059643402099609375e+02
1.380704975128173828e+01
3.611836194992065430e+00
1.430295562744140625e+01
5.687307357788085938e+00
3.544276809692382812e+01
1.160659432411193848e+00
3.778528213500976562e+01
2.870466613769531250e+01
1.288413107395172119e-01
1.454859619140625000e+02
1.900822639465332031e+01
1.442330837249755859e+00
2.616325855255126953e+00
7.018679046630859375e+01
1.229225444793701172e+01
1.535684466361999512e+00
6.064502239227294922e+00
1.363315939903259277e+00
1.295987033843994141e+01
1.512059974670410156e+01
4.287832975387573242e-01
2.717961311340332031e+00
1.549336671829223633e+00
1.313466072082519531e+00
3.325110197067260742e+00
1.204959201812744141e+01
3.155634164810180664e+00
8.630105972290039062e+00
4.527891159057617188e+00
2.738827133178710938e+01
3.029511868953704834e-01
4.674947738647460938e+00
9.307012939453125000e+01
7.166481018066406250e+00
1.270947933197021484e+01
6.619655609130859375e+00
5.957524776458740234e+00
5.834496021270751953e-01
4.082979583740234375e+01
3.078876972198486328e+00
1.539150810241699219e+01
1.434861660003662109e+00
2.747420120239257812e+01
5.263954997062683105e-01
4.632252120971679688e+01
2.339221801757812500e+02
7.376779913902282715e-01
6.801849603652954102e-01
2.076245689392089844e+01
1.086435794830322266e+00
2.166887207031250000e+02
3.372668743133544922e+00
6.305050849914550781e+00
1.337732434272766113e+00
3.141883850097656250e+00
5.057741403579711914e-01
1.636931419372558594e+01
1.018306374549865723e+00
4.656570816040039062e+01
1.675415635108947754e+00
1.572241497039794922e+01
4.653859436511993408e-01
6.992130279541015625e-01
2.079679965972900391e+00
1.907625079154968262e+00
1.872175598144531250e+01
4.183173179626464844e+00
1.975864529609680176e+00
2.884122848510742188e+00
1.927028083801269531e+01
1.407538509368896484e+01
2.282123565673828125e+01
5.175222754478454590e-01
3.848785400390625000e+01
2.936710119247436523e+00
2.560113668441772461e+00
6.960514545440673828e+00
1.021175026893615723e+00
5.557132339477539062e+01
1.264537525177001953e+01
7.261974334716796875e+00
1.561422729492187500e+01
2.604946613311767578e+00
2.954523324966430664e+00
3.299475479125976562e+01
4.299415969848632812e+01
8.428766250610351562e+00
9.961522102355957031e+00
1.606968116760253906e+01
1.953896903991699219e+01
2.558177566528320312e+01
3.896994018554687500e+01
8.769739532470703125e+01
3.804114460945129395e-01
1.257874107360839844e+01
1.611153259277343750e+02
3.349403381347656250e+01
5.616265869140625000e+01
6.590748429298400879e-01
6.632962226867675781e-01
8.827852249145507812e+00
2.961274385452270508e+00
9.710740089416503906e+00
8.056647300720214844e+00
3.201404094696044922e+00
9.864463806152343750e+00
5.554811477661132812e+00
4.730524539947509766e+00
1.470149517059326172e+00
4.706982374191284180e-01
2.299394845962524414e+00
6.898766326904296875e+01
1.974128723144531250e+01
4.392261981964111328e+00
4.876736640930175781e+00
6.040924549102783203e+00
3.684873342514038086e+00
2.435532379150390625e+02
2.676469087600708008e+00
6.254594802856445312e+00
2.884087800979614258e+00
1.010278034210205078e+01
1.731820106506347656e+01
2.767049312591552734e+00
1.250276660919189453e+01
3.229489135742187500e+01
3.186799430847167969e+01
4.638241767883300781e+00
5.428239822387695312e+01
6.420386791229248047e+00
4.806007385253906250e+00
4.743506240844726562e+01
3.356127500534057617e+00
1.211283111572265625e+01
7.404536437988281250e+01
5.066998672485351562e+01
7.878999328613281250e+01
1.856973571777343750e+02
2.966532468795776367e+00
1.728147029876708984e+00
1.044837474822998047e+00
1.077074170112609863e+00
6.305008888244628906e+00
1.211013674736022949e+00
6.207391023635864258e-01
1.959042072296142578e+00
5.866630077362060547e-01
2.180554504394531250e+02
1.823455047607421875e+01
6.890068054199218750e+01
2.537008666992187500e+01
1.865620255470275879e+00
2.293116378784179688e+01
7.773141860961914062e+00
4.720866680145263672e+00
1.019730448722839355e+00
1.346105957031250000e+02
5.360771560668945312e+01
5.828869819641113281e+00
1.164453601837158203e+01
3.930640411376953125e+01
1.424721374511718750e+02
5.723087787628173828e+00
9.306121468544006348e-01
1.743006706237792969e+01
1.134841799736022949e+00
5.717593193054199219e+00
1.039240455627441406e+01
3.651690292358398438e+01
1.101799130439758301e+00
2.812720537185668945e+00
9.710170745849609375e+01
3.710216522216796875e+01
2.727029037475585938e+01
1.203954982757568359e+01
8.122872352600097656e+00
2.618964612483978271e-01
1.704548746347427368e-01
1.319361019134521484e+01
5.996474742889404297e+00
1.412148714065551758e+00
9.496317863464355469e+00
8.599309539794921875e+01
1.216168670654296875e+02
1.262838554382324219e+01
4.034222602844238281e+00
2.725366115570068359e+00
4.981281757354736328e+00
6.600928783416748047e+00
3.422003173828125000e+01
2.298641204833984375e+00
2.012950706481933594e+01
1.029419898986816406e+00
4.543893337249755859e+00
2.047751247882843018e-01
3.582294702529907227e+00
3.131869888305664062e+01
2.479296386718750000e+03
4.412591934204101562e+00
1.137277317047119141e+01
1.521665573120117188e+00
2.646693229675292969e+00
4.034006118774414062e+01
3.524942398071289062e+01
6.078001260757446289e-01
1.370928287506103516e+00
3.642213344573974609e+00
3.826380157470703125e+01
3.964022445678710938e+01
2.387994050979614258e+00
3.950033187866210938e+01
1.981510467529296875e+02
1.669018268585205078e+00
4.617763996124267578e+00
2.392625570297241211e+00
1.201167583465576172e+01
5.151500225067138672e+00
9.678909301757812500e+00
5.668991088867187500e+02
5.432359218597412109e+00
2.424614143371582031e+01
4.064862976074218750e+02
6.012034225463867188e+01
3.008948802947998047e+00
4.105280685424804688e+01
