5.890317261219024658e-02
2.258441895246505737e-01
6.960861384868621826e-03
3.290250431746244431e-03
3.020917065441608429e-02
4.376335620880126953e+00
2.036922797560691833e-02
4.075354430824518204e-03
9.839167818427085876e-03
5.687583684921264648e-01
2.241027727723121643e-02
2.915411069989204407e-02
6.433045119047164917e-02
2.684685401618480682e-02
2.986362436786293983e-03
1.840107701718807220e-02
2.032197546213865280e-03
1.397783681750297546e-02
3.671585395932197571e-02
8.947265450842678547e-04
3.111495263874530792e-02
3.899012133479118347e-02
1.314945071935653687e-01
1.610365696251392365e-02
1.852303504943847656e+00
9.749010205268859863e-03
6.112759187817573547e-02
9.460017830133438110e-02
8.730920404195785522e-02
6.639740467071533203e-01
8.865661220625042915e-04
2.835147897712886333e-04
1.537414733320474625e-02
5.079429969191551208e-02
3.606762737035751343e-02
1.740042865276336670e-02
5.794130265712738037e-03
4.005175433121621609e-04
8.902932517230510712e-03
6.870569195598363876e-03
2.129948735237121582e-01
1.147997453808784485e-01
5.305171012878417969e-03
6.297782421112060547e+00
1.817805469036102295e-01
1.802110671997070312e-01
1.522881351411342621e-02
5.239347815513610840e-01
1.911268103867769241e-03
5.188720673322677612e-02
1.730406284332275391e-01
7.322848588228225708e-02
1.065483912825584412e-01
3.679446130990982056e-02
1.144146197475492954e-03
3.283321391791105270e-03
4.694738425314426422e-03
1.663775555789470673e-02
3.972798585891723633e-02
1.331995391845703125e+01
1.533091161400079727e-02
1.105891227722167969e+01
1.736468821763992310e-02
7.433771621435880661e-03
1.296797990798950195e-01
5.356130003929138184e-02
2.348436564207077026e-01
2.592589519917964935e-02
7.616509199142456055e-01
6.126000881195068359e-01
1.530892186565324664e-04
1.252506375312805176e+00
2.802529139444231987e-03
1.077481061220169067e-01
8.191879838705062866e-02
2.026569657027721405e-02
7.904108613729476929e-03
6.047420203685760498e-02
3.286796808242797852e-02
1.412281766533851624e-02
1.935519576072692871e-01
2.125795371830463409e-02
3.070453926920890808e-02
2.870354801416397095e-04
3.000883851200342178e-03
2.260504290461540222e-03
6.177676550578325987e-05
3.076171316206455231e-02
8.215192556381225586e-01
6.532280240207910538e-04
1.594542711973190308e-02
1.065799221396446228e-02
3.203259082511067390e-03
5.344036221504211426e-02
1.960179302841424942e-03
9.507957696914672852e-01
2.825228273868560791e-01
1.593189984560012817e-01
1.134565449319779873e-03
9.610755741596221924e-02
2.435508251190185547e+00
6.887419521808624268e-02
2.422939753159880638e-03
2.391020953655242920e-02
1.648516021668910980e-02
4.669605195522308350e-01
5.336944013833999634e-02
2.278450876474380493e-02
5.163035914301872253e-02
1.875476390123367310e-01
7.116200029850006104e-02
2.644351422786712646e-01
7.420110702514648438e-02
1.565255075693130493e-01
1.628044247627258301e-02
4.878214001655578613e-02
4.423697292804718018e-02
1.706728339195251465e-02
3.931570332497358322e-03
4.311252757906913757e-02
2.510518301278352737e-03
2.389550399780273438e+01
4.700244367122650146e-01
7.078503370285034180e-01
2.566810289863497019e-04
1.957566887140274048e-01
1.653659343719482422e-02
5.213096155785024166e-04
9.936960786581039429e-02
4.270869493484497070e-02
7.864422202110290527e-01
2.500631287693977356e-02
4.110501613467931747e-03
2.558346139267086983e-03
5.355530977249145508e-02
1.210263743996620178e-02
3.702918440103530884e-02
1.628564238548278809e+00
2.290932536125183105e-01
6.930224299430847168e-01
1.414706837385892868e-02
1.194422505795955658e-02
1.079516053199768066e+00
9.366369843482971191e-01
1.598025608062744141e+01
5.417681112885475159e-02
2.737881839275360107e-01
2.475702390074729919e-02
1.111824661493301392e-01
1.570435613393783569e-02
1.682566665112972260e-02
1.324492543935775757e-01
2.312477678060531616e-01
3.550038486719131470e-02
2.010282278060913086e-01
1.434655394405126572e-02
2.487230114638805389e-02
4.190213978290557861e-02
1.486075227148830891e-03
6.509950850158929825e-03
7.889963686466217041e-02
6.995079456828534603e-04
1.068387404084205627e-01
1.665092557668685913e-01
3.403467833995819092e-01
2.291806638240814209e-01
1.315708905458450317e-01
2.191330492496490479e-01
1.712290644645690918e+00
1.418896717950701714e-03
3.351271525025367737e-02
2.132052630186080933e-01
2.378039935138076544e-04
8.372162468731403351e-03
5.555177852511405945e-02
1.489362955093383789e+00
2.320651151239871979e-02
2.023206651210784912e-02
1.776138134300708771e-02
1.674122363328933716e-01
5.669176951050758362e-02
4.668108746409416199e-02
2.061928510665893555e-01
7.173210382461547852e-02
1.004685282707214355e+00
2.056249231100082397e-02
7.516017183661460876e-03
3.559069707989692688e-02
5.832919478416442871e-01
3.581313416361808777e-02
2.888748347759246826e-01
3.304526209831237793e-02
2.021311665885150433e-04
1.021916344761848450e-01
2.399351745843887329e-01
4.409479722380638123e-02
4.990634918212890625e-01
4.824905842542648315e-02
9.423498064279556274e-03
5.856717377901077271e-02
3.942511510103940964e-03
5.837082862854003906e-02
1.533914543688297272e-02
5.411985144019126892e-02
8.538489229977130890e-03
7.022032514214515686e-03
1.682838499546051025e-01
1.384669780731201172e+01
4.423915408551692963e-03
2.700058976188302040e-03
3.287612460553646088e-03
5.193666368722915649e-02
1.385395735269412398e-04
1.246958374977111816e+00
2.974606305360794067e-02
2.451438426971435547e+00
3.072274327278137207e-01
2.700965106487274170e-02
5.918582901358604431e-04
5.422298908233642578e-01
7.310712933540344238e-01
4.319365136325359344e-03
6.204704288393259048e-03
3.205161169171333313e-02
6.887024937896057963e-05
1.127225458621978760e-01
2.226913813501596451e-03
3.299041271209716797e+00
1.994685977697372437e-01
1.027206517755985260e-02
1.626835204660892487e-02
1.163457520306110382e-02
2.632925845682621002e-02
2.611697651445865631e-03
9.705151617527008057e-02
3.097220323979854584e-02
9.287114441394805908e-02
4.935688804835081100e-03
3.727301955223083496e-01
5.218104925006628036e-04
1.273514926433563232e-01
3.586286306381225586e-02
1.853247135877609253e-01
4.612035118043422699e-03
1.222011260688304901e-02
1.203948352485895157e-02
3.452013060450553894e-02
6.618406623601913452e-02
4.405479133129119873e-02
6.077068671584129333e-02
3.409097343683242798e-02
8.765003681182861328e-01
1.493627642048522830e-04
1.044108122587203979e-01
2.559060603380203247e-02
2.161917239427566528e-01
3.469905138015747070e+00
4.918038472533226013e-02
1.241579465568065643e-02
9.987568855285644531e-02
9.555598720908164978e-03
1.300370204262435436e-03
1.841495752334594727e+00
6.018467247486114502e-02
5.378313362598419189e-03
7.495938241481781006e-02
9.416962973773479462e-03
1.473590731620788574e+00
4.150232300162315369e-03
7.854863069951534271e-03
2.830270051956176758e+00
4.582197964191436768e-02
6.945043802261352539e-01
2.710162894800305367e-03
1.387904980219900608e-03
1.546697318553924561e-02
1.574522815644741058e-02
1.238687802106142044e-02
3.660853207111358643e-01
5.974463224411010742e-01
2.438726872205734253e-01
1.835873350501060486e-02
1.390361133962869644e-02
1.261651795357465744e-02
2.564732858445495367e-04
1.408445090055465698e-02
5.931196689605712891e+00
1.870561003684997559e+00
1.219547702930867672e-03
6.403845548629760742e-02
1.492001209408044815e-02
3.402552334591746330e-03
1.916680932044982910e-01
3.846372291445732117e-02
1.039556693285703659e-03
1.411217451095581055e-02
3.570502996444702148e-02
6.607472151517868042e-02
1.760404348373413086e+00
8.311108499765396118e-02
1.649913430213928223e+00
3.982074558734893799e-01
1.366868317127227783e-01
9.039739966392517090e-01
1.908033847808837891e+00
1.946845836937427521e-02
1.539391744881868362e-02
1.082818508148193359e-01
9.702944196760654449e-03
1.793105751276016235e-01
8.213065862655639648e-01
1.016628146171569824e-01
2.246316522359848022e-02
3.837282359600067139e-01
6.535676307976245880e-03
3.560746833682060242e-02
1.595965935848653316e-03
7.496871948242187500e-01
2.022624015808105469e-03
1.107859518378973007e-02
1.851277053356170654e-01
1.053640386089682579e-03
1.362492982298135757e-02
6.673926115036010742e-02
5.766157526522874832e-03
9.754216670989990234e-01
5.015886854380369186e-03
5.922527052462100983e-03
1.442558504641056061e-02
4.850167781114578247e-03
2.357309684157371521e-03
4.023491442203521729e-01
1.194369513541460037e-02
2.348338812589645386e-02
1.042919047176837921e-02
1.463260501623153687e-02
9.827834554016590118e-03
9.282923303544521332e-03
2.421746589243412018e-02
1.302480548620223999e-01
3.796657780185341835e-03
4.862231726292520761e-04
6.934626027941703796e-03
1.616114020347595215e+00
9.343701531179249287e-04
1.478099357336759567e-02
2.184088528156280518e-01
1.147802546620368958e-01
3.294559195637702942e-02
3.306481614708900452e-02
1.351802647113800049e-01
9.377973526716232300e-02
1.064500393113121390e-04
1.895492710173130035e-02
9.348576888442039490e-03
4.255850333720445633e-03
3.685778006911277771e-02
3.066589683294296265e-02
6.045152619481086731e-02
9.935918450355529785e-02
3.650538995862007141e-02
1.203935127705335617e-03
5.444648489356040955e-02
1.128678955137729645e-02
2.501780390739440918e-01
1.276020426303148270e-02
1.300296783447265625e-01
1.610311213880777359e-03
2.563331425189971924e-01
5.431173485703766346e-04
7.370191067457199097e-02
1.392186582088470459e-01
2.821591794490814209e-01
3.125728666782379150e-02
6.781423687934875488e-01
4.255073145031929016e-03
1.212482340633869171e-02
7.590690627694129944e-03
1.199486758559942245e-02
3.051925450563430786e-02
4.806067794561386108e-02
2.523839008063077927e-03
2.445695638656616211e+00
9.684491902589797974e-02
2.540339343249797821e-02
5.403692722320556641e+00
1.206923866271972656e+01
1.031683292239904404e-02
1.690391916781663895e-03
5.930484621785581112e-04
5.240234732627868652e-02
1.193741522729396820e-02
4.099022969603538513e-02
6.049368858337402344e+00
2.749245904851704836e-04
4.478765010833740234e+00
1.833767443895339966e-01
1.909392699599266052e-02
1.229905989021062851e-03
6.067140027880668640e-03
2.168299484252929688e+01
8.788146209716796875e+01
7.078569030761718750e+01
7.118368744850158691e-01
3.262148284912109375e+01
1.323299884796142578e+00
4.799554138183593750e+02
1.279795265197753906e+01
1.211484451293945312e+02
1.639239120483398438e+01
1.460959930419921875e+02
1.646444511413574219e+01
3.147636985778808594e+01
6.025433540344238281e-01
9.822478294372558594e+00
8.634613037109375000e+01
4.128324890136718750e+01
2.200111389160156250e+02
8.054495239257812500e+01
6.106502532958984375e+00
2.742649841308593750e+01
4.978540897369384766e+00
7.294365882873535156e+00
2.733205413818359375e+01
3.670987844467163086e+00
7.626354098320007324e-01
1.506214904785156250e+02
6.755890502929687500e+02
8.111546020507812500e+02
2.343438568115234375e+02
3.965267658233642578e+00
3.976747751235961914e+00
6.364799022674560547e+00
3.490296630859375000e+02
7.457227230072021484e+00
5.675285816192626953e+00
6.465277671813964844e-01
8.018629252910614014e-02
2.561950445175170898e+00
1.078523101806640625e+02
1.265391113281250000e+03
2.173046875000000000e+01
6.669931411743164062e-01
4.306189880371093750e+02
1.867748451232910156e+01
2.013854217529296875e+02
1.062530441284179688e+02
8.331663131713867188e+00
7.115417122840881348e-01
6.318531494140625000e+02
1.628553161621093750e+02
2.236616706848144531e+01
1.548275470733642578e+01
3.411483764648437500e+01
3.387556791305541992e+00
6.794560909271240234e+00
5.317974090576171875e+00
4.697432518005371094e-01
2.027820205688476562e+01
1.056884155273437500e+03
1.748992004394531250e+02
6.362868041992187500e+02
4.848590850830078125e+00
4.829953002929687500e+01
6.704215049743652344e+00
2.217126464843750000e+01
5.648187637329101562e+01
1.304299438476562500e+03
4.633640747070312500e+02
2.699590110778808594e+01
8.885659277439117432e-02
6.850069427490234375e+01
1.261698126792907715e+00
1.172674484252929688e+02
7.393918037414550781e+00
9.915933609008789062e+00
7.283076643943786621e-01
7.451449394226074219e+00
2.064344177246093750e+02
3.177956390380859375e+01
2.962395095825195312e+01
4.737774372100830078e+00
1.086184310913085938e+01
2.976176452636718750e+01
1.140142059326171875e+01
1.412192726135253906e+01
1.182538419961929321e-01
1.439447689056396484e+01
1.619317436218261719e+01
3.222342491149902344e+00
1.323240852355957031e+01
4.021625900268554688e+01
5.882793807983398438e+01
1.573161983489990234e+01
1.108976974487304688e+02
8.700231933593750000e+01
4.490870952606201172e+00
1.083240600585937500e+03
8.145059347152709961e-01
1.569488067626953125e+02
1.595477223396301270e+00
2.205508804321289062e+01
2.024853467941284180e+00
1.395789031982421875e+02
3.370034408569335938e+01
6.220506286621093750e+01
2.643703222274780273e+00
1.874834838867187500e+03
2.989490051269531250e+02
9.275966286659240723e-01
3.069987595081329346e-01
4.258130493164062500e+02
1.498581085205078125e+02
1.548495411872863770e+00
3.965065002441406250e+01
9.886259460449218750e+01
3.988523864746093750e+01
1.520115470886230469e+01
5.780333328247070312e+01
1.441454029083251953e+01
1.301101074218750000e+02
8.026120605468750000e+03
2.681610107421875000e+02
1.210729675292968750e+02
2.422918558120727539e+00
1.714179077148437500e+02
2.449158668518066406e+01
2.831267595291137695e+00
6.718483276367187500e+02
9.293265533447265625e+01
2.146028747558593750e+02
1.286000633239746094e+01
2.981319725513458252e-01
1.431319618225097656e+01
1.750805497169494629e+00
2.449800014495849609e+00
2.531302928924560547e+00
2.457053985595703125e+02
2.899533996582031250e+02
3.015830383300781250e+02
3.250370407104492188e+01
2.155759096145629883e+00
3.706680908203125000e+02
2.255081176757812500e+01
3.588392333984375000e+02
3.474492263793945312e+01
2.814942321777343750e+02
1.557950496673583984e+00
2.862084388732910156e+01
1.040597900390625000e+03
6.013751626014709473e-01
4.425722351074218750e+02
6.466616058349609375e+01
4.018093049526214600e-01
1.470257568359375000e+02
2.023855781555175781e+01
1.528998255729675293e+00
8.972933888435363770e-01
3.652128458023071289e+00
1.621375918388366699e+00
7.958497924804687500e+02
1.670673828125000000e+02
2.290574493408203125e+02
2.111943244934082031e+01
1.604421234130859375e+02
3.603094100952148438e+01
3.975638580322265625e+01
1.647254180908203125e+02
5.373746337890625000e+02
6.539081096649169922e+00
1.014878463745117188e+01
9.516076660156250000e+02
1.626305937767028809e+00
5.971318244934082031e+00
2.524907073974609375e+02
1.928066635131835938e+01
9.383348464965820312e+00
5.017894744873046875e+01
3.094147443771362305e+00
1.597934532165527344e+01
6.130540847778320312e+00
2.375384521484375000e+01
4.388432006835937500e+02
3.177917718887329102e+00
1.150200878906250000e+04
4.880748271942138672e+00
7.745968699455261230e-01
1.631652069091796875e+01
2.798169860839843750e+02
4.003403472900390625e+01
2.047281503677368164e+00
1.565103302001953125e+02
8.069208145141601562e+00
5.665861511230468750e+01
1.000074005126953125e+02
1.752748608589172363e+00
7.075066375732421875e+01
1.121550679206848145e+00
3.912568807601928711e+00
2.273135662078857422e+00
1.411190319061279297e+01
5.369273662567138672e+00
6.286343574523925781e+00
4.691051101684570312e+01
6.839494323730468750e+01
7.143397331237792969e-01
3.164941024780273438e+01
4.410053405761718750e+02
7.086840152740478516e+00
2.442682266235351562e+01
8.888488769531250000e+00
2.558712244033813477e+00
1.236217617988586426e+00
2.937260986328125000e+03
1.478180885314941406e+01
2.631391296386718750e+02
6.589905738830566406e+00
3.723952331542968750e+02
1.350400209426879883e+00
1.782919769287109375e+02
3.064171630859375000e+03
1.316381096839904785e-01
2.237692117691040039e+00
6.527230834960937500e+02
2.659062862396240234e+00
7.579526977539062500e+02
4.294952869415283203e+00
1.572378253936767578e+01
5.056128025054931641e+00
1.209655094146728516e+01
1.039804443717002869e-01
7.634940147399902344e+00
2.086880922317504883e+00
2.550316314697265625e+02
2.282692718505859375e+01
2.614986991882324219e+01
5.037264347076416016e+00
2.144400596618652344e+01
1.650807952880859375e+01
1.070671558380126953e+00
4.055796203613281250e+02
7.832572174072265625e+01
1.295664501190185547e+01
1.480251026153564453e+01
1.124412307739257812e+02
7.094609832763671875e+01
1.706426544189453125e+02
3.768694996833801270e-01
2.761556152343750000e+03
8.039459228515625000e+00
4.676238632202148438e+01
4.036504364013671875e+01
1.497417807579040527e+00
2.632236938476562500e+02
8.943538665771484375e+01
8.398069739341735840e-01
2.381844482421875000e+02
4.578282546997070312e+01
4.112869262695312500e+00
1.290227416992187500e+03
5.717740249633789062e+01
6.375891113281250000e+01
6.001705551147460938e+01
4.955994873046875000e+02
1.085929870605468750e+02
1.024528961181640625e+02
2.591615104675292969e+01
4.969819946289062500e+02
2.728849351406097412e-01
7.835138320922851562e+00
7.253281250000000000e+02
1.821972656250000000e+01
3.525540161132812500e+02
9.736167788505554199e-01
3.750858306884765625e-01
3.195972633361816406e+01
6.973109245300292969e+00
5.548542499542236328e+00
5.839803314208984375e+01
5.809956789016723633e-01
1.103159046173095703e+01
2.950952053070068359e+00
5.776926040649414062e+00
2.693812561035156250e+01
1.645222783088684082e+00
2.234231472015380859e+00
4.839398193359375000e+02
1.292593994140625000e+03
2.988184213638305664e+00
1.264091415405273438e+02
2.051563644409179688e+01
8.399461746215820312e+00
2.631233154296875000e+03
4.401195049285888672e+00
7.875588989257812500e+01
2.121326446533203125e+01
2.330997085571289062e+01
6.177595214843750000e+02
1.593350315093994141e+01
1.402841796875000000e+02
3.664169311523437500e+02
7.561303710937500000e+01
4.093037033081054688e+01
3.241210327148437500e+02
3.025959014892578125e+01
4.301334857940673828e+00
7.754860687255859375e+01
1.577755451202392578e+01
1.242194557189941406e+01
1.162013427734375000e+03
4.883083496093750000e+02
4.473812866210937500e+02
6.774855957031250000e+02
6.651813030242919922e+00
4.838579654693603516e+00
8.074603080749511719e-01
1.445300674438476562e+01
1.367794418334960938e+01
6.322342395782470703e+00
2.224074125289916992e+00
3.462297916412353516e+00
1.326942086219787598e+00
1.370128784179687500e+02
3.651012802124023438e+01
5.497792816162109375e+01
2.483535919189453125e+02
1.061099338531494141e+01
5.154481887817382812e+01
2.271595191955566406e+01
1.347600173950195312e+01
5.117331743240356445e-01
5.197891601562500000e+03
1.030940429687500000e+03
6.012553405761718750e+01
1.258742980957031250e+02
6.519954681396484375e+01
6.174020385742187500e+02
4.267168045043945312e+01
1.001448726654052734e+01
2.376045989990234375e+01
1.623387694358825684e+00
5.484684753417968750e+01
9.577783813476562500e+02
4.535708236694335938e+01
6.943949699401855469e+00
4.409107685089111328e+00
1.160510025024414062e+02
9.851925048828125000e+02
5.822802734375000000e+01
1.217960739135742188e+01
1.793097496032714844e+01
1.202723905444145203e-01
9.298005700111389160e-02
2.577295112609863281e+01
1.688668060302734375e+01
4.939062595367431641e+00
1.530471706390380859e+01
1.238498382568359375e+02
3.957549285888671875e+01
8.086674499511718750e+01
3.746665000915527344e+00
1.790238499641418457e+00
6.931445121765136719e+00
1.653328895568847656e+01
8.920208129882812500e+02
1.944797277450561523e+00
7.460245513916015625e+01
6.298435926437377930e-01
7.543526172637939453e+00
2.990553081035614014e-01
1.428707027435302734e+01
2.831137451171875000e+03
2.045004296875000000e+04
4.233177185058593750e+00
9.022068786621093750e+01
4.214440536499023438e+01
4.886370658874511719e+00
1.064942855834960938e+02
3.589937744140625000e+02
3.210727930068969727e+00
3.383773088455200195e+00
1.326804924011230469e+01
9.051461029052734375e+01
1.885963821411132812e+01
5.380205631256103516e+00
2.742851257324218750e+02
9.509926147460937500e+02
9.615755081176757812e+00
3.269475936889648438e+00
3.357123374938964844e+00
1.627620697021484375e+02
2.503108263015747070e+00
1.355720424652099609e+01
2.358519744873046875e+02
2.558824157714843750e+01
4.433294372558593750e+02
9.500888061523437500e+02
1.507636260986328125e+02
1.558980107307434082e+00
3.399285888671875000e+01
