5.539597570896148682e-02
3.464708626270294189e-01
3.051266372203826904e-01
1.239715982228517532e-02
4.501908421516418457e-01
5.555239319801330566e-01
1.575089246034622192e-01
2.189682237803936005e-02
3.373800814151763916e-01
1.586842983961105347e-01
5.561563968658447266e-01
1.223031133413314819e-01
8.285546302795410156e-02
2.783175185322761536e-02
6.632534414529800415e-02
1.392233073711395264e-01
3.917780891060829163e-02
8.537072688341140747e-02
4.658491536974906921e-02
4.347842559218406677e-02
5.811442062258720398e-02
1.671996526420116425e-02
7.224843502044677734e-01
6.903481483459472656e-02
7.461532592773437500e+00
3.657555580139160156e-02
6.887581944465637207e-02
2.396319806575775146e-01
2.189798116683959961e+00
1.392707705497741699e+00
1.112886797636747360e-02
4.040623083710670471e-03
3.554658889770507812e-01
6.873103976249694824e-01
1.257114857435226440e-02
6.424880027770996094e-01
3.876671195030212402e-02
1.967857033014297485e-02
1.626789420843124390e-01
1.302175521850585938e-01
2.563354015350341797e+00
3.265188038349151611e-01
1.099783107638359070e-01
3.655301094055175781e+00
5.996980071067810059e-01
6.732675433158874512e-01
8.002244681119918823e-02
7.802627682685852051e-01
1.212894078344106674e-02
1.510300874710083008e+00
2.430936098098754883e-01
3.934352844953536987e-02
1.309958219528198242e+00
3.015007972717285156e-01
1.690158247947692871e-02
2.359708398580551147e-02
1.935368217527866364e-02
3.616971969604492188e-01
4.197324067354202271e-02
7.265551090240478516e+00
5.530017241835594177e-02
3.512361764907836914e+00
8.585575222969055176e-02
6.394853442907333374e-02
3.636708855628967285e-01
7.739414572715759277e-01
3.643278479576110840e-01
1.629758030176162720e-01
5.128270626068115234e+00
1.961150884628295898e+00
7.929272251203656197e-04
1.110513806343078613e+00
2.129366993904113770e-02
2.871118545532226562e+00
5.673320293426513672e-01
3.379823863506317139e-01
2.805734984576702118e-02
2.373171970248222351e-02
1.054166927933692932e-01
1.230326294898986816e-01
5.989019274711608887e-01
4.100536927580833435e-02
9.290385246276855469e-02
7.236321456730365753e-03
2.789486758410930634e-02
1.542079914361238480e-02
1.622359966859221458e-03
5.241964012384414673e-02
1.592419862747192383e+00
3.666051197797060013e-03
3.257831931114196777e-02
1.658070236444473267e-01
7.751636207103729248e-02
1.183000579476356506e-01
8.582109957933425903e-02
9.321522116661071777e-01
1.628498733043670654e-01
1.691012501716613770e+00
4.342668876051902771e-02
2.675097584724426270e-01
4.553388059139251709e-01
4.212309792637825012e-02
2.405625954270362854e-02
1.412388086318969727e-01
1.217352449893951416e-01
4.429934918880462646e-01
1.637282967567443848e-01
3.870150744915008545e-01
1.943480491638183594e+00
2.111408859491348267e-01
2.860266901552677155e-02
3.828368186950683594e-01
6.271610856056213379e-01
6.528906226158142090e-01
3.616980612277984619e-01
1.340587139129638672e-01
2.648826539516448975e-01
4.710004106163978577e-02
5.243491381406784058e-03
9.095745533704757690e-02
1.896945387125015259e-02
1.118131637573242188e+01
1.171953678131103516e+00
1.645245671272277832e+00
4.516037646681070328e-03
3.666901588439941406e-02
2.216814458370208740e-02
4.771804437041282654e-03
2.247984409332275391e-01
1.023923978209495544e-01
1.188719391822814941e+00
4.834930896759033203e-01
8.972378447651863098e-03
1.421734504401683807e-02
4.869141429662704468e-02
1.548057887703180313e-02
5.147365853190422058e-02
9.191457033157348633e-01
1.130054146051406860e-01
1.240356922149658203e+00
1.549533903598785400e-01
1.274051815271377563e-01
9.279950141906738281e+00
1.556477546691894531e+00
2.467288494110107422e+00
1.622033864259719849e-01
3.902095258235931396e-01
2.061100304126739502e-01
2.718415558338165283e-01
5.041867494583129883e-02
3.484455868601799011e-02
2.072917461395263672e+00
3.246616125106811523e-01
8.780729025602340698e-02
3.597765266895294189e-01
1.187176629900932312e-01
4.727169126272201538e-02
1.399329900741577148e-01
6.915124598890542984e-03
6.942768581211566925e-03
7.735954523086547852e-01
9.389414638280868530e-02
2.297758460044860840e-01
1.777533143758773804e-01
1.626748204231262207e+00
2.320453524589538574e-01
5.510810613632202148e-01
3.052493035793304443e-01
6.617818832397460938e+00
6.152612622827291489e-03
3.843130171298980713e-01
1.861057877540588379e-01
2.344705164432525635e-02
1.009328439831733704e-01
3.645318150520324707e-01
1.250528693199157715e+00
1.351341903209686279e-01
1.429650634527206421e-01
1.328917741775512695e-01
2.077310085296630859e+00
2.276148945093154907e-01
4.177959561347961426e-01
2.560863792896270752e-01
6.826958805322647095e-02
1.874305605888366699e+00
2.631028592586517334e-01
3.240037858486175537e-01
1.585020869970321655e-01
3.396582603454589844e-01
1.883198469877243042e-01
6.803568601608276367e-01
1.659331619739532471e-01
1.797647029161453247e-02
1.350267231464385986e-01
2.664137780666351318e-01
5.971205607056617737e-02
2.733883261680603027e-01
1.087185889482498169e-01
8.627442643046379089e-03
3.834948539733886719e-01
3.759375959634780884e-02
2.079214304685592651e-01
2.339459657669067383e-01
6.555408239364624023e-02
3.261928856372833252e-01
2.227637544274330139e-02
7.282979786396026611e-02
1.534911918640136719e+01
2.090818621218204498e-02
1.600704900920391083e-02
5.961174517869949341e-02
1.159225404262542725e-01
8.254391141235828400e-03
3.091273903846740723e-01
3.160682916641235352e-01
4.906643331050872803e-01
4.792460501194000244e-01
3.373929858207702637e-02
8.315546438097953796e-03
2.647610187530517578e+00
1.417659521102905273e+00
3.186764940619468689e-02
3.460606187582015991e-02
7.247957587242126465e-02
1.438587438315153122e-03
4.999727308750152588e-01
2.998029999434947968e-02
1.951352238655090332e+00
2.885470390319824219e-01
4.099031910300254822e-02
4.465597122907638550e-02
9.585247933864593506e-02
2.314052730798721313e-02
2.678534984588623047e-01
6.241796165704727173e-02
9.128448963165283203e-01
1.665927767753601074e-01
5.693805404007434845e-03
3.810285329818725586e-01
4.496137052774429321e-02
3.149276673793792725e-01
1.865195855498313904e-02
5.229252949357032776e-02
4.398626834154129028e-02
1.701806932687759399e-01
1.406175494194030762e-01
3.612445294857025146e-01
7.120613008737564087e-02
1.487141400575637817e-01
3.420043289661407471e-01
1.415516585111618042e-01
6.945567131042480469e-01
1.085728313773870468e-02
1.030524969100952148e+00
2.141648828983306885e-01
1.621514111757278442e-01
2.767202377319335938e+00
5.463231354951858521e-02
2.545929551124572754e-01
7.434120774269104004e-02
8.399725705385208130e-02
2.075242809951305389e-02
2.722936868667602539e-01
1.542107909917831421e-01
5.196148529648780823e-02
6.424562931060791016e-01
2.935954183340072632e-02
1.676439762115478516e+00
5.085045937448740005e-03
1.044647470116615295e-01
5.290873527526855469e+00
2.432795912027359009e-01
1.694552898406982422e-01
1.704672165215015411e-02
5.458174273371696472e-03
6.532115489244461060e-02
8.130114525556564331e-02
8.725748956203460693e-02
4.536103829741477966e-02
5.082898139953613281e-01
1.271998405456542969e+00
3.101983368396759033e-01
1.019575670361518860e-01
2.580294013023376465e-02
8.821623399853706360e-03
7.526782155036926270e-02
3.702030420303344727e+00
9.982296228408813477e-01
3.542009368538856506e-02
2.441661059856414795e-01
2.678851038217544556e-02
1.570803299546241760e-02
3.113919794559478760e-01
3.070346266031265259e-02
3.198246285319328308e-02
2.327713556587696075e-02
5.370848253369331360e-02
5.998762324452400208e-02
6.688538193702697754e-01
2.956824004650115967e-01
1.323353648185729980e+00
4.620016515254974365e-01
2.815683186054229736e-01
3.888009786605834961e+00
3.664507269859313965e-01
1.077854111790657043e-01
3.368186578154563904e-02
1.608768701553344727e-01
4.251062273979187012e-01
5.002946853637695312e-01
1.815721273422241211e+00
5.626512765884399414e-01
8.203734755516052246e-01
9.174687862396240234e-01
5.200125649571418762e-02
1.899112164974212646e-01
1.311867777258157730e-02
1.371717572212219238e+00
9.070505388081073761e-03
4.581470414996147156e-02
1.743357181549072266e-01
3.205645084381103516e-02
8.149455785751342773e-01
3.379324674606323242e+00
1.109822466969490051e-01
2.326731204986572266e+00
4.161618277430534363e-02
8.779288828372955322e-02
8.474282920360565186e-02
1.397308520972728729e-02
5.404577124863862991e-03
5.228755474090576172e+00
1.464792340993881226e-01
1.631721109151840210e-01
4.122099652886390686e-02
1.258375197649002075e-01
1.462158262729644775e-01
4.384090751409530640e-02
1.539926677942276001e-01
9.152621626853942871e-01
2.497787028551101685e-01
2.485986426472663879e-02
3.291785344481468201e-02
4.041081905364990234e+00
1.644563674926757812e-02
1.708482205867767334e-02
2.149966716766357422e+00
2.204445600509643555e-01
3.344248831272125244e-01
3.999853730201721191e-01
2.085077464580535889e-01
3.973550722002983093e-02
2.644961932674050331e-03
5.454060062766075134e-02
1.933268904685974121e-01
1.703149639070034027e-02
2.896980196237564087e-02
6.742342710494995117e-01
7.417129278182983398e-01
1.650933027267456055e-01
2.148255556821823120e-01
7.244110107421875000e-02
1.352927237749099731e-01
5.423660948872566223e-02
6.263917684555053711e-01
1.503223478794097900e-01
1.649516075849533081e-01
2.498334459960460663e-02
5.758342146873474121e-01
3.273685229942202568e-03
2.614723443984985352e-01
2.765267156064510345e-02
2.548808813095092773e+00
1.502602398395538330e-01
4.910096824169158936e-01
1.250070892274379730e-02
9.448216110467910767e-02
3.312245011329650879e-01
1.069305837154388428e-01
1.018977072089910507e-02
1.562384217977523804e-01
2.341483533382415771e-02
1.633665800094604492e+00
9.913240075111389160e-01
1.626447290182113647e-01
1.300224900245666504e+00
1.225692844390869141e+01
5.414767935872077942e-02
5.773530155420303345e-02
3.958846442401409149e-03
1.376768350601196289e-01
4.513479173183441162e-01
1.563011854887008667e-01
1.449416732788085938e+01
1.532382983714342117e-02
3.769568204879760742e+00
4.001040160655975342e-01
3.254144191741943359e-01
2.923622541129589081e-02
5.157943442463874817e-02
1.152909636497497559e+00
3.548094940185546875e+01
3.339776229858398438e+01
9.012972116470336914e-01
1.597779083251953125e+01
5.935977458953857422e+00
2.477906990051269531e+01
2.374051094055175781e+00
4.785215377807617188e+01
1.330040454864501953e+00
4.175582504272460938e+01
9.908605575561523438e+00
2.872087240219116211e+00
4.467132389545440674e-01
5.922209262847900391e+00
5.087742233276367188e+01
5.502847194671630859e+00
1.680586242675781250e+01
2.607933425903320312e+01
1.547322988510131836e+00
2.256599187850952148e+00
7.041282653808593750e-01
7.761674880981445312e+00
6.603435516357421875e+00
5.577959442138671875e+01
1.313210129737854004e+00
7.124262332916259766e+00
1.484199142456054688e+01
2.332109527587890625e+02
2.668744659423828125e+01
2.189898490905761719e+00
1.487411737442016602e+00
3.922127485275268555e+00
1.283350982666015625e+02
6.274660229682922363e-01
2.253567695617675781e+01
7.479192018508911133e-01
4.353624880313873291e-01
2.325968742370605469e+00
7.669143676757812500e+00
2.774797973632812500e+02
6.427192211151123047e+00
1.093778491020202637e+00
2.645643234252929688e+01
5.994198799133300781e+00
5.433925628662109375e+01
1.755262756347656250e+01
1.224932670593261719e+01
1.534515619277954102e+00
5.287052154541015625e+01
1.570508384704589844e+01
3.256658315658569336e+00
1.883751487731933594e+01
4.205288696289062500e+01
4.570784568786621094e+00
4.345277249813079834e-01
6.757403612136840820e-01
1.061381697654724121e+00
1.060341238975524902e+00
4.730120086669921875e+01
1.381133937835693359e+01
7.410446166992187500e+01
1.337150216102600098e+00
3.775528669357299805e+00
1.257886886596679688e+00
2.647000503540039062e+01
4.000966072082519531e+00
7.125526428222656250e+01
7.917588043212890625e+01
1.253191833496093750e+02
3.781882300972938538e-02
1.801024818420410156e+01
9.865106344223022461e-01
7.540795135498046875e+01
3.518106460571289062e+01
5.309155464172363281e+00
1.409125804901123047e+00
8.899786472320556641e-01
1.091437435150146484e+01
8.878652572631835938e+00
9.216456413269042969e+00
1.137248396873474121e+00
3.843985795974731445e+00
2.422168970108032227e+00
3.469393253326416016e+00
1.738756656646728516e+00
9.074900150299072266e-01
7.227117538452148438e+00
1.355119323730468750e+01
4.604936540126800537e-01
2.316106319427490234e+00
1.767425727844238281e+01
2.000192260742187500e+01
4.298593044281005859e+00
6.038586616516113281e+00
2.055405426025390625e+01
1.616043448448181152e+00
1.905004882812500000e+02
1.894122362136840820e+00
7.694467544555664062e+00
8.074591159820556641e-01
1.053422570228576660e+00
3.242838978767395020e-01
7.485512542724609375e+01
1.013207340240478516e+01
1.375698852539062500e+01
1.897184848785400391e+00
1.199430847167968750e+02
1.051825942993164062e+02
1.496821045875549316e+00
3.297520279884338379e-01
1.263473987579345703e+01
1.096306610107421875e+01
6.627139568328857422e+00
1.000062751770019531e+01
3.730424404144287109e+00
5.896178245544433594e+00
1.824463129043579102e+00
1.602725625038146973e+00
7.612198352813720703e+00
5.094104290008544922e+00
5.895830078125000000e+02
3.209575500488281250e+02
2.600571441650390625e+01
1.582722663879394531e+00
2.118144607543945312e+01
6.823735713958740234e+00
2.238352775573730469e+00
8.646392822265625000e+01
1.027757549285888672e+01
4.303649902343750000e+00
1.523596954345703125e+01
1.698734313249588013e-01
8.272666335105895996e-01
9.455359578132629395e-01
6.796700358390808105e-01
2.891890764236450195e+00
2.792520141601562500e+01
1.724433326721191406e+01
3.121693229675292969e+01
6.567971801757812500e+01
9.796698093414306641e-01
1.007521743774414062e+02
3.075451660156250000e+01
3.907188415527343750e+01
9.361813545227050781e+00
8.049415588378906250e+01
4.713463783264160156e+00
1.296726703643798828e+01
8.869719505310058594e+00
2.474164485931396484e+00
1.062615585327148438e+02
4.546508789062500000e+00
1.455007314682006836e+00
2.764169120788574219e+01
4.063117504119873047e+00
1.079580068588256836e+00
3.325726509094238281e+00
1.026329159736633301e+00
1.060235977172851562e+00
4.935749053955078125e+01
2.478063583374023438e+01
2.343556404113769531e+01
3.209968805313110352e+00
1.281534385681152344e+01
1.871562957763671875e+00
7.694832801818847656e+00
1.463905811309814453e+01
2.856156005859375000e+02
4.094490110874176025e-01
1.399685668945312500e+01
2.490428733825683594e+01
2.804949283599853516e+00
2.050133228302001953e+00
9.703672027587890625e+01
1.423877906799316406e+01
3.997406482696533203e+00
1.322760105133056641e+01
7.260901451110839844e+00
3.766278839111328125e+01
1.258010029792785645e+00
4.123776245117187500e+01
2.174905014038085938e+01
9.642946720123291016e-02
8.119231414794921875e+01
2.354954528808593750e+01
1.385808348655700684e+00
2.967383861541748047e+00
6.202835464477539062e+01
1.214678859710693359e+01
1.434566855430603027e+00
5.720766067504882812e+00
1.277807950973510742e+00
1.145601272583007812e+01
1.631438636779785156e+01
4.536229372024536133e-01
2.462949275970458984e+00
1.358527779579162598e+00
1.369215726852416992e+00
3.449871301651000977e+00
1.347824096679687500e+01
3.739032983779907227e+00
7.580167770385742188e+00
3.912803411483764648e+00
2.695003700256347656e+01
2.591416835784912109e-01
4.224712371826171875e+00
8.982293701171875000e+01
6.879764556884765625e+00
9.074968338012695312e+00
5.324602127075195312e+00
5.501227378845214844e+00
5.213176608085632324e-01
2.273418807983398438e+01
2.954868555068969727e+00
1.359350299835205078e+01
1.222865462303161621e+00
1.598847198486328125e+01
4.939467906951904297e-01
3.897471237182617188e+01
1.695652618408203125e+02
7.798136472702026367e-01
7.359262108802795410e-01
1.549877548217773438e+01
8.880632519721984863e-01
2.054771881103515625e+02
2.424233913421630859e+00
9.066598892211914062e+00
1.299914121627807617e+00
2.758346557617187500e+00
5.198843479156494141e-01
1.097301292419433594e+01
9.499549865722656250e-01
4.697872924804687500e+01
1.733409643173217773e+00
1.371158790588378906e+01
5.243127346038818359e-01
5.867479443550109863e-01
1.293530344963073730e+00
2.241481065750122070e+00
1.316762828826904297e+01
3.159920692443847656e+00
2.020736217498779297e+00
2.684740066528320312e+00
1.963763618469238281e+01
9.181525230407714844e+00
1.623360443115234375e+01
6.031475663185119629e-01
2.885076713562011719e+01
2.522838115692138672e+00
2.340852499008178711e+00
6.637564659118652344e+00
9.881105422973632812e-01
4.232870864868164062e+01
9.947383880615234375e+00
5.139051914215087891e+00
1.700746345520019531e+01
1.886435866355895996e+00
2.663904905319213867e+00
2.370847320556640625e+01
3.679431533813476562e+01
6.930334568023681641e+00
8.007379531860351562e+00
1.408927536010742188e+01
1.692111968994140625e+01
1.869193267822265625e+01
3.342244720458984375e+01
7.872885131835937500e+01
5.784286260604858398e-01
1.185164833068847656e+01
1.181574935913085938e+02
2.740412330627441406e+01
5.165125656127929688e+01
7.240152955055236816e-01
6.960087418556213379e-01
7.337414741516113281e+00
2.508068084716796875e+00
9.408177375793457031e+00
6.740994930267333984e+00
3.055547237396240234e+00
9.809804916381835938e+00
5.296384334564208984e+00
4.305799961090087891e+00
1.231483817100524902e+00
3.674858808517456055e-01
2.833278894424438477e+00
6.406240844726562500e+01
1.373401260375976562e+01
3.607290506362915039e+00
3.223561048507690430e+00
4.130773067474365234e+00
2.672795534133911133e+00
1.509687194824218750e+02
2.632566928863525391e+00
4.087138652801513672e+00
2.376098155975341797e+00
8.042618751525878906e+00
1.397679519653320312e+01
2.059792280197143555e+00
1.342991733551025391e+01
3.340454864501953125e+01
2.697319793701171875e+01
3.468149662017822266e+00
4.031459045410156250e+01
6.488254547119140625e+00
5.715489864349365234e+00
3.099458122253417969e+01
3.457714557647705078e+00
1.181261730194091797e+01
5.621544265747070312e+01
4.860976028442382812e+01
8.076612854003906250e+01
1.460759277343750000e+02
5.063780307769775391e+00
1.307574629783630371e+00
9.007578492164611816e-01
9.108214974403381348e-01
7.273359298706054688e+00
1.216623187065124512e+00
6.161363720893859863e-01
1.570265531539916992e+00
6.271656751632690430e-01
2.273427581787109375e+02
1.843663978576660156e+01
5.073216629028320312e+01
2.485198402404785156e+01
1.650320649147033691e+00
1.718796539306640625e+01
7.925587654113769531e+00
3.623082876205444336e+00
9.560772180557250977e-01
1.156765823364257812e+02
5.388100433349609375e+01
5.010108947753906250e+00
8.610264778137207031e+00
3.371193313598632812e+01
1.113657760620117188e+02
5.493902206420898438e+00
8.429563641548156738e-01
1.618205451965332031e+01
1.253786921501159668e+00
5.180032253265380859e+00
6.607278823852539062e+00
4.149144363403320312e+01
1.033826351165771484e+00
2.805147171020507812e+00
8.969886016845703125e+01
2.108781433105468750e+01
2.073338508605957031e+01
9.244326591491699219e+00
7.694564819335937500e+00
2.575728595256805420e-01
1.695648133754730225e-01
1.036968803405761719e+01
5.567227363586425781e+00
1.487937688827514648e+00
7.343496322631835938e+00
8.555856323242187500e+01
1.432597961425781250e+02
1.034926509857177734e+01
4.043258666992187500e+00
2.615865230560302734e+00
6.146639347076416016e+00
6.104649543762207031e+00
2.356810951232910156e+01
2.582321882247924805e+00
1.806661224365234375e+01
9.232476353645324707e-01
4.150566577911376953e+00
2.217264026403427124e-01
4.223618030548095703e+00
1.801566696166992188e+01
1.297959960937500000e+03
4.120143890380859375e+00
9.721696853637695312e+00
1.218807458877563477e+00
2.783856868743896484e+00
4.217667388916015625e+01
3.197085380554199219e+01
3.919719159603118896e-01
1.570967793464660645e+00
3.389077663421630859e+00
2.834608268737792969e+01
4.650785827636718750e+01
1.933350920677185059e+00
2.694112586975097656e+01
1.485570373535156250e+02
1.972078204154968262e+00
4.087162971496582031e+00
2.611696958541870117e+00
1.201586341857910156e+01
6.762608528137207031e+00
9.891962051391601562e+00
6.926851196289062500e+02
5.076013088226318359e+00
2.673730087280273438e+01
2.573720703125000000e+02
5.303453063964843750e+01
3.158143997192382812e+00
3.417350006103515625e+01
