1.664234139025211334e-02
9.165915101766586304e-02
4.186072852462530136e-03
1.010916195809841156e-03
2.217225171625614166e-02
3.240431547164916992e+00
9.945061989128589630e-03
2.830080222338438034e-03
4.025405738502740860e-03
3.736709952354431152e-01
4.289088305085897446e-03
1.111766044050455093e-02
3.401547297835350037e-02
1.152903307229280472e-02
1.167228328995406628e-03
1.062319055199623108e-02
2.488227095454931259e-03
2.639735583215951920e-03
1.611723192036151886e-02
4.567461146507412195e-04
1.007703691720962524e-01
1.800154335796833038e-02
1.751152575016021729e-01
3.586018458008766174e-02
6.617839336395263672e-01
1.303093880414962769e-02
2.947722002863883972e-02
1.794979721307754517e-02
5.242523923516273499e-02
6.025149226188659668e-01
4.358075384516268969e-04
1.078851564670912921e-04
4.839863628149032593e-03
1.759290136396884918e-02
4.367009177803993225e-02
5.487263668328523636e-03
5.171834491193294525e-03
4.540740046650171280e-04
5.829324945807456970e-03
4.084012936800718307e-03
1.713153272867202759e-01
4.730224609375000000e-02
1.403918373398482800e-03
1.256489658355712891e+01
1.250889599323272705e-01
6.109386309981346130e-02
3.713585203513503075e-03
2.148513495922088623e-01
2.920747967436909676e-03
8.781241253018379211e-03
1.187128201127052307e-01
2.210884913802146912e-02
7.933363318443298340e-02
2.505607903003692627e-02
3.485713677946478128e-04
1.365973148494958878e-03
4.070681519806385040e-03
9.353905916213989258e-03
1.827144809067249298e-02
4.727317333221435547e+00
1.192014571279287338e-02
1.008769607543945312e+01
8.182484656572341919e-03
3.094195621088147163e-03
1.036581173539161682e-01
1.257796585559844971e-02
1.010825857520103455e-01
6.992181763052940369e-03
4.832547008991241455e-01
3.743146657943725586e-01
1.151025717263109982e-04
1.115370750427246094e+00
5.454029887914657593e-04
1.797446608543395996e-02
5.959538742899894714e-02
3.484278172254562378e-02
4.710071254521608353e-03
3.071883879601955414e-02
3.342391178011894226e-02
9.750330820679664612e-03
5.074833706021308899e-02
1.504364330321550369e-02
1.186499744653701782e-02
2.361391088925302029e-04
2.438484923914074898e-03
1.172705669887363911e-03
2.643781408551149070e-05
3.392361477017402649e-02
5.899038314819335938e-01
8.092108764685690403e-04
5.052082240581512451e-03
7.280116900801658630e-03
1.099228626117110252e-03
7.202521711587905884e-02
3.366999735590070486e-04
4.384045004844665527e-01
3.476574420928955078e-01
3.979154676198959351e-02
1.172979129478335381e-03
4.512465745210647583e-02
1.327797174453735352e+00
4.357456415891647339e-02
7.204710855148732662e-04
1.257462613284587860e-02
9.158479049801826477e-03
3.685089945793151855e-01
6.804600358009338379e-02
1.047957967966794968e-02
2.216449193656444550e-02
6.563069671392440796e-02
1.174216493964195251e-01
2.696746885776519775e-01
2.944585122168064117e-02
4.433848708868026733e-02
9.769747033715248108e-03
2.653877250850200653e-02
5.485359206795692444e-02
4.431224428117275238e-03
2.184016164392232895e-03
5.121918767690658569e-02
5.911246989853680134e-04
6.271302223205566406e+00
3.692127168178558350e-01
2.562792897224426270e-01
1.193607095046900213e-04
1.457391083240509033e-01
1.004659477621316910e-02
6.046870257705450058e-04
4.473054781556129456e-02
4.405268281698226929e-02
1.312285661697387695e+00
4.582966119050979614e-02
2.831411082297563553e-03
9.034470422193408012e-04
2.348696626722812653e-02
2.006297372281551361e-02
3.876047208905220032e-02
1.793217778205871582e+00
1.053126901388168335e-01
3.615275323390960693e-01
1.409262698143720627e-02
8.445465937256813049e-03
4.855016171932220459e-01
4.911840260028839111e-01
1.881312561035156250e+01
2.217211388051509857e-02
2.535537779331207275e-01
5.256243515759706497e-03
3.549694642424583435e-02
7.247461471706628799e-03
1.367727108299732208e-02
5.537813529372215271e-02
5.410366132855415344e-02
1.173173822462558746e-02
4.897990077733993530e-02
7.030840963125228882e-03
1.151802670210599899e-02
2.613350190222263336e-02
2.032469958066940308e-03
3.579525742679834366e-03
2.829481102526187897e-02
3.025125479325652122e-04
1.228151097893714905e-01
2.999322414398193359e-01
2.599431872367858887e-01
8.628773689270019531e-02
1.082488372921943665e-01
1.444190293550491333e-01
8.722063302993774414e-01
1.819981407606974244e-04
1.441303733736276627e-02
9.851968288421630859e-02
6.836004467913880944e-05
1.073306426405906677e-02
3.421326354146003723e-02
1.190193772315979004e+00
1.465313229709863663e-02
7.853777147829532623e-03
1.059777196496725082e-02
5.736118182539939880e-02
3.342292085289955139e-02
2.539826370775699615e-02
1.145233064889907837e-01
2.253567986190319061e-02
1.340894818305969238e+00
7.923429831862449646e-03
4.794013220816850662e-03
4.877530410885810852e-02
1.813469082117080688e-01
1.969374530017375946e-02
9.147999435663223267e-02
2.189345471560955048e-02
2.169516956200823188e-04
6.108743697404861450e-02
2.597574293613433838e-01
1.155829429626464844e-02
1.593521386384963989e-01
4.321173205971717834e-02
2.824818016961216927e-03
1.623690314590930939e-02
1.986490096896886826e-03
1.967421174049377441e-02
8.772658184170722961e-03
1.550393737852573395e-02
6.961120292544364929e-03
1.646636752411723137e-03
1.539299786090850830e-01
9.674089431762695312e+00
6.260603666305541992e-03
2.695737872272729874e-03
5.457810126245021820e-03
3.239667788147926331e-02
1.143153713201172650e-04
5.202316641807556152e-01
1.336486637592315674e-02
2.029980421066284180e+00
4.522093012928962708e-02
1.224067527800798416e-02
4.296596162021160126e-04
4.889577925205230713e-01
2.195621728897094727e-01
1.066242996603250504e-02
1.051520346663892269e-03
1.447676401585340500e-02
8.346750109922140837e-05
2.146897278726100922e-02
6.680754013359546661e-04
3.240131855010986328e+00
2.476067543029785156e-01
5.458627361804246902e-03
1.887868531048297882e-02
9.206620976328849792e-03
2.100924961268901825e-02
2.008318901062011719e-03
1.868439912796020508e-01
1.504334900528192520e-02
1.403407305479049683e-01
3.590752137824892998e-03
9.267450869083404541e-02
3.057490976061671972e-04
2.419568412005901337e-02
3.746319189667701721e-02
1.272405385971069336e-01
3.061332041397690773e-03
5.786553956568241119e-03
6.007915362715721130e-03
2.728836052119731903e-02
7.312905043363571167e-02
2.590545453131198883e-02
7.682400196790695190e-02
2.236471511423587799e-02
1.116350412368774414e+00
4.126325438846834004e-05
4.194673150777816772e-02
1.209005154669284821e-02
2.198212891817092896e-01
2.299080371856689453e+00
1.480977796018123627e-02
1.327283494174480438e-02
1.730728745460510254e-01
2.400454133749008179e-03
3.914721019100397825e-04
6.539755463600158691e-01
1.961245387792587280e-02
2.704846207052469254e-03
1.403742376714944839e-02
1.015610061585903168e-02
1.139241933822631836e+00
6.699403282254934311e-03
5.847509950399398804e-03
1.188856482505798340e+00
2.730324491858482361e-02
5.133161544799804688e-01
2.327671740204095840e-03
1.189169706776738167e-03
1.119860820472240448e-02
4.584406502544879913e-03
8.447543717920780182e-03
2.089560180902481079e-01
1.193968296051025391e+00
1.025206148624420166e-01
5.850538611412048340e-03
4.059769678860902786e-03
9.372273460030555725e-03
1.448468974558636546e-04
2.523286733776330948e-03
2.911204576492309570e+00
8.943256735801696777e-01
3.313233028165996075e-04
4.240895062685012817e-02
7.974489592015743256e-03
8.015008643269538879e-04
5.293985083699226379e-02
1.520997378975152969e-02
6.977090961299836636e-04
1.537077594548463821e-02
1.317663118243217468e-02
4.175251349806785583e-02
1.764356374740600586e+00
3.392567113041877747e-02
3.387551605701446533e-01
6.236762404441833496e-01
6.806920468807220459e-02
6.663904190063476562e-01
1.451135873794555664e+00
4.560527391731739044e-03
3.636925294995307922e-02
2.093238197267055511e-02
4.273440223187208176e-03
8.222892880439758301e-02
3.847792744636535645e-01
2.573173120617866516e-02
5.980989430099725723e-03
1.236733719706535339e-01
2.175937406718730927e-03
2.621118351817131042e-02
7.286214968189597130e-04
3.691851198673248291e-01
1.680848887190222740e-03
3.535027150064706802e-03
2.398611605167388916e-01
1.121711567975580692e-03
6.208533886820077896e-03
2.223633974790573120e-02
3.936502151191234589e-03
1.912594139575958252e-01
5.103091243654489517e-03
3.601265139877796173e-03
3.852085210382938385e-03
1.986483577638864517e-03
3.452713601291179657e-03
1.758400499820709229e-01
3.077999455854296684e-03
8.284054696559906006e-03
3.415825543925166130e-03
1.453465782105922699e-02
2.354345051571726799e-03
3.542424645274877548e-03
2.109307609498500824e-02
1.496817767620086670e-01
9.013966191560029984e-04
5.815481999889016151e-04
3.368761390447616577e-03
9.676792025566101074e-01
9.929656516760587692e-04
9.721816517412662506e-03
1.068551465868949890e-01
1.388983521610498428e-02
2.856313623487949371e-02
1.923204027116298676e-02
5.398909375071525574e-02
1.563755720853805542e-01
6.110096728662028909e-05
1.094183791428804398e-02
3.059454029425978661e-03
9.689267608337104321e-04
1.409879047423601151e-02
1.471611671149730682e-02
2.706952020525932312e-02
2.763173915445804596e-02
1.255683042109012604e-02
7.253272924572229385e-04
1.200429163873195648e-02
4.032098688185214996e-03
5.969575792551040649e-02
1.647518761456012726e-02
4.770338162779808044e-02
1.392730628140270710e-03
5.251661315560340881e-02
2.701952180359512568e-04
1.919689476490020752e-01
8.613353967666625977e-02
1.794554479420185089e-02
9.993711486458778381e-03
5.096079707145690918e-01
1.051870407536625862e-03
7.582562044262886047e-03
4.056168720126152039e-03
1.258975081145763397e-02
1.587319932878017426e-02
3.927865996956825256e-02
8.163069142028689384e-04
2.761448860168457031e+00
8.605439215898513794e-02
1.546637527644634247e-02
2.620406866073608398e+00
7.456439495086669922e+00
7.532919757068157196e-03
4.226469609420746565e-04
4.452436405699700117e-04
2.099566906690597534e-02
2.261212561279535294e-03
1.510635390877723694e-02
6.226105213165283203e+00
1.696425315458327532e-04
3.029556989669799805e+00
7.391485571861267090e-02
1.803391613066196442e-02
2.525803865864872932e-04
1.873339409939944744e-03
4.594508647918701172e+00
9.958387756347656250e+01
8.334192657470703125e+01
5.608651638031005859e-01
2.422934150695800781e+01
1.671519875526428223e+00
3.627213134765625000e+02
9.046805381774902344e+00
5.965808868408203125e+01
5.081775665283203125e+00
1.689091796875000000e+02
1.377752017974853516e+01
6.178175735473632812e+01
6.422974467277526855e-01
2.164119720458984375e+01
9.445993804931640625e+01
1.199497756958007812e+02
1.343345031738281250e+02
1.097219467163085938e+02
7.023730278015136719e+00
6.796839141845703125e+01
3.748437643051147461e+00
6.510896205902099609e+00
4.725547027587890625e+01
2.185647726058959961e+00
4.872081577777862549e-01
1.869750366210937500e+02
3.033609619140625000e+02
1.085109497070312500e+03
2.747755126953125000e+02
9.004765510559082031e+00
4.646477222442626953e+00
1.211814594268798828e+01
1.629737701416015625e+02
1.535642242431640625e+01
1.358308124542236328e+01
8.432869911193847656e-01
5.454339459538459778e-02
4.352094650268554688e+00
8.442600250244140625e+01
9.759784545898437500e+02
1.124073505401611328e+01
7.497210502624511719e-01
3.606981506347656250e+02
2.677693557739257812e+01
7.047953796386718750e+01
7.517852783203125000e+01
1.793183898925781250e+01
5.518387556076049805e-01
8.779480590820312500e+02
2.697412414550781250e+02
3.147972488403320312e+01
8.955116271972656250e+00
1.444399166107177734e+01
4.746916770935058594e+00
6.562230587005615234e+00
4.224979877471923828e+00
3.371612131595611572e-01
1.485801219940185547e+01
1.417462768554687500e+03
6.374377441406250000e+02
4.137795715332031250e+02
1.119071960449218750e+01
6.033306121826171875e+01
2.715689659118652344e+00
6.955341339111328125e+01
3.668616104125976562e+01
3.307606445312500000e+03
1.437291717529296875e+02
5.488559341430664062e+01
5.957407876849174500e-02
3.075989990234375000e+02
1.669898629188537598e+00
1.691517791748046875e+02
5.500029087066650391e+00
9.404111862182617188e+00
1.251648068428039551e+00
7.879044055938720703e+00
2.703410339355468750e+02
2.081566047668457031e+01
2.889756584167480469e+01
6.042303562164306641e+00
7.792930126190185547e+00
3.383456420898437500e+01
5.408709526062011719e+00
1.980928421020507812e+01
1.193040758371353149e-01
1.436552429199218750e+01
1.901848602294921875e+01
2.039095640182495117e+00
1.741090393066406250e+01
3.575908660888671875e+01
3.112407493591308594e+01
1.611520767211914062e+01
4.304628372192382812e+01
4.978754882812500000e+02
1.920477271080017090e+00
2.694510803222656250e+02
2.831359207630157471e-01
5.660107421875000000e+02
2.408988475799560547e+00
1.771819114685058594e+01
3.545907735824584961e+00
8.069002532958984375e+01
4.776944351196289062e+01
1.297584991455078125e+02
1.701101303100585938e+00
3.743151123046875000e+03
3.012829284667968750e+02
8.679418563842773438e-01
7.718238830566406250e-01
1.301613037109375000e+03
1.347483520507812500e+02
1.347956061363220215e+00
2.248455810546875000e+01
8.901864624023437500e+01
1.165684509277343750e+02
1.176821613311767578e+01
8.326216125488281250e+01
7.295487880706787109e+00
2.843747253417968750e+02
4.217984375000000000e+03
5.366304931640625000e+02
1.259572143554687500e+02
5.253721714019775391e+00
5.045306091308593750e+02
3.695733261108398438e+01
2.927437067031860352e+00
5.031489257812500000e+02
8.081135559082031250e+01
5.029215393066406250e+02
3.710120010375976562e+01
5.613861680030822754e-01
4.095714569091796875e+01
1.264845132827758789e+00
2.533202648162841797e+00
5.189105272293090820e-01
5.501550903320312500e+02
5.258066406250000000e+02
2.393710784912109375e+02
4.102071762084960938e+01
2.853708505630493164e+00
4.869432373046875000e+02
1.896077919006347656e+01
7.672310180664062500e+02
3.864868164062500000e+01
6.255585327148437500e+02
1.045248031616210938e+00
1.055075454711914062e+02
1.731340454101562500e+03
4.264692366123199463e-01
5.686524047851562500e+02
2.117642211914062500e+01
3.495437204837799072e-01
1.033102188110351562e+02
4.584320831298828125e+01
1.953190922737121582e+00
5.571876168251037598e-01
6.088024616241455078e+00
2.521192312240600586e+00
8.736870727539062500e+02
1.223669128417968750e+02
1.076584930419921875e+02
3.893616104125976562e+01
2.048581085205078125e+02
1.062681427001953125e+02
1.201716766357421875e+02
3.854523925781250000e+02
2.376926025390625000e+03
1.467369747161865234e+01
9.785899162292480469e+00
1.894430908203125000e+03
3.400202035903930664e+00
4.153439521789550781e+00
3.736440429687500000e+02
1.445356845855712891e+01
8.370907783508300781e+00
5.210311126708984375e+01
4.214096546173095703e+00
1.376447582244873047e+01
1.887769699096679688e+01
2.974762535095214844e+01
2.549675445556640625e+02
5.381437778472900391e+00
1.868030664062500000e+04
3.416176557540893555e+00
5.995766520500183105e-01
2.593449020385742188e+01
8.625819091796875000e+02
5.009634399414062500e+01
7.092090129852294922e+00
3.544385070800781250e+02
8.031012535095214844e+00
5.113284301757812500e+01
1.742735900878906250e+02
1.687102556228637695e+00
8.500920104980468750e+01
1.016620159149169922e+00
1.299990272521972656e+01
3.304720640182495117e+00
1.994581031799316406e+01
1.244779205322265625e+01
4.844291210174560547e+00
3.233874130249023438e+01
3.884413528442382812e+01
1.039610147476196289e+00
1.153184432983398438e+02
4.487848205566406250e+02
7.436966419219970703e+00
5.422204208374023438e+01
1.015659809112548828e+01
5.561136722564697266e+00
1.006486058235168457e+00
4.014895751953125000e+03
1.196314430236816406e+01
4.848339233398437500e+02
2.099680662155151367e+00
1.676466674804687500e+02
1.188939213752746582e+00
1.945276031494140625e+02
2.885482177734375000e+03
1.681411266326904297e-01
1.795909523963928223e+00
1.005145507812500000e+03
2.918044090270996094e+00
8.805277099609375000e+02
3.187891721725463867e+00
3.490934753417968750e+01
1.121783351898193359e+01
9.438312530517578125e+00
4.358153417706489563e-02
1.291026496887207031e+01
3.599149942398071289e+00
5.689360961914062500e+02
6.652386474609375000e+01
8.534978866577148438e+00
5.824810981750488281e+00
3.041453361511230469e+01
1.647616386413574219e+01
1.594530105590820312e+00
5.667853393554687500e+02
1.125572128295898438e+02
1.007449150085449219e+01
2.126979827880859375e+01
1.238706283569335938e+02
9.616067504882812500e+01
1.252394943237304688e+02
6.589241623878479004e-01
8.039764648437500000e+03
1.015950489044189453e+01
5.618167877197265625e+01
1.554289627075195312e+01
5.241824984550476074e-01
1.129203491210937500e+03
1.106952972412109375e+02
6.295621991157531738e-01
7.561372680664062500e+02
4.974943542480468750e+01
7.712863922119140625e+00
4.539972656250000000e+03
4.859685134887695312e+01
6.310741806030273438e+01
4.641387939453125000e+01
6.217401733398437500e+02
2.157060546875000000e+02
2.578368835449218750e+02
3.389085388183593750e+01
2.254533447265625000e+03
6.244076490402221680e-01
1.757055091857910156e+01
3.478617858886718750e+02
7.969415187835693359e+00
4.934971618652343750e+02
1.169107675552368164e+00
1.527486801147460938e+00
5.696780014038085938e+01
3.386682033538818359e+00
1.298242187500000000e+01
1.460582427978515625e+02
8.376104831695556641e-01
1.589480209350585938e+01
6.018294811248779297e+00
4.551766395568847656e+00
3.889223861694335938e+01
9.193317890167236328e-01
7.339128851890563965e-01
1.846366729736328125e+02
6.866692504882812500e+02
3.738618612289428711e+00
1.189358215332031250e+02
1.576985931396484375e+01
9.310030937194824219e+00
1.806393920898437500e+03
3.290844917297363281e+00
3.098827819824218750e+02
3.299015426635742188e+01
2.131110191345214844e+01
1.098827880859375000e+03
3.144446182250976562e+01
1.694432830810546875e+02
5.760082397460937500e+02
1.663988342285156250e+02
6.086630630493164062e+01
2.340891113281250000e+02
3.371113586425781250e+01
1.820806860923767090e+00
3.946559906005859375e+01
1.234580612182617188e+01
4.785241127014160156e+00
8.914387207031250000e+02
3.324224243164062500e+02
8.843635253906250000e+02
1.733210449218750000e+02
9.777617454528808594e+00
2.422044038772583008e+00
5.017257928848266602e-01
3.869408798217773438e+01
1.155531406402587891e+01
7.593450069427490234e+00
1.018554091453552246e+00
1.483452701568603516e+01
4.470587968826293945e-01
7.366274261474609375e+01
3.504140090942382812e+01
6.525370025634765625e+01
7.601934814453125000e+01
2.410214424133300781e+01
5.387553405761718750e+01
1.157506847381591797e+01
6.812999248504638672e+00
2.040301710367202759e-01
7.022197753906250000e+03
2.821387207031250000e+03
2.263887329101562500e+02
1.286139526367187500e+02
1.295527343750000000e+02
8.405572509765625000e+02
2.098636817932128906e+01
3.295130538940429688e+01
1.295710849761962891e+01
2.493899583816528320e+00
5.867221069335937500e+01
1.194847045898437500e+03
5.655105590820312500e+01
7.738950252532958984e+00
1.040815258026123047e+01
1.429485626220703125e+02
3.581612548828125000e+02
8.177680206298828125e+01
8.222661972045898438e+00
1.350057029724121094e+01
8.253702521324157715e-02
1.231420636177062988e-01
3.050712203979492188e+01
3.339046859741210938e+01
5.454157352447509766e+00
2.093999671936035156e+01
1.539413146972656250e+02
4.149499511718750000e+01
1.094668197631835938e+02
9.478908538818359375e+00
1.385747909545898438e+00
1.024247074127197266e+01
3.464396667480468750e+01
8.363385009765625000e+02
1.767209053039550781e+00
9.920207214355468750e+01
1.156934499740600586e+00
2.861332178115844727e+00
2.407168000936508179e-01
8.139560699462890625e+00
3.092931884765625000e+03
1.357859082031250000e+04
5.350706100463867188e+00
8.102986907958984375e+01
6.817082977294921875e+01
3.519796609878540039e+00
1.095085830688476562e+02
4.562553405761718750e+02
6.948865413665771484e+00
4.129281997680664062e+00
2.473093271255493164e+00
5.629648208618164062e+01
2.440941047668457031e+01
2.372905731201171875e+01
2.364677276611328125e+02
4.831107177734375000e+02
4.161864280700683594e+00
4.063426017761230469e+00
3.907693147659301758e+00
1.573218688964843750e+02
9.000449180603027344e+00
2.859925460815429688e+01
2.441339111328125000e+02
1.364244461059570312e+01
6.937637329101562500e+02
1.053690429687500000e+03
1.512785186767578125e+02
1.026739835739135742e+00
1.745320510864257812e+01
