3.234415128827095032e-02
1.422848850488662720e-01
1.166854985058307648e-02
1.697588246315717697e-03
4.724591225385665894e-02
5.646721839904785156e+00
2.233769744634628296e-02
4.134456161409616470e-03
8.419490419328212738e-03
5.247477889060974121e-01
5.874064750969409943e-03
1.382143422961235046e-02
7.493193447589874268e-02
9.846315719187259674e-03
1.288798870518803596e-03
1.436191331595182419e-02
4.585941322147846222e-03
3.536127973347902298e-03
3.127132356166839600e-02
5.657386500388383865e-04
2.361585050821304321e-01
2.173871546983718872e-02
4.477069675922393799e-01
8.276612311601638794e-02
7.401190996170043945e-01
1.784938946366310120e-02
5.954082310199737549e-02
1.737465150654315948e-02
1.248369961977005005e-01
1.200326442718505859e+00
4.817076842300593853e-04
1.975736959138885140e-04
1.038208324462175369e-02
2.736542932689189911e-02
1.600681990385055542e-01
7.300982251763343811e-03
8.471731096506118774e-03
8.273751009255647659e-04
1.471912767738103867e-02
6.822975352406501770e-03
3.491104841232299805e-01
6.932020932435989380e-02
2.090647583827376366e-03
1.593483734130859375e+01
2.283814549446105957e-01
6.919077783823013306e-02
4.403049126267433167e-03
3.056612014770507812e-01
5.151445511728525162e-03
1.266965456306934357e-02
2.252462059259414673e-01
2.817778103053569794e-02
1.375000476837158203e-01
2.808519080281257629e-02
5.146908224560320377e-04
1.939485198818147182e-03
7.161714602261781693e-03
1.837072148919105530e-02
3.228640556335449219e-02
9.161139488220214844e+00
1.552383694797754288e-02
1.442590618133544922e+01
1.720574498176574707e-02
3.103253198787570000e-03
1.239125877618789673e-01
1.869862899184226990e-02
2.209292799234390259e-01
7.677234709262847900e-03
5.909233093261718750e-01
5.923300981521606445e-01
2.041916886810213327e-04
1.905964493751525879e+00
1.195856835693120956e-03
2.148872986435890198e-02
1.144780144095420837e-01
6.521467119455337524e-02
8.263354189693927765e-03
4.137010872364044189e-02
5.814416334033012390e-02
1.372501626610755920e-02
6.028173863887786865e-02
2.108780667185783386e-02
1.820127293467521667e-02
3.746682486962527037e-04
3.179338993504643440e-03
1.398572348989546299e-03
3.201212894055061042e-05
4.594027623534202576e-02
1.339956998825073242e+00
1.032022759318351746e-03
7.016743998974561691e-03
1.351864170283079147e-02
1.537603093311190605e-03
1.275888532400131226e-01
4.711380752269178629e-04
6.166172027587890625e-01
5.887576341629028320e-01
6.750397384166717529e-02
2.744512399658560753e-03
7.082197815179824829e-02
1.641890764236450195e+00
5.142898485064506531e-02
1.221067039296030998e-03
1.790878735482692719e-02
1.170584373176097870e-02
6.164652109146118164e-01
9.677494317293167114e-02
1.631521247327327728e-02
4.171706363558769226e-02
7.606503367424011230e-02
1.974328905344009399e-01
5.630487203598022461e-01
6.176169216632843018e-02
7.098703831434249878e-02
1.890850998461246490e-02
4.164534434676170349e-02
9.435834735631942749e-02
5.075842607766389847e-03
2.669125329703092575e-03
1.079214364290237427e-01
5.917281960137188435e-04
7.047297477722167969e+00
7.684692740440368652e-01
4.561347663402557373e-01
2.052813797490671277e-04
2.434320896863937378e-01
1.134066749364137650e-02
1.000091433525085449e-03
6.532702594995498657e-02
8.401492238044738770e-02
2.392749071121215820e+00
9.959709644317626953e-02
4.808583296835422516e-03
1.302510499954223633e-03
4.107262939214706421e-02
3.478762507438659668e-02
8.102396875619888306e-02
2.893900156021118164e+00
1.539399474859237671e-01
6.151341795921325684e-01
4.008112475275993347e-02
1.353910472244024277e-02
8.393622636795043945e-01
7.003833651542663574e-01
2.824662208557128906e+01
2.486665733158588409e-02
3.906489610671997070e-01
5.876762326806783676e-03
7.957062870264053345e-02
1.242568530142307281e-02
2.013127692043781281e-02
7.386399805545806885e-02
8.294153958559036255e-02
1.559168659150600433e-02
9.123439341783523560e-02
1.467007957398891449e-02
9.950094856321811676e-03
3.434707969427108765e-02
2.607144881039857864e-03
4.111269954591989517e-03
4.981655254960060120e-02
3.781807026825845242e-04
2.294609248638153076e-01
7.310800552368164062e-01
2.594541609287261963e-01
1.406502872705459595e-01
1.518926769495010376e-01
1.790526807308197021e-01
1.013727426528930664e+00
2.525040181353688240e-04
3.078715875744819641e-02
9.070905297994613647e-02
9.495107224211096764e-05
1.445674523711204529e-02
5.450728163123130798e-02
1.576577067375183105e+00
2.007620781660079956e-02
1.066635549068450928e-02
1.668182015419006348e-02
1.246294528245925903e-01
8.158946782350540161e-02
3.286392986774444580e-02
3.139415383338928223e-01
2.611896209418773651e-02
2.432586431503295898e+00
1.083612348884344101e-02
8.785517886281013489e-03
7.689268141984939575e-02
3.158430159091949463e-01
2.633403055369853973e-02
1.708657741546630859e-01
2.443661168217658997e-02
4.480865900404751301e-04
1.018452718853950500e-01
4.701450169086456299e-01
1.514681149274110794e-02
1.938336789608001709e-01
7.211867719888687134e-02
3.243995830416679382e-03
3.013986349105834961e-02
4.035595804452896118e-03
3.084139339625835419e-02
1.504636928439140320e-02
2.264511212706565857e-02
1.091608311980962753e-02
1.921934308484196663e-03
2.273489236831665039e-01
1.774293327331542969e+01
9.570892900228500366e-03
4.511427599936723709e-03
1.060880441218614578e-02
4.181989282369613647e-02
2.444388228468596935e-04
6.516124606132507324e-01
2.335298433899879456e-02
2.639661550521850586e+00
5.490653216838836670e-02
1.936070621013641357e-02
6.527316872961819172e-04
8.476449847221374512e-01
2.855080962181091309e-01
2.642603218555450439e-02
1.555487629957497120e-03
2.724150009453296661e-02
1.620170514797791839e-04
2.520348504185676575e-02
7.631825283169746399e-04
5.265236377716064453e+00
3.584319949150085449e-01
9.078822098672389984e-03
2.175148949027061462e-02
1.163685601204633713e-02
3.212616965174674988e-02
2.407445339486002922e-03
3.497290313243865967e-01
1.799867674708366394e-02
2.034219503402709961e-01
4.568648524582386017e-03
6.454791873693466187e-02
5.407789140008389950e-04
2.449437044560909271e-02
8.260955661535263062e-02
1.536011546850204468e-01
2.855457132682204247e-03
1.060771662741899490e-02
7.373375352472066879e-03
4.342565312981605530e-02
9.394320845603942871e-02
3.738125786185264587e-02
1.824721097946166992e-01
4.018608108162879944e-02
1.786720156669616699e+00
4.677309334510937333e-05
4.122237488627433777e-02
1.560369040817022324e-02
2.175308316946029663e-01
3.921556711196899414e+00
1.799550279974937439e-02
2.603246085345745087e-02
2.586136460304260254e-01
2.657684031873941422e-03
7.220776169560849667e-04
1.170041322708129883e+00
2.356943301856517792e-02
3.976021893322467804e-03
2.085227519273757935e-02
1.575510390102863312e-02
2.198808670043945312e+00
1.257746201008558273e-02
1.216134335845708847e-02
1.731539487838745117e+00
4.618538543581962585e-02
5.103608369827270508e-01
3.659841837361454964e-03
1.488614245317876339e-03
3.287502005696296692e-02
6.195093039423227310e-03
1.015523448586463928e-02
2.344653308391571045e-01
2.303545951843261719e+00
1.551755964756011963e-01
1.306728366762399673e-02
4.727038089185953140e-03
1.560083404183387756e-02
2.056966477539390326e-04
4.268750082701444626e-03
5.827619552612304688e+00
1.556215882301330566e+00
4.044541856274008751e-04
7.191159576177597046e-02
1.081054657697677612e-02
1.000839984044432640e-03
6.709039956331253052e-02
1.322776079177856445e-02
9.597128955647349358e-04
1.823577843606472015e-02
2.476590126752853394e-02
6.806979328393936157e-02
2.154065370559692383e+00
5.809400230646133423e-02
4.788895845413208008e-01
1.078426003456115723e+00
8.795958012342453003e-02
9.408789873123168945e-01
2.460702896118164062e+00
4.972367081791162491e-03
6.531419605016708374e-02
2.933364734053611755e-02
5.941280163824558258e-03
1.063487306237220764e-01
7.562155723571777344e-01
2.813412807881832123e-02
5.758914630860090256e-03
1.961248815059661865e-01
2.250386169180274010e-03
4.156941547989845276e-02
8.659900049678981304e-04
7.636395692825317383e-01
2.803987357765436172e-03
3.457689192146062851e-03
5.556386113166809082e-01
2.007333561778068542e-03
9.730762802064418793e-03
3.968057781457901001e-02
9.089898318052291870e-03
2.648713290691375732e-01
9.702615439891815186e-03
3.961790353059768677e-03
8.668932132422924042e-03
2.742657205089926720e-03
5.586593411862850189e-03
3.256818950176239014e-01
3.842714009806513786e-03
1.023736223578453064e-02
4.456376656889915466e-03
2.071775868535041809e-02
3.721266053617000580e-03
6.439346820116043091e-03
3.841941803693771362e-02
4.551607668399810791e-01
1.097859814763069153e-03
7.764191250316798687e-04
5.988052580505609512e-03
2.087615489959716797e+00
1.236597425304353237e-03
1.784299872815608978e-02
1.464618742465972900e-01
1.662747561931610107e-02
5.899701640009880066e-02
3.685799241065979004e-02
7.672028988599777222e-02
2.966442108154296875e-01
7.109974103514105082e-05
1.845266297459602356e-02
4.901187028735876083e-03
1.361454487778246403e-03
1.790362037718296051e-02
2.904776856303215027e-02
5.114428699016571045e-02
4.777316376566886902e-02
1.852332986891269684e-02
1.320729614235460758e-03
1.803147420287132263e-02
6.007677875459194183e-03
7.319211214780807495e-02
3.285483643412590027e-02
5.277483910322189331e-02
1.793060917407274246e-03
8.550728857517242432e-02
3.855536051560193300e-04
2.391110956668853760e-01
1.245187893509864807e-01
4.151248559355735779e-02
1.619680970907211304e-02
5.667381286621093750e-01
8.787520346231758595e-04
1.040730252861976624e-02
5.691202357411384583e-03
2.129411697387695312e-02
1.764123700559139252e-02
7.937557250261306763e-02
1.294905901886522770e-03
4.004194736480712891e+00
1.051751375198364258e-01
2.296289242804050446e-02
3.986572504043579102e+00
1.079717063903808594e+01
1.174638140946626663e-02
7.786120986565947533e-04
5.978206754662096500e-04
3.070516884326934814e-02
6.046665832400321960e-03
1.630734838545322418e-02
6.295002937316894531e+00
3.331867919769138098e-04
6.154666423797607422e+00
1.047486141324043274e-01
3.875479847192764282e-02
3.701701061800122261e-04
1.941026537679135799e-03
6.165065765380859375e+00
1.685799255371093750e+02
2.437900390625000000e+02
1.274638772010803223e+00
5.599441146850585938e+01
5.312964439392089844e+00
1.077599365234375000e+03
1.480452251434326172e+01
1.221690902709960938e+02
6.474636077880859375e+00
3.076161499023437500e+02
2.554465866088867188e+01
1.464661712646484375e+02
1.038351416587829590e+00
3.699583435058593750e+01
1.177853240966796875e+02
2.630020141601562500e+02
2.259486236572265625e+02
2.371510009765625000e+02
1.182374954223632812e+01
1.105729598999023438e+02
5.760537624359130859e+00
1.342310810089111328e+01
1.083062896728515625e+02
4.398128509521484375e+00
1.008470535278320312e+00
8.176081542968750000e+02
3.613656005859375000e+02
2.877031250000000000e+03
4.584162292480468750e+02
1.680460357666015625e+01
9.568587303161621094e+00
3.325756454467773438e+01
5.684011230468750000e+02
5.242904663085937500e+01
3.287661361694335938e+01
1.865589499473571777e+00
1.009908020496368408e-01
8.186033248901367188e+00
1.272646942138671875e+02
1.453768920898437500e+03
1.837774085998535156e+01
1.427358269691467285e+00
5.502130737304687500e+02
5.278408050537109375e+01
1.101247100830078125e+02
1.403516235351562500e+02
3.204688644409179688e+01
1.389645934104919434e+00
1.991614013671875000e+03
7.474677124023437500e+02
8.209162139892578125e+01
2.136198806762695312e+01
1.797904396057128906e+01
6.547801971435546875e+00
1.635255241394042969e+01
9.438780784606933594e+00
7.519018054008483887e-01
1.710192871093750000e+01
3.405426025390625000e+03
1.275724365234375000e+03
8.501317749023437500e+02
2.439552116394042969e+01
8.107095336914062500e+01
2.984916448593139648e+00
2.283766937255859375e+02
7.211036682128906250e+01
7.261182128906250000e+03
2.156448669433593750e+02
1.256234130859375000e+02
1.258581131696701050e-01
8.285830078125000000e+02
5.624690055847167969e+00
3.433072814941406250e+02
1.390526771545410156e+01
2.357417297363281250e+01
3.896585464477539062e+00
1.251156902313232422e+01
4.623536682128906250e+02
3.607152557373046875e+01
4.984920501708984375e+01
1.147476482391357422e+01
2.353825569152832031e+01
4.410663223266601562e+01
7.191923618316650391e+00
2.922580909729003906e+01
2.346972376108169556e-01
2.537299156188964844e+01
4.806859970092773438e+01
2.454117059707641602e+00
5.536636352539062500e+01
9.244934844970703125e+01
3.481572341918945312e+01
2.949242210388183594e+01
1.089482650756835938e+02
1.617021972656250000e+03
3.230829477310180664e+00
5.004751892089843750e+02
7.790966033935546875e-01
1.402165161132812500e+03
4.123306751251220703e+00
1.897601890563964844e+01
6.320599079132080078e+00
1.667948455810546875e+02
7.456557464599609375e+01
3.050021362304687500e+02
3.635682582855224609e+00
6.670877441406250000e+03
8.077009887695312500e+02
1.525006651878356934e+00
1.496222019195556641e+00
3.435331054687500000e+03
3.202118835449218750e+02
2.979819774627685547e+00
5.143483734130859375e+01
2.017242126464843750e+02
2.101363983154296875e+02
2.462848472595214844e+01
1.256616973876953125e+02
1.136081695556640625e+01
4.691460876464843750e+02
5.832131347656250000e+03
1.316535278320312500e+03
2.817859191894531250e+02
1.066662120819091797e+01
1.376820190429687500e+03
6.844087982177734375e+01
2.376635074615478516e+00
6.117838134765625000e+02
1.608616943359375000e+02
1.071777954101562500e+03
1.058224029541015625e+02
8.235338926315307617e-01
1.006914596557617188e+02
4.073621273040771484e+00
3.633134126663208008e+00
9.772236943244934082e-01
9.678316650390625000e+02
8.492922363281250000e+02
4.780776062011718750e+02
9.913818359375000000e+01
5.893472194671630859e+00
1.000870239257812500e+03
4.230003738403320312e+01
1.324210205078125000e+03
6.191266632080078125e+01
1.580659912109375000e+03
1.227623224258422852e+00
3.855941467285156250e+02
3.735776123046875000e+03
9.257162213325500488e-01
1.230657104492187500e+03
3.840373611450195312e+01
5.199124813079833984e-01
1.809588012695312500e+02
1.240076217651367188e+02
2.442498922348022461e+00
1.359178543090820312e+00
9.219483375549316406e+00
4.901161193847656250e+00
1.412929321289062500e+03
1.818115997314453125e+02
1.476942596435546875e+02
8.483022308349609375e+01
3.435288391113281250e+02
2.314533538818359375e+02
2.103992919921875000e+02
3.318143005371093750e+02
9.275968750000000000e+03
4.718883132934570312e+01
1.652146720886230469e+01
3.668193847656250000e+03
9.254582405090332031e+00
5.474236965179443359e+00
7.185197753906250000e+02
2.082498741149902344e+01
1.490261077880859375e+01
1.040065612792968750e+02
6.919058322906494141e+00
2.617387199401855469e+01
3.583191680908203125e+01
7.338160705566406250e+01
6.191437988281250000e+02
1.027924919128417969e+01
3.844126171875000000e+04
5.593059062957763672e+00
1.213891386985778809e+00
5.644841003417968750e+01
1.924507080078125000e+03
1.003791885375976562e+02
2.370604324340820312e+01
6.810263671875000000e+02
1.939798545837402344e+01
1.057966690063476562e+02
4.261305236816406250e+02
2.496054410934448242e+00
1.722817687988281250e+02
2.359382390975952148e+00
2.719938850402832031e+01
6.835526943206787109e+00
1.053535079956054688e+02
3.322220230102539062e+01
8.930133819580078125e+00
4.554253387451171875e+01
6.178145980834960938e+01
2.361729145050048828e+00
2.270210266113281250e+02
7.966000366210937500e+02
1.263467979431152344e+01
1.142630157470703125e+02
2.099307441711425781e+01
1.343959331512451172e+01
1.368500828742980957e+00
7.314497070312500000e+03
1.909573173522949219e+01
1.352888427734375000e+03
4.361078262329101562e+00
2.396937408447265625e+02
1.854779005050659180e+00
3.581812438964843750e+02
5.579959960937500000e+03
5.438092947006225586e-01
3.681035757064819336e+00
3.353458007812500000e+03
5.073702335357666016e+00
1.243514160156250000e+03
5.646940708160400391e+00
5.030300521850585938e+01
2.091813087463378906e+01
1.857678031921386719e+01
4.735249280929565430e-02
2.359363937377929688e+01
6.694520473480224609e+00
1.301754516601562500e+03
1.627852783203125000e+02
1.563530921936035156e+01
8.030391693115234375e+00
3.386346435546875000e+01
3.011946487426757812e+01
3.165766239166259766e+00
1.320058105468750000e+03
1.868970489501953125e+02
1.175558853149414062e+01
3.132615852355957031e+01
2.047680664062500000e+02
2.635898437500000000e+02
2.745719604492187500e+02
1.070515155792236328e+00
1.770105859375000000e+04
2.729103851318359375e+01
1.071641464233398438e+02
2.858540344238281250e+01
9.515292644500732422e-01
1.966599365234375000e+03
2.417263488769531250e+02
1.051306009292602539e+00
1.617664306640625000e+03
7.433464050292968750e+01
2.057327651977539062e+01
9.452635742187500000e+03
7.546471405029296875e+01
1.516620330810546875e+02
7.567169189453125000e+01
1.116024414062500000e+03
5.752786865234375000e+02
6.081075439453125000e+02
1.043805313110351562e+02
7.113102539062500000e+03
1.448471546173095703e+00
4.876959991455078125e+01
7.322418212890625000e+02
1.188706970214843750e+01
6.677166137695312500e+02
1.385563969612121582e+00
3.023142576217651367e+00
1.409288330078125000e+02
6.168054580688476562e+00
2.111810302734375000e+01
3.076660156250000000e+02
1.678858637809753418e+00
2.904874229431152344e+01
2.576109313964843750e+01
7.547894001007080078e+00
7.569326782226562500e+01
1.587919950485229492e+00
1.727162599563598633e+00
2.247870483398437500e+02
1.044789306640625000e+03
8.727615356445312500e+00
1.929135742187500000e+02
2.283217430114746094e+01
1.269899368286132812e+01
3.677423339843750000e+03
3.382368087768554688e+00
7.022388916015625000e+02
8.026032257080078125e+01
4.046630859375000000e+01
1.770699218750000000e+03
7.303514862060546875e+01
2.970188598632812500e+02
1.284122924804687500e+03
2.421200714111328125e+02
7.092384338378906250e+01
4.164182434082031250e+02
7.714777374267578125e+01
3.570923328399658203e+00
8.221925354003906250e+01
3.852398681640625000e+01
4.604147911071777344e+00
1.596438842773437500e+03
7.707824096679687500e+02
1.957323608398437500e+03
2.507662811279296875e+02
2.541616630554199219e+01
3.271672725677490234e+00
9.468125700950622559e-01
5.939320755004882812e+01
2.305840873718261719e+01
1.219637393951416016e+01
1.358088135719299316e+00
3.410613632202148438e+01
5.359378457069396973e-01
1.016969528198242188e+02
4.575323104858398438e+01
1.552448272705078125e+02
1.706188201904296875e+02
6.314254760742187500e+01
8.827646636962890625e+01
2.691387367248535156e+01
1.502161693572998047e+01
3.153817653656005859e-01
1.352166796875000000e+04
2.801876220703125000e+03
3.900562438964843750e+02
2.831049804687500000e+02
3.030956420898437500e+02
1.943063232421875000e+03
3.589900970458984375e+01
8.299475860595703125e+01
2.770887565612792969e+01
3.623103618621826172e+00
1.160205154418945312e+02
1.973171752929687500e+03
1.394118194580078125e+02
9.699048042297363281e+00
3.254056549072265625e+01
2.885541076660156250e+02
5.206896362304687500e+02
1.816902618408203125e+02
1.382994365692138672e+01
1.739691543579101562e+01
2.351403236389160156e-01
1.756424009799957275e-01
5.711203384399414062e+01
5.339871978759765625e+01
9.863090515136718750e+00
4.232577133178710938e+01
4.345128173828125000e+02
1.129611129760742188e+02
2.410492095947265625e+02
1.851171684265136719e+01
2.670384883880615234e+00
2.803935050964355469e+01
1.059824829101562500e+02
1.511653076171875000e+03
4.396455764770507812e+00
2.224900665283203125e+02
1.795683383941650391e+00
6.620416641235351562e+00
4.775016307830810547e-01
8.704237937927246094e+00
7.973000488281250000e+03
3.940758984375000000e+04
1.430919742584228516e+01
1.634626922607421875e+02
9.885099792480468750e+01
5.609151363372802734e+00
2.448043212890625000e+02
1.063535156250000000e+03
9.894384384155273438e+00
8.386574745178222656e+00
3.040309667587280273e+00
1.283628845214843750e+02
5.121213531494140625e+01
6.917137145996093750e+01
3.507748718261718750e+02
6.398193969726562500e+02
5.811032772064208984e+00
6.485910892486572266e+00
5.224226474761962891e+00
3.539067077636718750e+02
2.607122802734375000e+01
5.748550033569335938e+01
3.999449157714843750e+02
2.297282218933105469e+01
1.747380737304687500e+03
2.059237792968750000e+03
4.375054016113281250e+02
1.935397982597351074e+00
2.554788589477539062e+01
