2.699314057826995850e-01
9.445183873176574707e-01
6.238137483596801758e-01
6.160130724310874939e-02
1.255605936050415039e+00
3.522937297821044922e+00
3.241879045963287354e-01
1.247727274894714355e-01
1.656542658805847168e+00
2.514530718326568604e-01
9.569678902626037598e-01
5.566154718399047852e-01
1.746762245893478394e-01
1.048978120088577271e-01
1.698247194290161133e-01
4.775249958038330078e-01
4.504917562007904053e-01
2.854773998260498047e-01
7.264558970928192139e-02
2.642734348773956299e-01
8.734304308891296387e-01
3.661864399909973145e-01
2.012768268585205078e+00
1.778089255094528198e-01
9.809543609619140625e+00
3.150913119316101074e-01
2.995425760746002197e-01
8.353550434112548828e-01
1.770380973815917969e+00
2.884197473526000977e+00
1.450804620981216431e-01
5.722264945507049561e-02
5.169434547424316406e-01
2.288078308105468750e+00
8.639080822467803955e-02
4.290530085563659668e-01
5.390960350632667542e-02
8.444461226463317871e-02
1.280446797609329224e-01
4.583904147148132324e-01
3.220106363296508789e+00
3.982424736022949219e+00
2.691837251186370850e-01
2.262552499771118164e+00
5.053285360336303711e-01
1.549078106880187988e+00
7.770283818244934082e-01
2.657358050346374512e-01
5.619581788778305054e-02
2.035104274749755859e+00
8.628104329109191895e-01
1.772714108228683472e-01
1.621482014656066895e+00
4.658507406711578369e-01
3.763225972652435303e-01
5.370634421706199646e-02
7.091107219457626343e-02
4.984219968318939209e-01
2.050615698099136353e-01
2.625849962234497070e+00
2.746861279010772705e-01
1.652246236801147461e+00
2.001035660505294800e-01
2.277653366327285767e-01
8.604782223701477051e-01
2.036566734313964844e+00
6.123072504997253418e-01
5.667321681976318359e-01
1.976701617240905762e+00
2.703243970870971680e+00
1.255984790623188019e-02
4.945564866065979004e-01
1.884518861770629883e-01
2.221268415451049805e+00
2.128376007080078125e+00
7.618799805641174316e-01
1.846031844615936279e-01
3.048930168151855469e-01
3.189173340797424316e-01
2.167611420154571533e-01
3.642944991588592529e-01
1.366854459047317505e-01
3.821801245212554932e-01
2.165823727846145630e-01
1.917659789323806763e-01
2.697427272796630859e-01
2.920619212090969086e-02
6.340168118476867676e-01
3.221143782138824463e-01
2.793136425316333771e-02
2.369744032621383667e-01
6.205081343650817871e-01
2.288633435964584351e-01
5.193480849266052246e-01
4.490901529788970947e-01
1.217768311500549316e+00
1.406870484352111816e-01
1.030952930450439453e+00
1.445158123970031738e-01
3.413420021533966064e-01
9.920282363891601562e-01
3.633264899253845215e-01
4.834610596299171448e-02
4.385801851749420166e-01
2.811623811721801758e-01
4.701047241687774658e-01
1.665980517864227295e-01
9.035096764564514160e-01
3.327358007431030273e+00
6.541753411293029785e-01
9.237682819366455078e-02
1.051615953445434570e+00
1.394924283027648926e+00
6.391664743423461914e-01
4.268484711647033691e-01
1.844695508480072021e-01
6.680597662925720215e-01
1.011021062731742859e-01
8.557787537574768066e-02
4.595498144626617432e-01
6.706972420215606689e-02
7.311532020568847656e+00
1.509297966957092285e+00
1.784310221672058105e+00
7.223548740148544312e-02
5.988186597824096680e-02
1.045449972152709961e-01
3.552033752202987671e-02
1.169187545776367188e+00
2.906146049499511719e-01
3.935943245887756348e-01
4.426825642585754395e-01
3.322499617934226990e-02
2.675577402114868164e-01
2.320674806833267212e-01
1.437301486730575562e-01
7.027114182710647583e-02
1.026734232902526855e+00
2.757762372493743896e-01
2.298987865447998047e+00
8.411882519721984863e-01
8.263475894927978516e-01
2.198566436767578125e+00
1.144006848335266113e+00
3.810332417488098145e-01
3.746497929096221924e-01
3.107034564018249512e-01
8.432652950286865234e-01
1.472970008850097656e+00
2.845905423164367676e-01
5.884011089801788330e-02
1.869461894035339355e+00
4.024066925048828125e-01
1.456744223833084106e-01
3.218930363655090332e-01
2.795656621456146240e-01
1.781713515520095825e-01
1.004601716995239258e+00
2.543797194957733154e-01
5.117014423012733459e-02
3.267210245132446289e+00
1.295315772294998169e-01
4.315195381641387939e-01
3.680769205093383789e-01
4.417987763881683350e-01
4.573301970958709717e-01
5.036859512329101562e-01
6.371383666992187500e-01
4.167834758758544922e+00
7.490294426679611206e-02
6.403399109840393066e-01
1.012538433074951172e+00
1.433122158050537109e-01
1.218669414520263672e-01
4.230563044548034668e-01
1.265514373779296875e+00
3.407668769359588623e-01
4.236052036285400391e-01
2.597100734710693359e-01
2.606801271438598633e+00
1.542939245700836182e-01
2.434999227523803711e+00
1.133292913436889648e+00
1.432874649763107300e-01
9.790416359901428223e-01
8.129286766052246094e-01
2.779811024665832520e-01
3.183388411998748779e-01
1.114842414855957031e+00
4.435079097747802734e-01
9.553148746490478516e-01
4.102502167224884033e-01
1.338587254285812378e-01
2.382146120071411133e-01
5.158672332763671875e-01
2.370574474334716797e-01
1.324633002281188965e+00
4.840474426746368408e-01
9.069104492664337158e-02
6.168595552444458008e-01
1.896642446517944336e-01
1.157852336764335632e-01
9.230376482009887695e-01
2.206458151340484619e-01
1.186970829963684082e+00
3.111964836716651917e-02
7.846047729253768921e-02
9.789826393127441406e+00
1.200583204627037048e-01
1.452263444662094116e-01
2.029901742935180664e-01
4.804392457008361816e-01
8.770378679037094116e-02
4.335338473320007324e-01
1.698994994163513184e+00
1.250216245651245117e+00
1.286083102226257324e+00
2.237585186958312988e-01
4.079371318221092224e-02
7.788767814636230469e-01
2.712405622005462646e-01
2.321651279926300049e-01
1.340630054473876953e-01
4.140143990516662598e-01
7.165337353944778442e-02
7.218673825263977051e-01
1.713630706071853638e-01
2.173527240753173828e+00
3.732043206691741943e-01
9.804326295852661133e-02
1.000740975141525269e-01
7.520686388015747070e-01
2.174256443977355957e-01
9.204862713813781738e-01
5.941112041473388672e-01
5.023108720779418945e-01
1.935915350914001465e-01
6.361985951662063599e-02
1.904591172933578491e-01
4.250214695930480957e-01
9.624977111816406250e-01
9.469929337501525879e-02
1.011897921562194824e-01
2.270771414041519165e-01
2.878760993480682373e-01
1.808173060417175293e-01
4.416092336177825928e-01
1.242181435227394104e-01
3.936341106891632080e-01
2.882573306560516357e-01
2.210658043622970581e-01
1.073990464210510254e+00
2.744434177875518799e-01
9.305269122123718262e-01
1.768919825553894043e-01
3.584004938602447510e-01
1.962234377861022949e+00
7.894257456064224243e-02
1.777559220790863037e-01
7.618741393089294434e-01
2.799914479255676270e-01
2.804319262504577637e-01
6.930326223373413086e-01
3.076761960983276367e-01
6.520971059799194336e-01
5.793291330337524414e-01
1.003205180168151855e+00
1.463290691375732422e+00
6.402384489774703979e-02
1.122751310467720032e-01
8.925707340240478516e-01
2.671481072902679443e-01
2.383959591388702393e-01
8.158475905656814575e-02
5.667983889579772949e-01
1.309025287628173828e-01
1.364129483699798584e-01
3.406108915805816650e-01
2.617452144622802734e-01
3.109472692012786865e-01
5.372791290283203125e-01
4.520655870437622070e-01
2.174341976642608643e-01
7.058199495077133179e-02
6.383316218852996826e-02
3.678289651870727539e-01
2.516060352325439453e+00
1.211405396461486816e+00
1.987916082143783569e-01
2.371175140142440796e-01
7.600711286067962646e-02
8.989331126213073730e-02
9.519187211990356445e-01
4.222382605075836182e-02
1.358316540718078613e-01
1.775673627853393555e-01
2.786754667758941650e-01
7.637576013803482056e-02
1.258744001388549805e-01
2.811499536037445068e-01
1.212752223014831543e+00
9.350699782371520996e-01
3.284526765346527100e-01
1.059883952140808105e+00
6.827863454818725586e-01
4.074959158897399902e-01
2.219907790422439575e-01
7.834360003471374512e-01
4.022166430950164795e-01
2.176398485898971558e-01
2.402659416198730469e+00
1.409555435180664062e+00
8.436888456344604492e-01
2.759725332260131836e+00
8.568682074546813965e-01
1.927577704191207886e-01
5.879409983754158020e-02
1.098494529724121094e+00
7.045767456293106079e-02
1.736235171556472778e-01
2.921318709850311279e-01
2.614287137985229492e-01
2.121127128601074219e+00
8.180317878723144531e+00
4.415091872215270996e-01
9.831569790840148926e-01
2.723819017410278320e-01
6.065914630889892578e-01
3.186356723308563232e-01
2.903430759906768799e-01
3.827200084924697876e-02
1.923972129821777344e+00
3.535822331905364990e-01
3.821864426136016846e-01
1.729624569416046143e-01
1.419280320405960083e-01
9.696817994117736816e-01
1.394430845975875854e-01
2.059465646743774414e-01
1.480723381042480469e+00
1.980314016342163086e+00
4.751264676451683044e-02
1.544431596994400024e-01
2.437782049179077148e+00
3.631441593170166016e-01
1.380748301744461060e-01
1.673131465911865234e+00
3.147357404232025146e-01
5.195748805999755859e-01
3.155664205551147461e-01
6.677169799804687500e-01
9.058240801095962524e-02
2.031998522579669952e-02
2.640158236026763916e-01
4.876050353050231934e-01
1.491599380970001221e-01
2.789777815341949463e-01
1.207249522209167480e+00
7.212043404579162598e-01
9.550406932830810547e-01
6.143167018890380859e-01
1.395437866449356079e-01
5.027164220809936523e-01
2.270911633968353271e-01
9.030441045761108398e-01
1.250786185264587402e-01
6.024695038795471191e-01
1.149997785687446594e-01
4.890318214893341064e-01
3.809006512165069580e-02
6.146585941314697266e-01
3.459793329238891602e-01
9.830480813980102539e-01
4.740639328956604004e-01
5.083059668540954590e-01
1.598040908575057983e-01
1.036034464836120605e+00
1.674226760864257812e+00
5.031724572181701660e-01
1.766711473464965820e-02
2.314758747816085815e-01
2.880107462406158447e-01
1.013392806053161621e+00
9.162471294403076172e-01
2.529500126838684082e-01
1.643700718879699707e+00
1.330880880355834961e+00
2.587595880031585693e-01
6.298721432685852051e-01
3.081455826759338379e-01
5.438572764396667480e-01
8.492068052291870117e-01
1.096248999238014221e-01
3.120872259140014648e+00
6.495558619499206543e-01
5.170358657836914062e+00
1.797730207443237305e+00
9.159258604049682617e-01
8.114819973707199097e-02
3.396038115024566650e-01
1.818024039268493652e+00
1.381977844238281250e+01
7.110515117645263672e+00
5.820192098617553711e-01
7.361746788024902344e+00
1.455510902404785156e+01
5.058554649353027344e+00
9.738178253173828125e-01
1.267107868194580078e+01
1.264037609100341797e+00
1.463110923767089844e+01
3.067353963851928711e+00
1.330474376678466797e+00
7.052564620971679688e-01
7.824603915214538574e-01
5.772414684295654297e+00
2.650685071945190430e+00
1.447781562805175781e+00
1.014952063560485840e+00
1.785830616950988770e+00
2.834163188934326172e+00
2.056242465972900391e+00
1.336977577209472656e+01
2.131210565567016602e+00
3.062543487548828125e+01
3.579253435134887695e+00
2.485696077346801758e+00
4.490495204925537109e+00
1.176068782806396484e+01
2.162179565429687500e+01
1.809416532516479492e+00
6.550351977348327637e-01
3.320807456970214844e+00
1.879776573181152344e+01
6.728921532630920410e-01
2.682063579559326172e+00
3.211698234081268311e-01
2.479124665260314941e-01
7.342782616615295410e-01
2.927855968475341797e+00
1.275252914428710938e+01
1.395665645599365234e+01
8.571279644966125488e-01
9.934325218200683594e+00
3.343181133270263672e+00
5.505525588989257812e+00
1.147500801086425781e+01
1.685811161994934082e+00
9.032927155494689941e-01
1.787932968139648438e+01
7.919571876525878906e+00
1.913580656051635742e+00
1.314013099670410156e+01
5.615311622619628906e+00
2.644083738327026367e+00
1.445695161819458008e-01
3.502198457717895508e-01
1.204885125160217285e+00
6.492762565612792969e-01
1.287336635589599609e+01
2.554108619689941406e+00
1.532798957824707031e+01
1.047970056533813477e+00
1.598311662673950195e+00
2.342966079711914062e+00
1.103129386901855469e+01
2.415963888168334961e+00
5.202404499053955078e+00
6.287279605865478516e+00
3.741963195800781250e+01
3.403216972947120667e-02
2.763041496276855469e+00
1.095107555389404297e+00
8.840913772583007812e+00
1.348466587066650391e+01
3.247144460678100586e+00
1.956327557563781738e+00
1.681734085083007812e+00
2.339326143264770508e+00
2.269268512725830078e+00
1.713977694511413574e+00
6.559361219406127930e-01
4.032692432403564453e+00
2.661710262298583984e+00
1.892034769058227539e+00
1.189028024673461914e+00
4.392488896846771240e-01
5.173711776733398438e+00
1.641346693038940430e+00
1.809979528188705444e-01
2.406493902206420898e+00
4.108573913574218750e+00
2.079972982406616211e+00
3.138417243957519531e+00
4.506650924682617188e+00
1.664248085021972656e+01
5.806488990783691406e-01
9.701011657714843750e+00
1.079855442047119141e+00
1.783607840538024902e+00
1.707088947296142578e+00
3.189892053604125977e+00
3.337226212024688721e-01
7.473997592926025391e+00
2.643631458282470703e+00
2.515168666839599609e+00
7.492947578430175781e-01
7.833149433135986328e+00
2.680571174621582031e+01
2.288950920104980469e+00
6.093472242355346680e-01
5.598332405090332031e+00
4.954956531524658203e+00
2.884440422058105469e+00
2.707956552505493164e+00
1.036463975906372070e+00
2.925735950469970703e+00
9.063782691955566406e-01
8.985086083412170410e-01
4.422280311584472656e+00
4.910138845443725586e-01
8.206340026855468750e+01
3.010036849975585938e+01
1.650373840332031250e+01
6.677191853523254395e-01
9.849427342414855957e-01
1.090497493743896484e+00
5.120332837104797363e-01
1.351343536376953125e+01
2.906953573226928711e+00
8.723897337913513184e-01
2.668314695358276367e+00
2.160586863756179810e-01
9.922236800193786621e-01
2.094497442245483398e+00
1.016433596611022949e+00
2.561288177967071533e-01
4.279191970825195312e+00
1.356732368469238281e+00
1.028917026519775391e+01
1.009671497344970703e+01
3.144752740859985352e+00
1.099541187286376953e+01
6.180747032165527344e+00
2.400254011154174805e+00
4.023761749267578125e+00
2.179243326187133789e+00
4.609642982482910156e+00
9.538678169250488281e+00
2.067461013793945312e+00
4.667882621288299561e-01
1.011100196838378906e+01
1.665302038192749023e+00
9.989966750144958496e-01
2.613042116165161133e+00
1.648852109909057617e+00
1.285391926765441895e+00
7.377497196197509766e+00
2.744577407836914062e+00
2.901208698749542236e-01
7.305582523345947266e+00
1.497435927391052246e+00
5.306008815765380859e+00
1.430904626846313477e+00
1.584531784057617188e+00
1.755175113677978516e+00
4.156940460205078125e+00
4.517653465270996094e+00
2.902061653137207031e+01
5.863149166107177734e-01
4.865844249725341797e+00
8.286175727844238281e+00
1.215031981468200684e+00
4.554396867752075195e-01
6.232864379882812500e+00
7.520186901092529297e+00
2.144029378890991211e+00
5.496088981628417969e+00
2.661386489868164062e+00
1.338999652862548828e+01
5.950363278388977051e-01
1.660019874572753906e+01
6.804449081420898438e+00
2.626684606075286865e-01
8.544239044189453125e+00
9.265060424804687500e+00
5.546250343322753906e-01
2.531056880950927734e+00
1.311788749694824219e+01
3.152539968490600586e+00
3.360036134719848633e+00
1.604069352149963379e+00
8.158870935440063477e-01
1.327194690704345703e+00
5.716514110565185547e+00
1.491771936416625977e+00
7.885845661163330078e+00
2.582635402679443359e+00
6.580845117568969727e-01
3.385411739349365234e+00
2.422531843185424805e+00
7.604780793190002441e-01
6.994658470153808594e+00
1.571500897407531738e+00
3.856353521347045898e+00
1.373771429061889648e-01
4.497097134590148926e-01
3.561405181884765625e+01
1.728983640670776367e+00
1.511473298072814941e+00
2.079073667526245117e+00
3.354988574981689453e+00
6.092602014541625977e-01
3.473317384719848633e+00
1.048853874206542969e+01
1.209578990936279297e+01
2.784104824066162109e+00
2.075899600982666016e+00
4.013157784938812256e-01
3.063827037811279297e+00
2.302266836166381836e+00
1.685445189476013184e+00
6.502413153648376465e-01
3.946625947952270508e+00
6.245444416999816895e-01
1.288414001464843750e+01
8.343293070793151855e-01
1.664214897155761719e+01
1.520345568656921387e+00
1.008574008941650391e+00
4.418217539787292480e-01
4.603886604309082031e+00
1.639036655426025391e+00
1.474100112915039062e+01
4.154408931732177734e+00
1.547170162200927734e+00
4.565607011318206787e-01
3.877485990524291992e-01
5.760716795921325684e-01
4.753235816955566406e+00
4.503569126129150391e+00
1.696830749511718750e+00
7.907385826110839844e-01
1.188802361488342285e+00
2.849028587341308594e+00
1.611541032791137695e+00
1.685661792755126953e+00
1.236418604850769043e+00
5.424587726593017578e+00
7.276796102523803711e-01
1.179214477539062500e+00
5.191906929016113281e+00
2.160592555999755859e+00
7.552275657653808594e+00
2.235878944396972656e+00
1.482611775398254395e+00
1.204831409454345703e+01
6.581256985664367676e-01
3.339393138885498047e-01
1.038162708282470703e+01
3.063913822174072266e+00
3.646494865417480469e+00
2.925706624984741211e+00
1.948149919509887695e+00
5.477137088775634766e+00
3.171129226684570312e+00
1.564457511901855469e+01
5.463731288909912109e+00
9.341693520545959473e-01
9.724444746971130371e-01
3.585937261581420898e+00
2.651921510696411133e+00
3.081307172775268555e+00
5.940795540809631348e-01
2.477350950241088867e+00
9.620371460914611816e-01
7.625364065170288086e-01
2.629233360290527344e+00
3.407882452011108398e+00
1.168636202812194824e+00
3.771780490875244141e+00
1.755160927772521973e+00
1.461176395416259766e+00
1.369147062301635742e+00
1.487005352973937988e-01
4.205800533294677734e+00
1.363211536407470703e+01
4.852325916290283203e+00
1.758158445358276367e+00
7.150548696517944336e-01
9.352788925170898438e-01
8.580171465873718262e-01
8.138934135437011719e+00
4.462858140468597412e-01
8.046352863311767578e-01
1.859057664871215820e+00
2.637682199478149414e+00
1.217502832412719727e+00
4.209066033363342285e-01
2.437901973724365234e+00
8.651664733886718750e+00
4.519142150878906250e+00
1.633732676506042480e+00
4.821549892425537109e+00
3.025473833084106445e+00
4.116944313049316406e+00
3.425458669662475586e+00
2.303542613983154297e+00
3.073397159576416016e+00
2.087418556213378906e+00
1.609960174560546875e+01
9.634510993957519531e+00
4.530982971191406250e+00
1.629001617431640625e+01
3.013022184371948242e+00
4.812375307083129883e-01
5.239062309265136719e-01
4.191970348358154297e+00
4.562308192253112793e-01
6.197785735130310059e-01
9.196195602416992188e-01
9.847040176391601562e-01
1.747153663635253906e+01
2.205775833129882812e+01
3.877091407775878906e+00
5.469213485717773438e+00
1.552176713943481445e+00
4.453016281127929688e+00
1.867763400077819824e+00
2.636974811553955078e+00
5.349892973899841309e-01
1.067653083801269531e+01
5.211716651916503906e+00
1.822582602500915527e+00
1.235867381095886230e+00
2.091402769088745117e+00
1.797726631164550781e+01
9.065583944320678711e-01
4.768604934215545654e-01
6.232186794281005859e+00
6.818208694458007812e+00
5.062863826751708984e-01
1.523555636405944824e+00
1.179175758361816406e+01
1.677055358886718750e+00
1.507400751113891602e+00
1.118862819671630859e+01
3.518413782119750977e+00
1.761574268341064453e+00
2.614355802536010742e+00
3.864694356918334961e+00
4.395601451396942139e-01
1.544415354728698730e-01
4.083440303802490234e+00
1.782565712928771973e+00
1.305867552757263184e+00
4.704976558685302734e+00
1.472979450225830078e+01
9.252959251403808594e+00
5.815427303314208984e+00
2.586155176162719727e+00
1.073804020881652832e+00
3.462736368179321289e+00
1.534946203231811523e+00
3.863980293273925781e+00
6.030287742614746094e-01
5.117319107055664062e+00
5.924317836761474609e-01
4.121538639068603516e+00
3.595396280288696289e-01
2.408159494400024414e+00
5.653539657592773438e+00
1.774181175231933594e+01
3.466925859451293945e+00
4.166630744934082031e+00
1.186626672744750977e+00
6.957003593444824219e+00
6.724754810333251953e+00
6.150603294372558594e+00
9.685699641704559326e-02
1.710090756416320801e+00
2.525464773178100586e+00
6.437652111053466797e+00
1.138587760925292969e+01
1.208635091781616211e+00
4.089206218719482422e+00
6.177626609802246094e+00
2.585098266601562500e+00
5.252436161041259766e+00
2.183467864990234375e+00
3.105446338653564453e+00
4.962154865264892578e+00
8.484456539154052734e-01
2.743105506896972656e+01
5.274419307708740234e+00
1.312966156005859375e+01
1.790606498718261719e+01
6.038637638092041016e+00
7.603941559791564941e-01
3.894618749618530273e+00
