6.384430080652236938e-02
1.579258888959884644e-01
7.383976876735687256e-02
3.972018137574195862e-03
6.800205260515213013e-02
3.718862533569335938e-01
3.780611976981163025e-02
1.163127459585666656e-02
6.525210291147232056e-02
1.108397766947746277e-01
1.893407106399536133e-01
7.135485112667083740e-02
6.051301211118698120e-02
1.634665764868259430e-02
1.533034164458513260e-02
4.354671761393547058e-02
4.171706270426511765e-03
3.471323102712631226e-02
2.159968018531799316e-02
1.153006125241518021e-02
1.173777598887681961e-02
1.190701778978109360e-02
2.071796655654907227e-01
3.083322383463382721e-02
3.692412853240966797e+00
1.127184368669986725e-02
2.699768729507923126e-02
1.673444360494613647e-01
4.046840369701385498e-01
1.256412625312805176e+00
3.219533711671829224e-03
1.280750147998332977e-03
9.871140122413635254e-02
1.908273398876190186e-01
1.589592359960079193e-02
2.270167320966720581e-01
1.862415485084056854e-02
3.197248093783855438e-03
6.397476047277450562e-02
2.295444719493389130e-02
7.066772580146789551e-01
1.469569355249404907e-01
4.024518281221389771e-02
3.451382875442504883e+00
2.775795459747314453e-01
1.380910426378250122e-01
2.878179401159286499e-02
1.064198613166809082e+00
3.243105020374059677e-03
5.129070281982421875e-01
1.310562342405319214e-01
3.810770809650421143e-02
4.164487719535827637e-01
8.121278882026672363e-02
4.526293370872735977e-03
8.200072683393955231e-03
8.079300634562969208e-03
1.599878668785095215e-01
2.185439318418502808e-02
1.476348304748535156e+01
1.813345961272716522e-02
5.181066513061523438e+00
2.456695027649402618e-02
2.595952339470386505e-02
1.436188220977783203e-01
2.275371700525283813e-01
3.629473447799682617e-01
7.414612174034118652e-02
2.440981626510620117e+00
7.829490900039672852e-01
3.317368682473897934e-04
6.256216764450073242e-01
7.018641568720340729e-03
9.805634617805480957e-01
1.367083936929702759e-01
5.200791358947753906e-02
1.698244176805019379e-02
2.513017877936363220e-02
3.329173848032951355e-02
3.897622600197792053e-02
4.092362523078918457e-01
2.929485775530338287e-02
8.965106308460235596e-02
2.200662856921553612e-03
5.395117215812206268e-03
5.545857362449169159e-03
3.226054250262677670e-04
2.980250492691993713e-02
9.843034148216247559e-01
1.517403521575033665e-03
1.698078960180282593e-02
8.692571520805358887e-02
1.793827302753925323e-02
5.751126632094383240e-02
3.362654149532318115e-02
5.958250761032104492e-01
1.782061010599136353e-01
6.411457657814025879e-01
1.252999901771545410e-02
1.552653163671493530e-01
7.210727334022521973e-01
4.606983438134193420e-02
6.229006685316562653e-03
3.198861703276634216e-02
5.043139681220054626e-02
2.436573803424835205e-01
8.109727501869201660e-02
1.023598611354827881e-01
6.598309278488159180e-01
5.871275439858436584e-02
1.855488121509552002e-02
1.745782494544982910e-01
1.532639861106872559e-01
5.099015235900878906e-01
7.148517668247222900e-02
7.787857204675674438e-02
1.012745574116706848e-01
2.562513761222362518e-02
4.694937728345394135e-03
2.939756214618682861e-02
3.868784755468368530e-03
2.763072776794433594e+01
4.279504120349884033e-01
1.020376801490783691e+00
1.189141883514821529e-03
2.984620630741119385e-02
1.691086217761039734e-02
1.017193426378071308e-03
1.821803152561187744e-01
5.215595290064811707e-02
6.745312213897705078e-01
1.620891690254211426e-01
9.014065377414226532e-03
3.098136046901345253e-03
2.956022508442401886e-02
7.934220135211944580e-03
1.918231882154941559e-02
8.578355312347412109e-01
8.745510131120681763e-02
1.013771057128906250e+00
6.110998988151550293e-02
2.781041897833347321e-02
3.495757818222045898e+00
1.015485405921936035e+00
3.614541530609130859e+00
1.157791838049888611e-01
2.543731629848480225e-01
4.842822253704071045e-02
1.411128193140029907e-01
2.932187169790267944e-02
2.398881502449512482e-02
7.880146503448486328e-01
1.136209741234779358e-01
6.847906112670898438e-02
2.037055194377899170e-01
7.831767201423645020e-02
2.940546162426471710e-02
4.178261756896972656e-02
1.912040170282125473e-03
3.675283864140510559e-03
1.691620945930480957e-01
5.110448971390724182e-02
1.041193678975105286e-01
1.175332367420196533e-01
1.123608469963073730e+00
2.350917160511016846e-01
4.066496491432189941e-01
2.270808964967727661e-01
2.955169916152954102e+00
3.738131141290068626e-03
2.349468171596527100e-01
1.539259254932403564e-01
5.633605644106864929e-03
5.149215832352638245e-02
1.035575345158576965e-01
8.453512787818908691e-01
6.926237791776657104e-02
5.602946132421493530e-02
3.076343797147274017e-02
1.022227525711059570e+00
1.329826116561889648e-01
8.643928915262222290e-02
1.535410881042480469e-01
4.847372323274612427e-02
1.821273803710937500e+00
9.289330989122390747e-02
7.685188204050064087e-02
4.309085756540298462e-02
2.782779037952423096e-01
5.317604169249534607e-02
8.147997856140136719e-01
5.522191151976585388e-02
1.480651437304913998e-03
6.086363270878791809e-02
1.544983237981796265e-01
7.073303312063217163e-02
1.016284003853797913e-01
4.481720924377441406e-02
4.478832241147756577e-03
2.907138466835021973e-01
6.103550549596548080e-03
6.107883155345916748e-02
7.941407710313796997e-02
3.961322829127311707e-02
5.164483562111854553e-02
1.193381194025278091e-02
9.471776336431503296e-02
1.135905075073242188e+01
8.113544434309005737e-03
4.989089444279670715e-03
2.311378903687000275e-02
5.221661925315856934e-02
1.888260943815112114e-03
3.799396157264709473e-01
9.139221161603927612e-02
9.169862270355224609e-01
5.007870793342590332e-01
1.604714803397655487e-02
3.427716903388500214e-03
1.156289696693420410e+00
1.290507793426513672e+00
6.578894332051277161e-03
1.500274613499641418e-02
2.637580223381519318e-02
4.389111418277025223e-04
1.988718658685684204e-01
6.326013244688510895e-03
1.366554498672485352e+00
1.478797346353530884e-01
2.461438812315464020e-02
2.887142822146415710e-02
3.547791764140129089e-02
1.621469855308532715e-02
5.094099417328834534e-02
1.998988725244998932e-02
3.247196674346923828e-01
1.022116392850875854e-01
3.569210646674036980e-03
3.346816897392272949e-01
5.854188930243253708e-03
1.725731939077377319e-01
1.635452359914779663e-02
7.869170606136322021e-02
1.044433005154132843e-02
2.414820902049541473e-02
3.618157282471656799e-02
1.518052816390991211e-01
5.137785524129867554e-02
7.295892387628555298e-02
1.521296203136444092e-01
1.003254652023315430e-01
6.656511425971984863e-01
1.428263029083609581e-03
4.171069860458374023e-01
1.756687313318252563e-01
1.212642863392829895e-01
2.173340559005737305e+00
7.595235109329223633e-02
5.642620101571083069e-02
3.405202180147171021e-02
2.404787577688694000e-02
5.409563425928354263e-03
2.594088912010192871e-01
7.108479738235473633e-02
2.043439820408821106e-02
3.453996181488037109e-01
6.197303067892789841e-03
1.262951970100402832e+00
1.313444459810853004e-03
3.394129127264022827e-02
5.887397289276123047e+00
1.942381709814071655e-01
9.275039285421371460e-02
6.202272605150938034e-03
1.993198413401842117e-03
2.521436847746372223e-02
4.861038178205490112e-02
2.696203999221324921e-02
8.466366678476333618e-02
6.261349320411682129e-01
6.616978645324707031e-01
1.385430991649627686e-01
4.068182036280632019e-02
2.003804780542850494e-02
2.199169248342514038e-03
1.848950609564781189e-02
3.311913490295410156e+00
1.496342420578002930e+00
1.294212695211172104e-02
1.107160076498985291e-01
1.560195721685886383e-02
1.097871921956539154e-02
2.196524441242218018e-01
1.866896264255046844e-02
5.454407073557376862e-03
1.606146432459354401e-02
3.391071781516075134e-02
5.505120381712913513e-02
1.031921386718750000e+00
1.619579792022705078e-01
1.361415982246398926e+00
1.852708309888839722e-01
1.739858537912368774e-01
2.089443445205688477e+00
3.182088732719421387e-01
2.688249759376049042e-02
8.990044705569744110e-03
1.185814514756202698e-01
1.524768024682998657e-01
3.757417500019073486e-01
1.274075031280517578e+00
1.723342239856719971e-01
1.868895590305328369e-01
2.388264238834381104e-01
1.237343065440654755e-02
8.132200688123703003e-02
3.438117913901805878e-03
1.183433413505554199e+00
2.333169104531407356e-03
1.121262367814779282e-02
1.435133218765258789e-01
3.688305383548140526e-03
1.360923349857330322e-01
5.703958272933959961e-01
6.284471601247787476e-02
2.524093151092529297e+00
1.215604413300752640e-02
1.093458291143178940e-02
1.870838738977909088e-02
6.783145945519208908e-03
2.206459874287247658e-03
3.428469181060791016e+00
3.804314509034156799e-02
5.000223964452743530e-02
2.194145694375038147e-02
2.923007868230342865e-02
2.605842985212802887e-02
1.632500998675823212e-02
1.049621328711509705e-01
5.170019865036010742e-01
5.603048950433731079e-02
2.846234943717718124e-03
8.698911406099796295e-03
1.605911612510681152e+00
2.772365463897585869e-03
1.501055993139743805e-02
7.964092493057250977e-01
4.844943583011627197e-01
9.572262316942214966e-02
2.715685963630676270e-01
1.278973668813705444e-01
4.796885699033737183e-02
8.882418042048811913e-04
1.646069251000881195e-02
7.270614802837371826e-02
4.562356974929571152e-03
2.398926019668579102e-02
1.125648990273475647e-01
1.717353463172912598e-01
1.410601586103439331e-01
4.954092204570770264e-02
1.453214883804321289e-02
6.095405668020248413e-02
3.712724894285202026e-02
4.170255959033966064e-01
6.724668294191360474e-02
7.860605418682098389e-02
7.658872287720441818e-03
4.059026241302490234e-01
1.210158690810203552e-03
1.215150952339172363e-01
2.433520928025245667e-02
3.800016880035400391e+00
7.071792334318161011e-02
3.555864691734313965e-01
5.245639476925134659e-03
1.959860697388648987e-02
3.848738968372344971e-02
1.945492438971996307e-02
9.696797467768192291e-03
8.037791401147842407e-02
1.165323052555322647e-02
8.613166809082031250e-01
4.973481595516204834e-01
1.023453176021575928e-01
1.943654179573059082e+00
1.377073574066162109e+01
2.027480676770210266e-02
1.911764591932296753e-02
4.923716769553720951e-04
5.777210742235183716e-02
8.146436512470245361e-02
6.400950253009796143e-02
1.096377182006835938e+01
1.529280561953783035e-03
3.204838037490844727e+00
2.010530382394790649e-01
4.322095215320587158e-02
1.309583988040685654e-02
1.452040858566761017e-02
2.287748575210571289e+00
2.046167755126953125e+01
2.603692054748535156e+01
2.846187949180603027e-01
6.000678062438964844e+00
1.737848997116088867e+00
4.258239746093750000e+01
4.369381904602050781e+00
5.544919204711914062e+01
2.596536874771118164e+00
3.923472213745117188e+01
1.368529701232910156e+01
4.046836376190185547e+00
3.588711917400360107e-01
9.380165100097656250e+00
2.171069526672363281e+01
7.308730602264404297e+00
6.347415924072265625e+01
1.962028884887695312e+01
1.803121805191040039e+00
2.428119897842407227e+00
1.823657512664794922e+00
1.117400360107421875e+01
9.544586181640625000e+00
2.266093254089355469e+01
1.129744529724121094e+00
8.016835212707519531e+00
6.022403717041015625e+01
2.030926971435546875e+02
1.702177047729492188e+01
1.764456033706665039e+00
1.402874112129211426e+00
2.595358610153198242e+00
1.534830017089843750e+02
1.091748118400573730e+00
1.694212341308593750e+01
4.813794493675231934e-01
2.849309146404266357e-01
1.654676675796508789e+00
1.383596229553222656e+01
6.187096557617187500e+02
1.090734863281250000e+01
5.717884302139282227e-01
4.700771713256835938e+01
1.135982799530029297e+01
6.550812530517578125e+01
5.146973800659179688e+01
1.172795295715332031e+01
1.301656723022460938e+00
9.600274658203125000e+01
2.520072937011718750e+01
4.147444248199462891e+00
1.077137947082519531e+01
3.592598724365234375e+01
5.470360279083251953e+00
5.273143649101257324e-01
1.033834338188171387e+00
1.135195970535278320e+00
2.885588407516479492e+00
9.607331848144531250e+01
2.405390548706054688e+01
1.185025253295898438e+02
1.172873973846435547e+00
4.761594772338867188e+00
1.525880455970764160e+00
1.974323654174804688e+01
5.496329307556152344e+00
3.649085388183593750e+02
4.421141052246093750e+02
5.132676696777343750e+01
4.489714279770851135e-02
2.986136245727539062e+01
1.429446935653686523e+00
7.585919189453125000e+01
1.163415813446044922e+01
4.757149219512939453e+00
5.951282978057861328e-01
1.079815149307250977e+00
1.716747474670410156e+01
1.713780975341796875e+01
1.286333656311035156e+01
1.862206101417541504e+00
3.849494695663452148e+00
5.282288074493408203e+00
2.197773933410644531e+00
1.826136589050292969e+00
3.422029018402099609e-01
1.794706916809082031e+01
1.495344543457031250e+01
8.264962434768676758e-01
2.782397747039794922e+00
4.871894073486328125e+01
2.232305335998535156e+01
7.939590930938720703e+00
1.308993530273437500e+01
1.677533340454101562e+01
3.269599437713623047e+00
5.631001586914062500e+02
1.851691246032714844e+00
1.398626232147216797e+01
5.364997982978820801e-01
1.375244975090026855e+00
1.800026595592498779e-01
5.558802032470703125e+01
9.389764785766601562e+00
1.353620719909667969e+01
2.472840309143066406e+00
1.515382843017578125e+02
1.768845977783203125e+02
1.278425812721252441e+00
1.842741966247558594e-01
1.724952697753906250e+01
7.373386859893798828e+00
7.381213665008544922e+00
1.822287750244140625e+01
1.197246551513671875e+01
6.324766635894775391e+00
3.718074083328247070e+00
5.400221824645996094e+00
7.921033382415771484e+00
1.231531047821044922e+01
1.722931884765625000e+03
2.259361267089843750e+02
1.774855232238769531e+01
2.210533142089843750e+00
7.950247955322265625e+01
6.743721961975097656e+00
1.742687940597534180e+00
1.746041412353515625e+02
3.901436614990234375e+01
8.558496475219726562e+00
1.282005977630615234e+01
1.431577950716018677e-01
1.469966650009155273e+00
6.777987480163574219e-01
9.142453074455261230e-01
3.035308122634887695e+00
7.259405517578125000e+01
2.976021003723144531e+01
3.909480667114257812e+01
7.343086242675781250e+01
4.634397923946380615e-01
1.488321380615234375e+02
3.131585311889648438e+01
4.497817611694335938e+01
8.419742584228515625e+00
1.501103515625000000e+02
1.217052102088928223e+00
1.465449333190917969e+01
2.480982017517089844e+01
1.663368582725524902e+00
1.835965881347656250e+02
1.126527595520019531e+01
9.242147803306579590e-01
4.280084991455078125e+01
5.590066432952880859e+00
1.144752383232116699e+00
1.108376502990722656e+00
5.035746693611145020e-01
1.290973663330078125e+00
1.103140716552734375e+02
6.214437484741210938e+01
3.659004592895507812e+01
5.479014873504638672e+00
1.813889694213867188e+01
2.120275259017944336e+00
1.280598258972167969e+01
4.283429336547851562e+01
2.570264587402343750e+02
5.987302660942077637e-01
1.186173439025878906e+01
9.975525665283203125e+01
1.773949384689331055e+00
4.130390644073486328e+00
1.127821044921875000e+02
9.991578102111816406e+00
2.893558740615844727e+00
1.455029582977294922e+01
2.554620742797851562e+00
2.486626243591308594e+01
1.079702377319335938e+00
3.228087997436523438e+01
5.577046966552734375e+01
1.343516558408737183e-01
4.896195983886718750e+02
1.289327907562255859e+01
1.165767669677734375e+00
2.821792602539062500e+00
7.065262603759765625e+01
1.026468467712402344e+01
1.352792859077453613e+00
5.746919155120849609e+00
1.168335556983947754e+00
1.315278434753417969e+01
1.462235260009765625e+01
2.745658457279205322e-01
4.982927799224853516e+00
1.493791222572326660e+00
1.062335133552551270e+00
3.199909210205078125e+00
6.687936782836914062e+00
1.786820888519287109e+00
6.997283935546875000e+00
5.134099960327148438e+00
2.823073959350585938e+01
3.400746285915374756e-01
7.173305511474609375e+00
6.232605361938476562e+01
6.130970001220703125e+00
1.707068252563476562e+01
7.799141883850097656e+00
4.472319602966308594e+00
5.715216398239135742e-01
1.978724212646484375e+02
5.743292808532714844e+00
1.647483634948730469e+01
2.748537778854370117e+00
6.217300796508789062e+01
6.645680665969848633e-01
5.949448394775390625e+01
6.280625610351562500e+02
3.532056808471679688e-01
5.302352905273437500e-01
3.785879898071289062e+01
1.184487104415893555e+00
2.656276855468750000e+02
4.017679214477539062e+00
4.450262069702148438e+00
1.129800200462341309e+00
4.106440067291259766e+00
4.466223716735839844e-01
1.535518836975097656e+01
7.504011988639831543e-01
4.450183105468750000e+01
1.706422924995422363e+00
2.146404647827148438e+01
5.604729056358337402e-01
1.286187052726745605e+00
4.935253620147705078e+00
1.137904882431030273e+00
4.871982192993164062e+01
5.986282825469970703e+00
2.854449272155761719e+00
2.725666046142578125e+00
1.408115482330322266e+01
3.285402297973632812e+01
4.661472702026367188e+01
2.946766018867492676e-01
1.092977218627929688e+02
3.374883413314819336e+00
4.860134601593017578e+00
8.889030456542968750e+00
1.094069361686706543e+00
7.644257354736328125e+01
1.934909248352050781e+01
4.200637340545654297e+00
1.425708484649658203e+01
3.849626779556274414e+00
3.382715225219726562e+00
6.749501800537109375e+01
2.783031463623046875e+01
1.390501213073730469e+01
1.083045864105224609e+01
2.996168899536132812e+01
1.580237102508544922e+01
3.033543586730957031e+01
2.828088760375976562e+01
1.044915313720703125e+02
1.535873562097549438e-01
8.392414093017578125e+00
3.682968444824218750e+02
3.616125869750976562e+01
6.309228515625000000e+01
3.873017728328704834e-01
4.088965952396392822e-01
1.076419162750244141e+01
4.736783027648925781e+00
1.022323608398437500e+01
9.417024612426757812e+00
2.781363010406494141e+00
1.001641178131103516e+01
5.406765460968017578e+00
4.192474842071533203e+00
3.367741107940673828e+00
6.248911619186401367e-01
2.269416093826293945e+00
1.095363159179687500e+02
4.541724014282226562e+01
4.290889263153076172e+00
1.090451145172119141e+01
9.941322326660156250e+00
4.318585872650146484e+00
6.494279174804687500e+02
3.158149480819702148e+00
1.157451915740966797e+01
4.260468482971191406e+00
1.601599884033203125e+01
3.344383239746093750e+01
3.017142057418823242e+00
1.696170806884765625e+01
2.565497207641601562e+01
3.470471191406250000e+01
7.810094356536865234e+00
1.155308380126953125e+02
5.010792255401611328e+00
4.016550064086914062e+00
6.053893661499023438e+01
3.974421739578247070e+00
8.500776290893554688e+00
1.263954010009765625e+02
7.327374267578125000e+01
7.877936553955078125e+01
3.278978881835937500e+02
9.981321096420288086e-01
2.232379913330078125e+00
5.630336403846740723e-01
9.607374072074890137e-01
6.452394485473632812e+00
1.345375895500183105e+00
5.727635622024536133e-01
2.341366052627563477e+00
5.732429623603820801e-01
3.008314514160156250e+02
1.318801212310791016e+01
1.179323425292968750e+02
3.268727874755859375e+01
2.689446926116943359e+00
2.288927459716796875e+01
7.914615154266357422e+00
7.720322608947753906e+00
7.346147894859313965e-01
4.001125793457031250e+02
6.296947860717773438e+01
6.426984310150146484e+00
1.565268993377685547e+01
6.311322784423828125e+01
2.227544860839843750e+02
6.275479316711425781e+00
1.241753578186035156e+00
1.871950340270996094e+01
5.578393936157226562e-01
7.093485355377197266e+00
2.810831069946289062e+01
1.796813011169433594e+01
1.101070404052734375e+00
2.332429409027099609e+00
9.640777587890625000e+01
1.148611907958984375e+02
2.932485961914062500e+01
1.734988212585449219e+01
1.017607593536376953e+01
2.047403454780578613e-01
1.121775805950164795e-01
1.371133995056152344e+01
7.821476459503173828e+00
1.761493563652038574e+00
1.320057678222656250e+01
7.536840820312500000e+01
9.655402374267578125e+01
1.732491493225097656e+01
2.501496791839599609e+00
1.445202112197875977e+00
3.777974843978881836e+00
5.874277114868164062e+00
5.118651199340820312e+01
2.128812313079833984e+00
1.705307769775390625e+01
6.460431814193725586e-01
4.038040637969970703e+00
1.394045352935791016e-01
3.393549442291259766e+00
1.000957565307617188e+02
9.413610351562500000e+03
4.996438026428222656e+00
1.565693759918212891e+01
2.065846443176269531e+00
1.922082066535949707e+00
3.525745010375976562e+01
6.291932296752929688e+01
9.206872582435607910e-01
1.249074339866638184e+00
4.966356277465820312e+00
6.282761383056640625e+01
2.561334609985351562e+01
2.855651617050170898e+00
9.024379730224609375e+01
2.928541259765625000e+02
1.713253617286682129e+00
2.503415822982788086e+00
2.127324581146240234e+00
2.282087707519531250e+01
2.166191816329956055e+00
3.713110208511352539e+00
3.478103637695312500e+02
7.775829315185546875e+00
3.185982894897460938e+01
7.676104736328125000e+02
4.539765548706054688e+01
1.455756187438964844e+00
4.675241088867187500e+01
