1.102420166134834290e-01
1.817371845245361328e-01
2.367590181529521942e-02
2.996993018314242363e-03
2.810075692832469940e-02
1.084187746047973633e+00
1.956830546259880066e-02
9.858384728431701660e-03
3.356805816292762756e-02
1.766718178987503052e-01
9.504503011703491211e-02
5.976043641567230225e-02
1.029480099678039551e-01
2.508929185569286346e-02
8.105010725557804108e-03
5.277317762374877930e-02
3.487659152597188950e-03
2.540173940360546112e-02
3.604729473590850830e-02
6.264515221118927002e-03
1.205375790596008301e-02
2.270401641726493835e-02
1.444108188152313232e-01
1.772996969521045685e-02
3.624828577041625977e+00
9.269786067306995392e-03
3.757364302873611450e-02
1.522951871156692505e-01
1.967321187257766724e-01
1.127439737319946289e+00
2.871670294553041458e-03
1.327499980106949806e-03
4.265299439430236816e-02
1.074828580021858215e-01
2.162950672209262848e-02
9.976407140493392944e-02
1.211010664701461792e-02
1.158228842541575432e-03
3.404780104756355286e-02
1.537622977048158646e-02
3.237423896789550781e-01
1.188365444540977478e-01
2.200479991734027863e-02
3.719697237014770508e+00
2.252999097108840942e-01
1.033879742026329041e-01
1.797092519700527191e-02
8.459274768829345703e-01
1.814363989979028702e-03
1.886847913265228271e-01
1.453891396522521973e-01
6.608608365058898926e-02
1.961221545934677124e-01
5.246665328741073608e-02
3.398681757971644402e-03
4.340867511928081512e-03
6.343690212815999985e-03
7.340232282876968384e-02
2.159638330340385437e-02
1.455204772949218750e+01
1.469282433390617371e-02
6.191146850585937500e+00
1.742715761065483093e-02
2.674065716564655304e-02
1.239901632070541382e-01
1.329233944416046143e-01
4.746763706207275391e-01
6.000901013612747192e-02
1.569220423698425293e+00
5.271850824356079102e-01
2.633420517668128014e-04
6.249127984046936035e-01
4.847122821956872940e-03
4.617826342582702637e-01
8.630506694316864014e-02
2.707269042730331421e-02
1.376307941973209381e-02
4.038476571440696716e-02
2.460459433495998383e-02
1.846499927341938019e-02
4.816411137580871582e-01
2.571093104779720306e-02
1.022541001439094543e-01
1.387591357342898846e-03
4.024260211735963821e-03
4.890343639999628067e-03
2.012603945331647992e-04
2.336620539426803589e-02
7.637349963188171387e-01
1.441586180590093136e-03
1.669138483703136444e-02
4.390304908156394958e-02
1.004924438893795013e-02
4.274875298142433167e-02
1.753368973731994629e-02
6.660383343696594238e-01
1.528474390506744385e-01
4.566872715950012207e-01
6.299941334873437881e-03
1.347180753946304321e-01
1.346641540527343750e+00
7.179062068462371826e-02
4.408770240843296051e-03
2.628579176962375641e-02
2.749599330127239227e-02
2.190593481063842773e-01
6.009723618626594543e-02
5.027934536337852478e-02
3.229869008064270020e-01
8.966549485921859741e-02
2.617726475000381470e-02
1.666044443845748901e-01
6.620717048645019531e-02
3.414800465106964111e-01
2.385008707642555237e-02
7.611967623233795166e-02
6.640844792127609253e-02
2.349594421684741974e-02
6.405674852430820465e-03
2.612573280930519104e-02
3.307282458990812302e-03
4.487366485595703125e+01
4.260098636150360107e-01
1.093230843544006348e+00
7.977489731274545193e-04
8.030916005373001099e-02
1.713645271956920624e-02
7.691106875427067280e-04
1.584849804639816284e-01
4.214518517255783081e-02
7.059395313262939453e-01
8.013505488634109497e-02
8.808596991002559662e-03
2.915524411946535110e-03
3.777794539928436279e-02
1.011067535728216171e-02
2.550894208252429962e-02
9.946941137313842773e-01
1.379469782114028931e-01
1.118209242820739746e+00
2.852893061935901642e-02
1.176944095641374588e-02
1.595745325088500977e+00
6.411774158477783203e-01
6.914402961730957031e+00
1.192916706204414368e-01
3.806673288345336914e-01
6.202150136232376099e-02
1.584455519914627075e-01
2.970519103109836578e-02
2.078981138765811920e-02
3.468260467052459717e-01
1.644711196422576904e-01
6.304357200860977173e-02
2.266458123922348022e-01
6.602518260478973389e-02
2.793667837977409363e-02
3.642932325601577759e-02
1.563705853186547756e-03
4.493948537856340408e-03
1.503907889127731323e-01
1.131883077323436737e-02
6.961170583963394165e-02
1.181126460433006287e-01
8.722423911094665527e-01
2.964511811733245850e-01
3.333075046539306641e-01
2.311360388994216919e-01
2.317861795425415039e+00
3.883241675794124603e-03
1.572950035333633423e-01
1.544004529714584351e-01
1.877682283520698547e-03
1.911139301955699921e-02
5.144613981246948242e-02
1.006968855857849121e+00
3.841101005673408508e-02
3.773562610149383545e-02
2.827074564993381500e-02
8.108214139938354492e-01
1.235685124993324280e-01
5.739045515656471252e-02
1.461736559867858887e-01
5.508970096707344055e-02
1.314145922660827637e+00
6.413303315639495850e-02
2.540173381567001343e-02
3.048371523618698120e-02
3.046920895576477051e-01
3.621985390782356262e-02
7.424904704093933105e-01
4.456502199172973633e-02
7.170732133090496063e-04
5.651460215449333191e-02
1.544934362173080444e-01
7.263367623090744019e-02
1.407107263803482056e-01
3.395088389515876770e-02
6.808158941566944122e-03
2.847019135951995850e-01
4.770739469677209854e-03
5.466638505458831787e-02
4.894774034619331360e-02
4.749253392219543457e-02
2.509688958525657654e-02
1.076698768883943558e-02
8.906958997249603271e-02
9.685737609863281250e+00
4.964800085872411728e-03
3.472559852525591850e-03
1.167701557278633118e-02
4.821937531232833862e-02
8.657761500217020512e-04
8.169873356819152832e-01
3.884657472372055054e-02
1.332560896873474121e+00
6.201776266098022461e-01
1.748835854232311249e-02
1.153166638687252998e-03
1.043757796287536621e+00
1.050536513328552246e+00
5.535313393920660019e-03
1.514698471873998642e-02
1.905763335525989532e-02
2.265152434119954705e-04
1.764022558927536011e-01
3.279483178630471230e-03
1.527596950531005859e+00
8.701703697443008423e-02
1.561003923416137695e-02
2.807763218879699707e-02
2.900755964219570160e-02
1.656073331832885742e-02
1.601963303983211517e-02
3.260513395071029663e-02
2.004353851079940796e-01
6.880864500999450684e-02
4.899214953184127808e-03
2.523609399795532227e-01
1.914354739710688591e-03
2.605209350585937500e-01
2.747285552322864532e-02
1.544608920812606812e-01
6.000906694680452347e-03
1.088276877999305725e-02
2.522836253046989441e-02
9.158210456371307373e-02
4.697085171937942505e-02
5.533349886536598206e-02
1.011754870414733887e-01
7.658936083316802979e-02
7.494470477104187012e-01
4.607928858604282141e-04
3.153573572635650635e-01
7.991459220647811890e-02
1.427224576473236084e-01
1.725352764129638672e+00
1.076743975281715393e-01
2.269113063812255859e-02
4.628405719995498657e-02
1.446723379194736481e-02
4.248733166605234146e-03
5.311799645423889160e-01
7.739573717117309570e-02
1.090673916041851044e-02
3.017996251583099365e-01
3.989956807345151901e-03
1.210473299026489258e+00
1.528496155515313148e-03
1.975473202764987946e-02
5.591948986053466797e+00
1.626440882682800293e-01
1.922666132450103760e-01
4.833804909139871597e-03
2.031270414590835571e-03
2.309421263635158539e-02
3.159185498952865601e-02
1.927149109542369843e-02
2.131106257438659668e-01
5.619246363639831543e-01
4.431778788566589355e-01
6.092447787523269653e-02
3.239516168832778931e-02
1.562006119638681412e-02
7.035424932837486267e-04
1.658164151012897491e-02
3.938620567321777344e+00
1.861006617546081543e+00
7.961927913129329681e-03
6.349433958530426025e-02
2.217476256191730499e-02
8.233038708567619324e-03
2.604488730430603027e-01
3.004501573741436005e-02
3.264179918915033340e-03
1.234687864780426025e-02
3.308850526809692383e-02
6.197036057710647583e-02
1.362210869789123535e+00
1.594999283552169800e-01
3.285277366638183594e+00
2.154390364885330200e-01
2.006081044673919678e-01
1.489942431449890137e+00
6.588936448097229004e-01
2.398850023746490479e-02
1.268851198256015778e-02
1.698257923126220703e-01
7.507007569074630737e-02
2.559852600097656250e-01
1.026950597763061523e+00
1.410117745399475098e-01
7.304560393095016479e-02
1.929422467947006226e-01
1.373549178242683411e-02
6.128967925906181335e-02
3.266129177063703537e-03
1.165133714675903320e+00
2.223898889496922493e-03
1.206737570464611053e-02
1.609595268964767456e-01
1.826872932724654675e-03
5.007922649383544922e-02
2.889791429042816162e-01
3.105868399143218994e-02
3.162406921386718750e+00
5.992685444653034210e-03
8.235457353293895721e-03
2.215715311467647552e-02
6.672320421785116196e-03
2.079484285786747932e-03
1.883904933929443359e+00
2.558392472565174103e-02
3.582306578755378723e-02
1.517662685364484787e-02
2.608300000429153442e-02
2.762995474040508270e-02
1.605853810906410217e-02
8.246572315692901611e-02
3.031318187713623047e-01
3.466519713401794434e-02
1.249109744094312191e-03
8.520633913576602936e-03
1.137296199798583984e+00
1.454494660720229149e-03
1.794842071831226349e-02
4.395265579223632812e-01
5.369725227355957031e-01
4.972289130091667175e-02
1.410740315914154053e-01
1.445523947477340698e-01
7.437820732593536377e-02
4.252149956300854683e-04
1.834614016115665436e-02
4.272579401731491089e-02
4.651611670851707458e-03
2.702388539910316467e-02
6.822209060192108154e-02
1.010928526520729065e-01
1.581850051879882812e-01
3.577462956309318542e-02
5.488140042871236801e-03
7.300025224685668945e-02
2.984762191772460938e-02
4.408806264400482178e-01
3.751271590590476990e-02
8.482944965362548828e-02
4.238116089254617691e-03
3.698673844337463379e-01
1.210680929943919182e-03
7.811523973941802979e-02
3.049849346280097961e-02
3.060353755950927734e+00
6.869473308324813843e-02
4.436677396297454834e-01
5.229239352047443390e-03
1.332268677651882172e-02
1.487745717167854309e-02
9.472966194152832031e-03
2.148482203483581543e-02
6.347034126520156860e-02
9.482868015766143799e-03
7.564449310302734375e-01
3.563608229160308838e-01
6.362055242061614990e-02
2.653042554855346680e+00
1.400358963012695312e+01
1.860194280743598938e-02
8.903038688004016876e-03
3.354549407958984375e-04
7.406149804592132568e-02
3.926941007375717163e-02
4.336818680167198181e-02
9.458722114562988281e+00
7.347704959101974964e-04
3.586097478866577148e+00
1.988982558250427246e-01
1.788426004350185394e-02
8.143194951117038727e-03
9.462551213800907135e-03
6.830837249755859375e+00
2.631741905212402344e+01
2.343047332763671875e+01
2.072874307632446289e-01
6.845564365386962891e+00
1.613256454467773438e+00
9.773751068115234375e+01
6.723780155181884766e+00
7.262597656250000000e+01
6.235099792480468750e+00
4.219276428222656250e+01
1.597360134124755859e+01
7.284371376037597656e+00
7.481085658073425293e-01
1.500785636901855469e+01
3.341810607910156250e+01
1.496333885192871094e+01
1.278679275512695312e+02
1.910396957397460938e+01
3.046110391616821289e+00
3.816119670867919922e+00
3.880431175231933594e+00
9.098268508911132812e+00
1.001851654052734375e+01
1.500309848785400391e+01
1.068880200386047363e+00
1.829228401184082031e+01
1.504521636962890625e+02
3.114456176757812500e+02
2.933955955505371094e+01
1.893904328346252441e+00
2.676780462265014648e+00
2.113053560256958008e+00
2.139723205566406250e+02
1.897686362266540527e+00
9.991306304931640625e+00
3.824467658996582031e-01
1.605661213397979736e-01
1.739852190017700195e+00
3.123962593078613281e+01
9.591467285156250000e+02
1.506906318664550781e+01
4.425197243690490723e-01
1.041054534912109375e+02
1.205986404418945312e+01
9.802847290039062500e+01
7.705556488037109375e+01
1.028701400756835938e+01
1.090615868568420410e+00
1.508954620361328125e+02
4.058032226562500000e+01
8.311977386474609375e+00
1.063961124420166016e+01
5.373884582519531250e+01
4.345355510711669922e+00
1.162394404411315918e+00
2.173444986343383789e+00
1.202293992042541504e+00
3.723814487457275391e+00
2.204577789306640625e+02
4.349607849121093750e+01
1.814758758544921875e+02
1.629249811172485352e+00
1.227583503723144531e+01
2.397494554519653320e+00
1.313543510437011719e+01
1.378495216369628906e+01
5.959684448242187500e+02
1.007704345703125000e+03
1.803082275390625000e+01
7.533464580774307251e-02
3.027008819580078125e+01
1.292386412620544434e+00
6.312878799438476562e+01
6.978120803833007812e+00
7.358759403228759766e+00
4.176679253578186035e-01
1.851623058319091797e+00
2.501554489135742188e+01
2.018371582031250000e+01
2.233067512512207031e+01
2.020164012908935547e+00
7.002318859100341797e+00
1.139768123626708984e+01
6.786116600036621094e+00
3.514188051223754883e+00
1.998106390237808228e-01
2.050467681884765625e+01
1.238826751708984375e+01
1.531793832778930664e+00
3.208917379379272461e+00
6.480754089355468750e+01
4.003684997558593750e+01
1.448985958099365234e+01
3.222364044189453125e+01
1.659065818786621094e+01
3.765840291976928711e+00
1.061450805664062500e+03
1.749261856079101562e+00
2.611615180969238281e+01
5.492701530456542969e-01
3.122766256332397461e+00
3.712899982929229736e-01
6.237415695190429688e+01
1.229682636260986328e+01
1.983522033691406250e+01
3.563258409500122070e+00
2.330904388427734375e+02
2.575815429687500000e+02
1.651063799858093262e+00
1.577133387327194214e-01
5.207995986938476562e+01
1.361364078521728516e+01
6.401175022125244141e+00
2.604525184631347656e+01
2.999464416503906250e+01
1.110952758789062500e+01
5.352577209472656250e+00
1.359865665435791016e+01
1.183329296112060547e+01
2.745106887817382812e+01
3.639692871093750000e+03
1.716224517822265625e+02
2.737368774414062500e+01
2.556674003601074219e+00
1.472306060791015625e+02
7.223989963531494141e+00
1.911688089370727539e+00
1.934810638427734375e+02
6.355635452270507812e+01
2.837429237365722656e+01
1.093334579467773438e+01
1.836429089307785034e-01
4.768885612487792969e+00
9.511682391166687012e-01
1.562814116477966309e+00
4.079751968383789062e+00
9.464321136474609375e+01
3.919232177734375000e+01
9.644165802001953125e+01
4.397342681884765625e+01
4.553572535514831543e-01
2.371079254150390625e+02
1.607554817199707031e+01
1.120257797241210938e+02
1.434428405761718750e+01
2.708738098144531250e+02
1.095260262489318848e+00
2.109428977966308594e+01
7.533236694335937500e+01
9.484902024269104004e-01
2.098414154052734375e+02
4.044347000122070312e+01
7.256543636322021484e-01
8.320893859863281250e+01
7.472285270690917969e+00
1.256093502044677734e+00
7.474696636199951172e-01
7.138110995292663574e-01
1.099091768264770508e+00
2.214584960937500000e+02
9.279206848144531250e+01
6.661722564697265625e+01
9.358977317810058594e+00
2.947938156127929688e+01
3.458530426025390625e+00
2.370070838928222656e+01
7.769358825683593750e+01
3.000249023437500000e+02
1.450242757797241211e+00
1.403272342681884766e+01
1.947857360839843750e+02
1.599397063255310059e+00
3.606166601181030273e+00
8.583480072021484375e+01
1.277680873870849609e+01
3.947489261627197266e+00
1.804373359680175781e+01
2.165962219238281250e+00
2.132874488830566406e+01
1.979570150375366211e+00
3.242981719970703125e+01
7.846231842041015625e+01
2.619222998619079590e-01
1.970013916015625000e+03
9.665036201477050781e+00
1.292317390441894531e+00
5.605878829956054688e+00
8.385007476806640625e+01
1.543884181976318359e+01
1.717325210571289062e+00
1.411079978942871094e+01
2.540866374969482422e+00
2.471972656250000000e+01
2.239979362487792969e+01
4.056942760944366455e-01
1.373497581481933594e+01
1.235082983970642090e+00
1.030855894088745117e+00
3.344938278198242188e+00
7.716588497161865234e+00
1.904541015625000000e+00
6.149724006652832031e+00
1.074329566955566406e+01
4.039811706542968750e+01
4.053878784179687500e-01
8.659797668457031250e+00
8.382113647460937500e+01
5.006416320800781250e+00
1.810307312011718750e+01
1.107674789428710938e+01
3.811061620712280273e+00
1.184625744819641113e+00
5.984174194335937500e+02
8.786654472351074219e+00
3.695117568969726562e+01
5.970659255981445312e+00
1.383307952880859375e+02
7.174488902091979980e-01
9.567403411865234375e+01
1.207096923828125000e+03
2.114409953355789185e-01
9.162191748619079590e-01
8.025453948974609375e+01
1.439776420593261719e+00
2.079930877685546875e+02
3.959193944931030273e+00
5.907015323638916016e+00
1.232000350952148438e+00
7.852002620697021484e+00
3.592331409454345703e-01
1.446633529663085938e+01
8.178961873054504395e-01
5.970917129516601562e+01
4.386329174041748047e+00
3.371514511108398438e+01
8.682441115379333496e-01
4.027111053466796875e+00
7.840595245361328125e+00
8.485356569290161133e-01
1.770521087646484375e+02
9.950406074523925781e+00
5.159840106964111328e+00
3.556073427200317383e+00
1.965683746337890625e+01
7.435388946533203125e+01
7.814501953125000000e+01
3.196386396884918213e-01
2.871963806152343750e+02
4.526199817657470703e+00
1.113187313079833984e+01
1.609786224365234375e+01
1.462368965148925781e+00
1.084029617309570312e+02
2.821407127380371094e+01
2.330193996429443359e+00
2.044291305541992188e+01
8.712283134460449219e+00
2.657599210739135742e+00
1.517303924560546875e+02
2.155384063720703125e+01
2.943915748596191406e+01
1.715353965759277344e+01
1.092837600708007812e+02
2.136087799072265625e+01
5.015367126464843750e+01
1.824710655212402344e+01
1.200689773559570312e+02
1.720581501722335815e-01
6.396453380584716797e+00
6.559718017578125000e+02
3.966947555541992188e+01
1.031988525390625000e+02
4.855793118476867676e-01
2.748257517814636230e-01
1.444198417663574219e+01
7.462449073791503906e+00
9.740113258361816406e+00
1.571353340148925781e+01
1.825759768486022949e+00
8.898940086364746094e+00
3.829401731491088867e+00
3.515729188919067383e+00
9.001498222351074219e+00
6.697235703468322754e-01
2.218660593032836914e+00
1.829792022705078125e+02
1.580707397460937500e+02
3.506814718246459961e+00
2.542013549804687500e+01
1.861756324768066406e+01
4.873858928680419922e+00
1.728702270507812500e+03
4.428811550140380859e+00
3.009303665161132812e+01
6.759398937225341797e+00
2.195292854309082031e+01
9.991139984130859375e+01
6.157013416290283203e+00
3.764725875854492188e+01
6.969906616210937500e+01
4.342955017089843750e+01
1.851855468750000000e+01
2.270922698974609375e+02
6.420383453369140625e+00
5.719113349914550781e+00
1.236605911254882812e+02
7.981996059417724609e+00
8.008336067199707031e+00
2.703117675781250000e+02
1.224360733032226562e+02
1.124348526000976562e+02
4.762351074218750000e+02
9.584524631500244141e-01
4.192186832427978516e+00
5.925831794738769531e-01
2.999649524688720703e+00
9.062304496765136719e+00
2.932448863983154297e+00
8.277264237403869629e-01
3.531120538711547852e+00
8.391256928443908691e-01
2.217001342773437500e+02
1.655543708801269531e+01
9.871119689941406250e+01
8.165534973144531250e+01
3.957985877990722656e+00
3.743791580200195312e+01
1.321703720092773438e+01
1.281529808044433594e+01
8.180838823318481445e-01
1.110398315429687500e+03
1.752454071044921875e+02
1.057343864440917969e+01
3.012295532226562500e+01
6.889022827148437500e+01
4.149007873535156250e+02
1.331964588165283203e+01
1.899570941925048828e+00
1.686344146728515625e+01
6.119571924209594727e-01
1.768454551696777344e+01
1.742808990478515625e+02
1.607200050354003906e+01
2.512766361236572266e+00
2.675071001052856445e+00
9.980059814453125000e+01
3.475910034179687500e+02
3.778322601318359375e+01
1.807104110717773438e+01
1.488703918457031250e+01
2.477895617485046387e-01
1.037428751587867737e-01
1.655399894714355469e+01
9.159619331359863281e+00
3.269848346710205078e+00
1.650751686096191406e+01
7.510414886474609375e+01
7.203214263916015625e+01
2.729829978942871094e+01
1.826587677001953125e+00
1.094313263893127441e+00
3.930063009262084961e+00
5.753915309906005859e+00
1.435118713378906250e+02
2.592770814895629883e+00
2.050525856018066406e+01
4.260329306125640869e-01
4.850712776184082031e+00
1.796292513608932495e-01
3.999502182006835938e+00
2.408935089111328125e+02
1.678833007812500000e+04
5.815624237060546875e+00
3.173316764831542969e+01
4.539202690124511719e+00
2.636154890060424805e+00
3.958288955688476562e+01
9.045424652099609375e+01
1.400248527526855469e+00
2.034499406814575195e+00
7.697671413421630859e+00
6.436855316162109375e+01
2.313476371765136719e+01
3.576440095901489258e+00
1.062521820068359375e+02
4.822448730468750000e+02
4.151534080505371094e+00
2.086312532424926758e+00
2.006841182708740234e+00
5.082896423339843750e+01
1.720977902412414551e+00
2.646023035049438477e+00
2.665787048339843750e+02
1.290550708770751953e+01
6.627402496337890625e+01
7.718287353515625000e+02
3.565423965454101562e+01
1.107915639877319336e+00
4.570680999755859375e+01
