2.476831153035163879e-02
1.160338371992111206e-01
5.390750709921121597e-03
1.783087034709751606e-03
3.218156471848487854e-02
5.793509006500244141e+00
1.698847487568855286e-02
2.786295488476753235e-03
5.881508812308311462e-03
5.168003439903259277e-01
7.376667112112045288e-03
1.951308920979499817e-02
5.473710969090461731e-02
1.818618737161159515e-02
1.273441361263394356e-03
1.502037607133388519e-02
2.493998967111110687e-03
6.058302707970142365e-03
2.157509885728359222e-02
5.709364777430891991e-04
9.583017975091934204e-02
2.286299318075180054e-02
2.200180441141128540e-01
3.310981020331382751e-02
8.941617012023925781e-01
1.317050587385892868e-02
5.989134684205055237e-02
3.719896450638771057e-02
9.533745795488357544e-02
8.346292376518249512e-01
6.026829942129552364e-04
1.270677748834714293e-04
6.462213583290576935e-03
2.751629799604415894e-02
4.998097568750381470e-02
9.559695608913898468e-03
5.935755558311939240e-03
4.600576357915997505e-04
7.224799133837223053e-03
5.668017081916332245e-03
2.169337868690490723e-01
9.467694163322448730e-02
2.173389540985226631e-03
1.254192543029785156e+01
1.739094406366348267e-01
1.113355010747909546e-01
6.020215339958667755e-03
3.946804702281951904e-01
3.758926177397370338e-03
1.670439355075359344e-02
1.670926213264465332e-01
3.789979591965675354e-02
9.404221177101135254e-02
4.085113480687141418e-02
5.416480707935988903e-04
2.286621369421482086e-03
4.929138347506523132e-03
1.066778972744941711e-02
2.654057554900646210e-02
7.586396217346191406e+00
1.309796981513500214e-02
1.439998626708984375e+01
1.396581809967756271e-02
2.492195460945367813e-03
1.082216426730155945e-01
2.249351516366004944e-02
1.680893003940582275e-01
1.302522327750921249e-02
7.460212111473083496e-01
6.460943222045898438e-01
1.362624752800911665e-04
1.325556039810180664e+00
8.460016106255352497e-04
3.117866069078445435e-02
8.926142752170562744e-02
3.982021659612655640e-02
6.096808239817619324e-03
4.601134732365608215e-02
4.382340237498283386e-02
1.037381961941719055e-02
7.836043834686279297e-02
1.889104023575782776e-02
1.872467435896396637e-02
2.475531073287129402e-04
3.128017298877239227e-03
1.768359914422035217e-03
3.478036524029448628e-05
3.885008767247200012e-02
5.896603465080261230e-01
1.038370188325643539e-03
9.182468056678771973e-03
1.077436283230781555e-02
1.557836192660033703e-03
9.046420454978942871e-02
5.306967068463563919e-04
8.299838304519653320e-01
4.422590732574462891e-01
8.429042994976043701e-02
1.500871265307068825e-03
6.135209277272224426e-02
2.574359655380249023e+00
5.096577852964401245e-02
1.412891317158937454e-03
1.854699477553367615e-02
1.902383938431739807e-02
4.390462338924407959e-01
7.697878032922744751e-02
1.650874316692352295e-02
3.713379055261611938e-02
1.591422557830810547e-01
1.175818666815757751e-01
3.134540021419525146e-01
4.928285256028175354e-02
7.399945706129074097e-02
1.305355131626129150e-02
3.540651500225067139e-02
4.355496540665626526e-02
6.124564912170171738e-03
3.066664794459939003e-03
5.881083756685256958e-02
8.973054355010390282e-04
9.634485244750976562e+00
5.154320001602172852e-01
4.442096650600433350e-01
1.274407113669440150e-04
1.727750599384307861e-01
1.716155558824539185e-02
4.956206539645791054e-04
5.766057595610618591e-02
5.773951113224029541e-02
1.266792654991149902e+00
4.042455926537513733e-02
2.897192258387804031e-03
1.307051046751439571e-03
4.780614748597145081e-02
1.932678930461406708e-02
3.400223329663276672e-02
2.135999917984008789e+00
1.640862226486206055e-01
4.372650682926177979e-01
2.202527411282062531e-02
8.410743437707424164e-03
9.027075767517089844e-01
6.946082711219787598e-01
3.276820755004882812e+01
2.677086181938648224e-02
2.350787669420242310e-01
9.160278365015983582e-03
5.477298423647880554e-02
9.651998989284038544e-03
1.693179085850715637e-02
9.477760642766952515e-02
1.130922809243202209e-01
2.336830087006092072e-02
9.787324070930480957e-02
1.462571229785680771e-02
1.973824575543403625e-02
4.548826813697814941e-02
1.372819649986922741e-03
6.109951063990592957e-03
4.597054794430732727e-02
3.982750640716403723e-04
1.301313042640686035e-01
3.664399385452270508e-01
3.174237012863159180e-01
1.124641150236129761e-01
1.395344734191894531e-01
1.819488108158111572e-01
1.041794896125793457e+00
3.549511020537465811e-04
1.770062372088432312e-02
1.136320754885673523e-01
7.981100498000159860e-05
1.253975927829742432e-02
4.059790447354316711e-02
1.788506746292114258e+00
3.026279807090759277e-02
9.766183793544769287e-03
1.183017436414957047e-02
1.120799481868743896e-01
4.170394688844680786e-02
3.224800154566764832e-02
1.353527754545211792e-01
3.600664064288139343e-02
1.716637372970581055e+00
1.362119428813457489e-02
5.268682260066270828e-03
4.893245175480842590e-02
3.077772855758666992e-01
3.755631297826766968e-02
1.480202972888946533e-01
2.895114570856094360e-02
2.259676548419520259e-04
1.390168666839599609e-01
3.494210243225097656e-01
2.077373862266540527e-02
2.751353681087493896e-01
8.193589001893997192e-02
4.257733933627605438e-03
2.488007768988609314e-02
3.127590753138065338e-03
4.175345227122306824e-02
1.535370014607906342e-02
2.284629829227924347e-02
7.040281314402818680e-03
3.277546260505914688e-03
1.799225658178329468e-01
1.596162033081054688e+01
4.701665602624416351e-03
2.943577012047171593e-03
5.009437911212444305e-03
3.729458898305892944e-02
1.286078040720894933e-04
9.146689772605895996e-01
2.671047486364841461e-02
2.245379686355590820e+00
1.021319553256034851e-01
1.894536241888999939e-02
5.244433996267616749e-04
4.425474405288696289e-01
3.366617858409881592e-01
8.691228926181793213e-03
2.013407414779067039e-03
2.182520925998687744e-02
1.006469465210102499e-04
4.165171831846237183e-02
1.166724716313183308e-03
3.328091144561767578e+00
3.303880393505096436e-01
7.565407082438468933e-03
1.790984533727169037e-02
1.087914220988750458e-02
3.095776215195655823e-02
2.523784758523106575e-03
1.772578656673431396e-01
2.117063477635383606e-02
1.006273552775382996e-01
4.193467088043689728e-03
2.134666144847869873e-01
3.979511966463178396e-04
4.572601988911628723e-02
4.402045905590057373e-02
1.506533324718475342e-01
3.271458437666296959e-03
1.061677932739257812e-02
8.232822641730308533e-03
3.702202811837196350e-02
8.947048336267471313e-02
2.942785620689392090e-02
8.223874866962432861e-02
2.658927440643310547e-02
1.090149760246276855e+00
5.672561746905557811e-05
6.582600623369216919e-02
1.219575013965368271e-02
2.746299207210540771e-01
3.416115760803222656e+00
1.763916760683059692e-02
1.127175148576498032e-02
1.452425867319107056e-01
3.541287966072559357e-03
6.623140070587396622e-04
1.324477434158325195e+00
2.353000640869140625e-02
3.513744566589593887e-03
2.101153321564197540e-02
1.262345071882009506e-02
1.486573934555053711e+00
7.585990708321332932e-03
5.957901943475008011e-03
1.935120940208435059e+00
2.997912839055061340e-02
6.067875027656555176e-01
2.260298468172550201e-03
1.356309629045426846e-03
1.360775623470544815e-02
7.206958252936601639e-03
9.419064037501811981e-03
3.390175402164459229e-01
1.406743049621582031e+00
1.530198305845260620e-01
1.173488795757293701e-02
6.318103056401014328e-03
9.519261308014392853e-03
2.062533312710002065e-04
4.153449088335037231e-03
5.402635097503662109e+00
1.144536375999450684e+00
4.506757250055670738e-04
6.045221909880638123e-02
9.728536009788513184e-03
1.666372525505721569e-03
9.213735908269882202e-02
2.266050316393375397e-02
7.631483022123575211e-04
2.002354897558689117e-02
2.604869566857814789e-02
5.394286662340164185e-02
2.513846635818481445e+00
4.048028588294982910e-02
6.891646385192871094e-01
5.963410735130310059e-01
6.924198567867279053e-02
8.391906619071960449e-01
1.759719729423522949e+00
6.757090799510478973e-03
2.826318331062793732e-02
4.861383512616157532e-02
5.753166973590850830e-03
1.185984760522842407e-01
6.904402971267700195e-01
4.167411848902702332e-02
8.393047377467155457e-03
2.640418708324432373e-01
3.384172683581709862e-03
3.208860382437705994e-02
8.005604613572359085e-04
5.033024549484252930e-01
3.100068774074316025e-03
4.757704213261604309e-03
3.281928896903991699e-01
1.050463877618312836e-03
8.250224404036998749e-03
3.621092438697814941e-02
4.367846995592117310e-03
3.383376598358154297e-01
5.570128560066223145e-03
4.446968901902437210e-03
5.884302780032157898e-03
2.120589371770620346e-03
3.270948305726051331e-03
3.177730739116668701e-01
4.868447314947843552e-03
1.394087448716163635e-02
7.595086004585027695e-03
8.667506277561187744e-03
4.484153352677822113e-03
5.489053670316934586e-03
2.385488152503967285e-02
2.362063080072402954e-01
1.852614805102348328e-03
5.822024540975689888e-04
4.322375170886516571e-03
1.679041981697082520e+00
8.443363476544618607e-04
1.210779696702957153e-02
1.453696936368942261e-01
3.071881644427776337e-02
4.173506796360015869e-02
2.691173367202281952e-02
7.632604986429214478e-02
1.928193420171737671e-01
7.716854452155530453e-05
1.512863580137491226e-02
3.301087301224470139e-03
1.753590535372495651e-03
2.134947106242179871e-02
2.066554874181747437e-02
4.352060705423355103e-02
4.999171569943428040e-02
1.668395288288593292e-02
8.756918250583112240e-04
1.568725332617759705e-02
6.411279551684856415e-03
1.142271608114242554e-01
2.014182507991790771e-02
8.074093610048294067e-02
1.309367944486439228e-03
9.558720141649246216e-02
3.157606988679617643e-04
1.559856235980987549e-01
1.246914193034172058e-01
5.758206173777580261e-02
1.971445232629776001e-02
7.999545335769653320e-01
1.682373927906155586e-03
9.738882072269916534e-03
4.563699476420879364e-03
1.665091328322887421e-02
2.106565609574317932e-02
6.070366874337196350e-02
1.029054285027086735e-03
3.746379613876342773e+00
1.083787828683853149e-01
1.961827091872692108e-02
3.317149877548217773e+00
9.246155738830566406e+00
8.524039760231971741e-03
5.858793738298118114e-04
6.689890287816524506e-04
2.736286632716655731e-02
3.929034806787967682e-03
2.310920506715774536e-02
8.891184806823730469e+00
1.482633233536034822e-04
3.720395088195800781e+00
9.696293622255325317e-02
2.293311245739459991e-02
3.928931546397507191e-04
3.305311780422925949e-03
8.317026138305664062e+00
1.140503997802734375e+02
1.281430206298828125e+02
8.020024299621582031e-01
3.489053344726562500e+01
2.269272089004516602e+00
6.473465576171875000e+02
9.573116302490234375e+00
8.802929687500000000e+01
9.208804130554199219e+00
2.229489593505859375e+02
1.922813606262207031e+01
1.042616882324218750e+02
7.163805961608886719e-01
1.662973403930664062e+01
1.392070159912109375e+02
1.127727432250976562e+02
2.067341766357421875e+02
1.626389465332031250e+02
9.441071510314941406e+00
7.568879699707031250e+01
4.726610660552978516e+00
1.041217327117919922e+01
5.663481903076171875e+01
2.516887187957763672e+00
4.519345760345458984e-01
3.365369567871093750e+02
5.947060546875000000e+02
1.864145629882812500e+03
4.450828247070312500e+02
1.276851654052734375e+01
4.194635391235351562e+00
1.207239818572998047e+01
3.842297058105468750e+02
1.762821388244628906e+01
1.532152938842773438e+01
9.509865641593933105e-01
6.388427317142486572e-02
4.898706436157226562e+00
1.774039916992187500e+02
1.110853759765625000e+03
2.166533660888671875e+01
1.036303520202636719e+00
4.848861694335937500e+02
3.323158264160156250e+01
1.209208221435546875e+02
9.920632934570312500e+01
2.180508804321289062e+01
8.014616370201110840e-01
1.071003417968750000e+03
2.990166015625000000e+02
3.427081680297851562e+01
1.276174545288085938e+01
2.848603248596191406e+01
4.268738269805908203e+00
1.007308864593505859e+01
5.773667812347412109e+00
3.425543904304504395e-01
2.460253334045410156e+01
1.456843750000000000e+03
6.109931640625000000e+02
5.040888671875000000e+02
1.113564777374267578e+01
5.064682006835937500e+01
5.784583568572998047e+00
7.067833709716796875e+01
6.212822723388671875e+01
3.364329833984375000e+03
2.844022827148437500e+02
6.844606781005859375e+01
6.208873167634010315e-02
2.462212066650390625e+02
2.001143693923950195e+00
2.180568084716796875e+02
8.723619461059570312e+00
1.316350650787353516e+01
1.160234212875366211e+00
9.103510856628417969e+00
4.044236145019531250e+02
2.958494758605957031e+01
2.874858856201171875e+01
5.487887382507324219e+00
8.930140495300292969e+00
3.898971557617187500e+01
6.543382167816162109e+00
3.278978729248046875e+01
1.414469182491302490e-01
1.511164379119873047e+01
2.058352088928222656e+01
4.529962539672851562e+00
1.956797218322753906e+01
5.012717056274414062e+01
5.005905914306640625e+01
1.680532836914062500e+01
5.959215545654296875e+01
3.965459289550781250e+02
2.924344301223754883e+00
6.086770019531250000e+02
6.455989480018615723e-01
4.891141662597656250e+02
3.054654598236083984e+00
2.827974700927734375e+01
4.281101226806640625e+00
1.192266540527343750e+02
5.943380737304687500e+01
1.313804168701171875e+02
2.327878475189208984e+00
4.314396972656250000e+03
4.880015563964843750e+02
1.408732891082763672e+00
8.419014215469360352e-01
1.382961791992187500e+03
2.157951507568359375e+02
1.613419771194458008e+00
3.298418426513671875e+01
9.471932983398437500e+01
1.217707595825195312e+02
1.554107666015625000e+01
8.141134643554687500e+01
1.197111892700195312e+01
2.748222656250000000e+02
6.403388671875000000e+03
6.595684204101562500e+02
1.568483276367187500e+02
3.457197666168212891e+00
3.975956420898437500e+02
4.553346633911132812e+01
3.296007394790649414e+00
7.601971435546875000e+02
9.551052856445312500e+01
6.144656372070312500e+02
3.939548492431640625e+01
4.141610562801361084e-01
3.820996856689453125e+01
2.133576869964599609e+00
2.692051172256469727e+00
7.551981210708618164e-01
5.940100097656250000e+02
6.723251953125000000e+02
3.811817932128906250e+02
4.929436492919921875e+01
2.584834337234497070e+00
6.044095458984375000e+02
2.433016395568847656e+01
9.492189331054687500e+02
4.208202362060546875e+01
5.813228759765625000e+02
2.051795005798339844e+00
8.301684570312500000e+01
2.477904052734375000e+03
5.991961359977722168e-01
7.963167114257812500e+02
3.159486389160156250e+01
4.980784654617309570e-01
1.444717407226562500e+02
5.368864440917968750e+01
2.175242662429809570e+00
9.034420847892761230e-01
6.073514461517333984e+00
3.467016696929931641e+00
1.198322998046875000e+03
1.559357757568359375e+02
1.938745727539062500e+02
5.213146591186523438e+01
2.268604278564453125e+02
8.758552551269531250e+01
1.095042037963867188e+02
3.775748291015625000e+02
1.418893676757812500e+03
1.242730426788330078e+01
8.013498306274414062e+00
1.682335815429687500e+03
2.352148294448852539e+00
7.188504695892333984e+00
5.406096191406250000e+02
2.167538070678710938e+01
1.155410194396972656e+01
6.085658645629882812e+01
3.724084854125976562e+00
2.399500083923339844e+01
1.756364440917968750e+01
3.351970291137695312e+01
4.313084411621093750e+02
8.004460334777832031e+00
2.622458984375000000e+04
5.084834098815917969e+00
5.495108366012573242e-01
1.960093116760253906e+01
7.668751220703125000e+02
6.451026153564453125e+01
6.284862995147705078e+00
3.625827941894531250e+02
9.521468162536621094e+00
7.504937744140625000e+01
2.138765258789062500e+02
2.159401416778564453e+00
1.013770675659179688e+02
1.424117088317871094e+00
1.062432098388671875e+01
3.370913028717041016e+00
2.132973289489746094e+01
1.427675247192382812e+01
7.706989288330078125e+00
4.274657440185546875e+01
5.599171447753906250e+01
1.465147376060485840e+00
1.044645767211914062e+02
5.862819213867187500e+02
8.010493278503417969e+00
4.627825546264648438e+01
9.546588897705078125e+00
5.585082054138183594e+00
1.396427392959594727e+00
5.381559570312500000e+03
2.152327156066894531e+01
5.036407775878906250e+02
3.712734937667846680e+00
3.305275878906250000e+02
1.930359721183776855e+00
2.291507415771484375e+02
3.816053710937500000e+03
1.683807522058486938e-01
2.237106323242187500e+00
1.453693359375000000e+03
4.820944786071777344e+00
1.438287231445312500e+03
4.404210090637207031e+00
3.053820228576660156e+01
1.085380840301513672e+01
1.272307682037353516e+01
6.417074054479598999e-02
1.260257911682128906e+01
3.738765954971313477e+00
5.858984985351562500e+02
7.157546997070312500e+01
1.880896759033203125e+01
6.056962966918945312e+00
3.210569000244140625e+01
2.603288459777832031e+01
1.928719758987426758e+00
5.754144897460937500e+02
1.599152679443359375e+02
1.238317680358886719e+01
2.140476608276367188e+01
1.794232177734375000e+02
1.028480453491210938e+02
1.929197387695312500e+02
6.649780273437500000e-01
8.592010742187500000e+03
1.247716903686523438e+01
5.613294219970703125e+01
2.488682556152343750e+01
7.588214874267578125e-01
1.200764770507812500e+03
1.401329498291015625e+02
8.728671669960021973e-01
1.214616088867187500e+03
5.735839843750000000e+01
7.426041603088378906e+00
4.075710693359375000e+03
7.783642578125000000e+01
7.987566375732421875e+01
6.620586395263671875e+01
6.660883789062500000e+02
2.850456542968750000e+02
2.610857543945312500e+02
4.083921813964843750e+01
2.250981201171875000e+03
6.326086521148681641e-01
1.845178604125976562e+01
5.014940490722656250e+02
1.285029697418212891e+01
6.154770507812500000e+02
1.113177061080932617e+00
1.131809711456298828e+00
7.010758209228515625e+01
4.829655647277832031e+00
9.949957847595214844e+00
1.226829299926757812e+02
9.161371588706970215e-01
1.973108673095703125e+01
6.046963691711425781e+00
6.791512966156005859e+00
3.840237045288085938e+01
1.411653637886047363e+00
1.185737013816833496e+00
4.459816894531250000e+02
1.496388183593750000e+03
3.744287729263305664e+00
1.924746551513671875e+02
1.979861450195312500e+01
9.007164001464843750e+00
2.685196533203125000e+03
4.868982791900634766e+00
2.551907348632812500e+02
4.938389587402343750e+01
3.316938781738281250e+01
1.373098144531250000e+03
3.755142974853515625e+01
1.835049438476562500e+02
7.001174316406250000e+02
1.760666656494140625e+02
5.267149353027343750e+01
3.715493469238281250e+02
4.960065841674804688e+01
2.158907890319824219e+00
5.781482696533203125e+01
2.068341064453125000e+01
9.427153587341308594e+00
1.406732421875000000e+03
5.818650512695312500e+02
8.016791381835937500e+02
3.657052917480468750e+02
1.273848152160644531e+01
4.712560653686523438e+00
7.629160284996032715e-01
3.888746261596679688e+01
1.550812053680419922e+01
1.052103328704833984e+01
1.299763679504394531e+00
1.165543842315673828e+01
6.358728408813476562e-01
1.404221191406250000e+02
4.750727081298828125e+01
9.208673095703125000e+01
1.355210876464843750e+02
2.902066421508789062e+01
7.178800201416015625e+01
1.793999862670898438e+01
8.035005569458007812e+00
2.216349244117736816e-01
1.005466210937500000e+04
2.411191162109375000e+03
1.878356018066406250e+02
1.853139953613281250e+02
1.011576919555664062e+02
1.039192626953125000e+03
3.597896957397460938e+01
3.232354736328125000e+01
2.577609062194824219e+01
3.001674890518188477e+00
6.667506408691406250e+01
1.708892333984375000e+03
6.813391876220703125e+01
9.128119468688964844e+00
7.904099941253662109e+00
1.534873962402343750e+02
5.272761840820312500e+02
1.176236267089843750e+02
1.352109622955322266e+01
1.692235374450683594e+01
8.834937214851379395e-02
1.334791928529739380e-01
3.397436141967773438e+01
3.122057151794433594e+01
5.546515941619873047e+00
1.865136909484863281e+01
2.817705993652343750e+02
4.898556900024414062e+01
1.509698028564453125e+02
8.013599395751953125e+00
1.999420285224914551e+00
9.299992561340332031e+00
3.845794296264648438e+01
1.401517456054687500e+03
2.029813289642333984e+00
1.306633148193359375e+02
1.272435665130615234e+00
5.802814006805419922e+00
2.534307241439819336e-01
1.381429004669189453e+01
4.633897460937500000e+03
2.544003125000000000e+04
6.152686595916748047e+00
1.310955505371093750e+02
8.121159362792968750e+01
4.430006980895996094e+00
1.837135009765625000e+02
8.066802368164062500e+02
7.140429019927978516e+00
5.080723762512207031e+00
4.678645610809326172e+00
1.013315429687500000e+02
2.785652923583984375e+01
1.907487297058105469e+01
3.315168151855468750e+02
5.741504516601562500e+02
5.442998409271240234e+00
4.303140163421630859e+00
4.702512264251708984e+00
2.399632873535156250e+02
8.544935226440429688e+00
2.988319969177246094e+01
3.943884887695312500e+02
1.685085105895996094e+01
7.703135375976562500e+02
1.146945922851562500e+03
1.914817810058593750e+02
1.750172853469848633e+00
2.697968673706054688e+01
