3.087402880191802979e-02
1.614567786455154419e-01
5.861683283001184464e-03
2.701931633055210114e-03
2.382181957364082336e-02
5.252526760101318359e+00
1.946352608501911163e-02
3.611137159168720245e-03
8.825667202472686768e-03
4.986282885074615479e-01
1.500920020043849945e-02
2.354576997458934784e-02
5.476193875074386597e-02
2.849356271326541901e-02
1.904035569168627262e-03
1.611181534826755524e-02
2.210857812315225601e-03
6.619291380047798157e-03
2.754862047731876373e-02
7.954228203743696213e-04
4.319985210895538330e-02
2.920901216566562653e-02
1.362240165472030640e-01
2.502345293760299683e-02
1.155700445175170898e+00
1.057288236916065216e-02
5.789123475551605225e-02
5.056074634194374084e-02
6.476207822561264038e-02
8.162854909896850586e-01
7.051600259728729725e-04
1.539716904517263174e-04
7.856330834329128265e-03
3.226912766695022583e-02
5.226651579141616821e-02
1.491559389978647232e-02
5.920606665313243866e-03
4.695598036050796509e-04
7.044536061584949493e-03
6.139053031802177429e-03
1.856876462697982788e-01
7.864389568567276001e-02
3.378260415047407150e-03
6.513875007629394531e+00
1.608218550682067871e-01
1.542771309614181519e-01
7.260643877089023590e-03
4.814313948154449463e-01
2.806120784953236580e-03
2.668333426117897034e-02
1.057995334267616272e-01
4.916190728545188904e-02
9.926977753639221191e-02
3.007215447723865509e-02
8.232747786678373814e-04
2.531041158363223076e-03
3.735966049134731293e-03
8.950043469667434692e-03
2.289608307182788849e-02
9.014951705932617188e+00
1.406651735305786133e-02
7.568747520446777344e+00
1.466919761151075363e-02
4.014575388282537460e-03
1.221462786197662354e-01
2.698746137320995331e-02
1.644760668277740479e-01
1.696535572409629822e-02
5.756676197052001953e-01
6.041057109832763672e-01
1.507113483967259526e-04
1.058244705200195312e+00
1.786918146535754204e-03
6.498482078313827515e-02
6.920310109853744507e-02
2.001479640603065491e-02
6.523184943944215775e-03
4.500303417444229126e-02
2.706662937998771667e-02
1.013777311891317368e-02
1.333960890769958496e-01
1.696640625596046448e-02
2.530817873775959015e-02
2.126305189449340105e-04
2.688185079023241997e-03
2.015306381508708000e-03
5.103336661704815924e-05
2.828115411102771759e-02
5.426046252250671387e-01
8.230282692238688469e-04
1.650012657046318054e-02
7.064621895551681519e-03
2.281813649460673332e-03
5.057867243885993958e-02
1.023147604428231716e-03
8.087360262870788574e-01
3.187729418277740479e-01
1.032824814319610596e-01
1.245553023181855679e-03
8.295002579689025879e-02
1.961464524269104004e+00
4.335961863398551941e-02
1.750431023538112640e-03
2.359021082520484924e-02
1.665644906461238861e-02
4.153952300548553467e-01
6.712518632411956787e-02
1.297823619097471237e-02
1.896489597856998444e-02
1.723217964172363281e-01
9.579832851886749268e-02
2.546115517616271973e-01
5.475174263119697571e-02
1.032362729310989380e-01
1.631160266697406769e-02
4.951490834355354309e-02
4.911603033542633057e-02
1.016866136342287064e-02
4.482551943510770798e-03
4.490486904978752136e-02
1.212973846122622490e-03
1.227343845367431641e+01
4.765469133853912354e-01
4.341138005256652832e-01
2.190412633353844285e-04
1.997863352298736572e-01
1.841132342815399170e-02
6.032220553606748581e-04
8.430142700672149658e-02
4.086012765765190125e-02
7.788527011871337891e-01
2.112136781215667725e-02
4.755188710987567902e-03
2.319488441571593285e-03
4.414719343185424805e-02
1.572779007256031036e-02
4.079443961381912231e-02
2.057128429412841797e+00
1.795421093702316284e-01
4.433887302875518799e-01
1.205484941601753235e-02
9.316172450780868530e-03
7.242050766944885254e-01
5.885036587715148926e-01
1.768060493469238281e+01
3.458379209041595459e-02
2.668895721435546875e-01
1.829718612134456635e-02
6.496436893939971924e-02
9.915216825902462006e-03
1.401236560195684433e-02
9.103332459926605225e-02
2.237958610057830811e-01
2.898557484149932861e-02
1.665106564760208130e-01
1.262199413031339645e-02
1.930992864072322845e-02
3.862632811069488525e-02
1.429941388778388500e-03
6.290626712143421173e-03
4.703214019536972046e-02
4.382665792945772409e-04
1.074027791619300842e-01
1.936513185501098633e-01
2.713043093681335449e-01
1.634922176599502563e-01
1.004285141825675964e-01
1.435478776693344116e-01
1.286564469337463379e+00
8.677571313455700874e-04
2.388042025268077850e-02
1.416179835796356201e-01
1.341311144642531872e-04
9.913165122270584106e-03
4.228609800338745117e-02
1.659520030021667480e+00
2.199712023138999939e-02
1.737452670931816101e-02
1.605537720024585724e-02
1.138670220971107483e-01
5.636889487504959106e-02
4.462994635105133057e-02
1.362055689096450806e-01
7.254306226968765259e-02
9.903312921524047852e-01
1.563468948006629944e-02
7.291268557310104370e-03
3.413596749305725098e-02
3.546247482299804688e-01
4.093928635120391846e-02
2.055642455816268921e-01
3.608728200197219849e-02
2.020783576881513000e-04
1.221276074647903442e-01
2.365555018186569214e-01
3.146109730005264282e-02
3.690009117126464844e-01
5.249345675110816956e-02
8.432878181338310242e-03
3.785198181867599487e-02
3.120764857158064842e-03
5.179394036531448364e-02
1.364076510071754456e-02
2.898246608674526215e-02
5.114594474434852600e-03
6.136600393801927567e-03
2.175125777721405029e-01
1.340249443054199219e+01
4.123255610466003418e-03
2.944586332887411118e-03
3.072400810196995735e-03
3.698331490159034729e-02
1.192131603602319956e-04
1.184889674186706543e+00
2.598980069160461426e-02
2.070123434066772461e+00
1.756622195243835449e-01
2.232289128005504608e-02
7.545904954895377159e-04
3.709610402584075928e-01
4.170072376728057861e-01
5.711867474019527435e-03
3.756345948204398155e-03
3.154325857758522034e-02
9.271173621527850628e-05
8.562812209129333496e-02
1.590375439263880253e-03
2.996618747711181641e+00
2.203676253557205200e-01
7.724961731582880020e-03
1.570725440979003906e-02
9.229636751115322113e-03
2.304441481828689575e-02
2.550445962697267532e-03
1.324504017829895020e-01
2.089899033308029175e-02
1.034094989299774170e-01
5.613068584352731705e-03
3.232747912406921387e-01
4.483808879740536213e-04
6.896139681339263916e-02
3.506014123558998108e-02
1.877222657203674316e-01
3.341845935210585594e-03
1.216048467904329300e-02
9.148832410573959351e-03
3.570031374692916870e-02
7.931037247180938721e-02
3.228426352143287659e-02
6.501304358243942261e-02
3.202003985643386841e-02
8.864915966987609863e-01
1.081899245036765933e-04
8.405987918376922607e-02
1.342473924160003662e-02
1.745102703571319580e-01
3.193231344223022461e+00
3.922233358025550842e-02
1.239464804530143738e-02
9.756665676832199097e-02
5.636271089315414429e-03
1.091180485673248768e-03
8.650110363960266113e-01
3.713036328554153442e-02
5.515502765774726868e-03
3.092777356505393982e-02
9.329299442470073700e-03
1.560978055000305176e+00
8.042780682444572449e-03
5.888117011636495590e-03
1.974224567413330078e+00
3.135501965880393982e-02
5.713516473770141602e-01
2.860879991203546524e-03
1.627698889933526516e-03
1.368767768144607544e-02
1.362843811511993408e-02
1.162462122738361359e-02
3.246518373489379883e-01
8.976459503173828125e-01
1.411518901586532593e-01
1.034159772098064423e-02
9.606863372027873993e-03
1.292847096920013428e-02
2.861870452761650085e-04
8.815303444862365723e-03
3.515626668930053711e+00
1.204669952392578125e+00
7.770313532091677189e-04
5.173907801508903503e-02
1.272219605743885040e-02
2.023463137447834015e-03
1.067783385515213013e-01
3.332819044589996338e-02
8.399080252274870872e-04
1.328662689775228500e-02
3.291514515876770020e-02
6.229628995060920715e-02
2.027743101119995117e+00
6.004486232995986938e-02
8.158347010612487793e-01
4.050010442733764648e-01
8.303332328796386719e-02
8.306843638420104980e-01
1.826206088066101074e+00
1.305059529840946198e-02
1.935451664030551910e-02
7.202542573213577271e-02
6.567854899913072586e-03
1.347023397684097290e-01
8.761873245239257812e-01
7.190075516700744629e-02
1.527447812259197235e-02
3.162922263145446777e-01
4.503973294049501419e-03
3.314505517482757568e-02
9.631516877561807632e-04
5.252938270568847656e-01
2.666208660230040550e-03
6.359190680086612701e-03
2.688924074172973633e-01
1.002435688860714436e-03
8.647141978144645691e-03
4.686298966407775879e-02
5.130740348249673843e-03
4.629001915454864502e-01
4.370653536170721054e-03
5.410574842244386673e-03
8.104844018816947937e-03
3.537925891578197479e-03
2.736146794632077217e-03
2.488486468791961670e-01
5.743217654526233673e-03
1.652227342128753662e-02
8.941772393882274628e-03
1.165317557752132416e-02
6.306899711489677429e-03
6.539888214319944382e-03
2.416101656854152679e-02
1.348235458135604858e-01
2.077784389257431030e-03
5.483917775563895702e-04
5.406678188592195511e-03
1.556730508804321289e+00
1.063546631485223770e-03
1.499023195356130600e-02
1.611463278532028198e-01
5.384214222431182861e-02
2.649571187794208527e-02
2.524544484913349152e-02
8.517353981733322144e-02
1.056259572505950928e-01
9.346722072223201394e-05
1.467602606862783432e-02
4.146649967879056931e-03
2.906576730310916901e-03
2.819535508751869202e-02
1.990441232919692993e-02
5.088029429316520691e-02
5.451275408267974854e-02
2.504327893257141113e-02
1.101428642868995667e-03
2.729519270360469818e-02
1.170802582055330276e-02
1.256810426712036133e-01
1.416823267936706543e-02
6.840129941701889038e-02
1.574663212522864342e-03
1.275815814733505249e-01
4.159038071520626545e-04
8.055026084184646606e-02
1.171895191073417664e-01
9.171093255281448364e-02
2.183208428323268890e-02
7.173876762390136719e-01
3.474229248240590096e-03
8.756425231695175171e-03
5.009602755308151245e-03
1.347243692725896835e-02
2.417194657027721405e-02
5.194784700870513916e-02
2.105825347825884819e-03
2.985310792922973633e+00
7.635713368654251099e-02
1.827751286327838898e-02
4.141376972198486328e+00
9.467018127441406250e+00
7.375752553343772888e-03
7.500603678636252880e-04
5.268136737868189812e-04
4.215248301625251770e-02
6.124480161815881729e-03
3.010073862969875336e-02
5.317349433898925781e+00
2.250890393042936921e-04
3.710213422775268555e+00
1.322908550500869751e-01
1.562408357858657837e-02
8.254615240730345249e-04
4.905250389128923416e-03
1.231267166137695312e+01
8.957217407226562500e+01
7.637003326416015625e+01
6.781712174415588379e-01
2.622793769836425781e+01
1.533106207847595215e+00
3.154385681152343750e+02
9.558759689331054688e+00
9.993370056152343750e+01
1.053305721282958984e+01
1.349301910400390625e+02
1.126457977294921875e+01
4.508780670166015625e+01
5.539457201957702637e-01
1.008733749389648438e+01
9.505953979492187500e+01
6.417730712890625000e+01
1.476401824951171875e+02
9.418360900878906250e+01
6.429060459136962891e+00
3.446511840820312500e+01
3.710845470428466797e+00
5.029943466186523438e+00
3.084192466735839844e+01
2.652021884918212891e+00
5.563414096832275391e-01
1.417665405273437500e+02
5.198283081054687500e+02
6.872598266601562500e+02
3.084579467773437500e+02
5.738449573516845703e+00
3.248303890228271484e+00
6.382824897766113281e+00
2.625608215332031250e+02
9.317114830017089844e+00
5.930520057678222656e+00
5.847505331039428711e-01
6.857645511627197266e-02
2.501233339309692383e+00
9.789114379882812500e+01
7.242398071289062500e+02
1.592989921569824219e+01
8.126076459884643555e-01
2.984724121093750000e+02
1.569398880004882812e+01
1.400541381835937500e+02
7.869969177246093750e+01
9.161000251770019531e+00
7.048273086547851562e-01
5.205491333007812500e+02
1.303187255859375000e+02
2.017001152038574219e+01
9.685607910156250000e+00
1.831454467773437500e+01
3.197175264358520508e+00
7.201711654663085938e+00
4.316981315612792969e+00
2.697693705558776855e-01
1.527062320709228516e+01
1.036500488281250000e+03
2.598317565917968750e+02
3.673266296386718750e+02
5.621822357177734375e+00
4.761125946044921875e+01
5.656966209411621094e+00
2.240710449218750000e+01
4.485298156738281250e+01
1.504248413085937500e+03
2.707591552734375000e+02
2.861163330078125000e+01
7.588830590248107910e-02
6.969467926025390625e+01
1.131871819496154785e+00
9.932798004150390625e+01
5.303767681121826172e+00
7.820583343505859375e+00
1.046305894851684570e+00
7.505876541137695312e+00
2.453357849121093750e+02
2.689152717590332031e+01
2.723911285400390625e+01
4.605159282684326172e+00
8.954530715942382812e+00
2.537236213684082031e+01
7.422223567962646484e+00
2.160550117492675781e+01
9.370211511850357056e-02
1.039862537384033203e+01
1.323409938812255859e+01
3.053048610687255859e+00
1.298543643951416016e+01
2.723260498046875000e+01
4.254513549804687500e+01
1.148002147674560547e+01
8.665461730957031250e+01
1.453709259033203125e+02
3.247536182403564453e+00
5.235137939453125000e+02
6.435230374336242676e-01
2.474841003417968750e+02
2.103080749511718750e+00
1.877177047729492188e+01
2.831188917160034180e+00
1.163190841674804688e+02
3.016463088989257812e+01
6.266933441162109375e+01
2.487432956695556641e+00
1.784073974609375000e+03
1.819934844970703125e+02
8.426006436347961426e-01
4.021193981170654297e-01
4.930641174316406250e+02
1.549837341308593750e+02
1.274544596672058105e+00
2.777491760253906250e+01
9.593556976318359375e+01
6.782597351074218750e+01
1.172950172424316406e+01
8.180924987792968750e+01
1.142475986480712891e+01
1.408299560546875000e+02
4.397217285156250000e+03
2.452201232910156250e+02
1.048925933837890625e+02
3.369275093078613281e+00
1.691113739013671875e+02
1.977273941040039062e+01
3.021249771118164062e+00
4.858323059082031250e+02
5.920808029174804688e+01
2.240441894531250000e+02
1.465886497497558594e+01
3.416223227977752686e-01
1.930647277832031250e+01
1.521494746208190918e+00
2.156577110290527344e+00
1.282043337821960449e+00
3.577565612792968750e+02
3.881996154785156250e+02
2.481221771240234375e+02
2.331644058227539062e+01
2.261037349700927734e+00
3.379559326171875000e+02
1.642192459106445312e+01
4.655939331054687500e+02
2.649551963806152344e+01
2.666625976562500000e+02
1.759945511817932129e+00
3.213902664184570312e+01
1.154409179687500000e+03
4.371573626995086670e-01
3.705562438964843750e+02
5.106761550903320312e+01
3.773971796035766602e-01
1.256176681518554688e+02
2.136425018310546875e+01
1.791903018951416016e+00
8.128114342689514160e-01
3.840895414352416992e+00
2.102907657623291016e+00
7.737998657226562500e+02
1.353508453369140625e+02
1.391226196289062500e+02
2.354932022094726562e+01
1.360141296386718750e+02
5.797740554809570312e+01
3.318246459960937500e+01
1.954109954833984375e+02
5.409639282226562500e+02
9.372117996215820312e+00
7.699830055236816406e+00
9.085293579101562500e+02
1.275852680206298828e+00
6.411879062652587891e+00
2.849772949218750000e+02
1.928920555114746094e+01
6.920841693878173828e+00
4.386121368408203125e+01
2.639291524887084961e+00
1.499547004699707031e+01
1.041154289245605469e+01
1.639260673522949219e+01
3.141914062500000000e+02
4.847259521484375000e+00
1.615747167968750000e+04
3.975561618804931641e+00
5.075951814651489258e-01
1.779600524902343750e+01
3.085735778808593750e+02
4.435162353515625000e+01
2.726351261138916016e+00
1.986483764648437500e+02
6.471874237060546875e+00
4.900459671020507812e+01
1.079589691162109375e+02
2.072205066680908203e+00
4.794673538208007812e+01
1.095922112464904785e+00
5.187810420989990234e+00
2.495905876159667969e+00
1.163884925842285156e+01
6.933397769927978516e+00
5.364480495452880859e+00
3.332350540161132812e+01
4.692226791381835938e+01
8.679625988006591797e-01
4.292002105712890625e+01
3.893397216796875000e+02
4.603387355804443359e+00
2.793600082397460938e+01
5.533114433288574219e+00
2.172580480575561523e+00
9.303237795829772949e-01
3.061426025390625000e+03
1.485895442962646484e+01
2.925798645019531250e+02
5.223958969116210938e+00
2.451457672119140625e+02
1.595108985900878906e+00
1.429801177978515625e+02
2.082501220703125000e+03
1.030008196830749512e-01
2.143202543258666992e+00
5.957576293945312500e+02
3.023063421249389648e+00
9.436575927734375000e+02
3.251229763031005859e+00
1.749509620666503906e+01
6.043345928192138672e+00
1.068657016754150391e+01
7.819671183824539185e-02
6.625877857208251953e+00
1.980928421020507812e+00
3.484222106933593750e+02
3.447524261474609375e+01
1.724865531921386719e+01
4.505860328674316406e+00
2.646443939208984375e+01
1.867714691162109375e+01
1.274812340736389160e+00
2.624400329589843750e+02
8.235069274902343750e+01
1.387441635131835938e+01
1.501583385467529297e+01
1.154875946044921875e+02
6.444406890869140625e+01
1.909819946289062500e+02
4.097020626068115234e-01
3.607578613281250000e+03
6.286898136138916016e+00
6.153226470947265625e+01
2.638667297363281250e+01
8.771686553955078125e-01
4.122605590820312500e+02
6.439922332763671875e+01
4.680820405483245850e-01
4.856208190917968750e+02
6.149254989624023438e+01
5.091525554656982422e+00
1.470826171875000000e+03
5.454323196411132812e+01
6.175713348388671875e+01
3.921852111816406250e+01
4.156909484863281250e+02
1.275606307983398438e+02
1.073125915527343750e+02
1.674061012268066406e+01
7.453677978515625000e+02
3.874846994876861572e-01
9.469112396240234375e+00
5.245733032226562500e+02
1.201293373107910156e+01
3.252009887695312500e+02
1.019968748092651367e+00
4.725854694843292236e-01
3.796132278442382812e+01
5.098587512969970703e+00
5.628245353698730469e+00
5.904630279541015625e+01
5.900545716285705566e-01
1.114946174621582031e+01
2.456766366958618164e+00
5.496672153472900391e+00
2.978699302673339844e+01
1.902490377426147461e+00
1.201007127761840820e+00
3.655095214843750000e+02
1.132386962890625000e+03
2.597222089767456055e+00
1.313016967773437500e+02
1.755330848693847656e+01
7.732629776000976562e+00
1.750009033203125000e+03
4.702693939208984375e+00
1.142615509033203125e+02
1.992948150634765625e+01
2.172810554504394531e+01
8.159319458007812500e+02
1.401118373870849609e+01
1.150489883422851562e+02
3.377516784667968750e+02
7.393814086914062500e+01
3.683562850952148438e+01
2.653266601562500000e+02
2.941768074035644531e+01
2.399377584457397461e+00
4.968000030517578125e+01
1.446568965911865234e+01
1.153969860076904297e+01
9.487849731445312500e+02
4.758104248046875000e+02
4.519774169921875000e+02
4.341671447753906250e+02
6.047019004821777344e+00
3.967347621917724609e+00
7.517794370651245117e-01
1.921360969543457031e+01
1.172301864624023438e+01
8.106942176818847656e+00
1.644987463951110840e+00
5.633504867553710938e+00
8.069870471954345703e-01
1.008282470703125000e+02
3.296192932128906250e+01
5.286832809448242188e+01
1.254570617675781250e+02
1.046684074401855469e+01
5.274930953979492188e+01
1.309501361846923828e+01
8.773386955261230469e+00
2.998564839363098145e-01
3.849972167968750000e+03
8.663602294921875000e+02
8.924628448486328125e+01
1.399446563720703125e+02
6.705508422851562500e+01
5.574439086914062500e+02
3.335736846923828125e+01
1.575370502471923828e+01
1.849954795837402344e+01
1.604967355728149414e+00
4.511417388916015625e+01
9.131174316406250000e+02
5.461710739135742188e+01
7.011056900024414062e+00
4.910067081451416016e+00
9.981102752685546875e+01
6.234929809570312500e+02
4.845547103881835938e+01
9.621147155761718750e+00
1.243796634674072266e+01
7.778400927782058716e-02
1.079497188329696655e-01
2.237679672241210938e+01
1.602857398986816406e+01
3.668370962142944336e+00
1.177217864990234375e+01
1.148121795654296875e+02
3.064951133728027344e+01
8.756484985351562500e+01
4.222120285034179688e+00
1.802630662918090820e+00
6.436266899108886719e+00
2.550087547302246094e+01
7.678272094726562500e+02
1.650456190109252930e+00
5.051206207275390625e+01
8.424081802368164062e-01
4.636645317077636719e+00
2.783386111259460449e-01
1.212668991088867188e+01
2.979777099609375000e+03
1.736093945312500000e+04
3.525204181671142578e+00
8.631130981445312500e+01
5.255154037475585938e+01
3.641058206558227539e+00
1.069749832153320312e+02
4.005546875000000000e+02
3.978443384170532227e+00
3.906172990798950195e+00
8.535610198974609375e+00
6.155785751342773438e+01
1.315787124633789062e+01
6.353275775909423828e+00
2.324370269775390625e+02
5.719927368164062500e+02
6.021544933319091797e+00
2.675898313522338867e+00
2.562779664993286133e+00
1.762810516357421875e+02
3.362524509429931641e+00
1.182611179351806641e+01
2.288340911865234375e+02
1.492510128021240234e+01
4.284832763671875000e+02
7.069714965820312500e+02
1.133439254760742188e+02
1.476047158241271973e+00
2.637792396545410156e+01
