7.274536788463592529e-02
1.622899770736694336e-01
9.450579062104225159e-03
2.892370801419019699e-03
2.590352855622768402e-02
2.510822296142578125e+00
2.037427574396133423e-02
4.597677383571863174e-03
1.371758989989757538e-02
3.023625910282135010e-01
2.871861495077610016e-02
3.540214151144027710e-02
7.548899948596954346e-02
2.255566418170928955e-02
3.102921647951006889e-03
2.877224981784820557e-02
2.011416247114539146e-03
1.630283892154693604e-02
3.804574906826019287e-02
1.582194236107170582e-03
2.244553156197071075e-02
2.845517173409461975e-02
1.027692109346389771e-01
1.515939086675643921e-02
2.226918220520019531e+00
8.043892681598663330e-03
4.644238948822021484e-02
1.118740811944007874e-01
9.887608885765075684e-02
6.340358257293701172e-01
1.522635924629867077e-03
4.948213463649153709e-04
2.021311409771442413e-02
5.221727862954139709e-02
2.232680842280387878e-02
2.952440083026885986e-02
6.033875048160552979e-03
5.269792745821177959e-04
1.096190139651298523e-02
8.641832508146762848e-03
1.488870233297348022e-01
1.154702156782150269e-01
9.956217370927333832e-03
4.064172744750976562e+00
1.369125247001647949e-01
9.812393784523010254e-02
1.212334353476762772e-02
5.076526403427124023e-01
1.576570793986320496e-03
6.661118566989898682e-02
1.144594326615333557e-01
7.172863185405731201e-02
8.957368135452270508e-02
3.376221656799316406e-02
1.681663328781723976e-03
2.585880225524306297e-03
4.114099778234958649e-03
2.501480840146541595e-02
3.082472831010818481e-02
9.035098075866699219e+00
1.167751662433147430e-02
5.988516807556152344e+00
1.590651459991931915e-02
1.278530992567539215e-02
7.916103303432464600e-02
6.926574558019638062e-02
3.423686325550079346e-01
3.208479657769203186e-02
8.668484091758728027e-01
5.136160850524902344e-01
2.016921353060752153e-04
6.464359164237976074e-01
3.122452879324555397e-03
2.080669701099395752e-01
7.315172255039215088e-02
1.749207824468612671e-02
9.639098308980464935e-03
4.654666781425476074e-02
2.113971672952175140e-02
1.175715122371912003e-02
2.130714803934097290e-01
2.208646759390830994e-02
4.268203675746917725e-02
3.710747696459293365e-04
3.400040091946721077e-03
3.949142061173915863e-03
1.155021673184819520e-04
2.223011106252670288e-02
6.789722442626953125e-01
7.361694006249308586e-04
1.383253745734691620e-02
1.569490134716033936e-02
5.091664846986532211e-03
3.155248612165451050e-02
4.333085380494594574e-03
6.881253123283386230e-01
1.639029830694198608e-01
2.486418485641479492e-01
1.770417788065969944e-03
9.003820270299911499e-02
2.085037231445312500e+00
4.571582749485969543e-02
3.064884338527917862e-03
2.336342073976993561e-02
1.780612953007221222e-02
2.566854953765869141e-01
3.432161360979080200e-02
2.313914149999618530e-02
9.098183363676071167e-02
1.803588271141052246e-01
2.694769576191902161e-02
1.560432016849517822e-01
6.736312061548233032e-02
1.989499926567077637e-01
1.249828282743692398e-02
4.474985599517822266e-02
4.306149482727050781e-02
2.013279870152473450e-02
4.743786063045263290e-03
3.236302733421325684e-02
2.964040730148553848e-03
3.162810897827148438e+01
3.378387093544006348e-01
7.294170856475830078e-01
3.911574895028024912e-04
1.528127491474151611e-01
1.579222269356250763e-02
5.641632596962153912e-04
1.202247664332389832e-01
3.925955295562744141e-02
6.171190738677978516e-01
3.369808942079544067e-02
5.219750106334686279e-03
2.009137766435742378e-03
3.984105214476585388e-02
1.065032090991735458e-02
2.246362529695034027e-02
1.156405329704284668e+00
1.567357331514358521e-01
7.181692123413085938e-01
1.437244284898042679e-02
8.296143263578414917e-03
9.939342737197875977e-01
5.790688991546630859e-01
1.001222896575927734e+01
7.274441421031951904e-02
2.695755660533905029e-01
3.948660939931869507e-02
1.103690639138221741e-01
1.948470249772071838e-02
1.541640236973762512e-02
2.025016397237777710e-01
1.670803576707839966e-01
4.631480947136878967e-02
1.417910009622573853e-01
2.955450862646102905e-02
2.260352857410907745e-02
3.167502954602241516e-02
1.274235895834863186e-03
5.021546501666307449e-03
9.006989002227783203e-02
1.586268888786435127e-03
6.040477380156517029e-02
1.123139783740043640e-01
5.255718231201171875e-01
1.910908371210098267e-01
1.788491457700729370e-01
2.221203744411468506e-01
1.582803368568420410e+00
2.154070185497403145e-03
4.986669868230819702e-02
1.875278055667877197e-01
5.414874758571386337e-04
8.076515980064868927e-03
4.973923042416572571e-02
1.061336398124694824e+00
2.662401273846626282e-02
2.415546402335166931e-02
2.062178961932659149e-02
3.009028732776641846e-01
5.699351057410240173e-02
3.844301402568817139e-02
1.088571995496749878e-01
5.046921223402023315e-02
7.125090956687927246e-01
2.881396003067493439e-02
6.887271534651517868e-03
2.599559538066387177e-02
3.854694962501525879e-01
2.518097311258316040e-02
3.239136338233947754e-01
3.116051293909549713e-02
3.193420707248151302e-04
7.082444429397583008e-02
1.124524250626564026e-01
5.636166408658027649e-02
2.434784919023513794e-01
3.875929117202758789e-02
6.249558646231889725e-03
1.094802543520927429e-01
3.286976134404540062e-03
6.723427772521972656e-02
2.333886362612247467e-02
5.248956382274627686e-02
9.638426825404167175e-03
9.854770265519618988e-03
9.096016734838485718e-02
8.914826393127441406e+00
3.468674141913652420e-03
2.664757193997502327e-03
4.601219203323125839e-03
4.281254112720489502e-02
2.606898488011211157e-04
1.135334134101867676e+00
2.738551236689090729e-02
1.682706117630004883e+00
4.686323106288909912e-01
2.582818642258644104e-02
6.698351935483515263e-04
5.585066676139831543e-01
6.094470024108886719e-01
3.679001238197088242e-03
1.037756446748971939e-02
2.559621259570121765e-02
9.767762094270437956e-05
1.794038116931915283e-01
1.673504826612770557e-03
2.233544826507568359e+00
1.214145720005035400e-01
1.005025953054428101e-02
1.565967686474323273e-02
1.405591703951358795e-02
1.697199791669845581e-02
4.652824718505144119e-03
6.196102127432823181e-02
5.806158483028411865e-02
4.433467239141464233e-02
4.806903190910816193e-03
2.372815459966659546e-01
7.255867240019142628e-04
1.959898173809051514e-01
2.520385757088661194e-02
1.393069475889205933e-01
3.677754197269678116e-03
1.259200833737850189e-02
1.293593272566795349e-02
4.103712737560272217e-02
5.142019316554069519e-02
3.493202477693557739e-02
5.324204638600349426e-02
3.458058461546897888e-02
6.526376605033874512e-01
1.780354650691151619e-04
1.165629625320434570e-01
3.257456049323081970e-02
1.428872793912887573e-01
2.216281414031982422e+00
7.904887199401855469e-02
9.674370288848876953e-03
7.227929681539535522e-02
8.142690174281597137e-03
1.956056104972958565e-03
1.016257405281066895e+00
5.539789050817489624e-02
7.335053756833076477e-03
1.186159774661064148e-01
6.361592561006546021e-03
1.302224874496459961e+00
2.933999057859182358e-03
1.049584243446588516e-02
2.871252298355102539e+00
6.718903779983520508e-02
3.102478682994842529e-01
3.234518226236104965e-03
1.780110294930636883e-03
1.933465152978897095e-02
1.641561277210712433e-02
1.188512705266475677e-02
2.688524723052978516e-01
5.365948677062988281e-01
2.594403028488159180e-01
2.674178034067153931e-02
1.798460818827152252e-02
1.533569395542144775e-02
3.152323479298502207e-04
1.421091333031654358e-02
5.202616214752197266e+00
1.621169805526733398e+00
2.631060779094696045e-03
5.926848202943801880e-02
1.804025657474994659e-02
3.668425837531685829e-03
2.301032394170761108e-01
3.733833506703376770e-02
1.559741911478340626e-03
9.888384491205215454e-03
2.752820029854774475e-02
4.908987507224082947e-02
1.240802168846130371e+00
1.052591949701309204e-01
2.132067680358886719e+00
2.729792892932891846e-01
1.459521055221557617e-01
9.362251758575439453e-01
1.085687637329101562e+00
2.507157251238822937e-02
1.408984512090682983e-02
1.104572564363479614e-01
1.633609831333160400e-02
1.556194275617599487e-01
9.281307458877563477e-01
1.148872822523117065e-01
3.277194872498512268e-02
2.957379221916198730e-01
1.060589030385017395e-02
3.538765385746955872e-02
2.012393902987241745e-03
7.545056343078613281e-01
2.233133185654878616e-03
9.462032467126846313e-03
1.211719736456871033e-01
9.849353227764368057e-04
2.214431576430797577e-02
1.148309782147407532e-01
7.555813994258642197e-03
1.641161799430847168e+00
4.664465319365262985e-03
5.368011072278022766e-03
2.079656906425952911e-02
5.561651196330785751e-03
1.436241902410984039e-03
6.312373876571655273e-01
1.134337764233350754e-02
2.787050977349281311e-02
1.202530041337013245e-02
1.307770609855651855e-02
1.553066354244947433e-02
1.172983646392822266e-02
2.416358515620231628e-02
1.495328843593597412e-01
1.057007443159818649e-02
5.282459896989166737e-04
9.005785919725894928e-03
1.017511725425720215e+00
8.125500171445310116e-04
1.272494439035654068e-02
2.065531909465789795e-01
1.932974010705947876e-01
2.797827869653701782e-02
4.863183945417404175e-02
1.263921856880187988e-01
7.898775488138198853e-02
1.610138424439355731e-04
1.572272740304470062e-02
1.501746196299791336e-02
4.789747297763824463e-03
2.855708263814449310e-02
3.365835174918174744e-02
5.589045211672782898e-02
1.071112304925918579e-01
3.118922561407089233e-02
1.510758535005152225e-03
5.243353918194770813e-02
1.709886454045772552e-02
3.302287757396697998e-01
1.335870474576950073e-02
1.045362204313278198e-01
1.770391594618558884e-03
2.850609719753265381e-01
7.816061843186616898e-04
6.478459388017654419e-02
7.153349369764328003e-02
9.096687436103820801e-01
4.196677729487419128e-02
4.682556986808776855e-01
3.937333822250366211e-03
1.232032570987939835e-02
9.610538370907306671e-03
8.115239441394805908e-03
3.005542419850826263e-02
4.815014824271202087e-02
3.885043784976005554e-03
8.651658892631530762e-01
1.637590080499649048e-01
3.916517272591590881e-02
3.909379959106445312e+00
1.241253471374511719e+01
1.135099027305841446e-02
4.041124135255813599e-03
4.673296643886715174e-04
6.000075489282608032e-02
1.442971359938383102e-02
3.550667315721511841e-02
4.891871452331542969e+00
3.954666899517178535e-04
3.600337743759155273e+00
2.034621834754943848e-01
1.806397922337055206e-02
2.065999200567603111e-03
5.711701232939958572e-03
1.550898170471191406e+01
4.297213745117187500e+01
3.271873855590820312e+01
3.739025890827178955e-01
1.463529586791992188e+01
1.115911722183227539e+00
2.063676910400390625e+02
7.450521945953369141e+00
6.913825988769531250e+01
1.186693382263183594e+01
5.846448516845703125e+01
1.858865928649902344e+01
1.363151359558105469e+01
5.800759792327880859e-01
7.558508396148681641e+00
5.223582458496093750e+01
1.837735176086425781e+01
1.396930999755859375e+02
2.679574966430664062e+01
4.843209266662597656e+00
1.311096477508544922e+01
3.879674196243286133e+00
7.282515048980712891e+00
1.751623535156250000e+01
6.039022922515869141e+00
7.389292120933532715e-01
5.114570617675781250e+01
2.923193664550781250e+02
4.065111083984375000e+02
9.195829010009765625e+01
2.794885873794555664e+00
2.655965328216552734e+00
2.889570951461791992e+00
2.064410095214843750e+02
3.353398323059082031e+00
4.790405750274658203e+00
3.742924034595489502e-01
7.981365174055099487e-02
1.446738004684448242e+00
6.577304840087890625e+01
8.836473999023437500e+02
1.539568042755126953e+01
4.691984653472900391e-01
2.294561309814453125e+02
9.364657402038574219e+00
1.246210861206054688e+02
8.165246582031250000e+01
7.387041091918945312e+00
7.248947024345397949e-01
2.208630828857421875e+02
7.237696075439453125e+01
1.279984378814697266e+01
1.073830413818359375e+01
3.413244628906250000e+01
2.760689020156860352e+00
3.330051183700561523e+00
2.888433694839477539e+00
6.170619130134582520e-01
7.243238925933837891e+00
4.292700195312500000e+02
6.774264526367187500e+01
3.032216796875000000e+02
2.810356616973876953e+00
1.871354484558105469e+01
3.556870937347412109e+00
1.314500904083251953e+01
2.963857460021972656e+01
6.525009155273437500e+02
6.297359619140625000e+02
1.402855873107910156e+01
5.675720050930976868e-02
3.238077926635742188e+01
9.226233363151550293e-01
7.506580352783203125e+01
6.921181678771972656e+00
7.707404613494873047e+00
4.201326966285705566e-01
3.959336519241333008e+00
6.819857025146484375e+01
2.124556159973144531e+01
2.062177658081054688e+01
2.656756162643432617e+00
8.748636245727539062e+00
1.450452423095703125e+01
1.007306003570556641e+01
9.411949157714843750e+00
1.390271335840225220e-01
1.221990108489990234e+01
1.031161880493164062e+01
2.360574960708618164e+00
4.963776588439941406e+00
3.971468353271484375e+01
3.885534286499023438e+01
1.089586544036865234e+01
6.368194580078125000e+01
2.888270187377929688e+01
3.143904924392700195e+00
1.048213500976562500e+03
1.146509885787963867e+00
5.201427841186523438e+01
1.110590696334838867e+00
7.900409221649169922e+00
1.006883144378662109e+00
8.965755462646484375e+01
1.659996032714843750e+01
2.713541984558105469e+01
2.061525583267211914e+00
4.674815368652343750e+02
2.164810333251953125e+02
1.222835540771484375e+00
1.191294416785240173e-01
1.267150497436523438e+02
6.854839324951171875e+01
2.126858711242675781e+00
2.547801971435546875e+01
4.611532211303710938e+01
2.034786796569824219e+01
8.824072837829589844e+00
3.599368667602539062e+01
1.331857204437255859e+01
4.639051437377929688e+01
5.300163085937500000e+03
1.084696121215820312e+02
5.179385757446289062e+01
1.328746318817138672e+00
1.316520233154296875e+02
1.124263286590576172e+01
1.818392157554626465e+00
4.183006896972656250e+02
7.318833160400390625e+01
8.138231658935546875e+01
8.934891700744628906e+00
2.086053043603897095e-01
6.343619823455810547e+00
1.036473274230957031e+00
1.823887825012207031e+00
2.658868312835693359e+00
1.237361526489257812e+02
8.307901763916015625e+01
1.665511627197265625e+02
2.528803634643554688e+01
1.076991796493530273e+00
3.060720825195312500e+02
1.334557819366455078e+01
2.242906799316406250e+02
2.470411300659179688e+01
2.222760772705078125e+02
9.472243785858154297e-01
2.098921012878417969e+01
2.781624450683593750e+02
4.848260283470153809e-01
2.155950012207031250e+02
5.111831283569335938e+01
4.825191795825958252e-01
7.819503784179687500e+01
1.235765933990478516e+01
1.151804089546203613e+00
8.172376751899719238e-01
1.653926253318786621e+00
9.402839541435241699e-01
3.379176025390625000e+02
9.373928070068359375e+01
8.450639343261718750e+01
1.319157886505126953e+01
6.949433898925781250e+01
1.124497795104980469e+01
3.440432357788085938e+01
9.427032470703125000e+01
2.801348571777343750e+02
3.109934568405151367e+00
7.703010082244873047e+00
3.814312438964843750e+02
1.375566244125366211e+00
3.100326299667358398e+00
1.114764404296875000e+02
1.773567199707031250e+01
5.953036785125732422e+00
2.843162918090820312e+01
2.082666635513305664e+00
1.129212284088134766e+01
2.798904418945312500e+00
2.167362403869628906e+01
1.253719024658203125e+02
7.998392581939697266e-01
4.719289550781250000e+03
4.266810894012451172e+00
7.176868319511413574e-01
9.871768951416015625e+00
1.001611633300781250e+02
2.043059539794921875e+01
1.099917531013488770e+00
4.778771591186523438e+01
4.121370792388916016e+00
3.627883148193359375e+01
3.157678413391113281e+01
9.954061508178710938e-01
3.203752899169921875e+01
1.056011676788330078e+00
1.701333880424499512e+00
1.914162755012512207e+00
7.229217529296875000e+00
2.822947025299072266e+00
5.832414627075195312e+00
2.386152839660644531e+01
5.216968917846679688e+01
5.129017233848571777e-01
1.173379802703857422e+01
1.592873382568359375e+02
4.838208198547363281e+00
1.515433692932128906e+01
8.999227523803710938e+00
2.382644891738891602e+00
1.017328143119812012e+00
1.391393432617187500e+03
1.056790161132812500e+01
1.011361846923828125e+02
7.081563472747802734e+00
2.158875732421875000e+02
1.062523484230041504e+00
1.093515777587890625e+02
1.372846069335937500e+03
1.190461367368698120e-01
1.490488886833190918e+00
2.094887084960937500e+02
1.732989907264709473e+00
4.077784729003906250e+02
2.131714582443237305e+00
1.037878036499023438e+01
2.364219188690185547e+00
1.053102111816406250e+01
1.302810609340667725e-01
7.097090244293212891e+00
1.165999770164489746e+00
1.083545913696289062e+02
1.134495830535888672e+01
2.622197914123535156e+01
1.609811782836914062e+00
1.001220512390136719e+01
9.278755187988281250e+00
7.373964786529541016e-01
2.686169738769531250e+02
2.857654571533203125e+01
6.418232440948486328e+00
5.399980068206787109e+00
5.956417083740234375e+01
4.759859466552734375e+01
1.004702224731445312e+02
2.865287661552429199e-01
8.062299194335937500e+02
4.654621601104736328e+00
2.478723526000976562e+01
2.576326179504394531e+01
1.135483145713806152e+00
1.137072677612304688e+02
3.917861557006835938e+01
8.989133238792419434e-01
6.563895416259765625e+01
2.154009819030761719e+01
2.246808528900146484e+00
4.596356201171875000e+02
2.585461425781250000e+01
4.127083969116210938e+01
2.921709442138671875e+01
2.525247802734375000e+02
4.876479721069335938e+01
5.912310409545898438e+01
1.703614234924316406e+01
1.939794464111328125e+02
2.042188644409179688e-01
5.690407276153564453e+00
5.930087280273437500e+02
2.041483879089355469e+01
1.424343719482421875e+02
6.649151444435119629e-01
2.499643564224243164e-01
2.292069053649902344e+01
6.121948242187500000e+00
5.027406215667724609e+00
2.885002517700195312e+01
9.485194683074951172e-01
7.285189151763916016e+00
2.475104093551635742e+00
3.986686944961547852e+00
1.940359497070312500e+01
8.317747712135314941e-01
1.708728909492492676e+00
3.252229919433593750e+02
4.949814147949218750e+02
2.283549547195434570e+00
6.946070861816406250e+01
1.696432876586914062e+01
5.086038112640380859e+00
2.106573974609375000e+03
3.781693220138549805e+00
4.625355911254882812e+01
9.148126602172851562e+00
1.577785491943359375e+01
2.464955139160156250e+02
8.907035827636718750e+00
7.805027770996093750e+01
1.492421875000000000e+02
4.790539550781250000e+01
2.222255706787109375e+01
2.869070434570312500e+02
1.346452617645263672e+01
4.627204895019531250e+00
8.524813079833984375e+01
1.007791709899902344e+01
7.977469921112060547e+00
4.896102600097656250e+02
2.525768127441406250e+02
1.949754028320312500e+02
5.372826538085937500e+02
3.023688316345214844e+00
4.308029651641845703e+00
6.632081866264343262e-01
8.448201179504394531e+00
9.853789329528808594e+00
4.166965961456298828e+00
1.436118364334106445e+00
2.625555753707885742e+00
1.085496902465820312e+00
1.655452117919921875e+02
2.066323661804199219e+01
4.929042816162109375e+01
1.663337097167968750e+02
6.000758171081542969e+00
3.936464309692382812e+01
1.862374687194824219e+01
1.388050746917724609e+01
4.680296480655670166e-01
1.925901489257812500e+03
3.240279846191406250e+02
2.324617958068847656e+01
5.843365859985351562e+01
3.129915618896484375e+01
4.156197814941406250e+02
2.829751205444335938e+01
3.046800851821899414e+00
1.733930397033691406e+01
1.236830830574035645e+00
2.551883506774902344e+01
5.309542236328125000e+02
2.456988143920898438e+01
4.174365043640136719e+00
2.890805959701538086e+00
7.319122314453125000e+01
5.362048950195312500e+02
3.417314910888671875e+01
1.196031761169433594e+01
1.347217178344726562e+01
1.467216312885284424e-01
6.487591564655303955e-02
1.850380134582519531e+01
1.048296642303466797e+01
4.147526264190673828e+00
1.107306194305419922e+01
6.855055236816406250e+01
2.988338470458984375e+01
3.844536209106445312e+01
1.767287492752075195e+00
1.110462188720703125e+00
4.154834270477294922e+00
8.708542823791503906e+00
3.361520385742187500e+02
1.888470649719238281e+00
3.650738906860351562e+01
2.685352265834808350e-01
5.266786098480224609e+00
2.413184046745300293e-01
6.461967945098876953e+00
9.004147338867187500e+02
1.450244140625000000e+04
3.165488958358764648e+00
5.022014236450195312e+01
1.141803646087646484e+01
3.254959583282470703e+00
5.394991683959960938e+01
1.647790832519531250e+02
1.939508438110351562e+00
2.709862709045410156e+00
1.054643344879150391e+01
5.733857345581054688e+01
1.683149719238281250e+01
4.314639091491699219e+00
1.212424163818359375e+02
7.321549072265625000e+02
6.586710929870605469e+00
2.919041872024536133e+00
2.224332332611083984e+00
9.399772644042968750e+01
1.416343092918395996e+00
4.949281692504882812e+00
1.844643707275390625e+02
1.779502487182617188e+01
1.768652038574218750e+02
6.211350708007812500e+02
7.770240783691406250e+01
9.246196150779724121e-01
2.793421745300292969e+01
