7.060318440198898315e-02
2.109133750200271606e-01
8.086860924959182739e-02
4.565671086311340332e-03
8.489326387643814087e-02
4.181505739688873291e-01
4.307286068797111511e-02
1.259334757924079895e-02
8.986716717481613159e-02
1.555525511503219604e-01
2.489456832408905029e-01
7.573255896568298340e-02
6.920691579580307007e-02
1.498315017670392990e-02
1.960851065814495087e-02
5.764434114098548889e-02
4.961458500474691391e-03
4.187083244323730469e-02
2.140893414616584778e-02
1.345754787325859070e-02
1.400349475443363190e-02
1.236757263541221619e-02
2.175590991973876953e-01
4.451939091086387634e-02
5.130289077758789062e+00
1.204617321491241455e-02
3.090719319880008698e-02
1.888477653264999390e-01
4.836803972721099854e-01
1.505483150482177734e+00
3.775587305426597595e-03
1.259808545000851154e-03
1.002371460199356079e-01
2.315676957368850708e-01
1.744425110518932343e-02
2.727891802787780762e-01
2.054629474878311157e-02
3.395296400412917137e-03
7.549833506345748901e-02
2.871994301676750183e-02
8.097087740898132324e-01
1.821148991584777832e-01
4.824519157409667969e-02
3.883713245391845703e+00
3.197911977767944336e-01
1.689676046371459961e-01
3.327042609453201294e-02
1.341372132301330566e+00
3.442053217440843582e-03
5.990689396858215332e-01
1.464871317148208618e-01
4.158364981412887573e-02
5.789584517478942871e-01
9.153515100479125977e-02
5.197999533265829086e-03
9.049573913216590881e-03
1.092300284653902054e-02
1.891084313392639160e-01
2.561609633266925812e-02
1.734702873229980469e+01
1.848740316927433014e-02
5.794076442718505859e+00
2.669126726686954498e-02
2.898194082081317902e-02
1.599563509225845337e-01
2.789430916309356689e-01
4.108458161354064941e-01
8.602593839168548584e-02
2.674448251724243164e+00
9.212935566902160645e-01
3.213529125787317753e-04
7.714714407920837402e-01
7.861517369747161865e-03
1.224669218063354492e+00
1.808219403028488159e-01
6.297700852155685425e-02
1.703487522900104523e-02
2.412711083889007568e-02
3.955919668078422546e-02
4.570699855685234070e-02
4.387792348861694336e-01
3.047718107700347900e-02
1.047139540314674377e-01
2.258497057482600212e-03
6.809093989431858063e-03
6.519835907965898514e-03
3.239295328967273235e-04
3.024677000939846039e-02
1.122608065605163574e+00
1.666026888415217400e-03
1.882722228765487671e-02
1.081122457981109619e-01
2.154818177223205566e-02
6.433787196874618530e-02
4.174502938985824585e-02
7.115527391433715820e-01
2.034077048301696777e-01
7.386712431907653809e-01
1.513965521007776260e-02
1.808427423238754272e-01
7.467934489250183105e-01
5.386301875114440918e-02
7.443774025887250900e-03
3.518267348408699036e-02
5.341553688049316406e-02
3.217639029026031494e-01
9.661588817834854126e-02
1.213657781481742859e-01
8.402417302131652832e-01
7.120354473590850830e-02
1.969249546527862549e-02
2.134833335876464844e-01
1.936497241258621216e-01
5.914964079856872559e-01
7.919760048389434814e-02
9.041825681924819946e-02
1.118079274892807007e-01
2.981423027813434601e-02
5.199643317610025406e-03
2.722661010921001434e-02
3.991589415818452835e-03
3.096883201599121094e+01
5.489092469215393066e-01
1.202924489974975586e+00
1.387361087836325169e-03
3.307646885514259338e-02
1.800954528152942657e-02
1.056670793332159519e-03
2.175517529249191284e-01
6.216671690344810486e-02
7.326027750968933105e-01
1.703096032142639160e-01
9.391218423843383789e-03
3.245793748646974564e-03
3.328582644462585449e-02
9.519066661596298218e-03
2.052580006420612335e-02
9.424712061882019043e-01
1.000529602169990540e-01
1.160324335098266602e+00
7.335258275270462036e-02
3.085923008620738983e-02
4.845866680145263672e+00
1.129995942115783691e+00
3.948413610458374023e+00
1.264956593513488770e-01
3.002005517482757568e-01
5.747903883457183838e-02
1.719200909137725830e-01
3.703713044524192810e-02
2.843324653804302216e-02
8.830752968788146973e-01
1.236510872840881348e-01
8.365713804960250854e-02
2.287095487117767334e-01
8.708270639181137085e-02
3.537717834115028381e-02
5.114911496639251709e-02
1.938929432071745396e-03
3.986258059740066528e-03
1.859260797500610352e-01
5.782473087310791016e-02
1.158426627516746521e-01
1.427139788866043091e-01
1.234202265739440918e+00
2.471707165241241455e-01
5.015953183174133301e-01
2.272232323884963989e-01
3.604646444320678711e+00
3.598588984459638596e-03
3.027893006801605225e-01
1.852153837680816650e-01
6.199853960424661636e-03
6.425946205854415894e-02
1.254322528839111328e-01
1.052482128143310547e+00
8.075550943613052368e-02
6.836269050836563110e-02
3.515503555536270142e-02
1.118562579154968262e+00
1.399273872375488281e-01
1.022613644599914551e-01
1.872016042470932007e-01
5.837039649486541748e-02
2.336688518524169922e+00
1.220828965306282043e-01
9.187371283769607544e-02
5.082358792424201965e-02
3.266467154026031494e-01
7.248562574386596680e-02
8.865969181060791016e-01
5.997019261121749878e-02
1.490256981924176216e-03
6.811425834894180298e-02
1.693816334009170532e-01
7.321249693632125854e-02
1.262200623750686646e-01
4.766194522380828857e-02
4.445206839591264725e-03
3.181304633617401123e-01
7.967719808220863342e-03
7.522944360971450806e-02
8.853971958160400391e-02
4.401226341724395752e-02
6.146560236811637878e-02
1.208984386175870895e-02
8.961625397205352783e-02
1.470588779449462891e+01
8.550850674510002136e-03
5.737652536481618881e-03
2.582709118723869324e-02
6.339623034000396729e-02
2.040134975686669350e-03
4.284041225910186768e-01
1.128419339656829834e-01
1.001400947570800781e+00
5.297124385833740234e-01
1.593203656375408173e-02
3.812426235526800156e-03
1.351489067077636719e+00
1.314509868621826172e+00
6.916433572769165039e-03
1.511634793132543564e-02
2.470165491104125977e-02
4.136548086535185575e-04
2.370615154504776001e-01
7.856233976781368256e-03
1.891016483306884766e+00
1.614314466714859009e-01
2.973010204732418060e-02
3.101578541100025177e-02
3.520317748188972473e-02
1.643145643174648285e-02
6.952437758445739746e-02
2.560504525899887085e-02
3.965529799461364746e-01
1.146544143557548523e-01
3.813657211139798164e-03
3.743415176868438721e-01
7.601238321512937546e-03
2.207153439521789551e-01
1.681021228432655334e-02
8.320847153663635254e-02
1.187642570585012436e-02
2.900210395455360413e-02
4.278693720698356628e-02
1.608052700757980347e-01
5.877564102411270142e-02
8.316031843423843384e-02
1.739560514688491821e-01
1.249402314424514771e-01
7.291501164436340332e-01
1.862125936895608902e-03
5.029407739639282227e-01
1.965193003416061401e-01
1.554363220930099487e-01
2.672254085540771484e+00
7.440121471881866455e-02
6.502909958362579346e-02
3.890878334641456604e-02
2.630271203815937042e-02
6.541565991938114166e-03
3.039616346359252930e-01
8.096916228532791138e-02
2.167814970016479492e-02
3.646278679370880127e-01
8.059611544013023376e-03
1.657683491706848145e+00
1.420699642039835453e-03
3.631985187530517578e-02
6.585056781768798828e+00
2.360897660255432129e-01
1.118889153003692627e-01
6.924462504684925079e-03
2.033652737736701965e-03
2.726667188107967377e-02
5.893034115433692932e-02
2.880820445716381073e-02
8.806552737951278687e-02
6.913253068923950195e-01
8.324540853500366211e-01
1.515787392854690552e-01
4.729974269866943359e-02
2.084450609982013702e-02
2.316922647878527641e-03
1.883597299456596375e-02
4.246145248413085938e+00
1.829636335372924805e+00
1.312525384128093719e-02
1.375692188739776611e-01
1.691540144383907318e-02
1.222628448158502579e-02
2.557179033756256104e-01
2.025395445525646210e-02
6.542820017784833908e-03
1.846029795706272125e-02
3.837218508124351501e-02
6.105704978108406067e-02
1.156445503234863281e+00
1.793090850114822388e-01
2.047523975372314453e+00
2.155311256647109985e-01
1.992515921592712402e-01
2.393550634384155273e+00
3.521993756294250488e-01
3.525436297059059143e-02
1.038725860416889191e-02
1.557510942220687866e-01
1.679955571889877319e-01
3.743623197078704834e-01
1.554226636886596680e+00
2.021486610174179077e-01
2.239728122949600220e-01
2.790420651435852051e-01
1.338711939752101898e-02
9.471914172172546387e-02
3.931655082851648331e-03
1.318096756935119629e+00
2.523811301216483116e-03
1.389061659574508667e-02
1.652478277683258057e-01
4.030489828437566757e-03
1.730120331048965454e-01
7.736122608184814453e-01
7.972854375839233398e-02
2.643433809280395508e+00
1.300197187811136246e-02
1.345836278051137924e-02
1.901211403310298920e-02
6.290380842983722687e-03
2.312578260898590088e-03
3.909850120544433594e+00
4.831837117671966553e-02
5.881552398204803467e-02
2.719691023230552673e-02
3.400092199444770813e-02
3.003077022731304169e-02
1.840109936892986298e-02
1.152724176645278931e-01
6.026266217231750488e-01
7.358279824256896973e-02
3.309074556455016136e-03
9.151642210781574249e-03
1.690150260925292969e+00
3.347178921103477478e-03
1.699157059192657471e-02
9.165728688240051270e-01
5.831042528152465820e-01
1.142335385084152222e-01
3.454015552997589111e-01
1.468167752027511597e-01
4.483704641461372375e-02
9.136943263001739979e-04
2.066867798566818237e-02
8.304160088300704956e-02
5.468305665999650955e-03
2.631326206028461456e-02
1.316070407629013062e-01
2.298409640789031982e-01
1.546116322278976440e-01
5.652572214603424072e-02
1.814834773540496826e-02
6.471464782953262329e-02
4.049297049641609192e-02
4.924768507480621338e-01
7.390861213207244873e-02
9.444015473127365112e-02
8.724496699869632721e-03
4.870198369026184082e-01
1.218269579112529755e-03
1.515618264675140381e-01
3.016888722777366638e-02
4.196702003479003906e+00
8.579679578542709351e-02
3.888248801231384277e-01
6.604067049920558929e-03
2.580146864056587219e-02
4.392325505614280701e-02
2.572657167911529541e-02
1.025992538779973984e-02
8.140056580305099487e-02
1.384638249874114990e-02
1.015644550323486328e+00
6.244918107986450195e-01
1.294157803058624268e-01
1.982342720031738281e+00
1.552665519714355469e+01
2.628851868212223053e-02
2.370538003742694855e-02
5.276458105072379112e-04
6.167866662144660950e-02
1.086695119738578796e-01
6.588827818632125854e-02
1.236888313293457031e+01
1.595576293766498566e-03
3.732873201370239258e+00
2.287396937608718872e-01
4.978820681571960449e-02
1.595514640212059021e-02
1.743931882083415985e-02
2.588842868804931641e+00
2.848063278198242188e+01
3.119198608398437500e+01
3.519093692302703857e-01
7.791822910308837891e+00
2.116477966308593750e+00
4.898067474365234375e+01
4.925327777862548828e+00
8.019432830810546875e+01
3.638935089111328125e+00
5.393160629272460938e+01
1.532318782806396484e+01
4.975992202758789062e+00
3.357951343059539795e-01
1.127425765991210938e+01
3.341936492919921875e+01
8.427197456359863281e+00
6.796217346191406250e+01
2.141276550292968750e+01
2.129738569259643555e+00
3.002632617950439453e+00
1.925967454910278320e+00
1.213191795349121094e+01
1.351601696014404297e+01
3.152974319458007812e+01
1.355437755584716797e+00
9.974431991577148438e+00
7.501448822021484375e+01
2.459128570556640625e+02
2.217978858947753906e+01
2.137792110443115234e+00
1.436360239982604980e+00
2.677213668823242188e+00
1.967451934814453125e+02
1.314288735389709473e+00
2.309762382507324219e+01
5.392858982086181641e-01
3.188734054565429688e-01
1.923629403114318848e+00
1.795250511169433594e+01
7.447166137695312500e+02
1.399943733215332031e+01
7.183467149734497070e-01
5.413627243041992188e+01
1.309928894042968750e+01
7.743594360351562500e+01
6.259661102294921875e+01
1.524550819396972656e+01
1.450573325157165527e+00
1.120677719116210938e+02
2.969540786743164062e+01
5.176427364349365234e+00
1.452167987823486328e+01
4.399283981323242188e+01
6.710518836975097656e+00
5.977159142494201660e-01
1.417469859123229980e+00
1.307265996932983398e+00
3.255239009857177734e+00
1.191443099975585938e+02
2.455938720703125000e+01
1.363696289062500000e+02
1.420564293861389160e+00
5.466693401336669922e+00
1.711908817291259766e+00
2.518474578857421875e+01
6.938663959503173828e+00
4.820432434082031250e+02
4.913618164062500000e+02
6.868552398681640625e+01
4.615410417318344116e-02
3.964492034912109375e+01
1.566009044647216797e+00
9.679096221923828125e+01
1.711327171325683594e+01
5.597639083862304688e+00
6.519000530242919922e-01
1.144717693328857422e+00
2.071687126159667969e+01
1.899986839294433594e+01
1.409084415435791016e+01
2.110377311706542969e+00
4.880613327026367188e+00
5.378304004669189453e+00
2.933462858200073242e+00
2.207567214965820312e+00
3.885208070278167725e-01
1.985824966430664062e+01
1.871062850952148438e+01
9.902933239936828613e-01
3.378108501434326172e+00
6.328711318969726562e+01
2.809219741821289062e+01
9.082012176513671875e+00
1.581068038940429688e+01
2.192812919616699219e+01
3.958090066909790039e+00
6.546503906250000000e+02
2.297739267349243164e+00
1.612344741821289062e+01
5.956996679306030273e-01
1.725245594978332520e+00
2.133835703134536743e-01
6.800324249267578125e+01
1.033675003051757812e+01
1.915410041809082031e+01
2.976025819778442383e+00
1.872805633544921875e+02
2.293564758300781250e+02
1.613721966743469238e+00
2.139733582735061646e-01
2.205011367797851562e+01
9.041894912719726562e+00
8.838973999023437500e+00
2.144166946411132812e+01
1.474158477783203125e+01
7.556740760803222656e+00
4.610678672790527344e+00
6.592781543731689453e+00
7.933049678802490234e+00
1.310682678222656250e+01
2.216702148437500000e+03
3.357817993164062500e+02
2.453455543518066406e+01
2.863987445831298828e+00
8.963237762451171875e+01
7.500461578369140625e+00
1.879552721977233887e+00
2.301748962402343750e+02
4.670754241943359375e+01
9.601897239685058594e+00
1.402174758911132812e+01
1.622131317853927612e-01
1.626028776168823242e+00
8.422577977180480957e-01
1.007862448692321777e+00
3.502299070358276367e+00
8.825533294677734375e+01
3.383215332031250000e+01
4.461597061157226562e+01
9.783052825927734375e+01
5.046322941780090332e-01
1.875731658935546875e+02
3.673936080932617188e+01
5.302255630493164062e+01
1.024868202209472656e+01
1.879748382568359375e+02
1.506104826927185059e+00
1.747077751159667969e+01
3.050355148315429688e+01
2.276218891143798828e+00
2.245324096679687500e+02
1.242270088195800781e+01
1.190785288810729980e+00
5.005846023559570312e+01
6.760027408599853516e+00
1.477671742439270020e+00
1.436208963394165039e+00
5.524263978004455566e-01
1.505221605300903320e+00
1.260711975097656250e+02
6.843767547607421875e+01
4.179319381713867188e+01
6.621284008026123047e+00
2.093855285644531250e+01
2.145285129547119141e+00
1.641251564025878906e+01
4.569681549072265625e+01
3.365011596679687500e+02
6.066394448280334473e-01
1.560552692413330078e+01
1.257799148559570312e+02
1.940137982368469238e+00
5.281095981597900391e+00
1.449299011230468750e+02
1.308702659606933594e+01
3.536122798919677734e+00
1.918616676330566406e+01
3.305522203445434570e+00
2.838047027587890625e+01
1.284349083900451660e+00
3.953689956665039062e+01
7.236916351318359375e+01
1.663692295551300049e-01
6.186568603515625000e+02
1.808999061584472656e+01
1.316650748252868652e+00
3.353766918182373047e+00
9.147917938232421875e+01
1.558245658874511719e+01
1.528841018676757812e+00
6.559325218200683594e+00
1.271914124488830566e+00
1.515753078460693359e+01
1.613614273071289062e+01
3.114970624446868896e-01
6.270910263061523438e+00
1.719705700874328613e+00
1.097135305404663086e+00
3.546758651733398438e+00
9.770635604858398438e+00
2.175675153732299805e+00
8.418987274169921875e+00
5.628509998321533203e+00
3.408792114257812500e+01
3.687071502208709717e-01
7.380048751831054688e+00
8.328050994873046875e+01
6.934208393096923828e+00
2.267458534240722656e+01
8.642210960388183594e+00
5.579354763031005859e+00
6.359030008316040039e-01
2.304344024658203125e+02
7.176830768585205078e+00
1.955363082885742188e+01
2.929986715316772461e+00
5.922660446166992188e+01
7.960420846939086914e-01
6.749166870117187500e+01
7.114821777343750000e+02
4.099819362163543701e-01
6.001268029212951660e-01
3.727256393432617188e+01
1.320596694946289062e+00
3.815542297363281250e+02
5.002209663391113281e+00
6.198155879974365234e+00
1.221845746040344238e+00
5.162493228912353516e+00
4.943215548992156982e-01
1.620921134948730469e+01
8.061124086380004883e-01
6.301173782348632812e+01
2.233755111694335938e+00
2.679644012451171875e+01
6.129546165466308594e-01
1.530373334884643555e+00
5.600718021392822266e+00
1.450146913528442383e+00
6.318383789062500000e+01
6.775522708892822266e+00
3.347130060195922852e+00
3.059259891510009766e+00
1.671665573120117188e+01
3.960488510131835938e+01
4.847178649902343750e+01
3.571071624755859375e-01
1.318374023437500000e+02
3.826053380966186523e+00
5.807094097137451172e+00
1.028202438354492188e+01
1.388464450836181641e+00
9.694837951660156250e+01
2.195736694335937500e+01
5.860448360443115234e+00
1.664244651794433594e+01
4.146788597106933594e+00
3.876598834991455078e+00
8.744055175781250000e+01
3.130947685241699219e+01
1.775564002990722656e+01
1.295300388336181641e+01
3.509129714965820312e+01
1.728278541564941406e+01
3.339497375488281250e+01
3.963378906250000000e+01
1.448871307373046875e+02
1.795590221881866455e-01
9.767971038818359375e+00
4.434653930664062500e+02
4.822029876708984375e+01
8.607186126708984375e+01
4.677759706974029541e-01
4.561236202716827393e-01
1.300753307342529297e+01
5.477302074432373047e+00
1.147591114044189453e+01
1.170735168457031250e+01
3.348650693893432617e+00
1.282638835906982422e+01
6.182754993438720703e+00
4.781208515167236328e+00
3.712626934051513672e+00
6.850594878196716309e-01
2.458646535873413086e+00
1.418263854980468750e+02
5.675663757324218750e+01
4.625034809112548828e+00
1.252182292938232422e+01
1.196214294433593750e+01
5.219227790832519531e+00
8.021751098632812500e+02
3.540905952453613281e+00
1.314702796936035156e+01
5.431091308593750000e+00
2.062895202636718750e+01
3.895269012451171875e+01
3.579512357711791992e+00
1.859832763671875000e+01
3.903382110595703125e+01
4.048606109619140625e+01
9.474076271057128906e+00
1.383257904052734375e+02
6.082940101623535156e+00
5.486331462860107422e+00
7.364202117919921875e+01
5.208041667938232422e+00
9.506373405456542969e+00
1.421228332519531250e+02
9.850773620605468750e+01
9.857610321044921875e+01
3.926280517578125000e+02
1.217115998268127441e+00
2.501449823379516602e+00
6.875422596931457520e-01
1.144621253013610840e+00
7.112833499908447266e+00
1.515575647354125977e+00
6.812211871147155762e-01
2.818971395492553711e+00
6.100198030471801758e-01
3.837541809082031250e+02
1.837483978271484375e+01
1.658066253662109375e+02
3.503152847290039062e+01
2.813040733337402344e+00
2.876833534240722656e+01
8.714934349060058594e+00
8.112503051757812500e+00
8.750684261322021484e-01
4.390661315917968750e+02
8.254521942138671875e+01
7.290973663330078125e+00
1.978037834167480469e+01
7.511607360839843750e+01
2.568752746582031250e+02
7.211410999298095703e+00
1.355628848075866699e+00
2.209352684020996094e+01
7.216382622718811035e-01
8.373915672302246094e+00
3.052207183837890625e+01
2.127731513977050781e+01
1.333561897277832031e+00
2.886385679244995117e+00
1.206071624755859375e+02
1.434974365234375000e+02
3.487302780151367188e+01
2.204984474182128906e+01
1.178722667694091797e+01
2.023034989833831787e-01
1.286190599203109741e-01
1.686212730407714844e+01
8.524477005004882812e+00
2.218354701995849609e+00
1.690715789794921875e+01
9.594380950927734375e+01
1.328623657226562500e+02
2.019335746765136719e+01
3.125982999801635742e+00
1.784384846687316895e+00
4.195485115051269531e+00
7.274828910827636719e+00
6.017988586425781250e+01
2.375843048095703125e+00
2.171609115600585938e+01
8.163129687309265137e-01
5.117862701416015625e+00
1.491402834653854370e-01
4.297514915466308594e+00
1.268271865844726562e+02
1.237391113281250000e+04
5.976514339447021484e+00
1.744588661193847656e+01
2.835743188858032227e+00
2.578901052474975586e+00
4.206225585937500000e+01
8.562120819091796875e+01
9.732255935668945312e-01
1.287432789802551270e+00
6.390319347381591797e+00
7.582859802246093750e+01
3.305046463012695312e+01
3.591856956481933594e+00
1.075544891357421875e+02
3.281653442382812500e+02
2.233422040939331055e+00
3.105556011199951172e+00
2.548029899597167969e+00
2.521499061584472656e+01
2.982326745986938477e+00
4.037269592285156250e+00
4.518754882812500000e+02
7.891644001007080078e+00
3.719514465332031250e+01
9.871566772460937500e+02
6.184875488281250000e+01
1.790022730827331543e+00
6.252811431884765625e+01
