6.792233139276504517e-02
1.897255331277847290e-01
6.530035287141799927e-02
3.768515074625611305e-03
5.851548910140991211e-02
5.407395362854003906e-01
2.631203830242156982e-02
1.218511909246444702e-02
6.711452454328536987e-02
1.592093855142593384e-01
1.947862505912780762e-01
7.046180963516235352e-02
1.047783344984054565e-01
1.642265915870666504e-02
1.519483048468828201e-02
5.876287817955017090e-02
3.962835296988487244e-03
3.340578451752662659e-02
2.509559132158756256e-02
1.121142040938138962e-02
1.148601341992616653e-02
1.298908889293670654e-02
1.637320965528488159e-01
3.435147181153297424e-02
4.506358146667480469e+00
1.051932666450738907e-02
3.453234583139419556e-02
1.724139153957366943e-01
4.130865335464477539e-01
1.289845228195190430e+00
3.287410363554954529e-03
1.086896867491304874e-03
9.924857318401336670e-02
2.212536185979843140e-01
1.706474460661411285e-02
2.647325098514556885e-01
1.962590590119361877e-02
2.495045540854334831e-03
6.615919619798660278e-02
2.583441324532032013e-02
6.291269659996032715e-01
1.711979061365127563e-01
3.517821058630943298e-02
3.997042417526245117e+00
3.362149596214294434e-01
1.339097321033477783e-01
3.084453940391540527e-02
1.121340036392211914e+00
2.607915783300995827e-03
3.993055522441864014e-01
1.470789909362792969e-01
4.274759069085121155e-02
4.995109438896179199e-01
7.496624439954757690e-02
3.775668330490589142e-03
7.326856255531311035e-03
9.911841712892055511e-03
1.193767711520195007e-01
2.522466890513896942e-02
1.971449279785156250e+01
1.404302753508090973e-02
7.513360500335693359e+00
1.991559192538261414e-02
2.394438162446022034e-02
1.719061285257339478e-01
2.189383953809738159e-01
3.646064400672912598e-01
8.871044963598251343e-02
2.347290039062500000e+00
1.008058309555053711e+00
2.638204023241996765e-04
6.686758995056152344e-01
6.940908264368772507e-03
9.232646822929382324e-01
1.373390853404998779e-01
4.806143417954444885e-02
1.573524624109268188e-02
3.453437238931655884e-02
3.605376929044723511e-02
3.136353567242622375e-02
3.937457799911499023e-01
3.129618242383003235e-02
1.184516400098800659e-01
2.037672325968742371e-03
5.649468861520290375e-03
5.825037602335214615e-03
2.296807069797068834e-04
3.260339424014091492e-02
1.013154983520507812e+00
1.304596546106040478e-03
1.660045422613620758e-02
9.322960674762725830e-02
1.660415902733802795e-02
5.514759942889213562e-02
2.845747210085391998e-02
7.183055281639099121e-01
1.891775578260421753e-01
7.313861846923828125e-01
1.160214375704526901e-02
1.527909636497497559e-01
1.312710762023925781e+00
5.951419845223426819e-02
6.075535900890827179e-03
2.804154716432094574e-02
4.511390998959541321e-02
2.915271818637847900e-01
8.168174326419830322e-02
9.990122169256210327e-02
7.305784821510314941e-01
8.842521160840988159e-02
2.024128660559654236e-02
1.748266667127609253e-01
1.440990865230560303e-01
5.731843709945678711e-01
5.471793189644813538e-02
9.357952326536178589e-02
9.694682806730270386e-02
2.048205770552158356e-02
6.189409177750349045e-03
2.583977207541465759e-02
3.430967684835195541e-03
4.170935821533203125e+01
5.043752193450927734e-01
1.462227225303649902e+00
1.300494186580181122e-03
3.502920269966125488e-02
2.149342931807041168e-02
8.790252613835036755e-04
2.049203515052795410e-01
5.263001099228858948e-02
8.273403048515319824e-01
1.374752819538116455e-01
9.577860124409198761e-03
2.672943752259016037e-03
3.753574192523956299e-02
8.706376887857913971e-03
2.000788226723670959e-02
1.148937344551086426e+00
1.103610396385192871e-01
1.005052089691162109e+00
5.957008898258209229e-02
2.679777890443801880e-02
3.824651241302490234e+00
9.137939214706420898e-01
4.413330554962158203e+00
1.250965595245361328e-01
3.305239975452423096e-01
6.104824319481849670e-02
1.645537912845611572e-01
3.889460861682891846e-02
2.200336195528507233e-02
6.348450779914855957e-01
1.209470480680465698e-01
7.372908294200897217e-02
2.470317780971527100e-01
8.261963725090026855e-02
2.693066187202930450e-02
4.596851021051406860e-02
1.633489853702485561e-03
3.812706330791115761e-03
1.715798974037170410e-01
4.367900267243385315e-02
1.149575039744377136e-01
1.281060278415679932e-01
1.275931954383850098e+00
3.065459132194519043e-01
5.272333621978759766e-01
2.494311481714248657e-01
2.788929224014282227e+00
3.832494141533970833e-03
2.356316000223159790e-01
1.770764440298080444e-01
4.465708509087562561e-03
6.316489726305007935e-02
9.760273993015289307e-02
1.044422268867492676e+00
5.286382138729095459e-02
5.040298029780387878e-02
3.988528251647949219e-02
1.138337612152099609e+00
1.392375528812408447e-01
8.209024369716644287e-02
1.651204377412796021e-01
5.891470611095428467e-02
2.068206787109375000e+00
9.943974018096923828e-02
5.709789693355560303e-02
4.302070289850234985e-02
3.145003318786621094e-01
5.435936152935028076e-02
8.835994005203247070e-01
6.525710225105285645e-02
1.137211336754262447e-03
6.069400161504745483e-02
1.849943399429321289e-01
7.128793746232986450e-02
1.318943649530410767e-01
4.494379460811614990e-02
4.437578842043876648e-03
3.175504803657531738e-01
5.501190666109323502e-03
6.322479248046875000e-02
7.141053676605224609e-02
4.292527586221694946e-02
4.711370915174484253e-02
1.179044414311647415e-02
8.814515918493270874e-02
1.325903415679931641e+01
7.483755704015493393e-03
4.321342799812555313e-03
2.216596156358718872e-02
6.166664138436317444e-02
1.941604190506041050e-03
5.596202015876770020e-01
1.032470539212226868e-01
1.368751406669616699e+00
5.642197132110595703e-01
1.514490414410829544e-02
2.759232418611645699e-03
1.215659141540527344e+00
1.404695153236389160e+00
6.765696220099925995e-03
1.552791614085435867e-02
2.469643764197826385e-02
3.565969818737357855e-04
2.205232232809066772e-01
5.745581351220607758e-03
1.985075592994689941e+00
1.529930084943771362e-01
2.043501660227775574e-02
2.598449587821960449e-02
3.156644478440284729e-02
1.722047105431556702e-02
4.155677929520606995e-02
2.051372639834880829e-02
3.001745641231536865e-01
1.004186049103736877e-01
3.747256007045507431e-03
3.405383229255676270e-01
4.708261229097843170e-03
2.368640005588531494e-01
1.901142112910747528e-02
1.085070520639419556e-01
1.103718765079975128e-02
1.458206400275230408e-02
2.933010831475257874e-02
1.405922621488571167e-01
4.720980301499366760e-02
8.414454013109207153e-02
1.582207530736923218e-01
1.083915531635284424e-01
8.970067501068115234e-01
1.190198236145079136e-03
3.461494445800781250e-01
1.554329395294189453e-01
2.044445425271987915e-01
3.021822452545166016e+00
7.262015342712402344e-02
4.691371694207191467e-02
3.755923360586166382e-02
1.925386115908622742e-02
5.731377284973859787e-03
3.190083205699920654e-01
8.662360161542892456e-02
2.143765613436698914e-02
3.466007411479949951e-01
5.715332925319671631e-03
1.495234131813049316e+00
1.401107525452971458e-03
2.688343450427055359e-02
6.553857326507568359e+00
2.594327926635742188e-01
1.252763569355010986e-01
5.893853027373552322e-03
2.244532573968172073e-03
2.678891830146312714e-02
4.980280995368957520e-02
2.545721456408500671e-02
9.838896244764328003e-02
7.203040719032287598e-01
6.650335192680358887e-01
1.249135732650756836e-01
4.258938878774642944e-02
1.516938395798206329e-02
1.933297840878367424e-03
1.647071726620197296e-02
4.228506565093994141e+00
2.322086572647094727e+00
1.283834967762231827e-02
1.133722960948944092e-01
1.637443713843822479e-02
9.652538225054740906e-03
2.729434967041015625e-01
1.884620077908039093e-02
4.839515313506126404e-03
1.664713397622108459e-02
4.070293158292770386e-02
6.489743292331695557e-02
1.234998583793640137e+00
1.916102766990661621e-01
1.936594247817993164e+00
2.182125151157379150e-01
2.203601151704788208e-01
2.051181316375732422e+00
3.441883623600006104e-01
2.775438874959945679e-02
1.004558801651000977e-02
1.730313748121261597e-01
1.574987471103668213e-01
3.304720520973205566e-01
1.246372818946838379e+00
1.894325613975524902e-01
1.550564020872116089e-01
2.266289740800857544e-01
1.238464564085006714e-02
7.884737849235534668e-02
3.521839855238795280e-03
1.509480118751525879e+00
2.234638435766100883e-03
1.309385430067777634e-02
1.626950502395629883e-01
3.075952641665935516e-03
1.206890419125556946e-01
5.291110873222351074e-01
6.245284155011177063e-02
2.685167312622070312e+00
1.064384728670120239e-02
1.028700079768896103e-02
2.327236346900463104e-02
7.687942590564489365e-03
2.427952131256461143e-03
3.858081340789794922e+00
3.797237947583198547e-02
4.539005085825920105e-02
2.272747643291950226e-02
2.869208715856075287e-02
2.766283228993415833e-02
1.553087774664163589e-02
1.142929792404174805e-01
5.312262773513793945e-01
5.751863121986389160e-02
1.997627550736069679e-03
8.506068959832191467e-03
1.553866505622863770e+00
3.243319923058152199e-03
1.732001639902591705e-02
7.549685239791870117e-01
5.688776373863220215e-01
8.032222092151641846e-02
2.675135433673858643e-01
1.485401690006256104e-01
6.352911144495010376e-02
6.997975287958979607e-04
1.889478228986263275e-02
6.510731577873229980e-02
4.844306036829948425e-03
2.363853901624679565e-02
1.003065928816795349e-01
1.660178601741790771e-01
1.608207374811172485e-01
5.313646048307418823e-02
1.285572256892919540e-02
6.562943011522293091e-02
3.340415284037590027e-02
5.327342748641967773e-01
6.286565214395523071e-02
9.864338487386703491e-02
6.745730061084032059e-03
3.833931982517242432e-01
1.223618164658546448e-03
1.395017653703689575e-01
2.790670096874237061e-02
5.230292797088623047e+00
8.460921794176101685e-02
3.973886370658874512e-01
5.251433234661817551e-03
1.895299926400184631e-02
2.755585312843322754e-02
2.182509377598762512e-02
1.111935172230005264e-02
7.813090831041336060e-02
1.175095792859792709e-02
8.058856129646301270e-01
5.996781587600708008e-01
1.022588759660720825e-01
2.574277400970458984e+00
1.647183418273925781e+01
2.175249159336090088e-02
1.724045164883136749e-02
4.348798247519880533e-04
6.084046140313148499e-02
7.964956760406494141e-02
5.333822593092918396e-02
1.315618705749511719e+01
1.290585962124168873e-03
3.984047412872314453e+00
2.144480496644973755e-01
3.973787650465965271e-02
1.203763484954833984e-02
1.274629682302474976e-02
2.903439044952392578e+00
2.723956680297851562e+01
3.427949523925781250e+01
2.987070977687835693e-01
7.354990482330322266e+00
1.940844893455505371e+00
4.997049713134765625e+01
6.065345287322998047e+00
8.584748840332031250e+01
4.326247692108154297e+00
5.866507339477539062e+01
1.706080436706542969e+01
7.547244548797607422e+00
4.294041097164154053e-01
1.331090927124023438e+01
3.164793968200683594e+01
1.040469646453857422e+01
7.711389923095703125e+01
2.193680953979492188e+01
2.366540193557739258e+00
2.719423055648803711e+00
2.593338966369628906e+00
1.089122390747070312e+01
1.373880100250244141e+01
2.678292465209960938e+01
1.376387238502502441e+00
1.268091583251953125e+01
9.796286773681640625e+01
2.975825195312500000e+02
2.228323554992675781e+01
2.024746417999267578e+00
1.473565220832824707e+00
3.527095317840576172e+00
2.497975616455078125e+02
1.430499672889709473e+00
2.123580360412597656e+01
6.219339370727539062e-01
2.805149257183074951e-01
2.113234758377075195e+00
2.293267822265625000e+01
8.114288940429687500e+02
1.578873443603515625e+01
5.692803263664245605e-01
6.887725830078125000e+01
1.664124298095703125e+01
8.754080200195312500e+01
9.548262023925781250e+01
1.438191509246826172e+01
1.460403084754943848e+00
1.170671005249023438e+02
3.300505447387695312e+01
5.422335147857666016e+00
1.583719539642333984e+01
4.760030746459960938e+01
5.806958198547363281e+00
6.634818315505981445e-01
1.693353414535522461e+00
1.116159796714782715e+00
3.879552125930786133e+00
1.571811981201171875e+02
2.652567481994628906e+01
2.079825744628906250e+02
1.256920337677001953e+00
5.507499694824218750e+00
2.296938657760620117e+00
2.246354675292968750e+01
6.946132183074951172e+00
6.906024169921875000e+02
7.074102172851562500e+02
6.823776245117187500e+01
4.491308331489562988e-02
3.827818298339843750e+01
1.675585746765136719e+00
8.153745269775390625e+01
1.328052520751953125e+01
6.386106491088867188e+00
5.691261291503906250e-01
1.647948265075683594e+00
2.301469039916992188e+01
1.872317123413085938e+01
1.523787975311279297e+01
2.182056188583374023e+00
6.180727005004882812e+00
7.393412113189697266e+00
3.865843057632446289e+00
2.457970142364501953e+00
2.768622636795043945e-01
2.504071426391601562e+01
1.655936813354492188e+01
9.523063898086547852e-01
3.106835842132568359e+00
7.473130035400390625e+01
3.187218856811523438e+01
9.886728286743164062e+00
1.667290687561035156e+01
2.340086364746093750e+01
4.187942028045654297e+00
8.919038696289062500e+02
2.347732067108154297e+00
1.798381996154785156e+01
8.338915109634399414e-01
1.916394948959350586e+00
2.250870019197463989e-01
6.598049926757812500e+01
1.042631244659423828e+01
2.093542289733886719e+01
3.226067304611206055e+00
2.037084808349609375e+02
2.952857360839843750e+02
2.318525552749633789e+00
2.057612389326095581e-01
2.762380409240722656e+01
1.091486930847167969e+01
8.860185623168945312e+00
2.566669464111328125e+01
2.091306495666503906e+01
8.990882873535156250e+00
3.958848953247070312e+00
9.835758209228515625e+00
9.756077766418457031e+00
1.507531642913818359e+01
3.114551513671875000e+03
2.983345336914062500e+02
3.094086837768554688e+01
3.457894325256347656e+00
1.015461044311523438e+02
9.445862770080566406e+00
1.919695615768432617e+00
2.382588500976562500e+02
5.572849655151367188e+01
1.460565948486328125e+01
1.292097187042236328e+01
1.683760285377502441e-01
2.035789966583251953e+00
9.361503720283508301e-01
1.131026864051818848e+00
3.866720914840698242e+00
1.226340332031250000e+02
3.800828933715820312e+01
4.836042785644531250e+01
9.273363494873046875e+01
5.264582633972167969e-01
2.306506347656250000e+02
2.859182357788085938e+01
5.895413589477539062e+01
1.099053955078125000e+01
2.314624023437500000e+02
1.437538743019104004e+00
1.959733009338378906e+01
4.223623657226562500e+01
1.592935085296630859e+00
2.162383728027343750e+02
1.672352027893066406e+01
1.114054203033447266e+00
6.242631912231445312e+01
6.850072860717773438e+00
1.177075028419494629e+00
1.297489047050476074e+00
5.399476885795593262e-01
1.388016462326049805e+00
1.535186462402343750e+02
8.147744750976562500e+01
5.485919570922851562e+01
6.926559925079345703e+00
2.753843688964843750e+01
2.692071914672851562e+00
2.184825325012207031e+01
6.131412124633789062e+01
3.103995056152343750e+02
8.453899621963500977e-01
1.383077430725097656e+01
1.531752014160156250e+02
1.860919594764709473e+00
7.071581363677978516e+00
1.401813507080078125e+02
1.417437934875488281e+01
3.355094909667968750e+00
1.780771064758300781e+01
3.560082912445068359e+00
3.126063728332519531e+01
1.533035755157470703e+00
4.181570053100585938e+01
7.451293182373046875e+01
1.889564543962478638e-01
9.618773803710937500e+02
1.520028495788574219e+01
1.413504600524902344e+00
4.314393043518066406e+00
9.086120605468750000e+01
1.383701515197753906e+01
1.685361027717590332e+00
8.967792510986328125e+00
1.816971778869628906e+00
1.612519073486328125e+01
2.080499267578125000e+01
3.136075139045715332e-01
8.566559791564941406e+00
1.806945562362670898e+00
1.064367890357971191e+00
3.732856750488281250e+00
7.715917110443115234e+00
1.976852774620056152e+00
7.503033638000488281e+00
7.266895771026611328e+00
3.851375579833984375e+01
4.122422933578491211e-01
7.324440479278564453e+00
8.417006683349609375e+01
7.515969276428222656e+00
2.092389106750488281e+01
9.800096511840820312e+00
5.865364074707031250e+00
8.744835257530212402e-01
4.067513427734375000e+02
1.079584503173828125e+01
2.721705245971679688e+01
4.131555557250976562e+00
8.205624389648437500e+01
8.062735795974731445e-01
7.501377868652343750e+01
9.968275146484375000e+02
3.551847636699676514e-01
7.078762054443359375e-01
5.352082443237304688e+01
1.400895833969116211e+00
3.255315856933593750e+02
5.133962154388427734e+00
6.365590095520019531e+00
1.415488600730895996e+00
4.801346778869628906e+00
4.299774467945098877e-01
1.578872299194335938e+01
8.487812876701354980e-01
5.767222595214843750e+01
2.228259801864624023e+00
2.820651817321777344e+01
6.469496488571166992e-01
1.982960700988769531e+00
7.363496780395507812e+00
1.213242650032043457e+00
8.125450897216796875e+01
8.899338722229003906e+00
4.284385681152343750e+00
3.447260856628417969e+00
1.347809600830078125e+01
4.554000091552734375e+01
6.403238677978515625e+01
3.211663067340850830e-01
1.999449005126953125e+02
4.550802707672119141e+00
6.821097850799560547e+00
1.442881011962890625e+01
1.536084055900573730e+00
8.742896270751953125e+01
2.310368156433105469e+01
6.554294109344482422e+00
2.120456314086914062e+01
4.666414737701416016e+00
3.272195577621459961e+00
1.029458312988281250e+02
2.680895805358886719e+01
2.328294372558593750e+01
1.207405090332031250e+01
5.817682266235351562e+01
2.193998908996582031e+01
4.149424362182617188e+01
3.244365310668945312e+01
1.329083557128906250e+02
1.717136949300765991e-01
8.615576744079589844e+00
5.216991577148437500e+02
6.026011657714843750e+01
1.047428054809570312e+02
4.514017701148986816e-01
4.744650423526763916e-01
1.556722068786621094e+01
6.850084304809570312e+00
1.264421081542968750e+01
1.072299480438232422e+01
3.174446344375610352e+00
1.279133224487304688e+01
6.210927963256835938e+00
4.648950576782226562e+00
4.161655426025390625e+00
8.335922360420227051e-01
2.519784927368164062e+00
1.691432342529296875e+02
9.640547180175781250e+01
5.014129161834716797e+00
1.773785781860351562e+01
1.439244937896728516e+01
4.620397567749023438e+00
1.208779907226562500e+03
3.513358354568481445e+00
1.910930252075195312e+01
6.252055644989013672e+00
2.648830032348632812e+01
5.415284729003906250e+01
4.210485935211181641e+00
2.491340255737304688e+01
3.591026687622070312e+01
4.939479827880859375e+01
1.363774585723876953e+01
1.791819305419921875e+02
5.677130222320556641e+00
5.330967426300048828e+00
9.052186584472656250e+01
6.524877548217773438e+00
9.732023239135742188e+00
1.619382324218750000e+02
8.844466400146484375e+01
1.124631118774414062e+02
4.674013061523437500e+02
1.004416108131408691e+00
3.512880086898803711e+00
5.952497720718383789e-01
1.422654628753662109e+00
9.191519737243652344e+00
1.769131422042846680e+00
7.923132777214050293e-01
2.986047983169555664e+00
6.977109909057617188e-01
3.598541564941406250e+02
1.715530776977539062e+01
1.537038879394531250e+02
4.525685119628906250e+01
3.622491121292114258e+00
3.182711410522460938e+01
1.102572154998779297e+01
1.183347892761230469e+01
1.117810130119323730e+00
6.888691406250000000e+02
8.973261260986328125e+01
7.670222759246826172e+00
2.335934066772460938e+01
7.575415039062500000e+01
3.461005249023437500e+02
7.935756683349609375e+00
1.611101508140563965e+00
2.261277580261230469e+01
6.906455755233764648e-01
9.504738807678222656e+00
5.689056777954101562e+01
1.797918510437011719e+01
1.909021615982055664e+00
2.420835494995117188e+00
1.207339172363281250e+02
1.761418151855468750e+02
3.215000152587890625e+01
2.327934074401855469e+01
1.366552543640136719e+01
2.462699413299560547e-01
1.220762580633163452e-01
1.827327919006347656e+01
8.703830718994140625e+00
2.662635564804077148e+00
1.721671485900878906e+01
9.006418609619140625e+01
1.117243194580078125e+02
2.233736991882324219e+01
3.163636207580566406e+00
1.625727653503417969e+00
4.323416233062744141e+00
6.293594360351562500e+00
8.291889190673828125e+01
2.422381162643432617e+00
2.418510437011718750e+01
6.795256733894348145e-01
4.817278861999511719e+00
1.785320043563842773e-01
4.803355216979980469e+00
1.472406463623046875e+02
1.843397851562500000e+04
6.929795265197753906e+00
2.083957862854003906e+01
2.948372125625610352e+00
2.438403129577636719e+00
3.916067886352539062e+01
1.120371551513671875e+02
1.236943125724792480e+00
1.590942382812500000e+00
6.737524509429931641e+00
7.067250823974609375e+01
3.467688751220703125e+01
3.491204023361206055e+00
1.250438842773437500e+02
4.377743835449218750e+02
2.380939245223999023e+00
2.788713932037353516e+00
2.537109851837158203e+00
3.105770111083984375e+01
2.947791814804077148e+00
3.499639272689819336e+00
4.525581665039062500e+02
1.005787372589111328e+01
4.227509307861328125e+01
1.081571411132812500e+03
5.876183319091796875e+01
1.456627964973449707e+00
5.283528900146484375e+01
