5.404790118336677551e-02
2.527367472648620605e-01
6.855737883597612381e-03
3.526307875290513039e-03
3.363232314586639404e-02
4.630028724670410156e+00
2.662304043769836426e-02
4.113721195608377457e-03
1.032236404716968536e-02
6.400641798973083496e-01
2.004526928067207336e-02
3.269786015152931213e-02
8.258001506328582764e-02
2.710434980690479279e-02
3.088135970756411552e-03
2.242948673665523529e-02
2.078415593132376671e-03
1.396820228546857834e-02
3.993203118443489075e-02
9.083753684535622597e-04
4.026627913117408752e-02
3.968729451298713684e-02
1.494809985160827637e-01
2.219939790666103363e-02
1.682369589805603027e+00
1.143110170960426331e-02
6.574001163244247437e-02
1.186893582344055176e-01
8.812206238508224487e-02
8.136227130889892578e-01
9.059055009856820107e-04
2.628790971357375383e-04
1.464206166565418243e-02
5.517069250345230103e-02
3.877652063965797424e-02
2.332242578268051147e-02
6.236662622541189194e-03
4.922476946376264095e-04
1.201240532100200653e-02
8.920636028051376343e-03
1.987988203763961792e-01
1.384577602148056030e-01
6.648279260843992233e-03
8.103880882263183594e+00
2.092591822147369385e-01
1.524378508329391479e-01
1.642123423516750336e-02
6.495488882064819336e-01
2.083651022985577583e-03
4.556771367788314819e-02
1.933338344097137451e-01
9.049954265356063843e-02
1.219372451305389404e-01
3.512364253401756287e-02
1.170684234239161015e-03
3.050711704418063164e-03
5.001024808734655380e-03
2.043772675096988678e-02
3.583086282014846802e-02
1.368310165405273438e+01
1.346094906330108643e-02
9.387785911560058594e+00
1.890497095882892609e-02
7.339192554354667664e-03
1.281899809837341309e-01
5.159633234143257141e-02
2.497878074645996094e-01
2.677021175622940063e-02
8.530383110046386719e-01
6.517705917358398438e-01
1.552580506540834904e-04
1.379565238952636719e+00
2.723467303439974785e-03
1.311685442924499512e-01
8.355449885129928589e-02
1.990399882197380066e-02
8.022484369575977325e-03
7.349543273448944092e-02
2.995119988918304443e-02
1.370740961283445358e-02
1.818227022886276245e-01
2.513648942112922668e-02
2.761559002101421356e-02
2.847561263479292393e-04
3.683315822854638100e-03
2.913655014708638191e-03
7.224123692139983177e-05
3.067351505160331726e-02
7.942371368408203125e-01
7.660979172214865685e-04
1.747062988579273224e-02
1.380870118737220764e-02
3.704157192260026932e-03
5.603995919227600098e-02
1.765247783623635769e-03
1.158867955207824707e+00
2.814496755599975586e-01
1.813271939754486084e-01
1.248088083229959011e-03
1.015703082084655762e-01
2.513155221939086914e+00
6.922604143619537354e-02
2.655674703419208527e-03
2.181289531290531158e-02
1.968642137944698334e-02
4.940080642700195312e-01
5.612009018659591675e-02
2.133816853165626526e-02
6.123600155115127563e-02
2.116209417581558228e-01
6.720991432666778564e-02
2.830899357795715332e-01
8.922763913869857788e-02
1.918383538722991943e-01
1.658092066645622253e-02
6.897345185279846191e-02
4.491736739873886108e-02
1.664906367659568787e-02
4.383240826427936554e-03
4.014109447598457336e-02
2.381959930062294006e-03
2.587197875976562500e+01
4.617528021335601807e-01
6.807268261909484863e-01
2.778855850920081139e-04
2.282419204711914062e-01
1.785509474575519562e-02
5.165463662706315517e-04
1.279385089874267578e-01
4.779558256268501282e-02
7.940887212753295898e-01
2.273354120552539825e-02
4.779980052262544632e-03
2.846677321940660477e-03
7.153997570276260376e-02
1.456371974200010300e-02
4.258609190583229065e-02
2.206685066223144531e+00
2.271514087915420532e-01
7.728943228721618652e-01
1.381421275436878204e-02
1.205648854374885559e-02
1.037910699844360352e+00
8.483836650848388672e-01
2.029968833923339844e+01
5.985761806368827820e-02
2.791461944580078125e-01
2.778673171997070312e-02
1.182375177741050720e-01
1.623270101845264435e-02
1.889812573790550232e-02
1.623659580945968628e-01
2.142577916383743286e-01
4.654914513230323792e-02
2.334613800048828125e-01
1.777852140367031097e-02
2.727120369672775269e-02
4.589331150054931641e-02
1.715003745630383492e-03
7.593304384499788284e-03
8.252986520528793335e-02
7.550673908554017544e-04
1.210873872041702271e-01
2.559263706207275391e-01
4.311969280242919922e-01
2.243803590536117554e-01
1.566580981016159058e-01
2.480998784303665161e-01
1.817713737487792969e+00
1.333560794591903687e-03
2.961798012256622314e-02
2.452626675367355347e-01
2.533555089030414820e-04
1.061369664967060089e-02
6.087476387619972229e-02
2.140137910842895508e+00
2.612293697893619537e-02
2.222838811576366425e-02
1.969977468252182007e-02
1.849636435508728027e-01
5.863216891884803772e-02
5.075772479176521301e-02
1.481958329677581787e-01
9.242379665374755859e-02
1.011913418769836426e+00
2.312022633850574493e-02
6.671003531664609909e-03
3.580456972122192383e-02
5.148565173149108887e-01
4.169707372784614563e-02
3.157497048377990723e-01
3.345020860433578491e-02
2.199572918470948935e-04
1.197579652070999146e-01
2.416863143444061279e-01
4.559614509344100952e-02
5.027541518211364746e-01
5.616398155689239502e-02
8.303227834403514862e-03
5.580358207225799561e-02
3.876819740980863571e-03
5.533880367875099182e-02
1.518236659467220306e-02
4.563073813915252686e-02
9.180169552564620972e-03
7.590640336275100708e-03
1.535414457321166992e-01
1.728109550476074219e+01
5.038955714553594589e-03
2.856233157217502594e-03
4.538387060165405273e-03
4.783615842461585999e-02
1.685905008343979716e-04
1.492180943489074707e+00
3.719403594732284546e-02
2.766374111175537109e+00
3.450974225997924805e-01
2.632706053555011749e-02
6.852956139482557774e-04
5.677421689033508301e-01
7.570042610168457031e-01
4.600789397954940796e-03
5.772578530013561249e-03
3.382864966988563538e-02
9.000192221719771624e-05
1.431445628404617310e-01
2.197743393480777740e-03
3.700200080871582031e+00
2.135010510683059692e-01
1.170936040580272675e-02
1.998973079025745392e-02
1.208093483000993729e-02
2.613571286201477051e-02
3.741298103705048561e-03
9.209185838699340820e-02
2.650956995785236359e-02
9.044781327247619629e-02
5.696070380508899689e-03
3.687929809093475342e-01
5.705200601369142532e-04
1.152585372328758240e-01
3.429721295833587646e-02
1.848100274801254272e-01
5.241216626018285751e-03
1.489413809031248093e-02
1.266186404973268509e-02
3.297109156847000122e-02
7.396592199802398682e-02
4.522108286619186401e-02
6.848523765802383423e-02
4.418609291315078735e-02
8.948503732681274414e-01
1.540222001494839787e-04
1.329434365034103394e-01
2.635777369141578674e-02
2.096155583858489990e-01
4.018050193786621094e+00
5.334873124957084656e-02
1.292696688324213028e-02
1.129834577441215515e-01
8.508815430104732513e-03
1.528617227450013161e-03
1.851175665855407715e+00
6.041556224226951599e-02
6.860643159598112106e-03
6.875808537006378174e-02
1.096394006162881851e-02
1.747659325599670410e+00
4.832594655454158783e-03
9.458698332309722900e-03
3.154843091964721680e+00
5.579350143671035767e-02
7.307600378990173340e-01
3.073411993682384491e-03
1.698913867585361004e-03
1.779777556657791138e-02
1.842899248003959656e-02
1.478026062250137329e-02
3.610402643680572510e-01
8.544400334358215332e-01
2.560708224773406982e-01
2.079691551625728607e-02
1.808531954884529114e-02
1.366876345127820969e-02
2.770882565528154373e-04
1.268386002629995346e-02
7.677195072174072266e+00
2.197809219360351562e+00
1.365808420814573765e-03
7.157039642333984375e-02
1.737131364643573761e-02
3.137541934847831726e-03
2.136902362108230591e-01
4.538373276591300964e-02
1.257896190509200096e-03
1.345498114824295044e-02
3.205349296331405640e-02
6.743019074201583862e-02
2.050613164901733398e+00
9.627300500869750977e-02
1.784435868263244629e+00
5.072615146636962891e-01
1.555367708206176758e-01
8.526731729507446289e-01
1.976988673210144043e+00
2.185481600463390350e-02
1.678260415792465210e-02
1.061839237809181213e-01
1.171103585511445999e-02
1.953087151050567627e-01
9.775573015213012695e-01
9.859306365251541138e-02
2.597604691982269287e-02
4.283438920974731445e-01
8.208969607949256897e-03
3.807030990719795227e-02
1.507500186562538147e-03
8.721302151679992676e-01
2.405669074505567551e-03
1.021102629601955414e-02
2.018789499998092651e-01
1.121098757721483707e-03
1.686640828847885132e-02
7.930180430412292480e-02
6.803933531045913696e-03
9.185601472854614258e-01
4.815232940018177032e-03
6.510947365313768387e-03
1.577889174222946167e-02
4.794484470039606094e-03
2.151473192498087883e-03
4.190904200077056885e-01
1.359190698713064194e-02
2.472331374883651733e-02
1.176502555608749390e-02
1.472935732454061508e-02
1.090827304869890213e-02
9.857514873147010803e-03
2.586577087640762329e-02
1.543850749731063843e-01
5.050058942288160324e-03
6.540945032611489296e-04
6.912104785442352295e-03
1.768684148788452148e+00
1.133812591433525085e-03
1.571835018694400787e-02
2.242150902748107910e-01
1.266684383153915405e-01
3.794287890195846558e-02
4.885708913207054138e-02
1.471803188323974609e-01
9.928317368030548096e-02
1.110247176256962121e-04
1.926461979746818542e-02
8.917969651520252228e-03
4.667784553021192551e-03
3.408857434988021851e-02
3.234721347689628601e-02
6.625741720199584961e-02
1.343915313482284546e-01
4.420890659093856812e-02
1.504397951066493988e-03
4.258473962545394897e-02
1.469821296632289886e-02
2.748745083808898926e-01
1.439814455807209015e-02
1.529611647129058838e-01
1.781728817149996758e-03
2.724623978137969971e-01
5.038427188992500305e-04
7.933603227138519287e-02
1.272677481174468994e-01
3.086918592453002930e-01
3.396591916680335999e-02
7.267597913742065430e-01
4.550654441118240356e-03
1.555497292429208755e-02
8.473747409880161285e-03
1.247845310717821121e-02
4.090454429388046265e-02
7.201544940471649170e-02
2.607997739687561989e-03
2.779647827148437500e+00
1.287563294172286987e-01
2.891468256711959839e-02
5.865515232086181641e+00
1.416538333892822266e+01
1.040305104106664658e-02
1.601090421900153160e-03
6.390524213202297688e-04
5.515354499220848083e-02
1.173238735646009445e-02
3.806165233254432678e-02
6.676547050476074219e+00
2.783255768008530140e-04
4.056526660919189453e+00
1.926572918891906738e-01
2.432040683925151825e-02
1.572300447151064873e-03
6.906257010996341705e-03
2.089556503295898438e+01
9.667426300048828125e+01
7.965532684326171875e+01
8.598223328590393066e-01
3.315902328491210938e+01
1.506910204887390137e+00
5.095879821777343750e+02
1.256373691558837891e+01
1.189368362426757812e+02
1.987998008728027344e+01
1.294133300781250000e+02
1.841877746582031250e+01
4.301713943481445312e+01
5.803460478782653809e-01
9.908312797546386719e+00
1.031652984619140625e+02
4.406462860107421875e+01
2.081420135498046875e+02
9.310990905761718750e+01
5.947298526763916016e+00
3.733056640625000000e+01
5.492484569549560547e+00
7.867025375366210938e+00
3.542821884155273438e+01
3.107382774353027344e+00
8.610789775848388672e-01
1.403102722167968750e+02
7.438616333007812500e+02
7.571128540039062500e+02
2.749043273925781250e+02
4.834977626800537109e+00
3.656020164489746094e+00
7.112164020538330078e+00
3.918279418945312500e+02
7.755413532257080078e+00
7.743128776550292969e+00
6.898888945579528809e-01
8.351645618677139282e-02
3.573946952819824219e+00
1.449674224853515625e+02
1.105824584960937500e+03
2.234193420410156250e+01
8.946436643600463867e-01
4.632264404296875000e+02
1.915926551818847656e+01
1.790511779785156250e+02
1.300151519775390625e+02
1.017880630493164062e+01
8.113907575607299805e-01
5.614078369140625000e+02
1.592384338378906250e+02
2.971581268310546875e+01
1.430926895141601562e+01
3.040420913696289062e+01
3.421157836914062500e+00
7.269114494323730469e+00
5.312958717346191406e+00
5.446942448616027832e-01
2.081691551208496094e+01
1.022619140625000000e+03
1.545949096679687500e+02
4.961248779296875000e+02
5.387257099151611328e+00
4.257296752929687500e+01
6.997903823852539062e+00
2.075438499450683594e+01
6.416228485107421875e+01
1.366875244140625000e+03
5.007263183593750000e+02
2.607771110534667969e+01
7.820481806993484497e-02
7.236518859863281250e+01
1.146341681480407715e+00
1.339101562500000000e+02
7.743499755859375000e+00
1.064000511169433594e+01
7.002921700477600098e-01
1.038262653350830078e+01
1.915382232666015625e+02
3.356299591064453125e+01
2.823405838012695312e+01
5.353855609893798828e+00
1.123140716552734375e+01
2.847461700439453125e+01
1.204189300537109375e+01
1.874853897094726562e+01
1.332607716321945190e-01
1.358993530273437500e+01
1.591054821014404297e+01
4.201932907104492188e+00
1.336313438415527344e+01
4.689835739135742188e+01
5.687380599975585938e+01
1.480029106140136719e+01
9.865562438964843750e+01
9.260663604736328125e+01
4.072402954101562500e+00
1.105052856445312500e+03
8.386856317520141602e-01
1.556169586181640625e+02
1.764829277992248535e+00
2.316554641723632812e+01
2.134520292282104492e+00
1.232571563720703125e+02
3.552178955078125000e+01
6.317332458496093750e+01
2.354165077209472656e+00
2.107322509765625000e+03
3.098607788085937500e+02
1.259968757629394531e+00
2.681694626808166504e-01
4.376572875976562500e+02
1.651796569824218750e+02
1.937066435813903809e+00
3.428694915771484375e+01
1.136195220947265625e+02
3.794467544555664062e+01
1.601758766174316406e+01
7.994871520996093750e+01
1.392003440856933594e+01
1.261931152343750000e+02
7.327266601562500000e+03
2.778957214355468750e+02
1.114609756469726562e+02
2.395213127136230469e+00
1.926086883544921875e+02
2.164834403991699219e+01
2.739972829818725586e+00
8.878515014648437500e+02
1.051421737670898438e+02
2.148545379638671875e+02
1.334563541412353516e+01
3.649846315383911133e-01
1.618470573425292969e+01
2.176625013351440430e+00
3.054910421371459961e+00
2.455989837646484375e+00
3.090772094726562500e+02
2.928048400878906250e+02
3.241952209472656250e+02
3.597303390502929688e+01
2.035123825073242188e+00
3.894240112304687500e+02
2.120012474060058594e+01
4.465168457031250000e+02
3.717514419555664062e+01
2.674032897949218750e+02
1.827553272247314453e+00
3.180965042114257812e+01
1.157726562500000000e+03
5.477429628372192383e-01
4.728091735839843750e+02
5.321948623657226562e+01
5.584881901741027832e-01
1.552349090576171875e+02
2.238728332519531250e+01
1.718629479408264160e+00
9.823805093765258789e-01
4.617749691009521484e+00
1.592660784721374512e+00
8.600827026367187500e+02
1.821966705322265625e+02
2.128728179931640625e+02
2.926609802246093750e+01
1.758023986816406250e+02
3.611976242065429688e+01
4.507292175292968750e+01
1.651710815429687500e+02
5.090833129882812500e+02
7.031098842620849609e+00
9.410275459289550781e+00
9.384013671875000000e+02
1.647668480873107910e+00
7.094314575195312500e+00
2.616324768066406250e+02
2.770682144165039062e+01
1.003392505645751953e+01
6.205503845214843750e+01
3.403583526611328125e+00
1.623221778869628906e+01
6.170099258422851562e+00
2.484186553955078125e+01
3.435979614257812500e+02
4.497589111328125000e+00
1.041901269531250000e+04
4.875287532806396484e+00
6.593474149703979492e-01
1.667199325561523438e+01
2.348246154785156250e+02
4.634627151489257812e+01
2.236897468566894531e+00
1.545046997070312500e+02
8.477320671081542969e+00
5.776057052612304688e+01
9.791210937500000000e+01
1.872867465019226074e+00
7.058692932128906250e+01
1.205680489540100098e+00
3.526706457138061523e+00
2.427248001098632812e+00
1.197093296051025391e+01
4.889514446258544922e+00
6.278649806976318359e+00
3.868733596801757812e+01
7.824602508544921875e+01
7.347850203514099121e-01
3.249951171875000000e+01
5.217381591796875000e+02
7.465005874633789062e+00
2.977134513854980469e+01
9.619361877441406250e+00
2.753504514694213867e+00
1.307597041130065918e+00
3.323114990234375000e+03
1.803291320800781250e+01
2.703696594238281250e+02
7.408384323120117188e+00
3.318060607910156250e+02
1.598143577575683594e+00
1.729050140380859375e+02
3.162256103515625000e+03
1.341776102781295776e-01
2.143018722534179688e+00
6.639273681640625000e+02
3.161827564239501953e+00
8.086316528320312500e+02
3.971192121505737305e+00
1.960183906555175781e+01
5.186636447906494141e+00
1.241714000701904297e+01
1.208956763148307800e-01
7.625147819519042969e+00
1.672388434410095215e+00
3.153558654785156250e+02
2.558083534240722656e+01
2.298477745056152344e+01
4.949735164642333984e+00
2.421300506591796875e+01
1.663910865783691406e+01
1.139884114265441895e+00
2.966867980957031250e+02
8.565306091308593750e+01
1.250527381896972656e+01
1.688289260864257812e+01
1.364524230957031250e+02
6.334788894653320312e+01
1.529913940429687500e+02
3.931282162666320801e-01
3.061008544921875000e+03
7.610158920288085938e+00
5.845991134643554688e+01
3.840769958496093750e+01
1.297732114791870117e+00
2.957899475097656250e+02
8.604412078857421875e+01
7.616933584213256836e-01
2.716680297851562500e+02
5.057258987426757812e+01
4.327614784240722656e+00
1.313888793945312500e+03
5.337608718872070312e+01
6.832472991943359375e+01
5.463758087158203125e+01
4.751252746582031250e+02
1.202098464965820312e+02
8.923985290527343750e+01
2.969550704956054688e+01
5.542017211914062500e+02
2.993783056735992432e-01
9.613574981689453125e+00
8.838403930664062500e+02
2.283508300781250000e+01
3.595589599609375000e+02
1.196448683738708496e+00
4.367137253284454346e-01
3.693686294555664062e+01
9.012249946594238281e+00
6.788115978240966797e+00
5.514738464355468750e+01
8.012560606002807617e-01
1.172696590423583984e+01
3.467518806457519531e+00
8.027953147888183594e+00
2.957919120788574219e+01
1.487331986427307129e+00
1.889386177062988281e+00
6.556647338867187500e+02
1.474367309570312500e+03
2.992006301879882812e+00
1.492749938964843750e+02
2.361321067810058594e+01
8.722897529602050781e+00
2.577145996093750000e+03
5.124950885772705078e+00
9.278516387939453125e+01
1.917157173156738281e+01
2.460980033874511719e+01
6.744913940429687500e+02
1.824955558776855469e+01
1.752276000976562500e+02
3.643692016601562500e+02
9.488229370117187500e+01
4.773845291137695312e+01
3.317801208496093750e+02
3.324783706665039062e+01
4.364588260650634766e+00
7.833121490478515625e+01
1.641466331481933594e+01
1.366739559173583984e+01
1.116496093750000000e+03
4.913690795898437500e+02
4.728114318847656250e+02
6.771215820312500000e+02
7.073168754577636719e+00
5.548779010772705078e+00
8.673760890960693359e-01
1.498538494110107422e+01
1.794125556945800781e+01
7.291757106781005859e+00
2.022772312164306641e+00
3.701371908187866211e+00
1.258643865585327148e+00
1.728214263916015625e+02
4.228659439086914062e+01
6.215887069702148438e+01
2.359766235351562500e+02
1.254422473907470703e+01
4.972519683837890625e+01
2.255485534667968750e+01
1.419071197509765625e+01
5.507381558418273926e-01
5.079909179687500000e+03
1.259492309570312500e+03
5.968440628051757812e+01
1.226580123901367188e+02
7.052841949462890625e+01
7.052882690429687500e+02
4.191841125488281250e+01
9.890339851379394531e+00
2.748111915588378906e+01
1.902442336082458496e+00
6.381472396850585938e+01
8.924313354492187500e+02
4.827354812622070312e+01
8.459295272827148438e+00
4.433043479919433594e+00
1.090405197143554688e+02
1.014489746093750000e+03
6.331168365478515625e+01
1.871432113647460938e+01
1.758649063110351562e+01
1.106976941227912903e-01
9.501650184392929077e-02
2.618259239196777344e+01
1.623357582092285156e+01
5.556361198425292969e+00
1.284759521484375000e+01
1.299992218017578125e+02
3.655998992919921875e+01
1.132180709838867188e+02
4.593193054199218750e+00
2.237290620803833008e+00
6.765944480895996094e+00
1.969106101989746094e+01
9.311838989257812500e+02
2.223503589630126953e+00
9.215824127197265625e+01
6.893671154975891113e-01
7.586926460266113281e+00
2.798939347267150879e-01
1.369432163238525391e+01
2.505155517578125000e+03
2.111960937500000000e+04
4.579834461212158203e+00
9.471237182617187500e+01
4.936431884765625000e+01
5.608048439025878906e+00
1.115651473999023438e+02
4.240449523925781250e+02
4.346859931945800781e+00
4.744936466217041016e+00
1.348218441009521484e+01
9.961475372314453125e+01
2.107046508789062500e+01
6.517325878143310547e+00
2.671405029296875000e+02
1.164657226562500000e+03
1.090331077575683594e+01
3.469661951065063477e+00
3.368136882781982422e+00
1.766559143066406250e+02
2.576144933700561523e+00
1.175043869018554688e+01
2.790526733398437500e+02
2.396826934814453125e+01
3.915259399414062500e+02
9.032055664062500000e+02
1.821607055664062500e+02
2.081320762634277344e+00
3.575216293334960938e+01
