1.379912197589874268e-01
3.115777969360351562e-01
5.550820752978324890e-02
5.445332266390323639e-03
5.625608935952186584e-02
1.501240968704223633e+00
3.289853408932685852e-02
2.060195058584213257e-02
7.832735776901245117e-02
2.938187420368194580e-01
2.131078094244003296e-01
8.594467490911483765e-02
1.692673265933990479e-01
3.038355335593223572e-02
1.920312456786632538e-02
8.617961406707763672e-02
5.848608445376157761e-03
4.759024828672409058e-02
5.295244976878166199e-02
1.333314180374145508e-02
2.062292024493217468e-02
3.105255216360092163e-02
2.507861256599426270e-01
3.636610507965087891e-02
5.154839038848876953e+00
1.384990196675062180e-02
5.962307378649711609e-02
2.601211071014404297e-01
3.610198497772216797e-01
2.080024003982543945e+00
4.969454370439052582e-03
1.654943567700684071e-03
9.713918715715408325e-02
2.053257972002029419e-01
3.390854224562644958e-02
2.647126317024230957e-01
2.458930574357509613e-02
2.107468666508793831e-03
6.928154826164245605e-02
2.563152834773063660e-02
6.404748558998107910e-01
2.081439495086669922e-01
4.613364115357398987e-02
5.440597057342529297e+00
4.084611535072326660e-01
1.832519024610519409e-01
3.949854150414466858e-02
1.645914435386657715e+00
3.112230449914932251e-03
3.577570021152496338e-01
2.338912338018417358e-01
8.536484837532043457e-02
4.399813711643218994e-01
8.513754606246948242e-02
5.933429580181837082e-03
7.810268551111221313e-03
1.282074861228466034e-02
1.243415325880050659e-01
4.420969635248184204e-02
2.866564369201660156e+01
2.109171450138092041e-02
1.006857204437255859e+01
2.670828998088836670e-02
3.524708375334739685e-02
2.412628680467605591e-01
2.321639657020568848e-01
7.016201615333557129e-01
1.129218414425849915e-01
2.491173982620239258e+00
1.192094564437866211e+00
4.584681591950356960e-04
8.497233390808105469e-01
9.322579950094223022e-03
9.998504519462585449e-01
1.714584231376647949e-01
4.966502636671066284e-02
2.175265736877918243e-02
6.290497630834579468e-02
4.992567747831344604e-02
3.475551679730415344e-02
6.852707862854003906e-01
4.000408947467803955e-02
2.027215808629989624e-01
2.511615166440606117e-03
7.824609056115150452e-03
7.742138579487800598e-03
3.133903956040740013e-04
4.765451326966285706e-02
1.291861295700073242e+00
2.207762794569134712e-03
2.526001445949077606e-02
8.349559456110000610e-02
1.852087490260601044e-02
8.321624994277954102e-02
2.919167652726173401e-02
1.068288326263427734e+00
2.725545167922973633e-01
7.957674264907836914e-01
1.147961802780628204e-02
2.072935998439788818e-01
2.604273319244384766e+00
1.068753972649574280e-01
8.062002249062061310e-03
4.802421852946281433e-02
5.574262887239456177e-02
3.714959323406219482e-01
1.027935892343521118e-01
9.729791432619094849e-02
5.898539423942565918e-01
1.595133841037750244e-01
3.946146368980407715e-02
2.863424420356750488e-01
1.429330259561538696e-01
7.848784327507019043e-01
5.268682166934013367e-02
1.496666371822357178e-01
1.132428944110870361e-01
2.865192666649818420e-02
1.237508840858936310e-02
3.912121057510375977e-02
4.439015407115221024e-03
6.461392211914062500e+01
6.297231316566467285e-01
1.744450926780700684e+00
1.554638496600091457e-03
1.027815565466880798e-01
3.054824098944664001e-02
1.421732478775084019e-03
2.946673333644866943e-01
6.324166059494018555e-02
1.133154392242431641e+00
1.278478652238845825e-01
1.125590782612562180e-02
3.835922107100486755e-03
5.826976895332336426e-02
1.533110160380601883e-02
3.795688599348068237e-02
1.429533481597900391e+00
2.526302635669708252e-01
1.417198061943054199e+00
5.326743796467781067e-02
2.600963041186332703e-02
3.406680583953857422e+00
1.251313209533691406e+00
8.097416877746582031e+00
1.669324785470962524e-01
4.950011670589447021e-01
1.074172705411911011e-01
2.704402804374694824e-01
5.317427963018417358e-02
3.414472565054893494e-02
6.314027309417724609e-01
2.172350436449050903e-01
1.104702353477478027e-01
3.835842907428741455e-01
1.065700352191925049e-01
3.948861733078956604e-02
5.588830634951591492e-02
2.851309953257441521e-03
6.936431862413883209e-03
2.216122001409530640e-01
3.141823038458824158e-02
1.489141583442687988e-01
1.753058880567550659e-01
1.580648541450500488e+00
4.143120348453521729e-01
6.044870615005493164e-01
3.405361771583557129e-01
3.538035869598388672e+00
6.535149645060300827e-03
2.789115309715270996e-01
3.050311505794525146e-01
3.350155195221304893e-03
4.866707697510719299e-02
1.071552708745002747e-01
1.392539381980895996e+00
6.084416061639785767e-02
6.908251345157623291e-02
5.276259779930114746e-02
1.502003192901611328e+00
1.821378171443939209e-01
1.185133084654808044e-01
2.618577182292938232e-01
9.471760690212249756e-02
2.222041368484497070e+00
9.762326627969741821e-02
5.731896683573722839e-02
5.150796100497245789e-02
6.386386752128601074e-01
6.965093314647674561e-02
1.063978075981140137e+00
6.707559525966644287e-02
1.228387351147830486e-03
9.701246768236160278e-02
2.431194037199020386e-01
1.061816960573196411e-01
2.248777449131011963e-01
5.213433131575584412e-02
1.106725353747606277e-02
5.691457390785217285e-01
7.889272645115852356e-03
8.859865367412567139e-02
8.902926743030548096e-02
7.263864576816558838e-02
4.815293848514556885e-02
1.770481094717979431e-02
1.457649767398834229e-01
1.256934547424316406e+01
1.016537938266992569e-02
5.273611284792423248e-03
1.973806135356426239e-02
8.934829384088516235e-02
1.944881631061434746e-03
1.158741235733032227e+00
1.047510877251625061e-01
2.889824390411376953e+00
9.816569685935974121e-01
2.762508019804954529e-02
2.756940200924873352e-03
1.678818106651306152e+00
2.055724382400512695e+00
1.089651416987180710e-02
2.671798318624496460e-02
3.599131479859352112e-02
4.690641071647405624e-04
2.984448969364166260e-01
6.551792845129966736e-03
2.936179161071777344e+00
1.713660806417465210e-01
3.018104471266269684e-02
4.498946294188499451e-02
4.120912775397300720e-02
3.027617745101451874e-02
3.299636393785476685e-02
4.490339383482933044e-02
3.175658583641052246e-01
1.012309044599533081e-01
8.020215667784214020e-03
4.349146783351898193e-01
3.791002556681632996e-03
3.705426752567291260e-01
4.163289442658424377e-02
2.433580458164215088e-01
1.352785620838403702e-02
1.635513268411159515e-02
4.783359169960021973e-02
1.569817215204238892e-01
6.623198837041854858e-02
9.254425764083862305e-02
1.880038082599639893e-01
1.269403100013732910e-01
1.189153075218200684e+00
9.745505522005259991e-04
4.993768036365509033e-01
1.592338234186172485e-01
2.696156203746795654e-01
3.005258321762084961e+00
1.374643445014953613e-01
5.556701123714447021e-02
7.383166998624801636e-02
2.101345732808113098e-02
8.197148330509662628e-03
6.617680788040161133e-01
1.142955422401428223e-01
2.333670482039451599e-02
4.917697310447692871e-01
6.542193237692117691e-03
2.293113708496093750e+00
2.148651750758290291e-03
3.133092075586318970e-02
9.420313835144042969e+00
2.776343226432800293e-01
2.814568877220153809e-01
7.974778302013874054e-03
3.471182426437735558e-03
4.393685981631278992e-02
6.816268712282180786e-02
3.331585228443145752e-02
2.583539187908172607e-01
8.118675351142883301e-01
9.301742315292358398e-01
1.137186139822006226e-01
5.395375937223434448e-02
1.912351138889789581e-02
1.772961462847888470e-03
2.953027375042438507e-02
5.649809837341308594e+00
3.493829488754272461e+00
1.844344101846218109e-02
1.493630409240722656e-01
3.356697782874107361e-02
1.401602756232023239e-02
4.144846498966217041e-01
3.713144361972808838e-02
5.430756602436304092e-03
2.168236672878265381e-02
4.953774437308311462e-02
9.971810877323150635e-02
2.230392217636108398e+00
3.127242326736450195e-01
4.063215255737304688e+00
3.103179037570953369e-01
3.891162276268005371e-01
2.357887983322143555e+00
6.919791102409362793e-01
3.686807304620742798e-02
1.679354719817638397e-02
2.878997325897216797e-01
1.411034017801284790e-01
4.109370112419128418e-01
1.509642601013183594e+00
2.354451268911361694e-01
1.243681833148002625e-01
3.366986811161041260e-01
1.907279714941978455e-02
1.156137883663177490e-01
5.564527120441198349e-03
1.816956758499145508e+00
3.874587360769510269e-03
1.701840199530124664e-02
2.330105900764465332e-01
2.947713481262326241e-03
9.789713472127914429e-02
5.084024667739868164e-01
7.211390137672424316e-02
3.983433246612548828e+00
1.177034527063369751e-02
1.244580559432506561e-02
3.785234317183494568e-02
1.341773755848407745e-02
3.999147098511457443e-03
3.536406993865966797e+00
3.869437053799629211e-02
5.435976013541221619e-02
3.934955969452857971e-02
4.218763113021850586e-02
3.958873823285102844e-02
2.188390493392944336e-02
1.622159332036972046e-01
4.945264160633087158e-01
6.881144642829895020e-02
2.047691028565168381e-03
1.133794803172349930e-02
2.075351238250732422e+00
2.719675423577427864e-03
2.694689854979515076e-02
7.965706586837768555e-01
8.210906386375427246e-01
7.657480984926223755e-02
2.689848244190216064e-01
2.484742999076843262e-01
1.420611888170242310e-01
7.879610639065504074e-04
2.496631629765033722e-02
1.004012003540992737e-01
7.720366120338439941e-03
4.374981299042701721e-02
1.224525868892669678e-01
1.852700561285018921e-01
2.355788499116897583e-01
7.137771695852279663e-02
1.053713820874691010e-02
1.153057813644409180e-01
4.864534735679626465e-02
5.723769664764404297e-01
5.629026144742965698e-02
1.437017321586608887e-01
6.917106453329324722e-03
5.653239488601684570e-01
2.133654430508613586e-03
1.564957350492477417e-01
4.756148159503936768e-02
5.828257560729980469e+00
1.177828684449195862e-01
7.083185315132141113e-01
7.788720540702342987e-03
2.211764827370643616e-02
2.967225573956966400e-02
2.516740188002586365e-02
2.729730866849422455e-02
1.180326119065284729e-01
1.622845977544784546e-02
9.808124303817749023e-01
6.202390193939208984e-01
1.284987330436706543e-01
4.745695590972900391e+00
2.032760047912597656e+01
2.928013168275356293e-02
1.781187020242214203e-02
6.430660141631960869e-04
1.160700842738151550e-01
8.607368171215057373e-02
7.330316305160522461e-02
1.413166427612304688e+01
1.427023438736796379e-03
5.844542503356933594e+00
3.182257115840911865e-01
3.500455617904663086e-02
1.630388200283050537e-02
1.715281046926975250e-02
7.559630870819091797e+00
3.752963638305664062e+01
4.246890258789062500e+01
3.632008135318756104e-01
9.676609039306640625e+00
2.680730581283569336e+00
1.106067657470703125e+02
1.137739753723144531e+01
1.263350830078125000e+02
9.992697715759277344e+00
8.160202026367187500e+01
2.089856529235839844e+01
1.225772285461425781e+01
7.740610241889953613e-01
2.309371948242187500e+01
4.426406860351562500e+01
2.259447288513183594e+01
1.684377746582031250e+02
2.707129859924316406e+01
4.975937843322753906e+00
5.651247024536132812e+00
5.415509700775146484e+00
1.835651969909667969e+01
1.796411705017089844e+01
2.398152542114257812e+01
1.661298751831054688e+00
2.477583885192871094e+01
2.176055908203125000e+02
3.647283325195312500e+02
4.274065399169921875e+01
3.100778818130493164e+00
2.697598695755004883e+00
5.083850383758544922e+00
3.152645874023437500e+02
3.048780441284179688e+00
2.330454254150390625e+01
8.486984968185424805e-01
2.560087144374847412e-01
2.904912233352661133e+00
4.152523040771484375e+01
1.454712036132812500e+03
2.211583709716796875e+01
8.457513451576232910e-01
1.378969268798828125e+02
2.247287368774414062e+01
1.429468536376953125e+02
1.555664367675781250e+02
1.769179916381835938e+01
2.029470443725585938e+00
2.127929534912109375e+02
5.656389236450195312e+01
9.938349723815917969e+00
2.025485420227050781e+01
7.270823669433593750e+01
7.437860488891601562e+00
1.497055888175964355e+00
3.617787599563598633e+00
1.784696221351623535e+00
6.580588340759277344e+00
3.155963745117187500e+02
4.851499176025390625e+01
2.546398620605468750e+02
2.314035415649414062e+00
1.113134479522705078e+01
3.741930484771728516e+00
2.590214157104492188e+01
1.698070907592773438e+01
1.105778686523437500e+03
1.404772460937500000e+03
5.191904067993164062e+01
1.011856645345687866e-01
4.533846664428710938e+01
2.511303424835205078e+00
1.128525238037109375e+02
1.278461551666259766e+01
1.048387908935546875e+01
5.874406099319458008e-01
2.504932641983032227e+00
4.375162124633789062e+01
2.907028961181640625e+01
2.839926528930664062e+01
3.236580848693847656e+00
1.194573783874511719e+01
1.411808204650878906e+01
9.496502876281738281e+00
4.149553298950195312e+00
3.096170425415039062e-01
3.782318115234375000e+01
2.146928787231445312e+01
2.024681806564331055e+00
4.438308715820312500e+00
9.897772979736328125e+01
5.567269134521484375e+01
2.261535263061523438e+01
3.819294738769531250e+01
3.065757942199707031e+01
5.976728916168212891e+00
1.480032714843750000e+03
2.904804229736328125e+00
2.861935615539550781e+01
1.125142216682434082e+00
4.586458206176757812e+00
5.031554698944091797e-01
9.821506500244140625e+01
1.706101036071777344e+01
2.958806419372558594e+01
5.234556674957275391e+00
2.848208007812500000e+02
3.651018981933593750e+02
3.531438350677490234e+00
2.708078026771545410e-01
6.995304107666015625e+01
2.230662345886230469e+01
1.209539794921875000e+01
4.161806106567382812e+01
5.063329696655273438e+01
1.393011760711669922e+01
7.331145763397216797e+00
2.322570991516113281e+01
1.585497760772705078e+01
2.858582496643066406e+01
4.753668457031250000e+03
2.762625732421875000e+02
4.284971618652343750e+01
4.112354755401611328e+00
2.019142761230468750e+02
1.193445110321044922e+01
2.922037124633789062e+00
3.118547363281250000e+02
9.251805877685546875e+01
3.479444503784179688e+01
1.666644859313964844e+01
2.136347144842147827e-01
4.701186656951904297e+00
1.652217149734497070e+00
2.109646558761596680e+00
6.607539653778076172e+00
1.450752410888671875e+02
6.805744934082031250e+01
9.462223052978515625e+01
7.283694458007812500e+01
8.396440148353576660e-01
3.853140258789062500e+02
3.076921272277832031e+01
1.285440063476562500e+02
1.742925643920898438e+01
3.238878784179687500e+02
2.021150350570678711e+00
3.568606185913085938e+01
1.057828521728515625e+02
1.751585841178894043e+00
2.799874267578125000e+02
4.254702377319335938e+01
1.433936357498168945e+00
1.234713973999023438e+02
1.064058303833007812e+01
1.745831727981567383e+00
1.127041339874267578e+00
1.197630524635314941e+00
1.837335109710693359e+00
2.779138793945312500e+02
1.420976257324218750e+02
1.061242294311523438e+02
1.149977493286132812e+01
4.368663024902343750e+01
4.575198173522949219e+00
3.425170898437500000e+01
9.716177368164062500e+01
3.883523864746093750e+02
2.012210369110107422e+00
1.854552841186523438e+01
3.334727783203125000e+02
2.173662900924682617e+00
7.231626510620117188e+00
1.477843627929687500e+02
1.743850517272949219e+01
5.632931232452392578e+00
2.585456466674804688e+01
5.021377086639404297e+00
3.624182128906250000e+01
2.550979614257812500e+00
5.531419372558593750e+01
1.113707656860351562e+02
3.935728669166564941e-01
2.275340820312500000e+03
1.457958030700683594e+01
2.458589553833007812e+00
8.522581100463867188e+00
1.483046417236328125e+02
2.350949668884277344e+01
2.353054761886596680e+00
1.524122333526611328e+01
3.486598968505859375e+00
3.720482254028320312e+01
3.050716590881347656e+01
6.193119287490844727e-01
2.047854423522949219e+01
2.129462003707885742e+00
1.619721531867980957e+00
6.033002853393554688e+00
1.130935573577880859e+01
2.979834556579589844e+00
9.450465202331542969e+00
1.456425189971923828e+01
5.712202835083007812e+01
6.433812379837036133e-01
1.222330951690673828e+01
9.660269927978515625e+01
9.352218627929687500e+00
2.413203239440917969e+01
1.437244415283203125e+01
7.017085075378417969e+00
1.648345351219177246e+00
7.847294311523437500e+02
1.821109771728515625e+01
6.754640197753906250e+01
8.799288749694824219e+00
1.688584442138671875e+02
1.410583734512329102e+00
1.200075607299804688e+02
2.036228393554687500e+03
4.436761438846588135e-01
1.414559245109558105e+00
1.194939880371093750e+02
2.162773370742797852e+00
3.848680114746093750e+02
6.556203842163085938e+00
1.050081157684326172e+01
2.092096328735351562e+00
1.156429100036621094e+01
5.905595421791076660e-01
2.007085037231445312e+01
1.301142692565917969e+00
8.876534271240234375e+01
5.485458374023437500e+00
4.376641464233398438e+01
1.024402499198913574e+00
5.817927837371826172e+00
1.201987838745117188e+01
1.238668799400329590e+00
1.831248931884765625e+02
1.649009132385253906e+01
7.071504592895507812e+00
5.555038452148437500e+00
2.552402687072753906e+01
9.045989990234375000e+01
1.012752151489257812e+02
4.291976094245910645e-01
3.375780944824218750e+02
8.005117416381835938e+00
1.440322780609130859e+01
2.468970489501953125e+01
2.320059537887573242e+00
1.448201904296875000e+02
3.871390914916992188e+01
5.863616466522216797e+00
2.980197334289550781e+01
9.628115653991699219e+00
5.389420509338378906e+00
2.064451446533203125e+02
2.845037078857421875e+01
4.429602813720703125e+01
1.832770919799804688e+01
1.212908096313476562e+02
3.258803939819335938e+01
7.328733825683593750e+01
3.013113594055175781e+01
1.948311614990234375e+02
2.406763732433319092e-01
8.895630836486816406e+00
1.004325744628906250e+03
5.618296432495117188e+01
1.584290161132812500e+02
6.543450951576232910e-01
5.054332017898559570e-01
2.308912277221679688e+01
1.365001583099365234e+01
1.519941902160644531e+01
2.008520126342773438e+01
2.721031427383422852e+00
2.049881172180175781e+01
6.396051406860351562e+00
5.788689136505126953e+00
9.655989646911621094e+00
1.348005890846252441e+00
3.911422491073608398e+00
2.262719726562500000e+02
2.099161834716796875e+02
7.313517093658447266e+00
4.507312774658203125e+01
2.474093437194824219e+01
6.474155902862548828e+00
1.909970214843750000e+03
4.982479095458984375e+00
3.739418029785156250e+01
1.070109462738037109e+01
3.758381652832031250e+01
1.188415985107421875e+02
8.487313270568847656e+00
6.077228546142578125e+01
6.932649993896484375e+01
6.675777435302734375e+01
3.052228355407714844e+01
3.239053344726562500e+02
6.877430438995361328e+00
7.196567058563232422e+00
1.382335357666015625e+02
1.365093326568603516e+01
1.229676818847656250e+01
3.215352172851562500e+02
1.543438873291015625e+02
1.594288940429687500e+02
6.273104248046875000e+02
1.664552092552185059e+00
5.446006298065185547e+00
9.521845579147338867e-01
3.920261621475219727e+00
1.207640838623046875e+01
4.050865650177001953e+00
1.196055412292480469e+00
5.176730155944824219e+00
1.287943959236145020e+00
3.639437561035156250e+02
2.346781921386718750e+01
1.697649230957031250e+02
9.044803619384765625e+01
6.163443088531494141e+00
4.851715469360351562e+01
1.912264823913574219e+01
2.372902870178222656e+01
1.635606288909912109e+00
1.423230346679687500e+03
1.701988067626953125e+02
1.404039382934570312e+01
5.493932723999023438e+01
9.865011596679687500e+01
5.630861816406250000e+02
1.478887653350830078e+01
2.998302459716796875e+00
2.713610649108886719e+01
1.165063142776489258e+00
1.939072990417480469e+01
1.644665832519531250e+02
2.798100280761718750e+01
3.007087707519531250e+00
3.838770866394042969e+00
1.492167205810546875e+02
3.673190917968750000e+02
5.045671844482421875e+01
3.264377975463867188e+01
2.112589263916015625e+01
4.605085551738739014e-01
1.634792238473892212e-01
2.560233116149902344e+01
1.636802291870117188e+01
4.789870738983154297e+00
2.642534255981445312e+01
1.175949096679687500e+02
1.323304901123046875e+02
3.138765716552734375e+01
4.001580238342285156e+00
1.991789460182189941e+00
6.403887271881103516e+00
8.412025451660156250e+00
1.350449523925781250e+02
3.492582559585571289e+00
3.488565063476562500e+01
6.270692348480224609e-01
6.941608428955078125e+00
3.098209798336029053e-01
6.222147464752197266e+00
3.234620666503906250e+02
2.488825781250000000e+04
1.028124427795410156e+01
4.468276977539062500e+01
6.234010219573974609e+00
3.944493770599365234e+00
6.667026519775390625e+01
2.067774505615234375e+02
2.082219362258911133e+00
3.086311340332031250e+00
1.064920425415039062e+01
8.993252563476562500e+01
3.995030593872070312e+01
5.757331371307373047e+00
1.946566772460937500e+02
6.521413574218750000e+02
5.299063682556152344e+00
3.675976276397705078e+00
3.389000892639160156e+00
6.467183685302734375e+01
3.385105371475219727e+00
4.394737720489501953e+00
4.071804199218750000e+02
1.973176383972167969e+01
8.056910705566406250e+01
1.262331420898437500e+03
6.098925781250000000e+01
1.815424799919128418e+00
6.867572784423828125e+01
