2.026748470962047577e-02
8.525584638118743896e-02
4.725451581180095673e-03
1.531418762169778347e-03
2.698650397360324860e-02
4.066554069519042969e+00
1.381187513470649719e-02
2.334612421691417694e-03
6.146803498268127441e-03
4.080646932125091553e-01
8.288295008242130280e-03
1.690335571765899658e-02
4.143514111638069153e-02
1.566040702164173126e-02
1.412346377037465572e-03
1.223467662930488586e-02
1.569788670167326927e-03
5.745186936110258102e-03
1.333593297749757767e-02
5.626413621939718723e-04
6.371718645095825195e-02
2.381919696927070618e-02
1.675999909639358521e-01
2.837292291224002838e-02
8.349536657333374023e-01
1.258718781173229218e-02
4.689924791455268860e-02
3.703710436820983887e-02
8.368709683418273926e-02
6.291516423225402832e-01
4.769004008267074823e-04
1.219071491505019367e-04
4.435890354216098785e-03
2.562728896737098694e-02
2.780971676111221313e-02
8.883040398359298706e-03
4.420257173478603363e-03
3.847240586765110493e-04
4.837690386921167374e-03
4.437377676367759705e-03
1.803217828273773193e-01
7.303400337696075439e-02
2.001056680455803871e-03
7.911894321441650391e+00
1.151916682720184326e-01
9.694687277078628540e-02
5.627663806080818176e-03
3.130730390548706055e-01
2.312530996277928352e-03
1.968027278780937195e-02
1.014281436800956726e-01
4.078784584999084473e-02
1.081153377890586853e-01
3.374113515019416809e-02
5.108773475512862206e-04
1.770294504240155220e-03
3.559779142960906029e-03
8.039122447371482849e-03
2.180016227066516876e-02
6.736646652221679688e+00
1.095438748598098755e-02
8.766871452331542969e+00
1.063647028058767319e-02
2.602148335427045822e-03
8.176698535680770874e-02
2.470176666975021362e-02
1.309967488050460815e-01
1.373797375708818436e-02
5.869159102439880371e-01
5.682526230812072754e-01
1.094352774089202285e-04
8.393242359161376953e-01
1.062968163751065731e-03
4.061499238014221191e-02
7.674527913331985474e-02
2.891305461525917053e-02
4.444401711225509644e-03
3.576750680804252625e-02
3.258477523922920227e-02
9.759834036231040955e-03
7.559546083211898804e-02
1.477876584976911545e-02
1.710355281829833984e-02
2.161658630939200521e-04
2.350878668949007988e-03
1.992851495742797852e-03
3.834029121208004653e-05
2.352689765393733978e-02
5.889495611190795898e-01
6.549509125761687756e-04
9.526059031486511230e-03
7.026256062090396881e-03
1.457290956750512123e-03
5.585625395178794861e-02
6.944844499230384827e-04
6.644642949104309082e-01
3.977023065090179443e-01
6.779755651950836182e-02
1.051544444635510445e-03
6.232191622257232666e-02
1.613846778869628906e+00
3.519859537482261658e-02
1.206303713843226433e-03
1.655092835426330566e-02
1.371815241873264313e-02
3.884088695049285889e-01
6.195381283760070801e-02
1.278636418282985687e-02
3.008012846112251282e-02
1.416747868061065674e-01
9.031628072261810303e-02
2.382188439369201660e-01
4.101464897394180298e-02
5.856287106871604919e-02
1.238797139376401901e-02
3.461226820945739746e-02
3.454657644033432007e-02
6.044835317879915237e-03
2.737076021730899811e-03
4.726132377982139587e-02
9.066716884262859821e-04
1.270293617248535156e+01
4.264515936374664307e-01
3.685600459575653076e-01
1.333232066826894879e-04
1.376535594463348389e-01
1.713687740266323090e-02
3.833014925476163626e-04
5.231802165508270264e-02
3.736358135938644409e-02
7.875950336456298828e-01
1.913245022296905518e-02
2.305998932570219040e-03
1.179830520413815975e-03
4.251507669687271118e-02
1.494210399687290192e-02
2.802141569554805756e-02
1.827467560768127441e+00
1.495794355869293213e-01
3.197893202304840088e-01
1.321839820593595505e-02
7.577184122055768967e-03
6.722053289413452148e-01
4.843418300151824951e-01
2.100776290893554688e+01
2.481975778937339783e-02
1.759819686412811279e-01
1.101694442331790924e-02
4.530196264386177063e-02
8.499698713421821594e-03
1.081262342631816864e-02
7.214686274528503418e-02
1.211984753608703613e-01
1.854931190609931946e-02
9.192108362913131714e-02
1.169372070580720901e-02
1.716442033648490906e-02
4.121031612157821655e-02
1.238320488482713699e-03
5.597990471869707108e-03
4.209830611944198608e-02
3.364139702171087265e-04
9.970063716173171997e-02
2.244801521301269531e-01
2.414233237504959106e-01
1.307796239852905273e-01
1.002989634871482849e-01
1.424191743135452271e-01
9.261564612388610840e-01
4.116330819670110941e-04
1.562672108411788940e-02
1.162833869457244873e-01
7.952957093948498368e-05
7.871318608522415161e-03
3.260709345340728760e-02
1.653634071350097656e+00
2.062322013080120087e-02
1.030668895691633224e-02
1.079751737415790558e-02
8.360481262207031250e-02
2.888585999608039856e-02
3.382748737931251526e-02
1.206991672515869141e-01
3.314732015132904053e-02
1.333557963371276855e+00
1.131741143763065338e-02
4.161654505878686905e-03
4.595477879047393799e-02
3.135068714618682861e-01
3.135157376527786255e-02
1.340084522962570190e-01
3.023203276097774506e-02
1.941366208484396338e-04
1.194073408842086792e-01
2.418784052133560181e-01
1.917247846722602844e-02
2.577121555805206299e-01
5.444145947694778442e-02
3.548685228452086449e-03
2.019800245761871338e-02
2.452877815812826157e-03
3.199309483170509338e-02
1.112411450594663620e-02
2.159213647246360779e-02
6.467438768595457077e-03
2.481778617948293686e-03
1.440008133649826050e-01
1.158640480041503906e+01
4.191961605101823807e-03
2.581190317869186401e-03
3.828515764325857162e-03
3.233664855360984802e-02
1.033480439218692482e-04
1.002012610435485840e+00
2.370873652398586273e-02
1.679008841514587402e+00
1.106919348239898682e-01
1.656936667859554291e-02
4.768892540596425533e-04
3.003147244453430176e-01
3.415816128253936768e-01
5.857081618160009384e-03
1.890960382297635078e-03
2.273792587220668793e-02
7.025297236395999789e-05
3.795284032821655273e-02
1.278771786019206047e-03
3.292730808258056641e+00
2.157632857561111450e-01
4.628053400665521622e-03
1.469505950808525085e-02
8.823167532682418823e-03
2.065502293407917023e-02
2.314991317689418793e-03
1.283193230628967285e-01
1.584902033209800720e-02
9.162358194589614868e-02
3.751754295080900192e-03
1.640898585319519043e-01
3.904516051989048719e-04
5.256536602973937988e-02
3.379422053694725037e-02
1.215047836303710938e-01
2.977109281346201897e-03
1.051986776292324066e-02
6.430699955672025681e-03
3.007433377206325531e-02
7.419800758361816406e-02
2.754691801965236664e-02
5.687114223837852478e-02
2.736449055373668671e-02
8.470181226730346680e-01
6.565725198015570641e-05
5.346310883760452271e-02
1.007510535418987274e-02
1.841224282979965210e-01
2.871323585510253906e+00
1.997071318328380585e-02
1.033742167055606842e-02
1.114547476172447205e-01
3.543034428730607033e-03
6.109828827902674675e-04
9.622389674186706543e-01
2.380611561238765717e-02
3.662836039438843727e-03
1.966687664389610291e-02
9.784241206943988800e-03
1.449373960494995117e+00
6.239288952201604843e-03
4.978241398930549622e-03
1.592406153678894043e+00
2.814083546400070190e-02
5.166237354278564453e-01
2.202777424827218056e-03
1.248422544449567795e-03
1.208414975553750992e-02
6.918254308402538300e-03
8.395036682486534119e-03
3.627537488937377930e-01
8.706267476081848145e-01
1.237356364727020264e-01
1.045471895486116409e-02
6.185467354953289032e-03
7.457327563315629959e-03
1.878864422906190157e-04
5.347618833184242249e-03
3.961131811141967773e+00
1.120683789253234863e+00
4.800672468263655901e-04
4.614188894629478455e-02
9.986785240471363068e-03
1.543615944683551788e-03
6.757780909538269043e-02
2.142561227083206177e-02
6.906756898388266563e-04
1.382951717823743820e-02
2.350207418203353882e-02
3.566041588783264160e-02
1.540441870689392090e+00
3.686773777008056641e-02
7.549079060554504395e-01
4.090452194213867188e-01
5.935440212488174438e-02
6.454448699951171875e-01
1.305165529251098633e+00
7.108021993190050125e-03
1.764348335564136505e-02
4.932296276092529297e-02
5.546150729060173035e-03
9.445096552371978760e-02
5.925259590148925781e-01
4.366389662027359009e-02
7.081954739987850189e-03
2.931725084781646729e-01
3.653784282505512238e-03
2.353600412607192993e-02
7.318228017538785934e-04
5.037031769752502441e-01
2.290503121912479401e-03
5.812307819724082947e-03
2.407274246215820312e-01
8.263235795311629772e-04
6.569141987711191177e-03
3.291879966855049133e-02
3.618602408096194267e-03
3.109048306941986084e-01
4.606402013450860977e-03
3.994750324636697769e-03
6.261131726205348969e-03
1.817755983211100101e-03
2.806399250403046608e-03
1.954632550477981567e-01
4.363970831036567688e-03
8.835031650960445404e-03
7.086900062859058380e-03
7.665678858757019043e-03
4.262580536305904388e-03
3.388054203242063522e-03
1.542877219617366791e-02
1.611711531877517700e-01
1.710936892777681351e-03
5.092412466183304787e-04
3.728103823959827423e-03
1.470620870590209961e+00
7.435373845510184765e-04
9.836132638156414032e-03
1.486299335956573486e-01
2.879150584340095520e-02
2.747530676424503326e-02
2.597344666719436646e-02
7.034875452518463135e-02
1.229125410318374634e-01
7.197997911134734750e-05
1.194219756871461868e-02
2.614915138110518456e-03
1.577330986037850380e-03
1.870900578796863556e-02
1.704754307866096497e-02
3.992583230137825012e-02
5.412604659795761108e-02
2.141928859055042267e-02
7.360419840551912785e-04
1.636618748307228088e-02
6.916512735188007355e-03
1.356404125690460205e-01
1.264101453125476837e-02
7.333417236804962158e-02
1.104545895941555500e-03
7.375413179397583008e-02
2.848704752977937460e-04
1.167981699109077454e-01
1.214804798364639282e-01
5.548619106411933899e-02
1.810898073017597198e-02
6.383971571922302246e-01
1.777700381353497505e-03
8.041887544095516205e-03
4.837376531213521957e-03
1.664873026311397552e-02
1.597404852509498596e-02
3.708253055810928345e-02
1.075535430572926998e-03
3.292016029357910156e+00
8.771832287311553955e-02
1.829440332949161530e-02
3.076329946517944336e+00
1.041518974304199219e+01
6.847004871815443039e-03
6.234563188627362251e-04
4.848329117521643639e-04
2.325222454965114594e-02
5.371098872274160385e-03
2.101912908256053925e-02
5.452951908111572266e+00
1.520696387160569429e-04
3.404904365539550781e+00
7.596263289451599121e-02
1.742822863161563873e-02
4.846835799980908632e-04
2.743932651355862617e-03
9.605316162109375000e+00
8.822866058349609375e+01
1.038645706176757812e+02
5.538343787193298340e-01
3.032246398925781250e+01
1.568430423736572266e+00
3.564416809082031250e+02
8.601899147033691406e+00
8.050797271728515625e+01
8.955513000488281250e+00
1.705863647460937500e+02
1.238829135894775391e+01
7.504582977294921875e+01
5.681008696556091309e-01
1.017937374114990234e+01
9.057259368896484375e+01
7.984223175048828125e+01
1.412655029296875000e+02
8.849359893798828125e+01
7.230868816375732422e+00
4.855384063720703125e+01
4.141384601593017578e+00
7.267884254455566406e+00
5.306475830078125000e+01
2.254902362823486328e+00
4.961965382099151611e-01
2.215275573730468750e+02
4.929698486328125000e+02
9.591260986328125000e+02
2.960086364746093750e+02
6.718000888824462891e+00
3.094167470932006836e+00
6.751997947692871094e+00
2.650748596191406250e+02
9.986476898193359375e+00
8.715472221374511719e+00
5.774196386337280273e-01
4.207023233175277710e-02
2.742191076278686523e+00
1.127373657226562500e+02
8.884694213867187500e+02
1.836721420288085938e+01
7.607253789901733398e-01
3.118990478515625000e+02
1.882347679138183594e+01
1.229566040039062500e+02
8.482828521728515625e+01
1.386881065368652344e+01
5.829097628593444824e-01
7.955784912109375000e+02
1.549372558593750000e+02
2.730738830566406250e+01
1.205819988250732422e+01
1.805425071716308594e+01
2.969449043273925781e+00
6.859304428100585938e+00
4.166228294372558594e+00
2.551330029964447021e-01
1.794965934753417969e+01
1.059758666992187500e+03
3.116648864746093750e+02
4.181072692871093750e+02
5.344640731811523438e+00
4.304985809326171875e+01
4.535937309265136719e+00
4.316312408447265625e+01
4.711033248901367188e+01
2.166059814453125000e+03
1.938635711669921875e+02
4.625206756591796875e+01
4.999110475182533264e-02
1.146018142700195312e+02
1.224508404731750488e+00
1.334210357666015625e+02
7.903116226196289062e+00
9.716515541076660156e+00
8.255777955055236816e-01
7.035650730133056641e+00
3.221933288574218750e+02
2.670514678955078125e+01
2.547061538696289062e+01
4.934135913848876953e+00
6.592075824737548828e+00
3.307495117187500000e+01
5.975999832153320312e+00
2.711537170410156250e+01
9.650046378374099731e-02
1.094017410278320312e+01
1.879595565795898438e+01
2.985144615173339844e+00
1.427813148498535156e+01
3.604198837280273438e+01
3.379445648193359375e+01
1.266886138916015625e+01
5.756048965454101562e+01
2.442912445068359375e+02
3.339890718460083008e+00
5.051064147949218750e+02
4.321056902408599854e-01
3.407342529296875000e+02
1.793139815330505371e+00
2.249288940429687500e+01
2.691753625869750977e+00
9.526754760742187500e+01
3.705531311035156250e+01
8.505567169189453125e+01
1.946710944175720215e+00
3.105363037109375000e+03
3.464847717285156250e+02
1.100442290306091309e+00
4.394049048423767090e-01
8.640412597656250000e+02
1.603541717529296875e+02
1.256291866302490234e+00
2.761500740051269531e+01
8.118119812011718750e+01
7.193988037109375000e+01
1.093938446044921875e+01
7.553447723388671875e+01
1.059753990173339844e+01
1.682063751220703125e+02
6.040883300781250000e+03
4.643089294433593750e+02
1.315294799804687500e+02
2.960029125213623047e+00
2.148851776123046875e+02
2.541910552978515625e+01
2.348154067993164062e+00
5.486699218750000000e+02
5.691447448730468750e+01
3.499984741210937500e+02
1.880679321289062500e+01
2.889321744441986084e-01
2.153613471984863281e+01
1.984108328819274902e+00
2.475029468536376953e+00
8.871839046478271484e-01
4.029028015136718750e+02
5.266864624023437500e+02
2.299496765136718750e+02
2.963004684448242188e+01
2.247959136962890625e+00
4.221903991699218750e+02
1.688598823547363281e+01
6.055432739257812500e+02
3.569141387939453125e+01
3.267706298828125000e+02
1.542161226272583008e+00
4.618077850341796875e+01
1.688184326171875000e+03
3.744779229164123535e-01
5.287651977539062500e+02
2.779341316223144531e+01
4.242987334728240967e-01
1.221272125244140625e+02
2.975478935241699219e+01
1.909846425056457520e+00
7.878361344337463379e-01
4.180893421173095703e+00
2.012184619903564453e+00
8.722338867187500000e+02
1.079068832397460938e+02
1.617931213378906250e+02
3.252844619750976562e+01
1.575222930908203125e+02
8.111491394042968750e+01
7.049802398681640625e+01
2.319960021972656250e+02
9.785199584960937500e+02
8.665952682495117188e+00
6.139090061187744141e+00
1.306126098632812500e+03
1.594241619110107422e+00
5.594599723815917969e+00
3.263627929687500000e+02
1.958611488342285156e+01
7.718451023101806641e+00
5.160354614257812500e+01
2.327149152755737305e+00
1.622423934936523438e+01
9.163671493530273438e+00
2.145945739746093750e+01
2.508406677246093750e+02
4.897076129913330078e+00
1.750054101562500000e+04
3.874077320098876953e+00
4.056309461593627930e-01
1.999574279785156250e+01
5.312639770507812500e+02
4.954456329345703125e+01
3.865803718566894531e+00
3.128921813964843750e+02
7.637318134307861328e+00
4.419818115234375000e+01
1.463953704833984375e+02
1.613808035850524902e+00
6.697034454345703125e+01
8.750011920928955078e-01
6.587439537048339844e+00
2.345655202865600586e+00
1.337893962860107422e+01
8.294981002807617188e+00
4.939438343048095703e+00
3.589289855957031250e+01
5.112670135498046875e+01
8.366703987121582031e-01
5.336325073242187500e+01
4.536929626464843750e+02
5.875869274139404297e+00
3.303805160522460938e+01
6.241060256958007812e+00
3.253486871719360352e+00
1.015322923660278320e+00
3.995865478515625000e+03
1.541534519195556641e+01
3.584823303222656250e+02
3.423608064651489258e+00
2.339221801757812500e+02
1.133998394012451172e+00
1.693327178955078125e+02
2.613177978515625000e+03
1.226020678877830505e-01
1.536851763725280762e+00
8.297398681640625000e+02
2.968518495559692383e+00
8.504581909179687500e+02
3.016505002975463867e+00
2.549696731567382812e+01
7.375072956085205078e+00
9.381852149963378906e+00
7.240522652864456177e-02
7.933452606201171875e+00
2.601705551147460938e+00
4.377052917480468750e+02
4.940840148925781250e+01
1.413239192962646484e+01
4.074814319610595703e+00
2.095347976684570312e+01
1.451245975494384766e+01
1.505552291870117188e+00
3.241086425781250000e+02
1.228054885864257812e+02
1.024264621734619141e+01
1.675479698181152344e+01
1.324896087646484375e+02
6.831033325195312500e+01
1.651058807373046875e+02
5.321394801139831543e-01
5.169426757812500000e+03
8.904277801513671875e+00
5.100071716308593750e+01
2.646066665649414062e+01
6.946555376052856445e-01
6.197507934570312500e+02
7.573771667480468750e+01
6.300671696662902832e-01
6.640809326171875000e+02
4.807562637329101562e+01
4.462697029113769531e+00
2.374368164062500000e+03
6.149363708496093750e+01
5.552187347412109375e+01
4.284623336791992188e+01
5.169147949218750000e+02
2.141259307861328125e+02
1.259159011840820312e+02
2.196477699279785156e+01
1.187638793945312500e+03
4.332562983036041260e-01
1.134510135650634766e+01
4.629762573242187500e+02
1.102692794799804688e+01
4.137525329589843750e+02
9.119156002998352051e-01
5.934880375862121582e-01
5.431380462646484375e+01
4.035106658935546875e+00
6.887932300567626953e+00
9.922776031494140625e+01
6.478789448738098145e-01
1.354920387268066406e+01
4.037554740905761719e+00
6.394756793975830078e+00
2.419089317321777344e+01
1.191395521163940430e+00
1.227043747901916504e+00
3.568574829101562500e+02
1.115329101562500000e+03
2.521544694900512695e+00
1.481827697753906250e+02
1.551892375946044922e+01
6.303658962249755859e+00
1.751697143554687500e+03
3.662509202957153320e+00
1.464141540527343750e+02
2.426801300048828125e+01
2.855377769470214844e+01
8.592575683593750000e+02
1.822522354125976562e+01
1.216807861328125000e+02
5.128980102539062500e+02
1.167560272216796875e+02
3.521004867553710938e+01
2.315978698730468750e+02
2.933618164062500000e+01
2.033564090728759766e+00
3.982838439941406250e+01
1.569303894042968750e+01
9.182799339294433594e+00
9.001584472656250000e+02
4.319884948730468750e+02
5.801822509765625000e+02
2.811902160644531250e+02
9.609306335449218750e+00
3.289375305175781250e+00
6.134039759635925293e-01
2.257563781738281250e+01
1.166852855682373047e+01
8.352175712585449219e+00
1.413890361785888672e+00
6.242839813232421875e+00
4.994431138038635254e-01
1.029083328247070312e+02
3.082587051391601562e+01
6.599940490722656250e+01
9.236219024658203125e+01
1.954124259948730469e+01
4.564628219604492188e+01
1.557536983489990234e+01
6.270012378692626953e+00
2.501023709774017334e-01
5.285595214843750000e+03
1.360565673828125000e+03
7.632510375976562500e+01
1.418259124755859375e+02
7.153237915039062500e+01
6.334212036132812500e+02
2.088140106201171875e+01
1.516877460479736328e+01
1.990288162231445312e+01
2.367094755172729492e+00
4.767634963989257812e+01
1.121434692382812500e+03
5.464036941528320312e+01
8.355534553527832031e+00
4.965217113494873047e+00
1.281306152343750000e+02
4.947888488769531250e+02
5.732766342163085938e+01
1.381914615631103516e+01
1.120314693450927734e+01
6.295008957386016846e-02
1.086117476224899292e-01
2.570077133178710938e+01
1.349726200103759766e+01
3.679501056671142578e+00
1.269031047821044922e+01
1.506941986083984375e+02
3.964245605468750000e+01
1.330165863037109375e+02
5.430718421936035156e+00
1.440082073211669922e+00
6.872762680053710938e+00
2.698079299926757812e+01
1.049616455078125000e+03
1.354841709136962891e+00
7.493219757080078125e+01
7.955545186996459961e-01
3.031403064727783203e+00
2.211804986000061035e-01
1.357941246032714844e+01
3.574523681640625000e+03
2.069339062500000000e+04
4.666484355926513672e+00
9.543377685546875000e+01
5.519631576538085938e+01
3.809065341949462891e+00
1.439361572265625000e+02
5.099783630371093750e+02
3.898820877075195312e+00
3.621262311935424805e+00
4.804738521575927734e+00
7.164010620117187500e+01
2.065073204040527344e+01
1.343785095214843750e+01
2.552737426757812500e+02
5.839405517578125000e+02
4.814926147460937500e+00
3.408012628555297852e+00
3.017497301101684570e+00
1.743695068359375000e+02
6.732200622558593750e+00
2.047386169433593750e+01
2.576261291503906250e+02
1.352958965301513672e+01
5.638882446289062500e+02
7.851965332031250000e+02
1.187806396484375000e+02
1.726729631423950195e+00
2.204740142822265625e+01
