5.516773462295532227e-02
3.161223530769348145e-01
8.604017086327075958e-03
4.190364852547645569e-03
3.874038904905319214e-02
6.636487960815429688e+00
2.890321984887123108e-02
5.276131443679332733e-03
1.323043555021286011e-02
6.823464632034301758e-01
2.095922455191612244e-02
5.143550783395767212e-02
8.952378481626510620e-02
4.484523460268974304e-02
3.576364368200302124e-03
2.545701339840888977e-02
3.401806112378835678e-03
1.585107669234275818e-02
4.567201063036918640e-02
1.281805918551981449e-03
6.042700260877609253e-02
6.008133292198181152e-02
2.176873832941055298e-01
2.744592167437076569e-02
1.949203968048095703e+00
1.540016569197177887e-02
8.142304420471191406e-02
9.072703123092651367e-02
1.264119297266006470e-01
8.452590703964233398e-01
1.363527029752731323e-03
2.764626697171479464e-04
1.475538872182369232e-02
6.263519823551177979e-02
5.707740038633346558e-02
2.216272242367267609e-02
8.250594139099121094e-03
6.663805688731372356e-04
1.137951202690601349e-02
7.257760502398014069e-03
2.812003195285797119e-01
1.536600142717361450e-01
5.749396514147520065e-03
1.239007186889648438e+01
2.138689905405044556e-01
2.069218009710311890e-01
1.577622815966606140e-02
8.044223785400390625e-01
3.454852849245071411e-03
5.103462561964988708e-02
2.129218280315399170e-01
7.914005219936370850e-02
1.729044467210769653e-01
4.393315315246582031e-02
1.421500579454004765e-03
5.102278664708137512e-03
7.532057818025350571e-03
1.882829517126083374e-02
4.574739187955856323e-02
1.368825626373291016e+01
2.340273559093475342e-02
1.703465270996093750e+01
2.368394657969474792e-02
6.365613080561161041e-03
1.457020044326782227e-01
7.035871595144271851e-02
3.169885277748107910e-01
3.116537816822528839e-02
9.254390597343444824e-01
9.322223067283630371e-01
2.633322437759488821e-04
1.678422689437866211e+00
2.005050191655755043e-03
1.118669658899307251e-01
1.364738792181015015e-01
3.576578572392463684e-02
1.033946312963962555e-02
9.900342673063278198e-02
3.666000440716743469e-02
1.987029239535331726e-02
2.181726694107055664e-01
3.175035119056701660e-02
3.864448517560958862e-02
3.234710893593728542e-04
4.482966847717761993e-03
2.906912006437778473e-03
7.618524978170171380e-05
4.499379917979240417e-02
6.679032444953918457e-01
1.198526239022612572e-03
1.859366148710250854e-02
1.343540847301483154e-02
3.650226397439837456e-03
8.324510604143142700e-02
2.484801691025495529e-03
1.329344391822814941e+00
5.164393782615661621e-01
1.635992825031280518e-01
1.910009072162210941e-03
1.325824856758117676e-01
2.890050411224365234e+00
5.879854410886764526e-02
2.765133278444409370e-03
3.768650069832801819e-02
2.434625849127769470e-02
7.400596141815185547e-01
9.656520187854766846e-02
2.988661639392375946e-02
4.923372715711593628e-02
2.205501943826675415e-01
1.410224884748458862e-01
3.986442685127258301e-01
1.071725413203239441e-01
1.669801771640777588e-01
2.144476585090160370e-02
8.578690141439437866e-02
7.125000655651092529e-02
1.738804392516613007e-02
4.751505795866250992e-03
7.394956052303314209e-02
3.038324182853102684e-03
2.056771659851074219e+01
6.632622480392456055e-01
8.367127776145935059e-01
2.363249659538269043e-04
3.753177523612976074e-01
3.207332268357276917e-02
8.140469435602426529e-04
1.428910642862319946e-01
6.532105803489685059e-02
1.185611128807067871e+00
4.760781675577163696e-02
5.606905091553926468e-03
3.711960045620799065e-03
8.110533654689788818e-02
2.203107252717018127e-02
6.478039175271987915e-02
2.086045265197753906e+00
2.687719166278839111e-01
8.686871528625488281e-01
2.022651582956314087e-02
1.452624611556529999e-02
1.232977747917175293e+00
1.269683957099914551e+00
4.113248062133789062e+01
6.920592486858367920e-02
3.670125901699066162e-01
2.762280777096748352e-02
1.072306856513023376e-01
1.700720563530921936e-02
2.049594558775424957e-02
1.641729921102523804e-01
3.583357632160186768e-01
4.429591819643974304e-02
2.326258122920989990e-01
2.269889600574970245e-02
3.460462018847465515e-02
5.293864011764526367e-02
2.564246300607919693e-03
7.644288707524538040e-03
1.044096425175666809e-01
9.682538220658898354e-04
1.723440140485763550e-01
3.436487019062042236e-01
5.306301116943359375e-01
2.676500082015991211e-01
1.719099730253219604e-01
3.076784312725067139e-01
2.227667570114135742e+00
1.441846718080341816e-03
4.029889404773712158e-02
2.779835760593414307e-01
2.573938691057264805e-04
1.585275307297706604e-02
7.925549894571304321e-02
2.313407182693481445e+00
3.712181374430656433e-02
2.579950168728828430e-02
2.737760730087757111e-02
2.339625656604766846e-01
7.866908609867095947e-02
7.045315951108932495e-02
1.939728558063507080e-01
9.087090194225311279e-02
1.976786494255065918e+00
2.720314264297485352e-02
1.091103069484233856e-02
6.292165815830230713e-02
8.085387945175170898e-01
4.342635720968246460e-02
3.855982720851898193e-01
4.819986969232559204e-02
2.952611830551177263e-04
1.393773257732391357e-01
2.796092629432678223e-01
5.400462076067924500e-02
6.440672278404235840e-01
8.691413700580596924e-02
1.125724893063306808e-02
6.799553334712982178e-02
5.158241838216781616e-03
7.489262521266937256e-02
2.534021623432636261e-02
5.098840966820716858e-02
8.955836296081542969e-03
1.041485834866762161e-02
2.682458460330963135e-01
2.217605400085449219e+01
5.842178128659725189e-03
3.618093440309166908e-03
6.110799033194780350e-03
6.490989029407501221e-02
1.766924397088587284e-04
1.775845050811767578e+00
3.568702191114425659e-02
4.147834300994873047e+00
3.646253943443298340e-01
3.522056713700294495e-02
7.062843069434165955e-04
6.613550782203674316e-01
8.096454739570617676e-01
7.065827958285808563e-03
7.020057179033756256e-03
4.676746577024459839e-02
1.254284434253349900e-04
1.383649259805679321e-01
3.116426989436149597e-03
4.453594684600830078e+00
3.245300650596618652e-01
1.643289066851139069e-02
2.595582231879234314e-02
1.715215668082237244e-02
3.357836976647377014e-02
4.485468380153179169e-03
1.686792820692062378e-01
3.089913167059421539e-02
1.255094558000564575e-01
8.107437752187252045e-03
4.529234468936920166e-01
6.355243385769426823e-04
1.202359497547149658e-01
4.490459337830543518e-02
2.843482494354248047e-01
5.101448856294155121e-03
1.646361127495765686e-02
2.042994648218154907e-02
5.337053537368774414e-02
1.150361672043800354e-01
6.601929664611816406e-02
1.051288545131683350e-01
4.842601716518402100e-02
1.125304818153381348e+00
1.802751939976587892e-04
1.873124241828918457e-01
3.012999892234802246e-02
2.715771198272705078e-01
4.513276576995849609e+00
6.643350422382354736e-02
1.731265895068645477e-02
1.812990754842758179e-01
9.526671841740608215e-03
1.601236988790333271e-03
2.186479806900024414e+00
6.259895861148834229e-02
6.202036049216985703e-03
7.180410623550415039e-02
1.612854935228824615e-02
1.906491994857788086e+00
6.768855266273021698e-03
1.275945641100406647e-02
3.083875179290771484e+00
5.827055871486663818e-02
9.798760414123535156e-01
3.813140792772173882e-03
2.542514353990554810e-03
1.970887929201126099e-02
1.988709904253482819e-02
1.796567440032958984e-02
4.027176201343536377e-01
1.007221460342407227e+00
2.643773555755615234e-01
2.661234140396118164e-02
1.907426491379737854e-02
1.469012722373008728e-02
3.224036481697112322e-04
1.487360522150993347e-02
7.630170822143554688e+00
2.053550481796264648e+00
1.377171836793422699e-03
9.889928996562957764e-02
1.961444504559040070e-02
3.541914513334631920e-03
2.768400907516479492e-01
5.909611284732818604e-02
1.420921878889203072e-03
2.368317358195781708e-02
4.884554445743560791e-02
6.888940185308456421e-02
2.812277793884277344e+00
9.645830094814300537e-02
1.828746795654296875e+00
7.527875304222106934e-01
1.508622020483016968e-01
1.188356161117553711e+00
3.254353046417236328e+00
2.133201435208320618e-02
2.564739808440208435e-02
1.191900968551635742e-01
1.412061601877212524e-02
2.251954376697540283e-01
1.191137313842773438e+00
1.314245462417602539e-01
2.623886801302433014e-02
5.267413854598999023e-01
8.105737157166004181e-03
6.166217103600502014e-02
1.906090416014194489e-03
9.411505460739135742e-01
4.376382101327180862e-03
1.320256758481264114e-02
3.964729905128479004e-01
1.607709564268589020e-03
1.817064546048641205e-02
8.719906955957412720e-02
7.769865449517965317e-03
9.843460321426391602e-01
6.795373745262622833e-03
7.519773673266172409e-03
1.655064336955547333e-02
5.743116140365600586e-03
3.971574828028678894e-03
5.564413666725158691e-01
1.536280382424592972e-02
2.932420000433921814e-02
1.741141639649868011e-02
1.811702176928520203e-02
1.181241869926452637e-02
1.174428686499595642e-02
3.130573406815528870e-02
2.675637006759643555e-01
4.559592809528112411e-03
7.337026181630790234e-04
9.598044678568840027e-03
2.464610338211059570e+00
1.534027862362563610e-03
2.117227017879486084e-02
2.336350828409194946e-01
1.046779602766036987e-01
5.593610927462577820e-02
5.062933266162872314e-02
1.713436245918273926e-01
1.808131486177444458e-01
1.374392886646091938e-04
2.616647630929946899e-02
8.802534081041812897e-03
6.271817255765199661e-03
4.721185937523841858e-02
4.041743651032447815e-02
7.643368840217590332e-02
8.896312862634658813e-02
4.512841254472732544e-02
1.485636690631508827e-03
4.372891411185264587e-02
1.559371594339609146e-02
2.805817723274230957e-01
2.000932767987251282e-02
1.624406576156616211e-01
1.820240053348243237e-03
2.486985623836517334e-01
5.905156140215694904e-04
1.458127349615097046e-01
1.745084673166275024e-01
2.052890062332153320e-01
4.534782469272613525e-02
1.125890612602233887e+00
4.933276679366827011e-03
1.539084222167730331e-02
8.235370740294456482e-03
1.757861115038394928e-02
4.878326877951622009e-02
7.452888041734695435e-02
3.098415210843086243e-03
4.107149600982666016e+00
1.545380651950836182e-01
3.119556792080402374e-02
5.393712520599365234e+00
1.302579593658447266e+01
1.442407257854938507e-02
1.450029434636235237e-03
9.470283403061330318e-04
6.625588238239288330e-02
1.188507676124572754e-02
5.105253681540489197e-02
7.184340953826904297e+00
2.967363980133086443e-04
5.912436962127685547e+00
2.489425539970397949e-01
2.668336592614650726e-02
1.398839172907173634e-03
9.676298126578330994e-03
2.294391059875488281e+01
1.396338348388671875e+02
9.531790161132812500e+01
1.071903467178344727e+00
3.870462417602539062e+01
2.197548627853393555e+00
5.147017211914062500e+02
1.667467308044433594e+01
1.351729583740234375e+02
1.764593315124511719e+01
1.637208251953125000e+02
2.678725433349609375e+01
5.471550750732421875e+01
9.403104782104492188e-01
1.530248069763183594e+01
1.654782867431640625e+02
9.212287139892578125e+01
2.755262451171875000e+02
1.250243301391601562e+02
1.078250789642333984e+01
4.830061340332031250e+01
8.184567451477050781e+00
1.181540584564208984e+01
4.316635513305664062e+01
4.078730106353759766e+00
8.254966735839843750e-01
2.415363616943359375e+02
8.334450683593750000e+02
1.240879516601562500e+03
3.531265563964843750e+02
8.477801322937011719e+00
5.254137516021728516e+00
9.451422691345214844e+00
4.300873107910156250e+02
1.070252609252929688e+01
1.073650455474853516e+01
7.259859442710876465e-01
9.836451709270477295e-02
4.494853973388671875e+00
1.287455139160156250e+02
1.368186523437500000e+03
3.279750442504882812e+01
1.163910627365112305e+00
6.900372314453125000e+02
1.991505622863769531e+01
2.325332641601562500e+02
1.187503433227539062e+02
1.491598701477050781e+01
1.028828859329223633e+00
7.743971557617187500e+02
2.372334594726562500e+02
2.707022666931152344e+01
1.869900703430175781e+01
3.175538063049316406e+01
5.065194606781005859e+00
1.402389335632324219e+01
8.282163619995117188e+00
5.330668687820434570e-01
2.415309906005859375e+01
1.526874877929687500e+03
2.945981445312500000e+02
8.334967651367187500e+02
7.771588802337646484e+00
6.088590240478515625e+01
7.627956867218017578e+00
4.328868865966796875e+01
8.012124633789062500e+01
1.683146240234375000e+03
5.005759277343750000e+02
3.870728302001953125e+01
1.188742890954017639e-01
1.069020690917968750e+02
1.280228376388549805e+00
1.583422393798828125e+02
1.261318397521972656e+01
1.382696342468261719e+01
1.212221622467041016e+00
1.405826377868652344e+01
2.908764953613281250e+02
5.046066284179687500e+01
4.279248046875000000e+01
7.501817226409912109e+00
1.399899005889892578e+01
4.187147521972656250e+01
1.546214103698730469e+01
2.410082817077636719e+01
1.780473887920379639e-01
1.741199493408203125e+01
1.519083309173583984e+01
5.252568721771240234e+00
1.426847362518310547e+01
4.801160812377929688e+01
7.456134033203125000e+01
2.186064910888671875e+01
1.441576080322265625e+02
1.572758178710937500e+02
5.605351924896240234e+00
9.922478637695312500e+02
1.140804767608642578e+00
3.317391357421875000e+02
2.326809167861938477e+00
2.825693321228027344e+01
3.671950817108154297e+00
1.743816528320312500e+02
5.611120986938476562e+01
1.024465408325195312e+02
3.917004585266113281e+00
2.782474853515625000e+03
4.247698669433593750e+02
1.274776101112365723e+00
7.807545661926269531e-01
7.659008789062500000e+02
2.543379364013671875e+02
1.755645155906677246e+00
4.782641220092773438e+01
1.517826385498046875e+02
8.738332366943359375e+01
1.939370346069335938e+01
8.667800903320312500e+01
1.841853904724121094e+01
2.705629882812500000e+02
8.622768554687500000e+03
3.379040527343750000e+02
1.995346832275390625e+02
2.965317249298095703e+00
3.242759094238281250e+02
3.300705337524414062e+01
4.123682975769042969e+00
1.031948730468750000e+03
1.280307006835937500e+02
3.461328735351562500e+02
3.053669548034667969e+01
4.266647100448608398e-01
2.374867439270019531e+01
2.459160804748535156e+00
4.176480770111083984e+00
2.931515932083129883e+00
3.818610839843750000e+02
5.709904785156250000e+02
4.091061401367187500e+02
4.730873489379882812e+01
2.971076250076293945e+00
5.526192016601562500e+02
2.778197097778320312e+01
9.985782470703125000e+02
5.348584747314453125e+01
3.962722473144531250e+02
2.620769739151000977e+00
4.033406066894531250e+01
1.833636108398437500e+03
7.025268077850341797e-01
6.795001831054687500e+02
8.496186828613281250e+01
6.008020639419555664e-01
1.929869995117187500e+02
3.915584182739257812e+01
2.658540248870849609e+00
1.255748510360717773e+00
6.501601219177246094e+00
2.341205358505249023e+00
1.217341796875000000e+03
2.628681030273437500e+02
2.924264221191406250e+02
4.430918884277343750e+01
2.598938293457031250e+02
7.696100616455078125e+01
6.146094894409179688e+01
3.388707275390625000e+02
7.652495727539062500e+02
1.081729412078857422e+01
1.449271965026855469e+01
1.238011352539062500e+03
2.214331865310668945e+00
9.266691207885742188e+00
4.037163085937500000e+02
2.617349815368652344e+01
1.042734241485595703e+01
6.502192687988281250e+01
4.451299190521240234e+00
2.892412376403808594e+01
1.101924610137939453e+01
3.213866806030273438e+01
4.977952575683593750e+02
5.468460083007812500e+00
2.409231640625000000e+04
5.663686752319335938e+00
1.084423065185546875e+00
2.448233985900878906e+01
5.248414916992187500e+02
6.287385559082031250e+01
3.258288383483886719e+00
2.193804931640625000e+02
9.717224121093750000e+00
7.424533843994140625e+01
1.499390869140625000e+02
2.701292514801025391e+00
8.828071594238281250e+01
1.576258778572082520e+00
6.527396202087402344e+00
3.340065479278564453e+00
2.076034736633300781e+01
8.857536315917968750e+00
1.268331050872802734e+01
5.353533554077148438e+01
8.207620239257812500e+01
1.195469021797180176e+00
6.555059051513671875e+01
7.488940429687500000e+02
8.919864654541015625e+00
3.918753814697265625e+01
1.104251670837402344e+01
3.359507799148559570e+00
1.527029514312744141e+00
5.097058593750000000e+03
1.977931594848632812e+01
4.910111999511718750e+02
9.978532791137695312e+00
5.050613708496093750e+02
1.776615977287292480e+00
2.786707763671875000e+02
3.111226562500000000e+03
1.440680325031280518e-01
3.170649766921997070e+00
9.097322998046875000e+02
5.375473976135253906e+00
1.253656250000000000e+03
5.937496185302734375e+00
2.344088935852050781e+01
7.959465026855468750e+00
1.862976074218750000e+01
1.477157473564147949e-01
1.102410221099853516e+01
2.691103458404541016e+00
5.299857177734375000e+02
4.364507293701171875e+01
2.356376075744628906e+01
6.630790233612060547e+00
3.583877182006835938e+01
2.486340522766113281e+01
1.678084135055541992e+00
4.330909118652343750e+02
1.144533309936523438e+02
1.995286941528320312e+01
2.288700294494628906e+01
1.758759307861328125e+02
1.271861343383789062e+02
2.783193969726562500e+02
6.219498515129089355e-01
5.849281738281250000e+03
9.914948463439941406e+00
8.142179107666015625e+01
4.263166809082031250e+01
1.872283577919006348e+00
6.648771972656250000e+02
1.355355682373046875e+02
9.369456171989440918e-01
5.024273071289062500e+02
7.105715179443359375e+01
7.218383789062500000e+00
1.991716674804687500e+03
6.768662261962890625e+01
8.965879058837890625e+01
8.221949005126953125e+01
5.863193969726562500e+02
1.719351959228515625e+02
1.472296905517578125e+02
2.872454071044921875e+01
8.608672485351562500e+02
4.783871769905090332e-01
1.687872695922851562e+01
8.898168334960937500e+02
2.512858772277832031e+01
5.811560668945312500e+02
1.368806242942810059e+00
8.820449113845825195e-01
5.370979309082031250e+01
8.517990112304687500e+00
8.511524200439453125e+00
6.949626159667968750e+01
8.120720982551574707e-01
1.466963958740234375e+01
5.344709873199462891e+00
7.145652294158935547e+00
3.977097702026367188e+01
2.105339527130126953e+00
2.677026033401489258e+00
7.090717773437500000e+02
1.833819702148437500e+03
4.192356586456298828e+00
1.646043548583984375e+02
2.691386032104492188e+01
1.264605331420898438e+01
4.298752929687500000e+03
7.695596218109130859e+00
1.481281585693359375e+02
3.789037704467773438e+01
3.469658660888671875e+01
8.086470947265625000e+02
2.357962989807128906e+01
1.841379852294921875e+02
5.998684692382812500e+02
1.372893829345703125e+02
6.281916427612304688e+01
4.466177978515625000e+02
4.437757873535156250e+01
3.862094879150390625e+00
8.669606781005859375e+01
2.120268821716308594e+01
2.068274497985839844e+01
1.722982788085937500e+03
6.876834106445312500e+02
7.834107666015625000e+02
7.685004272460937500e+02
8.685118675231933594e+00
5.907396316528320312e+00
1.368673443794250488e+00
3.331513977050781250e+01
2.093243408203125000e+01
1.065377330780029297e+01
2.775747060775756836e+00
7.467478752136230469e+00
1.444715499877929688e+00
1.793755645751953125e+02
5.511636352539062500e+01
8.990684509277343750e+01
2.716956481933593750e+02
1.524014759063720703e+01
7.145209503173828125e+01
2.173756599426269531e+01
1.566227626800537109e+01
5.588713288307189941e-01
8.087018554687500000e+03
1.700247314453125000e+03
1.174217758178710938e+02
2.562124938964843750e+02
8.946865844726562500e+01
9.243956909179687500e+02
6.319697570800781250e+01
2.010179138183593750e+01
4.891223144531250000e+01
2.824422597885131836e+00
6.813830566406250000e+01
1.448234497070312500e+03
7.020654296875000000e+01
1.056374454498291016e+01
7.210135936737060547e+00
1.340698852539062500e+02
1.016067504882812500e+03
1.100499572753906250e+02
1.883889961242675781e+01
2.554686927795410156e+01
1.935454308986663818e-01
1.459146142005920410e-01
3.806473159790039062e+01
2.707488059997558594e+01
7.902460575103759766e+00
1.587577056884765625e+01
1.999348907470703125e+02
5.435947036743164062e+01
1.134977416992187500e+02
5.181323051452636719e+00
2.671250581741333008e+00
7.429955482482910156e+00
2.738602447509765625e+01
1.421325317382812500e+03
3.111535787582397461e+00
1.049144058227539062e+02
1.011738061904907227e+00
7.479336738586425781e+00
3.385932445526123047e-01
2.229035568237304688e+01
3.838533935546875000e+03
2.738426562500000000e+04
5.965047836303710938e+00
1.603096008300781250e+02
7.277341461181640625e+01
6.900497913360595703e+00
1.732874908447265625e+02
5.066359558105468750e+02
7.108505725860595703e+00
4.782996654510498047e+00
1.286520099639892578e+01
1.219672927856445312e+02
2.516902542114257812e+01
8.723011970520019531e+00
3.514522705078125000e+02
8.886986694335937500e+02
1.240753078460693359e+01
4.358260154724121094e+00
6.142721176147460938e+00
2.757707214355468750e+02
4.520603179931640625e+00
1.957714080810546875e+01
3.548863525390625000e+02
2.652788925170898438e+01
7.332680053710937500e+02
1.410000976562500000e+03
2.020281982421875000e+02
2.367794513702392578e+00
5.655609893798828125e+01
