3.909455239772796631e-02
1.657871752977371216e-01
6.444335449486970901e-03
3.093720413744449615e-03
4.370726644992828369e-02
5.149530887603759766e+00
2.220911718904972076e-02
3.974826075136661530e-03
9.987314231693744659e-03
5.504619479179382324e-01
2.022777497768402100e-02
4.105413705110549927e-02
7.321729511022567749e-02
2.906378544867038727e-02
2.781861461699008942e-03
1.978762075304985046e-02
1.948880846612155437e-03
1.324397511780261993e-02
3.689184784889221191e-02
1.113798352889716625e-03
5.065971240401268005e-02
4.583765193819999695e-02
1.488328427076339722e-01
2.503671869635581970e-02
1.872946619987487793e+00
9.356894530355930328e-03
5.705590173602104187e-02
9.568609297275543213e-02
1.132157593965530396e-01
5.932623147964477539e-01
9.701417293399572372e-04
2.466907608322799206e-04
1.280350238084793091e-02
5.052997916936874390e-02
4.913362115621566772e-02
1.733121834695339203e-02
5.707690957933664322e-03
5.003994447179138660e-04
9.937851689755916595e-03
6.118041463196277618e-03
1.562157720327377319e-01
1.420756429433822632e-01
5.333917681127786636e-03
8.707916259765625000e+00
2.013226896524429321e-01
1.135266870260238647e-01
1.221141591668128967e-02
6.610978245735168457e-01
2.433971734717488289e-03
4.007458686828613281e-02
1.417935043573379517e-01
6.906988471746444702e-02
1.480534523725509644e-01
4.122442007064819336e-02
1.220803824253380299e-03
3.487990004941821098e-03
5.318212322890758514e-03
1.690427400171756744e-02
3.186785429716110229e-02
1.074124145507812500e+01
1.546491496264934540e-02
1.295707416534423828e+01
1.525089796632528305e-02
6.872882600873708725e-03
1.168262138962745667e-01
5.069132149219512939e-02
2.196471691131591797e-01
2.776652015745639801e-02
7.785133719444274902e-01
7.615144848823547363e-01
1.874769222922623158e-04
1.175104856491088867e+00
2.170167863368988037e-03
1.088628843426704407e-01
9.609974920749664307e-02
3.021953068673610687e-02
8.995519950985908508e-03
7.678768783807754517e-02
2.972471527755260468e-02
1.307244971394538879e-02
1.470155417919158936e-01
2.350669726729393005e-02
2.860400639474391937e-02
2.473796484991908073e-04
3.249358618631958961e-03
2.825665287673473358e-03
6.853191007394343615e-05
3.020432405173778534e-02
7.147485613822937012e-01
7.796530844643712044e-04
1.603643968701362610e-02
1.149333827197551727e-02
3.148264717310667038e-03
6.544998288154602051e-02
1.989787444472312927e-03
9.588220119476318359e-01
3.106565773487091064e-01
1.526727825403213501e-01
1.429188880138099194e-03
1.173903271555900574e-01
3.507078170776367188e+00
5.357736349105834961e-02
2.333693206310272217e-03
2.460536919534206390e-02
2.115030400454998016e-02
5.218281149864196777e-01
6.147353351116180420e-02
1.954392902553081512e-02
5.220338702201843262e-02
1.817921400070190430e-01
8.063995838165283203e-02
3.337026536464691162e-01
9.364207834005355835e-02
1.456324309110641479e-01
1.854563318192958832e-02
6.224747374653816223e-02
4.500048235058784485e-02
1.486835069954395294e-02
4.615995567291975021e-03
5.313999578356742859e-02
2.498722169548273087e-03
2.144694137573242188e+01
4.969705939292907715e-01
7.259985208511352539e-01
2.600978477858006954e-04
1.882828921079635620e-01
2.936868555843830109e-02
5.921120755374431610e-04
1.052061840891838074e-01
4.129366949200630188e-02
1.152710795402526855e+00
2.782790362834930420e-02
4.768055863678455353e-03
2.796603366732597351e-03
6.885687261819839478e-02
1.396416686475276947e-02
4.001930356025695801e-02
1.993377566337585449e+00
1.755792647600173950e-01
6.608419418334960938e-01
1.594245433807373047e-02
9.774164296686649323e-03
1.002074241638183594e+00
8.878545165061950684e-01
2.307781219482421875e+01
5.762856826186180115e-02
2.675111889839172363e-01
2.150723338127136230e-02
9.157444536685943604e-02
1.277984865009784698e-02
1.539213396608829498e-02
1.423694044351577759e-01
2.564651668071746826e-01
3.792619332671165466e-02
1.675827354192733765e-01
1.860468834638595581e-02
2.388420701026916504e-02
4.510752111673355103e-02
1.945029944181442261e-03
7.550116162747144699e-03
6.895422935485839844e-02
7.395099964924156666e-04
1.048923879861831665e-01
2.544639408588409424e-01
4.117779135704040527e-01
1.767244189977645874e-01
1.429110616445541382e-01
2.544267177581787109e-01
1.896088719367980957e+00
1.401895424351096153e-03
3.087650984525680542e-02
1.966249644756317139e-01
2.149597421521320939e-04
1.367952208966016769e-02
4.744892567396163940e-02
2.318086147308349609e+00
2.477337792515754700e-02
2.334127202630043030e-02
2.071433141827583313e-02
1.747382879257202148e-01
5.696312338113784790e-02
5.032056197524070740e-02
1.476544141769409180e-01
7.688239961862564087e-02
1.246491670608520508e+00
2.275869436562061310e-02
7.710962090641260147e-03
4.179978743195533752e-02
5.593997836112976074e-01
3.925050050020217896e-02
2.700448930263519287e-01
3.667433187365531921e-02
2.266950468765571713e-04
1.170445159077644348e-01
2.003199011087417603e-01
3.955667838454246521e-02
4.255986213684082031e-01
5.614099279046058655e-02
7.598530966788530350e-03
5.100115016102790833e-02
4.242103081196546555e-03
6.278428435325622559e-02
1.830146089196205139e-02
4.278085753321647644e-02
6.467207800596952438e-03
6.869966164231300354e-03
1.656007319688796997e-01
1.587877655029296875e+01
4.511788953095674515e-03
2.992752939462661743e-03
4.133600741624832153e-03
4.689713567495346069e-02
1.429280091542750597e-04
1.420653343200683594e+00
3.699133172631263733e-02
2.571012735366821289e+00
3.213626742362976074e-01
3.146427124738693237e-02
6.302432157099246979e-04
4.340319633483886719e-01
6.445563435554504395e-01
5.123679991811513901e-03
5.208209156990051270e-03
4.580080136656761169e-02
9.452948870602995157e-05
1.177623420953750610e-01
2.155615482479333878e-03
3.348974466323852539e+00
3.054868578910827637e-01
1.010716147720813751e-02
1.700047589838504791e-02
1.507010031491518021e-02
3.221194818615913391e-02
3.327396931126713753e-03
9.920381009578704834e-02
2.838702499866485596e-02
8.929371833801269531e-02
4.704426042735576630e-03
3.991002440452575684e-01
5.192401004023849964e-04
9.402385354042053223e-02
2.708209678530693054e-02
2.256290763616561890e-01
4.537601955235004425e-03
1.571652106940746307e-02
1.094465516507625580e-02
3.625641763210296631e-02
9.099309146404266357e-02
3.881592303514480591e-02
7.024385035037994385e-02
4.285514727234840393e-02
8.552384376525878906e-01
1.386181975249201059e-04
1.138244569301605225e-01
3.004868328571319580e-02
2.223325818777084351e-01
4.486495018005371094e+00
5.191299319267272949e-02
9.775222279131412506e-03
1.330364048480987549e-01
8.050281554460525513e-03
1.285940059460699558e-03
1.462648987770080566e+00
5.078770965337753296e-02
6.131586618721485138e-03
5.326437950134277344e-02
1.399022620171308517e-02
1.399194359779357910e+00
6.405650638043880463e-03
8.551748469471931458e-03
2.092679262161254883e+00
5.449996516108512878e-02
7.246774435043334961e-01
3.255771705880761147e-03
1.552055706270039082e-03
1.745091564953327179e-02
1.508568041026592255e-02
1.380931306630373001e-02
3.525318503379821777e-01
9.319975376129150391e-01
2.119795680046081543e-01
1.872836239635944366e-02
1.405407395213842392e-02
1.634191162884235382e-02
2.523350412957370281e-04
1.077246759086847305e-02
6.257057666778564453e+00
2.057273864746093750e+00
1.301263924688100815e-03
6.780046969652175903e-02
1.896770298480987549e-02
3.404071321710944176e-03
2.114028185606002808e-01
4.094529896974563599e-02
1.077137771062552929e-03
1.411473192274570465e-02
3.306868672370910645e-02
7.615777850151062012e-02
1.752068161964416504e+00
7.922757416963577271e-02
1.511991620063781738e+00
4.632705450057983398e-01
1.239041388034820557e-01
7.571158409118652344e-01
1.804257392883300781e+00
2.449223957955837250e-02
1.743014901876449585e-02
9.220513701438903809e-02
1.008263602852821350e-02
1.691434830427169800e-01
1.192409634590148926e+00
1.094031706452369690e-01
2.342925965785980225e-02
4.862053692340850830e-01
8.347081020474433899e-03
3.292421624064445496e-02
1.609125290997326374e-03
5.992863178253173828e-01
2.904891734942793846e-03
1.008269377052783966e-02
2.211452126502990723e-01
1.322937547229230404e-03
1.682877913117408752e-02
6.541191786527633667e-02
6.198340561240911484e-03
7.481774687767028809e-01
5.518609657883644104e-03
5.726476199924945831e-03
1.365414541214704514e-02
3.747012931853532791e-03
2.541424706578254700e-03
4.111434817314147949e-01
9.281019680202007294e-03
2.220857702195644379e-02
1.194563694298267365e-02
1.201357971876859665e-02
9.068208746612071991e-03
8.170931600034236908e-03
2.238739281892776489e-02
1.836010366678237915e-01
4.357044585049152374e-03
4.796892171725630760e-04
6.696851458400487900e-03
1.530276298522949219e+00
1.021403004415333271e-03
1.700255088508129120e-02
1.897667646408081055e-01
8.600375056266784668e-02
3.912220522761344910e-02
4.412445425987243652e-02
1.360472142696380615e-01
9.353533387184143066e-02
1.188720125355757773e-04
2.676373347640037537e-02
7.767301984131336212e-03
5.055764690041542053e-03
2.993506751954555511e-02
2.940766327083110809e-02
5.722110718488693237e-02
9.564811736345291138e-02
3.921325504779815674e-02
1.148910261690616608e-03
3.453891724348068237e-02
1.313720084726810455e-02
2.170640975236892700e-01
1.568939350545406342e-02
1.760832071304321289e-01
1.562695950269699097e-03
2.218131273984909058e-01
4.870576085522770882e-04
9.170931577682495117e-02
1.226541399955749512e-01
2.065795958042144775e-01
3.251141682267189026e-02
7.393167614936828613e-01
3.877483541145920753e-03
1.154139265418052673e-02
6.253964733332395554e-03
1.475019659847021103e-02
3.152154758572578430e-02
6.377769261598587036e-02
2.407945925369858742e-03
2.309988260269165039e+00
1.302521526813507080e-01
2.680951170623302460e-02
5.473845958709716797e+00
1.174150753021240234e+01
9.901029057800769806e-03
1.413859776221215725e-03
7.283616578206419945e-04
4.415075108408927917e-02
1.157468091696500778e-02
4.962239414453506470e-02
5.625548362731933594e+00
2.758514019660651684e-04
3.997570276260375977e+00
2.079489678144454956e-01
2.339898049831390381e-02
1.079768175259232521e-03
6.295214872807264328e-03
1.618570899963378906e+01
7.297676849365234375e+01
7.305189514160156250e+01
7.955124378204345703e-01
4.189190673828125000e+01
1.439847111701965332e+00
3.723796081542968750e+02
1.296836471557617188e+01
9.947425079345703125e+01
1.542694187164306641e+01
1.376977691650390625e+02
2.203046035766601562e+01
4.533609771728515625e+01
5.256480574607849121e-01
1.003722953796386719e+01
1.001171417236328125e+02
5.107790374755859375e+01
1.900972290039062500e+02
9.418064117431640625e+01
7.896089553833007812e+00
4.284054183959960938e+01
5.428579330444335938e+00
9.697736740112304688e+00
4.078691864013671875e+01
4.047091007232666016e+00
6.218611598014831543e-01
1.555932922363281250e+02
6.854866333007812500e+02
9.961228637695312500e+02
2.100003814697265625e+02
5.568691253662109375e+00
4.104907035827636719e+00
6.692645072937011719e+00
3.806524963378906250e+02
1.034197330474853516e+01
6.387727737426757812e+00
6.032298207283020020e-01
6.912024319171905518e-02
3.521677970886230469e+00
1.218552703857421875e+02
8.614942626953125000e+02
2.500078773498535156e+01
8.938811421394348145e-01
5.872496948242187500e+02
2.000226974487304688e+01
1.156384201049804688e+02
1.137229919433593750e+02
1.064921188354492188e+01
8.485100865364074707e-01
5.292154541015625000e+02
1.357130126953125000e+02
2.370983505249023438e+01
1.800056266784667969e+01
3.038925170898437500e+01
3.557134628295898438e+00
9.214391708374023438e+00
5.646219730377197266e+00
4.100293219089508057e-01
1.720785522460937500e+01
9.480391845703125000e+02
1.994450836181640625e+02
6.938318481445312500e+02
4.678113460540771484e+00
4.300583648681640625e+01
5.598805904388427734e+00
2.632663154602050781e+01
4.571117782592773438e+01
1.610697021484375000e+03
4.111803894042968750e+02
3.033677482604980469e+01
7.521104812622070312e-02
6.463616943359375000e+01
1.121002554893493652e+00
1.206477661132812500e+02
9.943763732910156250e+00
1.592899894714355469e+01
8.454974293708801270e-01
1.307937240600585938e+01
2.181859893798828125e+02
3.633012771606445312e+01
2.526482391357421875e+01
5.681314945220947266e+00
9.742240905761718750e+00
2.562993621826171875e+01
1.022945117950439453e+01
2.407829093933105469e+01
1.294191181659698486e-01
1.253912925720214844e+01
1.530582618713378906e+01
4.039739608764648438e+00
1.159850788116455078e+01
3.939608764648437500e+01
5.160598373413085938e+01
1.507215023040771484e+01
9.797155761718750000e+01
1.154471282958984375e+02
3.997910499572753906e+00
8.100792846679687500e+02
1.015669465065002441e+00
2.035704956054687500e+02
2.537267208099365234e+00
2.253670310974121094e+01
2.213254928588867188e+00
1.271589660644531250e+02
4.105148696899414062e+01
6.376626586914062500e+01
2.451612472534179688e+00
1.722499755859375000e+03
3.344475097656250000e+02
1.121676325798034668e+00
3.799803256988525391e-01
5.473492431640625000e+02
1.723474121093750000e+02
1.555736184120178223e+00
3.759841537475585938e+01
1.100312728881835938e+02
4.285461044311523438e+01
1.713193893432617188e+01
7.423220062255859375e+01
1.643829917907714844e+01
1.428513946533203125e+02
6.936727539062500000e+03
2.449286651611328125e+02
1.471082916259765625e+02
2.264027118682861328e+00
1.697168426513671875e+02
3.192605018615722656e+01
2.750241994857788086e+00
6.940999145507812500e+02
7.615932464599609375e+01
2.521432495117187500e+02
1.669013977050781250e+01
3.522928655147552490e-01
1.796594619750976562e+01
2.079764842987060547e+00
2.919158935546875000e+00
2.223395109176635742e+00
3.394267272949218750e+02
2.647007446289062500e+02
2.746734619140625000e+02
3.126469802856445312e+01
2.206261157989501953e+00
4.427833251953125000e+02
2.103054618835449219e+01
5.493327636718750000e+02
3.690910720825195312e+01
2.873040466308593750e+02
1.830793261528015137e+00
3.271783447265625000e+01
1.118503906250000000e+03
4.846076965332031250e-01
4.666817321777343750e+02
5.194591903686523438e+01
5.392559170722961426e-01
1.246589431762695312e+02
2.475838279724121094e+01
1.770224690437316895e+00
1.134249925613403320e+00
5.119371891021728516e+00
2.124720335006713867e+00
8.088904418945312500e+02
1.580684814453125000e+02
1.567909698486328125e+02
3.029332923889160156e+01
1.829040985107421875e+02
3.790340805053710938e+01
5.274925994873046875e+01
2.193199310302734375e+02
5.886363525390625000e+02
6.960896015167236328e+00
1.049528312683105469e+01
8.930073242187500000e+02
1.388992905616760254e+00
6.937139511108398438e+00
2.244233398437500000e+02
2.611825561523437500e+01
6.952273845672607422e+00
6.319438552856445312e+01
3.340147495269775391e+00
1.596940898895263672e+01
7.533565521240234375e+00
2.668248367309570312e+01
3.495851440429687500e+02
4.150952339172363281e+00
1.348018359375000000e+04
5.319218635559082031e+00
6.557832956314086914e-01
1.714953613281250000e+01
2.878039855957031250e+02
4.384763336181640625e+01
2.334533214569091797e+00
1.783186035156250000e+02
8.078454017639160156e+00
5.844533538818359375e+01
1.020100173950195312e+02
2.094918727874755859e+00
6.545551300048828125e+01
1.051971197128295898e+00
4.170163154602050781e+00
2.268642902374267578e+00
1.232652378082275391e+01
5.368190765380859375e+00
8.482563018798828125e+00
4.573995971679687500e+01
4.873371887207031250e+01
7.765386104583740234e-01
3.271918869018554688e+01
4.275609741210937500e+02
6.899632453918457031e+00
2.932650375366210938e+01
8.090506553649902344e+00
2.586367845535278320e+00
1.081053256988525391e+00
3.459254882812500000e+03
1.899209594726562500e+01
3.094017639160156250e+02
6.686554431915283203e+00
3.723277587890625000e+02
1.315955281257629395e+00
1.632002258300781250e+02
2.966729492187500000e+03
1.289339512586593628e-01
2.078585386276245117e+00
8.519652099609375000e+02
3.547767162322998047e+00
7.781801757812500000e+02
3.621829509735107422e+00
1.929920959472656250e+01
6.344754695892333984e+00
1.078843498229980469e+01
8.842468261718750000e-02
9.670010566711425781e+00
2.210348367691040039e+00
2.906080932617187500e+02
2.991681861877441406e+01
2.264788818359375000e+01
4.364009857177734375e+00
2.222571945190429688e+01
1.971244812011718750e+01
1.010521650314331055e+00
2.860704345703125000e+02
7.366471099853515625e+01
1.523673915863037109e+01
1.528833103179931641e+01
1.324909973144531250e+02
6.009173965454101562e+01
1.687100372314453125e+02
4.763463139533996582e-01
2.768026611328125000e+03
8.458434104919433594e+00
5.812269973754882812e+01
4.299442672729492188e+01
1.360257744789123535e+00
3.479442138671875000e+02
9.961655426025390625e+01
8.778723478317260742e-01
3.830543518066406250e+02
5.250904464721679688e+01
3.549815177917480469e+00
1.614912109375000000e+03
4.975012207031250000e+01
6.340890502929687500e+01
3.812123107910156250e+01
4.157266235351562500e+02
1.492586975097656250e+02
9.914655303955078125e+01
2.867159652709960938e+01
5.591237182617187500e+02
3.998726904392242432e-01
9.708662986755371094e+00
6.369892578125000000e+02
2.045457458496093750e+01
4.091172790527343750e+02
1.400621771812438965e+00
4.831658899784088135e-01
3.759344100952148438e+01
6.486942291259765625e+00
6.337216377258300781e+00
6.059658432006835938e+01
8.579984903335571289e-01
1.223077297210693359e+01
3.565812349319458008e+00
7.504520416259765625e+00
3.292025756835937500e+01
1.476031064987182617e+00
1.652593612670898438e+00
5.504224853515625000e+02
1.671417358398437500e+03
3.177509784698486328e+00
1.600506744384765625e+02
2.280015182495117188e+01
9.461983680725097656e+00
2.598575195312500000e+03
4.575186252593994141e+00
8.427026367187500000e+01
1.787852478027343750e+01
2.334095191955566406e+01
7.567627563476562500e+02
1.602557182312011719e+01
1.482003021240234375e+02
4.059042663574218750e+02
9.029566192626953125e+01
4.623741531372070312e+01
2.701905212402343750e+02
3.360912704467773438e+01
4.616055965423583984e+00
6.690720367431640625e+01
1.411674308776855469e+01
1.172796344757080078e+01
1.032597412109375000e+03
6.263718872070312500e+02
5.541132202148437500e+02
5.603073730468750000e+02
7.252095699310302734e+00
5.105253696441650391e+00
8.557448983192443848e-01
1.784262657165527344e+01
1.238893508911132812e+01
7.471141815185546875e+00
2.068684816360473633e+00
4.526237010955810547e+00
1.163437128067016602e+00
1.570861968994140625e+02
3.488852310180664062e+01
6.080941772460937500e+01
1.972519836425781250e+02
1.368564891815185547e+01
5.346413421630859375e+01
1.927069473266601562e+01
9.177597045898437500e+00
4.891802072525024414e-01
5.117193359375000000e+03
9.313903808593750000e+02
6.691585540771484375e+01
1.387792053222656250e+02
5.764696121215820312e+01
6.306852416992187500e+02
3.705895996093750000e+01
1.162509632110595703e+01
2.951871109008789062e+01
2.109806537628173828e+00
4.610773849487304688e+01
8.179127197265625000e+02
4.134656524658203125e+01
7.409387588500976562e+00
4.449630737304687500e+00
9.492016601562500000e+01
7.963903808593750000e+02
6.057520675659179688e+01
1.715813827514648438e+01
1.839926338195800781e+01
1.030487418174743652e-01
1.108411252498626709e-01
3.811918640136718750e+01
1.881350326538085938e+01
5.828590869903564453e+00
1.181857204437255859e+01
1.268720626831054688e+02
3.125014495849609375e+01
1.085769348144531250e+02
4.186144828796386719e+00
1.979187250137329102e+00
6.207675457000732422e+00
1.782688903808593750e+01
8.826034545898437500e+02
1.991287469863891602e+00
1.024434127807617188e+02
6.032199859619140625e-01
6.558949947357177734e+00
2.522112727165222168e-01
1.284549331665039062e+01
2.548413818359375000e+03
1.774002929687500000e+04
4.727816104888916016e+00
1.143290176391601562e+02
4.296054077148437500e+01
4.063071727752685547e+00
1.273526611328125000e+02
4.712866821289062500e+02
4.390773773193359375e+00
3.881011009216308594e+00
1.084553337097167969e+01
8.294490814208984375e+01
2.075098609924316406e+01
6.719943523406982422e+00
2.451228485107421875e+02
8.564591674804687500e+02
7.225418090820312500e+00
3.289623975753784180e+00
3.286517143249511719e+00
1.467582550048828125e+02
3.125423669815063477e+00
1.503624725341796875e+01
2.592372131347656250e+02
2.345545196533203125e+01
4.434002685546875000e+02
8.784182739257812500e+02
1.579795684814453125e+02
1.621929764747619629e+00
3.120333671569824219e+01
