6.005402281880378723e-02
1.782713234424591064e-01
5.049959197640419006e-02
3.157262457534670830e-03
4.839036613702774048e-02
6.622857451438903809e-01
2.928440272808074951e-02
1.193454675376415253e-02
5.719932168722152710e-02
1.622255295515060425e-01
1.668802797794342041e-01
5.912566557526588440e-02
8.583049476146697998e-02
1.882915198802947998e-02
1.395810861140489578e-02
5.336338654160499573e-02
3.796952776610851288e-03
3.358989208936691284e-02
2.807963266968727112e-02
8.723152801394462585e-03
1.245626714080572128e-02
1.067773904651403427e-02
1.590876728296279907e-01
2.697489224374294281e-02
3.272350072860717773e+00
9.716950356960296631e-03
3.623184189200401306e-02
1.587252318859100342e-01
3.068991601467132568e-01
1.281543970108032227e+00
3.324437653645873070e-03
1.029441948048770428e-03
7.643394172191619873e-02
1.521611809730529785e-01
1.612524129450321198e-02
2.427173256874084473e-01
1.926378719508647919e-02
2.352153649553656578e-03
6.735643744468688965e-02
2.085407637059688568e-02
4.995478689670562744e-01
1.521233171224594116e-01
4.081637784838676453e-02
3.309774160385131836e+00
3.093027174472808838e-01
1.184539273381233215e-01
2.450887486338615417e-02
1.004176259040832520e+00
2.401584060862660408e-03
2.752814292907714844e-01
1.676076650619506836e-01
4.226441681385040283e-02
3.254980444908142090e-01
5.205550044775009155e-02
3.635660978034138680e-03
6.034470628947019577e-03
7.813554257154464722e-03
1.145399361848831177e-01
2.316712401807308197e-02
1.465520191192626953e+01
1.367746666073799133e-02
5.471168041229248047e+00
2.025571279227733612e-02
2.325187623500823975e-02
1.308333575725555420e-01
1.661446839570999146e-01
3.827190399169921875e-01
7.149408012628555298e-02
2.443227291107177734e+00
7.494757771492004395e-01
2.642908075358718634e-04
5.847442746162414551e-01
5.545233376324176788e-03
9.719893932342529297e-01
1.246022954583168030e-01
4.036363586783409119e-02
1.518314052373170853e-02
3.222790732979774475e-02
3.189765289425849915e-02
2.957833558320999146e-02
3.608677983283996582e-01
2.466466091573238373e-02
1.099672988057136536e-01
1.839396194554865360e-03
4.280957859009504318e-03
4.537861328572034836e-03
2.293655124958604574e-04
2.855734899640083313e-02
1.051590442657470703e+00
1.353934290818870068e-03
1.738394051790237427e-02
7.672413438558578491e-02
1.414140965789556503e-02
5.752695724368095398e-02
2.418855577707290649e-02
5.876020193099975586e-01
1.663231849670410156e-01
5.821322202682495117e-01
8.760188706219196320e-03
1.538727432489395142e-01
1.072751998901367188e+00
5.866865068674087524e-02
5.852399859577417374e-03
2.647816389799118042e-02
4.137887805700302124e-02
2.184206694364547729e-01
7.333704084157943726e-02
7.299964129924774170e-02
5.584970712661743164e-01
7.198784500360488892e-02
1.905827783048152924e-02
1.438910812139511108e-01
1.134679093956947327e-01
5.452349781990051270e-01
4.506897181272506714e-02
7.932998239994049072e-02
7.216243445873260498e-02
1.681551896035671234e-02
6.048067472875118256e-03
2.314640395343303680e-02
3.156396793201565742e-03
3.872599411010742188e+01
3.765817880630493164e-01
1.049748301506042480e+00
1.032293424941599369e-03
3.925689309835433960e-02
1.793381758034229279e-02
8.258662419393658638e-04
2.001751661300659180e-01
4.816954210400581360e-02
7.331459522247314453e-01
1.248798370361328125e-01
8.365597575902938843e-03
2.732356777414679527e-03
3.292152658104896545e-02
7.466785609722137451e-03
1.935748383402824402e-02
1.007169842720031738e+00
1.052409261465072632e-01
1.017051935195922852e+00
5.029623582959175110e-02
2.010369673371315002e-02
3.335366010665893555e+00
7.907750010490417480e-01
4.138378143310546875e+00
1.331699043512344360e-01
2.887500524520874023e-01
5.659372359514236450e-02
1.375212222337722778e-01
3.448872268199920654e-02
2.171641960740089417e-02
5.874306559562683105e-01
1.043834313750267029e-01
7.156921923160552979e-02
2.226078808307647705e-01
8.604431897401809692e-02
2.614280581474304199e-02
3.515252843499183655e-02
1.711353776045143604e-03
4.296911880373954773e-03
1.630249619483947754e-01
3.691360726952552795e-02
9.619026631116867065e-02
1.304517388343811035e-01
1.252684354782104492e+00
2.373771071434020996e-01
4.193288981914520264e-01
1.992134451866149902e-01
2.681026220321655273e+00
3.594411304220557213e-03
1.915339827537536621e-01
1.713501662015914917e-01
3.729056799784302711e-03
3.576325997710227966e-02
1.088080555200576782e-01
1.009428024291992188e+00
5.034571513533592224e-02
4.597539082169532776e-02
3.770235180854797363e-02
1.096634864807128906e+00
1.365278810262680054e-01
6.698911637067794800e-02
1.369177252054214478e-01
5.108218640089035034e-02
1.622537016868591309e+00
8.264308422803878784e-02
4.731619730591773987e-02
3.640932589769363403e-02
2.974477112293243408e-01
4.763855412602424622e-02
7.226722836494445801e-01
5.515446513891220093e-02
1.121486420743167400e-03
6.016962230205535889e-02
1.645242869853973389e-01
6.733231991529464722e-02
1.226956695318222046e-01
3.892490640282630920e-02
4.488750826567411423e-03
3.102910518646240234e-01
4.549671895802021027e-03
5.589250102639198303e-02
6.331410259008407593e-02
3.568272292613983154e-02
3.921287134289741516e-02
1.192576345056295395e-02
8.865251392126083374e-02
1.141776657104492188e+01
7.002435158938169479e-03
3.616591216996312141e-03
1.852823235094547272e-02
5.426659062504768372e-02
1.293416833505034447e-03
4.407621920108795166e-01
7.982745021581649780e-02
1.205647826194763184e+00
5.077388286590576172e-01
1.355860289186239243e-02
2.266538795083761215e-03
9.785706400871276855e-01
1.147754192352294922e+00
5.977730732411146164e-03
1.418530195951461792e-02
2.607134357094764709e-02
3.706602437887340784e-04
2.103923261165618896e-01
4.824439529329538345e-03
1.781797885894775391e+00
1.349494159221649170e-01
2.468984387814998627e-02
2.519352920353412628e-02
2.823472768068313599e-02
1.328579057008028030e-02
3.486739844083786011e-02
2.246825955808162689e-02
2.275896072387695312e-01
8.422338217496871948e-02
4.621135536581277847e-03
2.714294195175170898e-01
3.898371476680040359e-03
2.092653214931488037e-01
1.688665524125099182e-02
9.380645304918289185e-02
9.307349100708961487e-03
1.606468111276626587e-02
2.974997088313102722e-02
1.446655243635177612e-01
4.539665579795837402e-02
6.836947053670883179e-02
1.391605287790298462e-01
1.011363640427589417e-01
6.411188244819641113e-01
9.366554440930485725e-04
3.559769988059997559e-01
1.319436430931091309e-01
1.348409354686737061e-01
2.699589014053344727e+00
7.518546283245086670e-02
4.697455838322639465e-02
3.224766254425048828e-02
1.728855259716510773e-02
5.257454235106706619e-03
3.535835742950439453e-01
8.401149511337280273e-02
1.589975133538246155e-02
3.557091355323791504e-01
4.999696742743253708e-03
1.616677522659301758e+00
1.130329677835106850e-03
2.995952032506465912e-02
6.824044704437255859e+00
2.504889667034149170e-01
1.010984927415847778e-01
4.432215820997953415e-03
1.973514910787343979e-03
2.624585852026939392e-02
4.345416650176048279e-02
2.648063749074935913e-02
1.200638115406036377e-01
5.873176455497741699e-01
5.279257893562316895e-01
1.029405742883682251e-01
3.904572129249572754e-02
1.553413737565279007e-02
1.372348400764167309e-03
1.630512438714504242e-02
3.718684911727905273e+00
1.861233949661254883e+00
1.100831665098667145e-02
1.127088442444801331e-01
1.717210002243518829e-02
8.374653756618499756e-03
2.242934107780456543e-01
1.819349825382232666e-02
4.311480093747377396e-03
1.374707557260990143e-02
3.984637930989265442e-02
6.548074632883071899e-02
1.323957800865173340e+00
1.868726313114166260e-01
2.198274135589599609e+00
1.650192141532897949e-01
1.724345088005065918e-01
1.953075766563415527e+00
3.423763513565063477e-01
2.560004591941833496e-02
8.731304667890071869e-03
1.559611111879348755e-01
1.194693967700004578e-01
3.416660726070404053e-01
1.140015244483947754e+00
1.535160988569259644e-01
1.497267037630081177e-01
2.181704044342041016e-01
1.228030119091272354e-02
8.095397055149078369e-02
3.170901443809270859e-03
1.131620407104492188e+00
2.755342051386833191e-03
9.592942893505096436e-03
1.307332962751388550e-01
2.266257768496870995e-03
8.598548173904418945e-02
5.881969332695007324e-01
5.202682688832283020e-02
2.460779666900634766e+00
8.349398151040077209e-03
1.214280631393194199e-02
2.132893167436122894e-02
8.375092409551143646e-03
2.181514166295528412e-03
2.798037052154541016e+00
3.395705297589302063e-02
3.585409745573997498e-02
2.086806669831275940e-02
2.388044819235801697e-02
2.832200378179550171e-02
1.813171431422233582e-02
1.096680089831352234e-01
4.394436776638031006e-01
5.228220671415328979e-02
2.005849499255418777e-03
6.843156646937131882e-03
1.571989536285400391e+00
2.159683732315897942e-03
1.629441417753696442e-02
6.870223283767700195e-01
4.838712513446807861e-01
7.970474660396575928e-02
2.169484794139862061e-01
1.443342119455337524e-01
6.828531622886657715e-02
6.354210199788212776e-04
1.895888708531856537e-02
6.089187785983085632e-02
4.251783248037099838e-03
2.361971698701381683e-02
9.906759858131408691e-02
1.566969752311706543e-01
1.604890376329421997e-01
4.440597072243690491e-02
1.090221479535102844e-02
6.578654795885086060e-02
3.739582374691963196e-02
3.844698965549468994e-01
5.849039554595947266e-02
9.013373404741287231e-02
5.568067543208599091e-03
4.482479095458984375e-01
1.167618553154170513e-03
1.039028763771057129e-01
2.572365850210189819e-02
4.754885196685791016e+00
8.545435965061187744e-02
4.011476635932922363e-01
4.959256388247013092e-03
1.771149784326553345e-02
3.071525134146213531e-02
1.577821560204029083e-02
1.285974401980638504e-02
7.776396721601486206e-02
1.086019258946180344e-02
7.979643940925598145e-01
5.381507277488708496e-01
1.052226871252059937e-01
2.254756212234497070e+00
1.313893699645996094e+01
1.846653223037719727e-02
1.407027337700128555e-02
3.807497269008308649e-04
6.069562211632728577e-02
5.871855095028877258e-02
4.094584658741950989e-02
1.203245925903320312e+01
1.018446055240929127e-03
3.775830268859863281e+00
2.110411673784255981e-01
3.298170492053031921e-02
9.909082204103469849e-03
1.018571387976408005e-02
2.631948947906494141e+00
2.265474128723144531e+01
2.778085327148437500e+01
2.336352467536926270e-01
6.637605667114257812e+00
2.056187868118286133e+00
5.910435867309570312e+01
6.161431789398193359e+00
7.529670715332031250e+01
4.779663085937500000e+00
5.090650939941406250e+01
1.434024906158447266e+01
6.301103591918945312e+00
4.594232738018035889e-01
1.278911876678466797e+01
2.645020866394042969e+01
1.012249279022216797e+01
8.802392578125000000e+01
2.228560447692871094e+01
1.888513088226318359e+00
3.271654844284057617e+00
2.005094051361083984e+00
1.045264339447021484e+01
1.144861888885498047e+01
1.753868484497070312e+01
1.268946647644042969e+00
1.343421459197998047e+01
9.645260620117187500e+01
2.335396728515625000e+02
2.044659805297851562e+01
2.080283880233764648e+00
1.576381325721740723e+00
2.752089500427246094e+00
1.881674652099609375e+02
1.416125655174255371e+00
1.914548492431640625e+01
6.197268962860107422e-01
2.557798326015472412e-01
2.074344158172607422e+00
2.257501983642578125e+01
7.049799804687500000e+02
1.410589599609375000e+01
6.429483294486999512e-01
6.031453704833984375e+01
1.584507751464843750e+01
7.163303375244140625e+01
7.883776092529296875e+01
1.174413967132568359e+01
1.367502927780151367e+00
9.194553375244140625e+01
3.676211547851562500e+01
5.239208221435546875e+00
1.095973873138427734e+01
3.470813751220703125e+01
4.911052703857421875e+00
6.156571507453918457e-01
1.431166291236877441e+00
1.106036186218261719e+00
3.361328125000000000e+00
1.129538421630859375e+02
2.594270324707031250e+01
1.314476470947265625e+02
1.362938284873962402e+00
5.942795753479003906e+00
1.804224491119384766e+00
1.661074066162109375e+01
7.815008163452148438e+00
5.430871582031250000e+02
8.464536743164062500e+02
4.772539901733398438e+01
4.755565524101257324e-02
3.280129623413085938e+01
1.360841155052185059e+00
9.087099456787109375e+01
1.037368202209472656e+01
5.739343166351318359e+00
4.848969578742980957e-01
1.490707397460937500e+00
2.062550354003906250e+01
1.725131607055664062e+01
1.300060367584228516e+01
1.785491943359375000e+00
5.927853107452392578e+00
6.725359439849853516e+00
3.108274936676025391e+00
2.089731454849243164e+00
2.596168816089630127e-01
2.054282569885253906e+01
1.730476951599121094e+01
9.616171121597290039e-01
3.139404296875000000e+00
6.975003051757812500e+01
3.065326118469238281e+01
1.004107856750488281e+01
1.652762794494628906e+01
1.871433067321777344e+01
3.355215787887573242e+00
7.721766357421875000e+02
1.728330731391906738e+00
1.923912429809570312e+01
6.076558232307434082e-01
1.917590260505676270e+00
2.324436902999877930e-01
6.012820053100585938e+01
9.631495475769042969e+00
1.536137294769287109e+01
2.890769720077514648e+00
1.615639953613281250e+02
2.406082305908203125e+02
1.897088885307312012e+00
1.777674853801727295e-01
2.577573394775390625e+01
8.880320549011230469e+00
8.052488327026367188e+00
2.396076774597167969e+01
1.903443908691406250e+01
6.822644710540771484e+00
3.292566776275634766e+00
9.772282600402832031e+00
8.714014053344726562e+00
1.519455623626708984e+01
2.838885009765625000e+03
2.114263305664062500e+02
2.135244560241699219e+01
2.630834341049194336e+00
9.967993927001953125e+01
7.087143421173095703e+00
1.724251866340637207e+00
2.146821899414062500e+02
5.304467010498046875e+01
1.362896919250488281e+01
1.281486129760742188e+01
1.384786367416381836e-01
2.261593341827392578e+00
8.606371879577636719e-01
1.018731832504272461e+00
3.398458719253540039e+00
1.061611251831054688e+02
3.348664855957031250e+01
4.913639068603515625e+01
7.330061340332031250e+01
4.564083218574523926e-01
2.205451507568359375e+02
2.418912887573242188e+01
5.764665603637695312e+01
1.169619464874267578e+01
2.071372528076171875e+02
1.307990550994873047e+00
1.614898109436035156e+01
4.044068145751953125e+01
1.490568637847900391e+00
2.161257019042968750e+02
1.515571022033691406e+01
9.867274165153503418e-01
5.638013458251953125e+01
6.832230091094970703e+00
1.072708129882812500e+00
8.881075382232666016e-01
5.474911928176879883e-01
1.339318156242370605e+00
1.486713409423828125e+02
7.741840362548828125e+01
4.896384048461914062e+01
7.462313652038574219e+00
2.642720031738281250e+01
2.074420452117919922e+00
1.797807121276855469e+01
5.222267532348632812e+01
2.791768493652343750e+02
8.475800752639770508e-01
1.118113994598388672e+01
1.499649047851562500e+02
1.622311353683471680e+00
4.006949424743652344e+00
1.440427246093750000e+02
1.367317390441894531e+01
3.058116436004638672e+00
1.657694625854492188e+01
3.148871183395385742e+00
2.726663017272949219e+01
1.317974567413330078e+00
3.012942695617675781e+01
6.557485198974609375e+01
1.709126383066177368e-01
8.989762573242187500e+02
1.221730804443359375e+01
1.216518998146057129e+00
3.962645053863525391e+00
7.867485046386718750e+01
1.335952186584472656e+01
1.410977721214294434e+00
8.434109687805175781e+00
1.979365468025207520e+00
1.708391189575195312e+01
1.638980102539062500e+01
2.808042764663696289e-01
8.528195381164550781e+00
1.530889987945556641e+00
9.879175424575805664e-01
3.334750175476074219e+00
6.075415134429931641e+00
1.851562857627868652e+00
6.665367603302001953e+00
5.935999393463134766e+00
3.445111083984375000e+01
4.134388864040374756e-01
7.496256828308105469e+00
7.430086517333984375e+01
6.635049819946289062e+00
1.743960762023925781e+01
8.984838485717773438e+00
4.868902206420898438e+00
7.385181784629821777e-01
3.124228515625000000e+02
8.688295364379882812e+00
2.442428970336914062e+01
3.681751966476440430e+00
7.270241546630859375e+01
6.834989190101623535e-01
6.322570037841796875e+01
8.516536865234375000e+02
2.766707539558410645e-01
6.333646774291992188e-01
5.304347229003906250e+01
1.439811706542968750e+00
2.742451171875000000e+02
4.317146301269531250e+00
5.643781185150146484e+00
1.352558612823486328e+00
5.575492858886718750e+00
4.240954220294952393e-01
1.426047134399414062e+01
5.760743021965026855e-01
5.170263290405273438e+01
2.467824935913085938e+00
2.265682792663574219e+01
5.823404788970947266e-01
2.445591926574707031e+00
6.225346565246582031e+00
9.829563498497009277e-01
7.785086059570312500e+01
7.131414413452148438e+00
3.514256477355957031e+00
2.854829788208007812e+00
1.509322929382324219e+01
4.570387649536132812e+01
6.914910888671875000e+01
2.808442413806915283e-01
1.812265777587890625e+02
3.849445581436157227e+00
6.984941959381103516e+00
1.070674800872802734e+01
1.379739999771118164e+00
8.343922424316406250e+01
2.028555297851562500e+01
4.224437236785888672e+00
1.820418739318847656e+01
4.815646171569824219e+00
3.652498483657836914e+00
8.323179626464843750e+01
2.344615936279296875e+01
2.118571472167968750e+01
1.277043819427490234e+01
5.113926696777343750e+01
1.633833694458007812e+01
4.376353454589843750e+01
2.696555137634277344e+01
1.417829742431640625e+02
1.267457008361816406e-01
8.452146530151367188e+00
5.764770507812500000e+02
5.299660873413085938e+01
8.021192169189453125e+01
3.470382988452911377e-01
3.746322989463806152e-01
1.331566429138183594e+01
6.077447414398193359e+00
1.284395313262939453e+01
1.101164817810058594e+01
2.486231565475463867e+00
1.125422859191894531e+01
5.308702468872070312e+00
4.142313003540039062e+00
4.315569877624511719e+00
6.300776004791259766e-01
2.184469938278198242e+00
1.394660797119140625e+02
7.971730041503906250e+01
4.417273521423339844e+00
1.988149642944335938e+01
1.442804622650146484e+01
3.660805225372314453e+00
1.091420654296875000e+03
3.291725397109985352e+00
1.807578086853027344e+01
5.103497028350830078e+00
2.343425559997558594e+01
5.391692352294921875e+01
4.374895572662353516e+00
2.291388893127441406e+01
3.559675216674804688e+01
3.590858840942382812e+01
9.962224960327148438e+00
1.798502960205078125e+02
4.557883262634277344e+00
5.034201145172119141e+00
7.845917510986328125e+01
5.925228118896484375e+00
7.909993171691894531e+00
1.757661132812500000e+02
8.241539764404296875e+01
1.020596466064453125e+02
4.423331909179687500e+02
9.602723121643066406e-01
3.273851394653320312e+00
5.988308191299438477e-01
1.271291494369506836e+00
6.997839450836181641e+00
2.158204078674316406e+00
6.257644891738891602e-01
2.480592489242553711e+00
5.427950024604797363e-01
2.539105529785156250e+02
2.002656936645507812e+01
1.270781021118164062e+02
4.230281066894531250e+01
3.113286495208740234e+00
3.736560821533203125e+01
1.085087394714355469e+01
1.227042770385742188e+01
9.293701648712158203e-01
5.854750976562500000e+02
8.609546661376953125e+01
6.691569805145263672e+00
1.997503089904785156e+01
6.560581207275390625e+01
3.569694824218750000e+02
9.265197753906250000e+00
1.467459082603454590e+00
1.913384437561035156e+01
6.247506141662597656e-01
1.009012794494628906e+01
5.271133041381835938e+01
1.807169151306152344e+01
1.308421850204467773e+00
2.218938112258911133e+00
1.148306884765625000e+02
1.615247955322265625e+02
3.465055847167968750e+01
1.804957580566406250e+01
1.304873275756835938e+01
2.316869646310806274e-01
1.114159822463989258e-01
1.641945075988769531e+01
8.355478286743164062e+00
2.488131046295166016e+00
1.665592956542968750e+01
8.330465698242187500e+01
9.789660644531250000e+01
2.253377914428710938e+01
2.417490482330322266e+00
1.387311458587646484e+00
3.913702011108398438e+00
6.884394168853759766e+00
6.528775024414062500e+01
2.467158794403076172e+00
2.163346481323242188e+01
5.677184462547302246e-01
5.506008148193359375e+00
1.624962985515594482e-01
3.350052833557128906e+00
1.433458862304687500e+02
1.778520703125000000e+04
6.616230487823486328e+00
1.966739082336425781e+01
2.535403728485107422e+00
2.343816757202148438e+00
4.593656539916992188e+01
9.182070922851562500e+01
1.294468164443969727e+00
1.720309734344482422e+00
5.760221481323242188e+00
6.660572814941406250e+01
3.121888923645019531e+01
3.659579515457153320e+00
1.107424468994140625e+02
3.460421142578125000e+02
2.222905158996582031e+00
2.409974336624145508e+00
2.141227006912231445e+00
3.140323257446289062e+01
2.254349231719970703e+00
2.342104673385620117e+00
3.798014526367187500e+02
8.753483772277832031e+00
4.302642059326171875e+01
1.002696411132812500e+03
4.759712982177734375e+01
1.174089312553405762e+00
4.138140869140625000e+01
