3.344256430864334106e-02
2.468981444835662842e-01
1.932159364223480225e-01
8.678630925714969635e-03
3.912220001220703125e-01
4.057907164096832275e-01
9.103583544492721558e-02
1.237557828426361084e-02
2.507689595222473145e-01
9.845090657472610474e-02
3.694703876972198486e-01
9.787167608737945557e-02
4.273704439401626587e-02
1.770093664526939392e-02
4.409797117114067078e-02
9.408105164766311646e-02
3.046924062073230743e-02
6.377793848514556885e-02
2.891753055155277252e-02
3.275832533836364746e-02
5.077250301837921143e-02
1.115873642265796661e-02
4.570521414279937744e-01
3.895109519362449646e-02
5.046657085418701172e+00
2.236571162939071655e-02
4.721002653241157532e-02
1.607291847467422485e-01
1.602042198181152344e+00
8.109811544418334961e-01
6.768225692212581635e-03
3.155692480504512787e-03
2.307536303997039795e-01
4.221696853637695312e-01
6.024310365319252014e-03
4.313938021659851074e-01
1.840455271303653717e-02
1.361372042447328568e-02
9.728875011205673218e-02
9.620004147291183472e-02
1.729550600051879883e+00
2.515346705913543701e-01
7.983017712831497192e-02
1.991671800613403320e+00
3.746812045574188232e-01
4.626789987087249756e-01
5.075873062014579773e-02
4.623671174049377441e-01
8.091306313872337341e-03
9.633359909057617188e-01
1.554125398397445679e-01
2.421235665678977966e-02
7.054221034049987793e-01
2.010499238967895508e-01
1.367617584764957428e-02
1.568328216671943665e-02
9.608663618564605713e-03
2.622894942760467529e-01
2.472018264234066010e-02
3.283873796463012695e+00
4.203436896204948425e-02
1.543920516967773438e+00
5.955348908901214600e-02
4.648841917514801025e-02
2.210400551557540894e-01
5.353943109512329102e-01
2.309064567089080811e-01
1.073566675186157227e-01
2.806936740875244141e+00
1.144850134849548340e+00
4.957390483468770981e-04
6.714023947715759277e-01
1.209135446697473526e-02
2.121868848800659180e+00
5.361583232879638672e-01
2.458988130092620850e-01
2.012393996119499207e-02
1.631176657974720001e-02
5.853404849767684937e-02
7.973284274339675903e-02
2.929708063602447510e-01
2.367775887250900269e-02
4.583837091922760010e-02
4.394722171127796173e-03
1.721313036978244781e-02
1.257438026368618011e-02
1.241250894963741302e-03
3.263993188738822937e-02
8.840525746345520020e-01
2.273685298860073090e-03
1.885164342820644379e-02
1.005294173955917358e-01
4.837086051702499390e-02
6.924254447221755981e-02
5.843825265765190125e-02
5.428833365440368652e-01
8.494590222835540771e-02
8.825638890266418457e-01
2.563632652163505554e-02
1.509657949209213257e-01
2.731184065341949463e-01
2.616195939481258392e-02
1.539160497486591339e-02
8.671729266643524170e-02
6.940756738185882568e-02
3.138018548488616943e-01
9.473088383674621582e-02
2.332154214382171631e-01
1.548063039779663086e+00
1.446258872747421265e-01
1.718555018305778503e-02
2.671632170677185059e-01
3.441361784934997559e-01
3.581399619579315186e-01
2.358212023973464966e-01
8.986240625381469727e-02
1.816538274288177490e-01
3.121054358780384064e-02
2.751218387857079506e-03
6.325413286685943604e-02
1.299016643315553665e-02
6.446501255035400391e+00
6.303977966308593750e-01
9.117137193679809570e-01
2.945688785985112190e-03
2.154107764363288879e-02
1.339693460613489151e-02
2.962366444990038872e-03
1.385101526975631714e-01
7.504133135080337524e-02
5.944068431854248047e-01
2.771988213062286377e-01
5.429428536444902420e-03
1.144741103053092957e-02
3.487300872802734375e-02
9.462064132094383240e-03
2.942721731960773468e-02
5.107578635215759277e-01
6.466904282569885254e-02
8.091273307800292969e-01
1.131860986351966858e-01
9.255135804414749146e-02
6.397325515747070312e+00
8.926098942756652832e-01
1.192242741584777832e+00
1.020414382219314575e-01
2.299196124076843262e-01
1.506555229425430298e-01
1.922554075717926025e-01
3.682193905115127563e-02
2.357427775859832764e-02
1.710461258888244629e+00
2.102978229522705078e-01
6.367339193820953369e-02
1.804382652044296265e-01
6.373190879821777344e-02
3.391445428133010864e-02
1.024672687053680420e-01
6.095456425100564957e-03
4.271598532795906067e-03
5.671616196632385254e-01
5.579858273267745972e-02
1.467229723930358887e-01
1.433140635490417480e-01
1.007507801055908203e+00
1.225912272930145264e-01
3.393232226371765137e-01
2.047319263219833374e-01
4.696683406829833984e+00
3.481235587969422340e-03
2.347212731838226318e-01
1.019140332937240601e-01
1.543872244656085968e-02
5.555005744099617004e-02
2.307486236095428467e-01
9.415653347969055176e-01
7.846496254205703735e-02
9.195144474506378174e-02
8.415404707193374634e-02
1.238446593284606934e+00
1.152746677398681641e-01
3.152634203433990479e-01
1.374996155500411987e-01
3.752851486206054688e-02
1.103564739227294922e+00
1.776385903358459473e-01
1.852557063102722168e-01
9.991003572940826416e-02
2.048005163669586182e-01
1.108984053134918213e-01
3.933431506156921387e-01
1.186422258615493774e-01
1.206733565777540207e-02
7.873766869306564331e-02
1.655599623918533325e-01
3.380380198359489441e-02
1.895444095134735107e-01
8.836742490530014038e-02
5.277474876493215561e-03
2.173240929841995239e-01
2.690018713474273682e-02
1.342221796512603760e-01
1.646710187196731567e-01
4.520922526717185974e-02
2.333808541297912598e-01
1.335352752357721329e-02
3.583202511072158813e-02
1.253756904602050781e+01
1.415650267153978348e-02
9.370204061269760132e-03
4.058145359158515930e-02
6.576886773109436035e-02
4.888382740318775177e-03
1.658475697040557861e-01
2.079007625579833984e-01
2.248807847499847412e-01
2.815450131893157959e-01
2.206726744771003723e-02
4.467451013624668121e-03
1.535455226898193359e+00
7.012238502502441406e-01
2.111588045954704285e-02
2.079533971846103668e-02
4.773874208331108093e-02
9.953577537089586258e-04
3.234867751598358154e-01
1.648466475307941437e-02
1.036851406097412109e+00
1.700927019119262695e-01
2.589960582554340363e-02
2.461251616477966309e-02
6.729987263679504395e-02
1.634509116411209106e-02
1.893202513456344604e-01
4.880139231681823730e-02
6.104254722595214844e-01
8.678068220615386963e-02
3.697423264384269714e-03
1.888950020074844360e-01
3.566774353384971619e-02
1.897080242633819580e-01
1.134368591010570526e-02
2.744025550782680511e-02
2.980936132371425629e-02
1.300760060548782349e-01
8.963710814714431763e-02
2.217161208391189575e-01
4.224684461951255798e-02
8.831952512264251709e-02
1.552392989397048950e-01
7.846679538488388062e-02
3.891835808753967285e-01
7.260207552462816238e-03
6.602192521095275879e-01
1.255035996437072754e-01
8.770238608121871948e-02
2.049082517623901367e+00
3.636395558714866638e-02
1.495784074068069458e-01
5.786091834306716919e-02
6.181357428431510925e-02
1.277286093682050705e-02
1.766520738601684570e-01
9.612578153610229492e-02
4.453592747449874878e-02
3.883995711803436279e-01
2.256632596254348755e-02
9.850980639457702637e-01
3.580611431971192360e-03
6.126158684492111206e-02
2.244907617568969727e+00
1.469396352767944336e-01
8.646418899297714233e-02
1.189373340457677841e-02
4.579796455800533295e-03
3.618479147553443909e-02
4.205716773867607117e-02
6.093788519501686096e-02
2.817766740918159485e-02
3.423786759376525879e-01
6.192450523376464844e-01
1.936942785978317261e-01
6.692334264516830444e-02
1.543414406478404999e-02
4.676865879446268082e-03
4.816895723342895508e-02
1.978697776794433594e+00
5.788757801055908203e-01
1.526413112878799438e-02
1.482244580984115601e-01
1.733267307281494141e-02
1.066776458173990250e-02
2.013058066368103027e-01
1.877382025122642517e-02
2.407463826239109039e-02
1.331038773059844971e-02
2.552081644535064697e-02
3.066457994282245636e-02
3.441086113452911377e-01
1.494211554527282715e-01
9.460842609405517578e-01
3.914836049079895020e-01
1.769547760486602783e-01
2.151432037353515625e+00
2.251069396734237671e-01
8.497701585292816162e-02
2.537855505943298340e-02
9.779080748558044434e-02
2.361548393964767456e-01
2.730995118618011475e-01
1.337249994277954102e+00
4.196274280548095703e-01
6.220392584800720215e-01
5.635019540786743164e-01
4.282212629914283752e-02
1.186535730957984924e-01
9.657086804509162903e-03
7.056538462638854980e-01
5.556681193411350250e-03
2.821094170212745667e-02
8.756313472986221313e-02
2.851380780339241028e-02
6.518830060958862305e-01
3.017020463943481445e+00
6.248225644230842590e-02
1.314402103424072266e+00
3.001357801258563995e-02
7.343943417072296143e-02
6.019815057516098022e-02
9.085309691727161407e-03
3.191069001331925392e-03
2.794717311859130859e+00
9.768480062484741211e-02
1.236368790268898010e-01
2.086148597300052643e-02
8.780173957347869873e-02
1.166523694992065430e-01
2.972548082470893860e-02
7.471725344657897949e-02
6.893410086631774902e-01
1.696379482746124268e-01
1.613521017134189606e-02
2.193070948123931885e-02
2.354263782501220703e+00
1.209539640694856644e-02
1.048392802476882935e-02
1.258280515670776367e+00
1.151521578431129456e-01
2.562695443630218506e-01
2.465101778507232666e-01
1.607184559106826782e-01
2.312558516860008240e-02
1.629341277293860912e-03
4.083565250039100647e-02
1.354159116744995117e-01
1.086326409131288528e-02
1.501620840281248093e-02
5.174153447151184082e-01
4.643670618534088135e-01
1.118330955505371094e-01
1.481379717588424683e-01
5.447908863425254822e-02
7.279865443706512451e-02
3.334759920835494995e-02
4.316833615303039551e-01
8.738615363836288452e-02
1.269889026880264282e-01
1.912393234670162201e-02
3.054900169372558594e-01
2.042581094428896904e-03
1.494209766387939453e-01
1.495715230703353882e-02
1.260924577713012695e+00
9.806650131940841675e-02
3.237390816211700439e-01
8.066543377935886383e-03
7.347177714109420776e-02
2.576301395893096924e-01
6.791457533836364746e-02
5.126284901052713394e-03
1.046742945909500122e-01
1.514271646738052368e-02
1.011655449867248535e+00
6.578230261802673340e-01
1.083625853061676025e-01
8.834747672080993652e-01
6.698443889617919922e+00
3.055478259921073914e-02
3.743471577763557434e-02
3.248546971008181572e-03
8.841197192668914795e-02
3.101463317871093750e-01
8.831720799207687378e-02
6.987277984619140625e+00
1.311293616890907288e-02
2.950984954833984375e+00
2.463098466396331787e-01
2.401344925165176392e-01
1.776160858571529388e-02
3.746425360441207886e-02
6.475610136985778809e-01
2.586239433288574219e+01
1.899612617492675781e+01
5.934441089630126953e-01
1.257814693450927734e+01
4.361671447753906250e+00
1.225066184997558594e+01
1.079569458961486816e+00
2.753485870361328125e+01
7.719073295593261719e-01
2.544939422607421875e+01
6.655550003051757812e+00
1.428758502006530762e+00
2.889617979526519775e-01
3.109419107437133789e+00
3.055582809448242188e+01
2.879537820816040039e+00
8.770753860473632812e+00
1.379743385314941406e+01
9.459185004234313965e-01
1.503955364227294922e+00
4.088956415653228760e-01
4.537241935729980469e+00
3.508927106857299805e+00
3.998286819458007812e+01
7.956817746162414551e-01
4.521717071533203125e+00
7.711751461029052734e+00
1.317987518310546875e+02
1.748812675476074219e+01
1.090340852737426758e+00
9.057638049125671387e-01
2.700989484786987305e+00
7.188254547119140625e+01
2.994025051593780518e-01
1.441879558563232422e+01
3.625110983848571777e-01
2.631980180740356445e-01
1.348450660705566406e+00
4.686141490936279297e+00
1.478527374267578125e+02
4.041160106658935547e+00
7.762259840965270996e-01
1.460276985168457031e+01
3.358873128890991211e+00
2.936641311645507812e+01
9.271203994750976562e+00
7.501992702484130859e+00
9.589205384254455566e-01
2.896638679504394531e+01
8.342157363891601562e+00
2.000166893005371094e+00
1.031694698333740234e+01
2.380093193054199219e+01
2.878737449645996094e+00
2.662175893783569336e-01
3.278414905071258545e-01
7.458906769752502441e-01
5.275744199752807617e-01
2.162622451782226562e+01
8.057523727416992188e+00
3.186870956420898438e+01
8.474201560020446777e-01
2.337322473526000977e+00
6.576034426689147949e-01
1.657485198974609375e+01
2.630504608154296875e+00
3.471565246582031250e+01
3.386182785034179688e+01
7.157106781005859375e+01
1.976446062326431274e-02
9.586589813232421875e+00
4.656412303447723389e-01
4.790323638916015625e+01
3.120699691772460938e+01
3.239085674285888672e+00
1.080626964569091797e+00
5.824985504150390625e-01
4.557120800018310547e+00
4.682177066802978516e+00
4.344778537750244141e+00
5.940143465995788574e-01
2.005729198455810547e+00
1.086980342864990234e+00
1.873616576194763184e+00
1.153329133987426758e+00
5.698111057281494141e-01
3.695935010910034180e+00
7.299936771392822266e+00
2.318214178085327148e-01
1.242972373962402344e+00
8.253730773925781250e+00
1.042261505126953125e+01
2.250052690505981445e+00
3.516180992126464844e+00
1.234639739990234375e+01
7.658926844596862793e-01
7.338325500488281250e+01
9.706253409385681152e-01
3.721950531005859375e+00
5.255763530731201172e-01
7.084155678749084473e-01
2.011865377426147461e-01
4.179182815551757812e+01
5.262036800384521484e+00
9.251917839050292969e+00
9.987982511520385742e-01
6.083058929443359375e+01
7.135015869140625000e+01
8.510017991065979004e-01
1.975591033697128296e-01
7.624853134155273438e+00
5.591168403625488281e+00
3.358065128326416016e+00
5.428570747375488281e+00
2.210983514785766602e+00
3.374080657958984375e+00
1.160188078880310059e+00
7.671858668327331543e-01
4.562663078308105469e+00
2.546250581741333008e+00
3.407680358886718750e+02
1.683672790527343750e+02
1.534180641174316406e+01
8.197265267372131348e-01
1.011162662506103516e+01
3.590050697326660156e+00
1.229458451271057129e+00
4.892732620239257812e+01
6.166867256164550781e+00
1.901440620422363281e+00
8.318297386169433594e+00
1.055811122059822083e-01
5.163661837577819824e-01
7.001014947891235352e-01
3.765003979206085205e-01
1.313877344131469727e+00
1.279858684539794922e+01
8.101174354553222656e+00
2.023160171508789062e+01
4.045920944213867188e+01
6.974272131919860840e-01
6.462670898437500000e+01
1.713683700561523438e+01
2.075391387939453125e+01
6.021184921264648438e+00
4.140408706665039062e+01
3.445058345794677734e+00
8.515797615051269531e+00
5.316398620605468750e+00
1.584206938743591309e+00
7.576213073730468750e+01
2.287004947662353516e+00
1.108689665794372559e+00
1.326008319854736328e+01
2.012857198715209961e+00
7.091581821441650391e-01
2.395186662673950195e+00
8.238551616668701172e-01
5.607587695121765137e-01
2.734164810180664062e+01
1.194479846954345703e+01
1.358649826049804688e+01
2.304152250289916992e+00
7.347446441650390625e+00
1.044397234916687012e+00
4.626310825347900391e+00
8.467000961303710938e+00
1.882439270019531250e+02
2.052943706512451172e-01
8.926081657409667969e+00
1.154496860504150391e+01
1.689821004867553711e+00
1.002033472061157227e+00
4.957539367675781250e+01
1.144282245635986328e+01
2.261170625686645508e+00
8.059354782104492188e+00
4.291375637054443359e+00
2.129403305053710938e+01
6.711307764053344727e-01
2.575725555419921875e+01
9.939785957336425781e+00
5.194934457540512085e-02
4.010161972045898438e+01
1.595400810241699219e+01
7.134487032890319824e-01
1.831395030021667480e+00
3.414479064941406250e+01
6.462072849273681641e+00
8.954536318778991699e-01
3.590039491653442383e+00
6.323974132537841797e-01
6.230123996734619141e+00
9.855495452880859375e+00
2.981578111648559570e-01
1.625885367393493652e+00
1.029941558837890625e+00
7.984120249748229980e-01
2.041524171829223633e+00
7.927356719970703125e+00
2.404259920120239258e+00
4.320706844329833984e+00
2.412815809249877930e+00
1.556337642669677734e+01
1.482967436313629150e-01
2.119572401046752930e+00
7.737961578369140625e+01
4.231915950775146484e+00
4.166833877563476562e+00
3.173187255859375000e+00
2.784818172454833984e+00
2.515193223953247070e-01
8.949455261230468750e+00
1.703081607818603516e+00
6.900384902954101562e+00
6.888177990913391113e-01
7.850048542022705078e+00
2.648096084594726562e-01
2.015654563903808594e+01
7.472489166259765625e+01
4.707875251770019531e-01
4.270036220550537109e-01
8.141899108886718750e+00
4.897750616073608398e-01
1.137189788818359375e+02
1.055528879165649414e+00
5.471240043640136719e+00
7.904345989227294922e-01
1.606923937797546387e+00
2.868739068508148193e-01
6.318320274353027344e+00
6.569411754608154297e-01
2.946881294250488281e+01
1.320583224296569824e+00
7.038629055023193359e+00
2.862998843193054199e-01
3.432615697383880615e-01
5.968106985092163086e-01
1.552042245864868164e+00
6.280146121978759766e+00
1.802963495254516602e+00
1.108936309814453125e+00
1.528813004493713379e+00
1.273516845703125000e+01
4.316233158111572266e+00
7.691580772399902344e+00
4.408743679523468018e-01
1.282425975799560547e+01
1.005097746849060059e+00
1.226115822792053223e+00
4.133383274078369141e+00
5.472411513328552246e-01
2.267416191101074219e+01
5.541316509246826172e+00
2.570906639099121094e+00
1.358540344238281250e+01
1.281710505485534668e+00
1.187819600105285645e+00
1.377017116546630859e+01
2.098086547851562500e+01
3.506410598754882812e+00
4.271539688110351562e+00
7.616933345794677734e+00
1.289784526824951172e+01
1.134644317626953125e+01
2.032578277587890625e+01
4.358554840087890625e+01
4.020500779151916504e-01
6.571459770202636719e+00
4.627301406860351562e+01
1.561031532287597656e+01
2.267488670349121094e+01
4.945946335792541504e-01
5.068279504776000977e-01
3.386735677719116211e+00
1.161629915237426758e+00
5.572987556457519531e+00
4.072991371154785156e+00
2.133244276046752930e+00
4.724110603332519531e+00
2.905227184295654297e+00
2.472834825515747070e+00
7.736878395080566406e-01
1.538704186677932739e-01
1.616788029670715332e+00
3.662253952026367188e+01
7.246162891387939453e+00
1.324938654899597168e+00
1.633207440376281738e+00
2.296290874481201172e+00
1.537588596343994141e+00
7.209963226318359375e+01
1.489116072654724121e+00
2.121154785156250000e+00
1.223031163215637207e+00
3.147212982177734375e+00
7.288321495056152344e+00
1.034088730812072754e+00
6.776144504547119141e+00
2.505853080749511719e+01
1.994894027709960938e+01
1.919009447097778320e+00
2.088451385498046875e+01
3.843821287155151367e+00
4.194928646087646484e+00
1.742631912231445312e+01
2.058937311172485352e+00
5.999998569488525391e+00
2.838038253784179688e+01
3.331650543212890625e+01
5.154257202148437500e+01
7.905326843261718750e+01
3.356067419052124023e+00
8.156812191009521484e-01
5.301584601402282715e-01
5.421159267425537109e-01
3.943603277206420898e+00
6.340510845184326172e-01
3.109538853168487549e-01
7.252107858657836914e-01
4.123375117778778076e-01
1.327555847167968750e+02
1.532788753509521484e+01
2.399073219299316406e+01
1.570367240905761719e+01
1.010881900787353516e+00
1.034079265594482422e+01
4.542535781860351562e+00
2.019162654876708984e+00
5.144609212875366211e-01
5.435431289672851562e+01
3.022811508178710938e+01
3.126865625381469727e+00
3.650778532028198242e+00
1.792877769470214844e+01
6.623068237304687500e+01
3.201478958129882812e+00
3.840343356132507324e-01
1.168475914001464844e+01
8.283903002738952637e-01
2.678898334503173828e+00
3.237564563751220703e+00
2.460229301452636719e+01
6.345477700233459473e-01
1.650639772415161133e+00
4.902646255493164062e+01
1.073843288421630859e+01
1.299558925628662109e+01
5.951179027557373047e+00
5.258758544921875000e+00
1.584053635597229004e-01
9.602219611406326294e-02
6.105211734771728516e+00
3.298894166946411133e+00
7.818579077720642090e-01
3.551727533340454102e+00
4.883150863647460938e+01
7.917512512207031250e+01
6.140622615814208984e+00
2.331887245178222656e+00
1.775857448577880859e+00
3.145813941955566406e+00
3.644903659820556641e+00
1.313886165618896484e+01
1.505581974983215332e+00
1.250221538543701172e+01
5.922455191612243652e-01
2.362884283065795898e+00
1.303477734327316284e-01
2.292252540588378906e+00
7.101077556610107422e+00
5.165705566406250000e+02
2.534110784530639648e+00
6.501234531402587891e+00
7.116292715072631836e-01
1.945629477500915527e+00
2.546548461914062500e+01
1.487157535552978516e+01
1.662405580282211304e-01
1.124218225479125977e+00
1.879160881042480469e+00
1.432583522796630859e+01
3.257702636718750000e+01
1.273076176643371582e+00
1.532918453216552734e+01
8.108973693847656250e+01
1.132491469383239746e+00
2.606244325637817383e+00
1.385124206542968750e+00
6.442967414855957031e+00
4.793629646301269531e+00
6.114546775817871094e+00
3.885516662597656250e+02
3.193958520889282227e+00
1.945071983337402344e+01
1.147201309204101562e+02
3.033286857604980469e+01
1.886941909790039062e+00
1.922409439086914062e+01
