3.027881309390068054e-02
1.244301423430442810e-01
4.330873023718595505e-03
2.125532831996679306e-03
2.326981723308563232e-02
3.956599473953247070e+00
1.622873730957508087e-02
2.186214784160256386e-03
6.445678416639566422e-03
3.518249690532684326e-01
1.318128127604722977e-02
2.371378615498542786e-02
3.910935670137405396e-02
1.882373914122581482e-02
1.855916343629360199e-03
1.193325500935316086e-02
1.329757273197174072e-03
8.093065582215785980e-03
2.161730825901031494e-02
7.066181278787553310e-04
2.684244327247142792e-02
2.576963603496551514e-02
1.086689382791519165e-01
1.441652234643697739e-02
1.381975054740905762e+00
6.359954830259084702e-03
3.955934569239616394e-02
5.032388493418693542e-02
8.065076172351837158e-02
3.248775899410247803e-01
6.223139935173094273e-04
1.838772586779668927e-04
8.384247310459613800e-03
3.563740849494934082e-02
2.665523625910282135e-02
1.058901287615299225e-02
3.731918986886739731e-03
3.423695161473006010e-04
5.690776277333498001e-03
4.284196533262729645e-03
1.162816137075424194e-01
7.960756868124008179e-02
3.502730512991547585e-03
6.316236495971679688e+00
1.128372028470039368e-01
1.033997610211372375e-01
7.860737852752208710e-03
4.067496955394744873e-01
1.217603450641036034e-03
3.315249085426330566e-02
9.202454239130020142e-02
4.002889618277549744e-02
8.870539814233779907e-02
2.684871666133403778e-02
7.417918532155454159e-04
2.235756488516926765e-03
3.301440039649605751e-03
1.194678805768489838e-02
2.722943387925624847e-02
8.109215736389160156e+00
9.908831678330898285e-03
8.607749938964843750e+00
1.241047400981187820e-02
4.320158157497644424e-03
7.410777360200881958e-02
4.207661375403404236e-02
1.574180722236633301e-01
1.673221588134765625e-02
5.249545574188232422e-01
5.111822485923767090e-01
1.349143276456743479e-04
8.328183293342590332e-01
1.668460434302687645e-03
7.401586323976516724e-02
6.749940663576126099e-02
1.353059802204370499e-02
5.579578690230846405e-03
4.365916922688484192e-02
2.018736675381660461e-02
1.045963075011968613e-02
1.237106248736381531e-01
1.315108966082334518e-02
2.161083184182643890e-02
1.549775770399719477e-04
2.179936738684773445e-03
1.438752049580216408e-03
4.919189450447447598e-05
2.100847847759723663e-02
5.771305561065673828e-01
3.981039626523852348e-04
7.987295277416706085e-03
8.577738888561725616e-03
2.127702813595533371e-03
3.548328205943107605e-02
1.572689623571932316e-03
6.347193717956542969e-01
1.793876886367797852e-01
1.057325080037117004e-01
1.041933312080800533e-03
7.521409541368484497e-02
2.202452421188354492e+00
3.415478020906448364e-02
1.364154508337378502e-03
1.758493296802043915e-02
1.209933683276176453e-02
3.946363925933837891e-01
3.677421063184738159e-02
1.397229917347431183e-02
3.423331305384635925e-02
1.193839162588119507e-01
4.787941277027130127e-02
2.362258285284042358e-01
5.563910305500030518e-02
1.120202392339706421e-01
1.293565519154071808e-02
3.227757662534713745e-02
2.668604440987110138e-02
8.332510478794574738e-03
2.795480657368898392e-03
3.676788881421089172e-02
1.657842309214174747e-03
1.345236873626708984e+01
3.127299845218658447e-01
4.917900860309600830e-01
2.193198888562619686e-04
1.251670271158218384e-01
1.482217665761709213e-02
3.528635716065764427e-04
6.379530578851699829e-02
2.976319380104541779e-02
8.071880936622619629e-01
1.732108928263187408e-02
2.902514534071087837e-03
1.526750158518552780e-03
3.889273479580879211e-02
9.015677496790885925e-03
2.517040818929672241e-02
9.846639633178710938e-01
1.095335409045219421e-01
4.319112002849578857e-01
1.114881783723831177e-02
6.961067207157611847e-03
6.667926311492919922e-01
5.909948945045471191e-01
1.370436191558837891e+01
3.737837821245193481e-02
1.726806610822677612e-01
1.313809026032686234e-02
7.333759963512420654e-02
9.063790552318096161e-03
9.932332672178745270e-03
9.548907727003097534e-02
1.709709614515304565e-01
2.162784151732921600e-02
1.078491061925888062e-01
1.297058910131454468e-02
1.690949872136116028e-02
2.787887677550315857e-02
1.042846939526498318e-03
4.567949101328849792e-03
5.490819364786148071e-02
5.900438409298658371e-04
7.394926249980926514e-02
1.481320858001708984e-01
2.725930511951446533e-01
1.410219371318817139e-01
8.559264987707138062e-02
1.788803339004516602e-01
1.412126183509826660e+00
8.871247409842908382e-04
2.457017265260219574e-02
1.322727948427200317e-01
1.523938262835144997e-04
6.978768389672040939e-03
3.376212716102600098e-02
1.362343072891235352e+00
1.712499186396598816e-02
1.023380458354949951e-02
1.264608558267354965e-02
1.322628855705261230e-01
3.572520986199378967e-02
3.459839150309562683e-02
1.153478547930717468e-01
4.042527452111244202e-02
9.550666213035583496e-01
1.508947927504777908e-02
5.518451798707246780e-03
3.053367882966995239e-02
3.913493156433105469e-01
2.025982737541198730e-02
1.950694173574447632e-01
2.625219151377677917e-02
1.424046058673411608e-04
7.599248737096786499e-02
1.403511613607406616e-01
2.636622637510299683e-02
3.055121898651123047e-01
3.508098796010017395e-02
4.592790734022855759e-03
3.302127495408058167e-02
2.750321291387081146e-03
4.637981578707695007e-02
1.363819651305675507e-02
3.077706880867481232e-02
4.503793083131313324e-03
4.686878528445959091e-03
8.597810566425323486e-02
1.120338916778564453e+01
2.948485314846038818e-03
1.622363808564841747e-03
2.700829179957509041e-03
3.216295316815376282e-02
1.114608458010479808e-04
8.279500603675842285e-01
2.268215827643871307e-02
1.880874752998352051e+00
2.020356804132461548e-01
2.082683704793453217e-02
3.716049250215291977e-04
3.716276884078979492e-01
5.473800897598266602e-01
2.963089849799871445e-03
3.542436519637703896e-03
2.878179959952831268e-02
6.263158866204321384e-05
7.099778950214385986e-02
1.363757182843983173e-03
2.171254158020019531e+00
1.854017525911331177e-01
6.332112476229667664e-03
1.135598681867122650e-02
1.043948531150817871e-02
1.947774924337863922e-02
1.944506075233221054e-03
6.560120731592178345e-02
1.973961479961872101e-02
6.522468477487564087e-02
3.585846628993749619e-03
2.416660487651824951e-01
3.774053766392171383e-04
7.402777671813964844e-02
1.814060471951961517e-02
1.365744173526763916e-01
2.623295178636908531e-03
1.012516394257545471e-02
7.307508960366249084e-03
2.717125043272972107e-02
6.314300745725631714e-02
2.778208814561367035e-02
4.238718748092651367e-02
2.239554561674594879e-02
6.113157272338867188e-01
8.989100751932710409e-05
7.353328913450241089e-02
1.672569848597049713e-02
1.245223507285118103e-01
2.536661863327026367e+00
3.772194311022758484e-02
7.234192918986082077e-03
8.288127183914184570e-02
5.425624083727598190e-03
7.765227928757667542e-04
1.037809848785400391e+00
3.233529999852180481e-02
3.825656138360500336e-03
4.603300988674163818e-02
8.953582495450973511e-03
1.168837189674377441e+00
3.233904484659433365e-03
5.567900370806455612e-03
1.482042193412780762e+00
3.050261735916137695e-02
4.029874801635742188e-01
2.253019949421286583e-03
1.070512575097382069e-03
1.111580058932304382e-02
8.121208287775516510e-03
7.944646291434764862e-03
2.530918419361114502e-01
5.318637490272521973e-01
1.492246538400650024e-01
1.257237140089273453e-02
8.744667284190654755e-03
9.096463210880756378e-03
1.538962242193520069e-04
7.310876157134771347e-03
3.610195159912109375e+00
1.198473095893859863e+00
8.300649933516979218e-04
4.368555545806884766e-02
9.980691596865653992e-03
1.990482909604907036e-03
1.504040509462356567e-01
2.456244081258773804e-02
7.166971918195486069e-04
8.742620237171649933e-03
2.051906287670135498e-02
4.415450990200042725e-02
1.217006206512451172e+00
5.454609915614128113e-02
1.109269738197326660e+00
2.939421236515045166e-01
8.864942938089370728e-02
5.694012641906738281e-01
1.320678114891052246e+00
1.490515004843473434e-02
1.216221321374177933e-02
6.371079385280609131e-02
7.623071316629648209e-03
1.107043698430061340e-01
7.709761261940002441e-01
6.935392320156097412e-02
1.517683640122413635e-02
3.176252543926239014e-01
5.510124377906322479e-03
2.465029992163181305e-02
1.199789927341043949e-03
4.194521903991699219e-01
1.521292608231306076e-03
6.779482588171958923e-03
1.509373486042022705e-01
7.402682094834744930e-04
1.043528504669666290e-02
4.642424732446670532e-02
4.448506515473127365e-03
5.465434193611145020e-01
3.317685099318623543e-03
3.764951601624488831e-03
8.623522706329822540e-03
2.537190448492765427e-03
1.529284985736012459e-03
2.562643289566040039e-01
7.650170475244522095e-03
1.612808741629123688e-02
7.409190759062767029e-03
6.872794125229120255e-03
5.991671234369277954e-03
5.148753989487886429e-03
1.558773964643478394e-02
1.351406574249267578e-01
2.926855813711881638e-03
3.288437146693468094e-04
3.925635945051908493e-03
1.021271586418151855e+00
6.965622305870056152e-04
1.195998862385749817e-02
1.481508910655975342e-01
6.337843090295791626e-02
2.608360908925533295e-02
2.619718760251998901e-02
9.144803136587142944e-02
5.919295921921730042e-02
6.883734749862924218e-05
1.638738065958023071e-02
5.283011589199304581e-03
2.901981584727764130e-03
1.917459070682525635e-02
2.127910405397415161e-02
4.510777071118354797e-02
4.962349310517311096e-02
2.639597654342651367e-02
7.821195758879184723e-04
2.440584637224674225e-02
7.723543792963027954e-03
1.530008465051651001e-01
9.720032103359699249e-03
1.053981930017471313e-01
9.376407833769917488e-04
1.741029471158981323e-01
3.555298899300396442e-04
6.843553483486175537e-02
7.662604004144668579e-02
1.507885754108428955e-01
1.920577138662338257e-02
4.731309413909912109e-01
2.345215529203414917e-03
7.942982949316501617e-03
4.407502710819244385e-03
8.057674393057823181e-03
1.845819875597953796e-02
3.752224147319793701e-02
1.731330994516611099e-03
1.580688118934631348e+00
1.020414605736732483e-01
1.928922533988952637e-02
3.441131591796875000e+00
8.520233154296875000e+00
6.506040692329406738e-03
1.024480909109115601e-03
5.106160533614456654e-04
2.726860903203487396e-02
8.034171536564826965e-03
3.072677180171012878e-02
3.380428314208984375e+00
1.936502958415076137e-04
3.608992099761962891e+00
1.355726867914199829e-01
1.433223579078912735e-02
7.283356389962136745e-04
3.996021114289760590e-03
1.445734596252441406e+01
5.886433410644531250e+01
5.728118515014648438e+01
5.076321959495544434e-01
2.206306076049804688e+01
1.132735729217529297e+00
2.902417907714843750e+02
8.483275413513183594e+00
8.560561370849609375e+01
1.067895984649658203e+01
9.756996917724609375e+01
1.393558216094970703e+01
2.541496658325195312e+01
3.671701550483703613e-01
6.280837535858154297e+00
6.188270950317382812e+01
3.219642257690429688e+01
1.294860382080078125e+02
6.089449691772460938e+01
4.980087280273437500e+00
2.306852149963378906e+01
3.736730337142944336e+00
6.711318016052246094e+00
2.469054031372070312e+01
3.084946155548095703e+00
4.726331532001495361e-01
1.065544204711914062e+02
4.214904174804687500e+02
7.941052856445312500e+02
1.254503555297851562e+02
3.612931251525878906e+00
3.007282018661499023e+00
4.337846279144287109e+00
2.638894042968750000e+02
5.957527160644531250e+00
4.064306259155273438e+00
4.071443974971771240e-01
4.904114082455635071e-02
2.109982252120971680e+00
8.535075378417968750e+01
6.677926635742187500e+02
1.550302982330322266e+01
5.615791082382202148e-01
3.871662597656250000e+02
1.174945259094238281e+01
1.070543365478515625e+02
7.546715545654296875e+01
7.947861671447753906e+00
4.463426470756530762e-01
5.042956237792968750e+02
9.549691772460937500e+01
1.531071376800537109e+01
1.131735610961914062e+01
2.156514930725097656e+01
2.087967634201049805e+00
4.828935623168945312e+00
3.309751749038696289e+00
2.779162526130676270e-01
1.437081623077392578e+01
7.398946533203125000e+02
1.173286361694335938e+02
4.948719177246093750e+02
3.902438402175903320e+00
3.245443725585937500e+01
4.308421611785888672e+00
2.148451614379882812e+01
3.549246597290039062e+01
1.005781250000000000e+03
2.917609558105468750e+02
2.338346862792968750e+01
5.538777634501457214e-02
4.970088577270507812e+01
8.699177503585815430e-01
9.154891204833984375e+01
7.807653903961181641e+00
7.825908184051513672e+00
5.996196866035461426e-01
7.178325176239013672e+00
1.390238037109375000e+02
2.732825469970703125e+01
2.033607864379882812e+01
3.589632511138916016e+00
7.250316619873046875e+00
1.786876106262207031e+01
6.425989151000976562e+00
1.223067951202392578e+01
8.659306168556213379e-02
9.537085533142089844e+00
1.229295158386230469e+01
2.169862508773803711e+00
7.409729957580566406e+00
3.012341499328613281e+01
3.930938339233398438e+01
9.653286933898925781e+00
7.421354675292968750e+01
7.524534606933593750e+01
2.471269130706787109e+00
7.296016845703125000e+02
7.161718606948852539e-01
1.491238861083984375e+02
1.760939836502075195e+00
1.698568153381347656e+01
1.272648453712463379e+00
9.530639648437500000e+01
2.507100105285644531e+01
4.887270355224609375e+01
1.632131099700927734e+00
1.221112670898437500e+03
2.711494750976562500e+02
7.478262186050415039e-01
2.402953505516052246e-01
3.512255859375000000e+02
1.380180358886718750e+02
1.095440268516540527e+00
2.957251358032226562e+01
6.421808624267578125e+01
2.803943634033203125e+01
9.618848800659179688e+00
5.061323928833007812e+01
1.175202655792236328e+01
9.458798980712890625e+01
4.726108398437500000e+03
1.756147155761718750e+02
9.869359588623046875e+01
1.956007599830627441e+00
1.313767852783203125e+02
1.853039550781250000e+01
1.700319290161132812e+00
4.400310974121093750e+02
6.104462432861328125e+01
1.873340606689453125e+02
1.162975883483886719e+01
2.204255312681198120e-01
9.408150672912597656e+00
1.288436412811279297e+00
2.349072456359863281e+00
1.589598536491394043e+00
1.769960479736328125e+02
1.901593322753906250e+02
2.209833831787109375e+02
2.327083969116210938e+01
1.605855464935302734e+00
3.393111877441406250e+02
1.533087348937988281e+01
3.302566223144531250e+02
2.728724479675292969e+01
2.127397918701171875e+02
1.095164537429809570e+00
2.733053016662597656e+01
7.997658691406250000e+02
3.366777896881103516e-01
3.289399108886718750e+02
4.345652008056640625e+01
3.122170567512512207e-01
8.855741882324218750e+01
1.818793487548828125e+01
1.253677964210510254e+00
6.722973585128784180e-01
2.808788061141967773e+00
1.333976268768310547e+00
5.780203857421875000e+02
1.227483520507812500e+02
1.263762359619140625e+02
1.706929016113281250e+01
1.152378540039062500e+02
2.758598136901855469e+01
3.329679107666015625e+01
1.508731536865234375e+02
4.339907836914062500e+02
5.088376045227050781e+00
8.122287750244140625e+00
7.244342651367187500e+02
9.922130703926086426e-01
4.071113586425781250e+00
1.783165588378906250e+02
1.563539123535156250e+01
5.716297626495361328e+00
3.238279724121093750e+01
2.065235853195190430e+00
1.398462200164794922e+01
5.046807289123535156e+00
2.105839157104492188e+01
2.557878112792968750e+02
2.106824636459350586e+00
1.193330859375000000e+04
3.616563558578491211e+00
4.850128889083862305e-01
1.440245532989501953e+01
2.060890045166015625e+02
2.858368682861328125e+01
1.857960700988769531e+00
1.181185150146484375e+02
4.814032554626464844e+00
3.918731307983398438e+01
8.100723266601562500e+01
1.273115515708923340e+00
5.217196273803710938e+01
7.013303637504577637e-01
2.773805618286132812e+00
1.729199767112731934e+00
9.514636039733886719e+00
4.232144355773925781e+00
5.922214508056640625e+00
3.477987289428710938e+01
3.738919448852539062e+01
5.381252169609069824e-01
2.003898239135742188e+01
3.428031311035156250e+02
4.623824596405029297e+00
1.809175109863281250e+01
4.942908287048339844e+00
2.071792364120483398e+00
8.116667866706848145e-01
2.238596679687500000e+03
1.101786708831787109e+01
2.304692230224609375e+02
4.335026264190673828e+00
2.717102661132812500e+02
7.903674244880676270e-01
1.283524169921875000e+02
2.553719970703125000e+03
8.538782596588134766e-02
1.512894511222839355e+00
5.245938110351562500e+02
1.942404866218566895e+00
5.137025146484375000e+02
2.297489404678344727e+00
1.155515193939208984e+01
3.869980335235595703e+00
6.799129962921142578e+00
6.685195118188858032e-02
6.759057998657226562e+00
1.497636556625366211e+00
2.063930816650390625e+02
2.049705696105957031e+01
1.531768703460693359e+01
3.317733287811279297e+00
1.541104221343994141e+01
1.237677478790283203e+01
8.817200064659118652e-01
2.318590850830078125e+02
5.309592819213867188e+01
1.029202842712402344e+01
1.056985187530517578e+01
9.831833648681640625e+01
4.546773910522460938e+01
1.159903640747070312e+02
3.738380670547485352e-01
2.157513183593750000e+03
5.974932193756103516e+00
3.200571441650390625e+01
3.302055358886718750e+01
9.266248941421508789e-01
2.379474182128906250e+02
7.130027008056640625e+01
5.059401392936706543e-01
2.011857910156250000e+02
3.767591857910156250e+01
2.387140989303588867e+00
1.195735595703125000e+03
3.809039688110351562e+01
4.782740402221679688e+01
3.267852020263671875e+01
2.668995971679687500e+02
1.020977630615234375e+02
7.731404113769531250e+01
2.060446357727050781e+01
4.603320007324218750e+02
2.514417767524719238e-01
6.252900123596191406e+00
4.283919677734375000e+02
1.217718029022216797e+01
2.615288391113281250e+02
8.910055160522460938e-01
3.438907265663146973e-01
2.608515548706054688e+01
4.023162841796875000e+00
3.927834987640380859e+00
4.501191329956054688e+01
5.186263322830200195e-01
8.433030128479003906e+00
2.778967857360839844e+00
4.588715553283691406e+00
1.934923171997070312e+01
8.229750394821166992e-01
1.302591681480407715e+00
3.536421813964843750e+02
9.964387817382812500e+02
1.991546630859375000e+00
1.079768371582031250e+02
1.395385074615478516e+01
6.353767871856689453e+00
1.970197143554687500e+03
3.299240112304687500e+00
6.011234664916992188e+01
1.222076892852783203e+01
1.674707603454589844e+01
4.972261352539062500e+02
1.191487026214599609e+01
9.942047882080078125e+01
3.051797790527343750e+02
5.746061706542968750e+01
3.302645874023437500e+01
1.964518585205078125e+02
2.689048194885253906e+01
3.096402645111083984e+00
5.269975662231445312e+01
9.708070755004882812e+00
8.951100349426269531e+00
7.812568359375000000e+02
4.773143310546875000e+02
3.687205200195312500e+02
4.097992553710937500e+02
5.142129421234130859e+00
3.706850051879882812e+00
5.975967645645141602e-01
1.323264884948730469e+01
8.284813880920410156e+00
4.490109920501708984e+00
1.479053616523742676e+00
2.821140527725219727e+00
7.236232757568359375e-01
9.548352813720703125e+01
2.415257072448730469e+01
4.387891006469726562e+01
1.587962188720703125e+02
9.129984855651855469e+00
3.728800201416015625e+01
1.197008228302001953e+01
7.339395046234130859e+00
3.055435717105865479e-01
3.636767822265625000e+03
8.124851074218750000e+02
4.556527709960937500e+01
1.047485961914062500e+02
3.718819427490234375e+01
4.482024841308593750e+02
2.340230751037597656e+01
7.926693439483642578e+00
2.396586418151855469e+01
1.557416915893554688e+00
3.877871322631835938e+01
5.527354125976562500e+02
3.317916488647460938e+01
5.208792686462402344e+00
3.375275850296020508e+00
8.477502441406250000e+01
6.262300415039062500e+02
4.566795349121093750e+01
1.139130783081054688e+01
1.349808216094970703e+01
7.312899827957153320e-02
6.077009066939353943e-02
2.434236717224121094e+01
1.109602451324462891e+01
3.643889188766479492e+00
8.387438774108886719e+00
9.968926239013671875e+01
2.539345741271972656e+01
5.588238143920898438e+01
2.981181621551513672e+00
1.314589262008666992e+00
3.866768121719360352e+00
1.084911537170410156e+01
5.948347778320312500e+02
1.199028730392456055e+00
6.578515625000000000e+01
3.743950724601745605e-01
5.296954631805419922e+00
1.854352056980133057e-01
9.875276565551757812e+00
1.930530883789062500e+03
1.336106445312500000e+04
2.917756080627441406e+00
7.891305541992187500e+01
2.980100822448730469e+01
2.878360986709594727e+00
9.081893157958984375e+01
2.905289916992187500e+02
2.631234407424926758e+00
2.402224540710449219e+00
8.592905044555664062e+00
5.716317367553710938e+01
1.699352836608886719e+01
4.796535491943359375e+00
2.027619628906250000e+02
6.207531127929687500e+02
5.947501659393310547e+00
2.393126726150512695e+00
2.602747678756713867e+00
1.094517364501953125e+02
2.404548406600952148e+00
9.725679397583007812e+00
1.849853057861328125e+02
1.833825302124023438e+01
3.826340942382812500e+02
6.041729736328125000e+02
1.101809616088867188e+02
9.854052662849426270e-01
2.385411643981933594e+01
