2.101629227399826050e-02
8.217661827802658081e-02
7.751118391752243042e-03
1.037901500239968300e-03
4.143702983856201172e-02
4.262508869171142578e+00
1.939263194799423218e-02
4.120678640902042389e-03
4.840780049562454224e-03
5.069934129714965820e-01
3.990371711552143097e-03
1.030754484236240387e-02
6.587003916501998901e-02
1.162625662982463837e-02
9.015419054776430130e-04
1.043084729462862015e-02
3.661610186100006104e-03
2.201557159423828125e-03
1.840980164706707001e-02
4.808837838936597109e-04
2.155412137508392334e-01
1.797155104577541351e-02
2.593859434127807617e-01
5.285036191344261169e-02
4.969484508037567139e-01
1.645383238792419434e-02
3.685348480939865112e-02
1.632476039230823517e-02
7.657079398632049561e-02
1.149785637855529785e+00
3.821428108494728804e-04
1.373572595184668899e-04
8.211988024413585663e-03
1.554731279611587524e-02
1.133316457271575928e-01
5.819648969918489456e-03
5.683017894625663757e-03
7.715264800935983658e-04
8.857362903654575348e-03
6.522040814161300659e-03
2.052996307611465454e-01
4.650937393307685852e-02
1.689839875325560570e-03
1.251398277282714844e+01
1.693427711725234985e-01
5.585504323244094849e-02
3.531830850988626480e-03
2.359916120767593384e-01
3.950503654778003693e-03
8.822604082524776459e-03
1.916662007570266724e-01
2.769891172647476196e-02
7.840029895305633545e-02
2.665496245026588440e-02
3.975942381657660007e-04
1.888338360004127026e-03
4.499941598623991013e-03
1.287753973156213760e-02
2.690480463206768036e-02
5.052840232849121094e+00
1.175511721521615982e-02
9.205864906311035156e+00
1.233499776571989059e-02
2.904567634686827660e-03
1.105909347534179688e-01
1.181203592568635941e-02
1.634358316659927368e-01
6.146812345832586288e-03
4.703217744827270508e-01
3.378208279609680176e-01
2.018949744524434209e-04
1.504427552223205566e+00
7.728612981736660004e-04
1.853986829519271851e-02
7.347976416349411011e-02
4.198480024933815002e-02
6.258902139961719513e-03
3.781374543905258179e-02
4.913070425391197205e-02
8.240705356001853943e-03
3.350557014346122742e-02
1.659638620913028717e-02
1.482680626213550568e-02
3.398443514015525579e-04
2.818691777065396309e-03
1.423879060894250870e-03
3.106582516920752823e-05
3.490660712122917175e-02
9.801065325736999512e-01
1.291030319407582283e-03
6.307344418019056320e-03
1.239130273461341858e-02
1.316761132329702377e-03
9.978532046079635620e-02
3.265106061007827520e-04
3.956623971462249756e-01
5.052046775817871094e-01
4.265537112951278687e-02
1.956676598638296127e-03
4.723094403743743896e-02
1.739035725593566895e+00
4.492651298642158508e-02
7.911710417829453945e-04
1.177015993744134903e-02
7.772255223244428635e-03
3.986113369464874268e-01
7.466740906238555908e-02
1.233930978924036026e-02
2.803788334131240845e-02
7.813012599945068359e-02
1.530538052320480347e-01
3.394540846347808838e-01
3.978086262941360474e-02
4.247970506548881531e-02
1.379599235951900482e-02
4.053703695535659790e-02
6.428871303796768188e-02
4.270798061043024063e-03
2.941221231594681740e-03
7.810455560684204102e-02
5.487226881086826324e-04
7.450338840484619141e+00
4.530631899833679199e-01
3.409198224544525146e-01
1.392933772876858711e-04
1.535016745328903198e-01
1.210155803710222244e-02
7.846683147363364697e-04
5.603222548961639404e-02
7.164821773767471313e-02
1.787210106849670410e+00
7.550577074289321899e-02
4.279288463294506073e-03
1.412836019881069660e-03
3.246388956904411316e-02
2.837516181170940399e-02
4.226234182715415955e-02
2.974969625473022461e+00
1.094819456338882446e-01
4.506195187568664551e-01
2.114094607532024384e-02
9.049250744283199310e-03
4.257661998271942139e-01
4.844573140144348145e-01
1.881559371948242188e+01
1.901893317699432373e-02
2.278963625431060791e-01
4.589883610606193542e-03
5.087524652481079102e-02
9.841096587479114532e-03
1.629104278981685638e-02
6.972641497850418091e-02
6.188720464706420898e-02
1.280769705772399902e-02
6.099706143140792847e-02
1.114302966743707657e-02
1.198894344270229340e-02
2.962611615657806396e-02
1.782517414540052414e-03
4.307881463319063187e-03
4.624607786536216736e-02
2.661425096448510885e-04
1.498345434665679932e-01
4.398680031299591064e-01
2.242668122053146362e-01
9.308967739343643188e-02
1.154442280530929565e-01
1.419172883033752441e-01
6.020479798316955566e-01
2.054502110695466399e-04
2.066230773925781250e-02
7.912077009677886963e-02
1.054043896147049963e-04
1.290526892989873886e-02
3.806693479418754578e-02
1.301005482673645020e+00
1.764477044343948364e-02
8.306922391057014465e-03
1.315598841756582260e-02
8.166949450969696045e-02
5.686618015170097351e-02
2.607201971113681793e-02
1.561328172683715820e-01
2.120012789964675903e-02
1.451769113540649414e+00
9.306266903877258301e-03
4.772543907165527344e-03
5.177860707044601440e-02
2.215777486562728882e-01
2.305612526834011078e-02
1.247279942035675049e-01
2.109732106328010559e-02
3.638680500444024801e-04
8.000403642654418945e-02
3.386332094669342041e-01
1.357664633542299271e-02
1.351725012063980103e-01
5.492229387164115906e-02
2.867607632651925087e-03
1.908883824944496155e-02
2.341910032555460930e-03
2.326844073832035065e-02
9.220882318913936615e-03
1.967128552496433258e-02
9.294895455241203308e-03
1.752176322042942047e-03
2.059671580791473389e-01
1.157707500457763672e+01
8.998600766062736511e-03
3.806949127465486526e-03
7.651078980416059494e-03
3.650875762104988098e-02
1.611476473044604063e-04
5.469800233840942383e-01
1.709405519068241119e-02
2.224885702133178711e+00
4.239553585648536682e-02
1.369230635464191437e-02
5.747323739342391491e-04
5.274538397789001465e-01
2.242712527513504028e-01
1.863779500126838684e-02
1.200915197841823101e-03
1.993250288069248199e-02
1.357496221316978335e-04
1.849751733243465424e-02
6.241836235858500004e-04
4.158603191375732422e+00
2.317882031202316284e-01
6.657060235738754272e-03
1.830473355948925018e-02
5.906944163143634796e-03
3.015899099409580231e-02
2.029850147664546967e-03
2.467559725046157837e-01
1.734531484544277191e-02
1.614010483026504517e-01
5.347657017409801483e-03
5.607682093977928162e-02
4.508999409154057503e-04
1.741179823875427246e-02
7.146868109703063965e-02
1.236163899302482605e-01
2.164541510865092278e-03
8.843929506838321686e-03
6.261298898607492447e-03
3.570567443966865540e-02
8.519269526004791260e-02
2.288701757788658142e-02
1.294239908456802368e-01
2.727410383522510529e-02
1.328076720237731934e+00
3.916182686225511134e-05
3.766512125730514526e-02
1.062750723212957382e-02
1.827542781829833984e-01
2.633319854736328125e+00
1.292933430522680283e-02
2.370961382985115051e-02
2.031158804893493652e-01
2.290354575961828232e-03
5.883115809410810471e-04
8.105996847152709961e-01
1.761342398822307587e-02
2.765768673270940781e-03
1.461195945739746094e-02
9.778728708624839783e-03
1.383047223091125488e+00
9.796360507607460022e-03
1.129902992397546768e-02
1.405251741409301758e+00
3.878546133637428284e-02
3.929055929183959961e-01
3.240455640479922295e-03
1.337951282039284706e-03
1.799975894391536713e-02
4.390361253172159195e-03
7.751114666461944580e-03
2.272622287273406982e-01
1.964886784553527832e+00
1.002131775021553040e-01
8.285959251224994659e-03
4.140765406191349030e-03
1.349189132452011108e-02
1.826404331950470805e-04
3.096480388194322586e-03
3.929230928421020508e+00
9.891955256462097168e-01
3.705519193317741156e-04
5.605522170662879944e-02
1.045298948884010315e-02
1.111721037887036800e-03
5.118550732731819153e-02
1.578317396342754364e-02
8.089535403996706009e-04
1.393142528831958771e-02
1.612835563719272614e-02
4.993210732936859131e-02
1.746114969253540039e+00
3.042237833142280579e-02
3.202827870845794678e-01
7.701012492179870605e-01
6.073170900344848633e-02
6.637187004089355469e-01
1.518085002899169922e+00
4.522000439465045929e-03
4.903271049261093140e-02
1.925236918032169342e-02
4.918854217976331711e-03
7.318341732025146484e-02
5.413161516189575195e-01
2.390615269541740417e-02
4.169255960732698441e-03
1.149886175990104675e-01
2.392466412857174873e-03
2.589363604784011841e-02
6.482913740910589695e-04
5.408546328544616699e-01
2.512006787583231926e-03
2.508048666641116142e-03
3.071615993976593018e-01
1.546177431009709835e-03
7.417031098157167435e-03
2.673206478357315063e-02
5.693705286830663681e-03
1.887328177690505981e-01
1.073017809540033340e-02
3.419782500714063644e-03
5.257516633719205856e-03
1.966933952644467354e-03
6.050181575119495392e-03
2.345578074455261230e-01
2.904387656599283218e-03
8.011237718164920807e-03
3.702582092955708504e-03
1.714664511382579803e-02
2.965864725410938263e-03
5.271154921501874924e-03
3.263432905077934265e-02
2.983473837375640869e-01
1.110300654545426369e-03
5.896444781683385372e-04
5.169393494725227356e-03
1.415522933006286621e+00
9.778550593182444572e-04
1.272623706609010696e-02
1.020712926983833313e-01
1.399731263518333435e-02
3.448162600398063660e-02
2.237563207745552063e-02
5.690411478281021118e-02
1.918226182460784912e-01
6.369147013174369931e-05
1.348843704909086227e-02
3.865882288664579391e-03
1.132409903220832348e-03
1.598438806831836700e-02
2.154061943292617798e-02
3.679141774773597717e-02
4.394653066992759705e-02
1.326643861830234528e-02
9.251645533367991447e-04
1.307040546089410782e-02
5.176672711968421936e-03
5.397883802652359009e-02
2.541278302669525146e-02
3.867597132921218872e-02
1.563158701173961163e-03
6.106622144579887390e-02
2.681132464203983545e-04
1.880691349506378174e-01
8.814864605665206909e-02
2.312290109694004059e-02
1.154552120715379715e-02
3.753328025341033936e-01
1.111907069571316242e-03
7.439672015607357025e-03
4.657872952520847321e-03
1.570042409002780914e-02
1.808362081646919250e-02
7.057445496320724487e-02
1.119215972721576691e-03
2.758097171783447266e+00
7.867906242609024048e-02
1.903820037841796875e-02
2.523117780685424805e+00
7.429574489593505859e+00
7.700948975980281830e-03
5.200478481128811836e-04
3.751725598704069853e-04
2.259244583547115326e-02
3.515987191349267960e-03
1.776050031185150146e-02
5.796986103057861328e+00
2.355183823965489864e-04
4.631377220153808594e+00
7.815031707286834717e-02
2.679654583334922791e-02
2.279757027281448245e-04
1.532582449726760387e-03
3.581812381744384766e+00
1.027677993774414062e+02
1.162899703979492188e+02
7.310368418693542480e-01
3.308860397338867188e+01
3.703537702560424805e+00
7.565657348632812500e+02
9.930850982666015625e+00
6.152281951904296875e+01
4.803701400756835938e+00
1.831372833251953125e+02
2.053077507019042969e+01
9.697256469726562500e+01
9.413169026374816895e-01
2.489899826049804688e+01
6.283666229248046875e+01
1.682692718505859375e+02
1.515025177001953125e+02
1.234210128784179688e+02
7.238971233367919922e+00
8.678197479248046875e+01
4.703351020812988281e+00
8.694821357727050781e+00
6.791577911376953125e+01
3.020405769348144531e+00
6.632032394409179688e-01
4.680172729492187500e+02
2.452759094238281250e+02
1.575650390625000000e+03
3.642267456054687500e+02
1.269612693786621094e+01
5.705841064453125000e+00
1.995922470092773438e+01
2.505114746093750000e+02
3.237138748168945312e+01
2.186315155029296875e+01
8.321097493171691895e-01
8.388964086771011353e-02
5.382276535034179688e+00
1.176012496948242188e+02
1.025303588867187500e+03
1.122153568267822266e+01
9.193819165229797363e-01
3.748949279785156250e+02
3.640878295898437500e+01
6.485707092285156250e+01
1.040462493896484375e+02
2.056230354309082031e+01
1.111005067825317383e+00
1.212488403320312500e+03
5.251206054687500000e+02
6.634877777099609375e+01
1.201669406890869141e+01
1.216980743408203125e+01
4.811215877532958984e+00
1.297965812683105469e+01
5.162391662597656250e+00
5.108422040939331055e-01
1.292030620574951172e+01
1.999900024414062500e+03
9.506906127929687500e+02
4.513532714843750000e+02
1.521806812286376953e+01
5.498746871948242188e+01
2.451579570770263672e+00
9.481110382080078125e+01
5.047516250610351562e+01
4.188793457031250000e+03
1.275861816406250000e+02
6.504438018798828125e+01
1.058410406112670898e-01
5.092357788085937500e+02
2.982873678207397461e+00
2.606507568359375000e+02
6.904252052307128906e+00
1.327854061126708984e+01
2.300132989883422852e+00
1.037004661560058594e+01
3.115925292968750000e+02
1.967571067810058594e+01
3.391461181640625000e+01
7.630376338958740234e+00
1.498200511932373047e+01
4.629920196533203125e+01
5.991134643554687500e+00
2.598490715026855469e+01
1.615950912237167358e-01
1.584100532531738281e+01
2.653713035583496094e+01
2.435966253280639648e+00
3.096228981018066406e+01
6.445516204833984375e+01
2.827434158325195312e+01
2.265782737731933594e+01
6.449694824218750000e+01
8.809169921875000000e+02
2.272343158721923828e+00
2.762393798828125000e+02
4.534192979335784912e-01
8.191441650390625000e+02
3.758302688598632812e+00
1.561497592926025391e+01
4.114166259765625000e+00
1.011197891235351562e+02
5.479953384399414062e+01
1.741209106445312500e+02
1.840054512023925781e+00
5.343597656250000000e+03
4.326087646484375000e+02
1.227392077445983887e+00
9.962571263313293457e-01
2.226388671875000000e+03
1.925591125488281250e+02
1.739709854125976562e+00
3.606612777709960938e+01
1.318696594238281250e+02
1.283593902587890625e+02
1.728749084472656250e+01
9.539192199707031250e+01
8.311718940734863281e+00
2.808609924316406250e+02
4.705205566406250000e+03
8.184675292968750000e+02
1.664609680175781250e+02
5.941234111785888672e+00
8.220620117187500000e+02
4.937040328979492188e+01
2.377631902694702148e+00
4.702341003417968750e+02
1.480573425292968750e+02
7.313718872070312500e+02
7.139433288574218750e+01
6.212283968925476074e-01
8.643902587890625000e+01
2.638022899627685547e+00
2.328581809997558594e+00
5.164650082588195801e-01
7.780833740234375000e+02
5.859633178710937500e+02
3.207868041992187500e+02
5.860398483276367188e+01
3.533532619476318359e+00
5.758056030273437500e+02
2.250281333923339844e+01
9.151910400390625000e+02
4.092237854003906250e+01
7.197758789062500000e+02
1.061066269874572754e+00
2.080694732666015625e+02
2.552952880859375000e+03
6.798486113548278809e-01
8.256207275390625000e+02
3.126943206787109375e+01
4.028376638889312744e-01
1.191845397949218750e+02
7.913560485839843750e+01
2.157625198364257812e+00
1.030314683914184570e+00
6.418801307678222656e+00
4.030437469482421875e+00
9.947800292968750000e+02
1.288821105957031250e+02
7.399376678466796875e+01
5.906148147583007812e+01
2.274009857177734375e+02
1.516203155517578125e+02
1.453832702636718750e+02
2.680359802246093750e+02
5.442275390625000000e+03
2.375277519226074219e+01
1.231862640380859375e+01
2.271584472656250000e+03
6.568336963653564453e+00
4.418222904205322266e+00
3.963264770507812500e+02
1.708385467529296875e+01
1.082159996032714844e+01
7.423081970214843750e+01
5.076302528381347656e+00
1.330556964874267578e+01
2.214500427246093750e+01
5.288187789916992188e+01
3.651529235839843750e+02
6.573956012725830078e+00
2.294099804687500000e+04
3.597119092941284180e+00
7.764531970024108887e-01
4.057155990600585938e+01
1.100891601562500000e+03
5.881677627563476562e+01
1.315760803222656250e+01
3.651908874511718750e+02
1.257043075561523438e+01
7.280693817138671875e+01
2.500938568115234375e+02
1.968574523925781250e+00
1.001683731079101562e+02
1.618981361389160156e+00
2.328484153747558594e+01
4.862949848175048828e+00
4.554134750366210938e+01
2.042647552490234375e+01
5.324433803558349609e+00
3.136260414123535156e+01
4.949477767944335938e+01
1.914459466934204102e+00
1.644004058837890625e+02
4.404551391601562500e+02
1.090736103057861328e+01
8.353536224365234375e+01
1.742611122131347656e+01
9.297614097595214844e+00
1.202698230743408203e+00
5.397246093750000000e+03
1.186103343963623047e+01
8.492542114257812500e+02
3.070458889007568359e+00
1.705959625244140625e+02
1.567018151283264160e+00
1.997630767822265625e+02
3.311921142578125000e+03
3.213268816471099854e-01
1.947482347488403320e+00
2.072776611328125000e+03
3.740534067153930664e+00
8.453488769531250000e+02
3.510624885559082031e+00
4.370153045654296875e+01
1.204078197479248047e+01
1.529202747344970703e+01
3.592653200030326843e-02
1.092505645751953125e+01
4.892275333404541016e+00
6.909502563476562500e+02
1.003604278564453125e+02
1.227762126922607422e+01
6.212275981903076172e+00
3.442266845703125000e+01
2.369691658020019531e+01
1.942087888717651367e+00
8.150675048828125000e+02
1.282948913574218750e+02
9.793846130371093750e+00
1.991506195068359375e+01
1.666131286621093750e+02
1.799012451171875000e+02
1.964980468750000000e+02
6.890341639518737793e-01
1.012575488281250000e+04
1.406838321685791016e+01
6.286246490478515625e+01
1.753054809570312500e+01
6.134507656097412109e-01
1.665992309570312500e+03
1.390366668701171875e+02
7.898597717285156250e-01
9.627413940429687500e+02
5.163140869140625000e+01
1.706882667541503906e+01
5.376614746093750000e+03
5.187061309814453125e+01
9.179400634765625000e+01
5.512532424926757812e+01
5.924389038085937500e+02
2.776500244140625000e+02
3.844705200195312500e+02
5.865388488769531250e+01
3.579951416015625000e+03
9.793683290481567383e-01
3.124385643005371094e+01
4.370041503906250000e+02
8.077337265014648438e+00
3.851057128906250000e+02
1.304121494293212891e+00
2.081798076629638672e+00
9.645439910888671875e+01
3.791821956634521484e+00
1.446434879302978516e+01
2.168490295410156250e+02
1.161974668502807617e+00
1.714852714538574219e+01
1.509309291839599609e+01
5.375253677368164062e+00
6.084178543090820312e+01
1.078197002410888672e+00
1.254412770271301270e+00
1.776494903564453125e+02
8.145145874023437500e+02
5.838201999664306641e+00
1.244686965942382812e+02
1.721034240722656250e+01
1.105439662933349609e+01
2.223717041015625000e+03
3.072172641754150391e+00
4.999540405273437500e+02
5.553429031372070312e+01
2.226414489746093750e+01
1.412874023437500000e+03
4.907844543457031250e+01
1.968032684326171875e+02
7.784696655273437500e+02
1.664372406005859375e+02
4.858739852905273438e+01
2.910342407226562500e+02
4.309706497192382812e+01
2.391848325729370117e+00
4.361453247070312500e+01
1.986747169494628906e+01
3.670236110687255859e+00
9.602797851562500000e+02
4.584523010253906250e+02
1.401625000000000000e+03
1.531345977783203125e+02
1.555352020263671875e+01
2.524921655654907227e+00
5.298149585723876953e-01
3.840412139892578125e+01
1.555587577819824219e+01
9.471643447875976562e+00
8.440117835998535156e-01
2.041015243530273438e+01
4.029750525951385498e-01
7.497883605957031250e+01
3.620578384399414062e+01
9.886499786376953125e+01
1.008032989501953125e+02
5.783939361572265625e+01
5.444320678710937500e+01
2.017103004455566406e+01
8.300108909606933594e+00
1.957470178604125977e-01
8.266820312500000000e+03
2.438515625000000000e+03
2.905407714843750000e+02
1.700565948486328125e+02
1.687154235839843750e+02
1.368918090820312500e+03
2.378949928283691406e+01
6.223363494873046875e+01
1.931987190246582031e+01
3.200117826461791992e+00
7.401596069335937500e+01
1.612619018554687500e+03
9.981111907958984375e+01
8.796857833862304688e+00
1.634018325805664062e+01
2.009123687744140625e+02
3.699512023925781250e+02
1.122651367187500000e+02
9.823368072509765625e+00
1.398259830474853516e+01
1.160264462232589722e-01
9.501573443412780762e-02
3.858581542968750000e+01
4.563028717041015625e+01
6.929364681243896484e+00
3.018454551696777344e+01
2.904255065917968750e+02
7.742227935791015625e+01
1.986166534423828125e+02
1.275801277160644531e+01
1.772724986076354980e+00
2.095287132263183594e+01
6.889482879638671875e+01
9.686100463867187500e+02
2.901373863220214844e+00
1.239105682373046875e+02
1.341322302818298340e+00
3.657461643218994141e+00
2.704539000988006592e-01
5.428948879241943359e+00
4.359325195312500000e+03
1.862645898437500000e+04
8.847287178039550781e+00
1.053876266479492188e+02
8.282760620117187500e+01
3.901674509048461914e+00
1.663178405761718750e+02
6.367590332031250000e+02
1.051688003540039062e+01
5.465996265411376953e+00
2.115182161331176758e+00
6.699758911132812500e+01
3.218769836425781250e+01
4.089134597778320312e+01
2.122817535400390625e+02
4.931158447265625000e+02
3.322711229324340820e+00
3.864899635314941406e+00
3.644535303115844727e+00
2.054989471435546875e+02
1.479887962341308594e+01
3.512913894653320312e+01
2.798951721191406250e+02
1.625806045532226562e+01
1.025088989257812500e+03
1.079237182617187500e+03
2.586748962402343750e+02
1.026251196861267090e+00
1.396481037139892578e+01
