5.182868987321853638e-02
2.340339124202728271e-01
6.954401731491088867e-03
2.902097767218947411e-03
4.763719066977500916e-02
5.567586898803710938e+00
2.346293255686759949e-02
3.428151598200201988e-03
1.146061159670352936e-02
5.159186124801635742e-01
2.197198756039142609e-02
3.171533718705177307e-02
6.067137420177459717e-02
2.939355187118053436e-02
2.782810013741254807e-03
1.793277263641357422e-02
1.688660704530775547e-03
1.362968608736991882e-02
3.276470676064491272e-02
9.071197127923369408e-04
3.416037559509277344e-02
3.253046050667762756e-02
1.439446359872817993e-01
2.167409844696521759e-02
1.809193372726440430e+00
8.849092759191989899e-03
6.116699799895286560e-02
8.446283638477325439e-02
9.992311149835586548e-02
5.624518990516662598e-01
7.137883221730589867e-04
2.420898963464424014e-04
1.094942633062601089e-02
5.540439113974571228e-02
3.092367388308048248e-02
1.962818950414657593e-02
4.872957710176706314e-03
4.121665260754525661e-04
9.455488063395023346e-03
7.328246720135211945e-03
1.834247112274169922e-01
1.351627409458160400e-01
4.847670439630746841e-03
6.739845275878906250e+00
1.627889275550842285e-01
1.537904292345046997e-01
1.482345536351203918e-02
5.733306407928466797e-01
1.418778323568403721e-03
4.615744948387145996e-02
1.188341081142425537e-01
7.599920779466629028e-02
1.233817487955093384e-01
3.810570016503334045e-02
1.072136568836867809e-03
2.904345979914069176e-03
4.227552097290754318e-03
1.861878298223018646e-02
3.492670133709907532e-02
1.277558422088623047e+01
1.577072218060493469e-02
1.147211170196533203e+01
1.565433107316493988e-02
7.232271600514650345e-03
1.198521107435226440e-01
5.834074690937995911e-02
2.177004367113113403e-01
2.568927034735679626e-02
6.679581999778747559e-01
6.615660190582275391e-01
1.530711160739883780e-04
1.111705064773559570e+00
2.639521379023790359e-03
1.189329996705055237e-01
1.054084450006484985e-01
1.970401592552661896e-02
8.843916468322277069e-03
5.800412595272064209e-02
2.669239416718482971e-02
1.383727416396141052e-02
1.586079001426696777e-01
2.148049883544445038e-02
2.438996545970439911e-02
2.426601276965811849e-04
2.507563214749097824e-03
2.701038960367441177e-03
6.503010081360116601e-05
2.706508710980415344e-02
6.171955466270446777e-01
5.710761179216206074e-04
1.394867431372404099e-02
1.132476981729269028e-02
2.483486896380782127e-03
4.838744550943374634e-02
1.888396916911005974e-03
1.036287903785705566e+00
2.750446498394012451e-01
1.537570357322692871e-01
1.009661704301834106e-03
1.119564771652221680e-01
2.349082708358764648e+00
5.498653277754783630e-02
1.941315364092588425e-03
2.159372158348560333e-02
1.593206636607646942e-02
5.491295456886291504e-01
5.787282437086105347e-02
2.259705215692520142e-02
5.087046697735786438e-02
1.708555221557617188e-01
5.794747918844223022e-02
2.612940669059753418e-01
7.487279176712036133e-02
1.681249141693115234e-01
1.495949178934097290e-02
4.467635229229927063e-02
4.548580944538116455e-02
1.366916764527559280e-02
3.620665054768323898e-03
3.975309431552886963e-02
2.050943206995725632e-03
2.704263114929199219e+01
4.452737569808959961e-01
7.359161376953125000e-01
2.326985995750874281e-04
1.795439571142196655e-01
1.731035485863685608e-02
4.408986424095928669e-04
1.275830417871475220e-01
4.354996979236602783e-02
7.914095520973205566e-01
2.375526353716850281e-02
3.954314626753330231e-03
1.938293455168604851e-03
5.438379570841789246e-02
1.085373759269714355e-02
3.658608347177505493e-02
1.766188979148864746e+00
2.203643471002578735e-01
6.560006141662597656e-01
1.337305177003145218e-02
8.852473460137844086e-03
1.034539937973022461e+00
9.218399524688720703e-01
2.260236167907714844e+01
6.034152582287788391e-02
2.234517037868499756e-01
1.997549459338188171e-02
1.028516441583633423e-01
1.440510153770446777e-02
1.517282053828239441e-02
1.392229348421096802e-01
1.951254010200500488e-01
3.391721844673156738e-02
1.957755684852600098e-01
1.363165583461523056e-02
2.397079952061176300e-02
4.199634492397308350e-02
1.685715280473232269e-03
5.983040668070316315e-03
7.507810741662979126e-02
5.975393578410148621e-04
9.880127012729644775e-02
2.310554832220077515e-01
3.077689409255981445e-01
2.279827892780303955e-01
1.607505381107330322e-01
2.478043884038925171e-01
1.817389011383056641e+00
1.184949418529868126e-03
2.972366660833358765e-02
1.825938522815704346e-01
2.083194995066151023e-04
8.303492330014705658e-03
5.032098293304443359e-02
2.091184854507446289e+00
2.547944523394107819e-02
1.869696192443370819e-02
1.720924861729145050e-02
1.949919760227203369e-01
5.222168937325477600e-02
5.019237846136093140e-02
1.439042836427688599e-01
7.451802492141723633e-02
1.029086351394653320e+00
1.968603208661079407e-02
7.427174132317304611e-03
3.449868038296699524e-02
6.417152881622314453e-01
2.845550328493118286e-02
3.559025824069976807e-01
2.806537784636020660e-02
1.741203886922448874e-04
1.027215868234634399e-01
2.142940759658813477e-01
3.006841987371444702e-02
5.117203593254089355e-01
5.025459453463554382e-02
7.459073793143033981e-03
5.299850180745124817e-02
3.600418567657470703e-03
5.307235941290855408e-02
1.748507283627986908e-02
3.954924643039703369e-02
8.472918532788753510e-03
5.186961498111486435e-03
1.569305956363677979e-01
2.076380348205566406e+01
5.194513127207756042e-03
3.276447765529155731e-03
4.496417939662933350e-03
4.805505275726318359e-02
1.512698945589363575e-04
1.524747729301452637e+00
3.022788278758525848e-02
2.455756425857543945e+00
3.027861118316650391e-01
3.078313730657100677e-02
5.209579830989241600e-04
5.134916305541992188e-01
6.703351140022277832e-01
4.147209227085113525e-03
5.128460936248302460e-03
3.625719249248504639e-02
8.112391515169292688e-05
1.278063505887985229e-01
1.957278465852141380e-03
3.715976953506469727e+00
2.212333679199218750e-01
9.239918552339076996e-03
1.820649951696395874e-02
1.312828902155160904e-02
2.285632863640785217e-02
3.683385904878377914e-03
8.097970485687255859e-02
2.600864507257938385e-02
8.449004590511322021e-02
4.339853301644325256e-03
3.338929712772369385e-01
4.436740709934383631e-04
1.043789535760879517e-01
3.204559162259101868e-02
1.617851406335830688e-01
4.267561249434947968e-03
1.233111042529344559e-02
1.107373088598251343e-02
3.425804525613784790e-02
8.230803161859512329e-02
4.223566874861717224e-02
4.648695886135101318e-02
3.771930932998657227e-02
8.050042986869812012e-01
1.420458429493010044e-04
1.090011298656463623e-01
2.229063026607036591e-02
1.933670490980148315e-01
5.153936386108398438e+00
5.775023624300956726e-02
1.136720180511474609e-02
1.183476522564888000e-01
8.251742459833621979e-03
1.242675818502902985e-03
1.576366782188415527e+00
5.267101153731346130e-02
5.521623417735099792e-03
5.719426274299621582e-02
1.109994761645793915e-02
1.962056875228881836e+00
4.485782701522111893e-03
7.642160635441541672e-03
2.666069269180297852e+00
4.442341253161430359e-02
5.693816542625427246e-01
2.234943211078643799e-03
1.495126867666840553e-03
1.514288969337940216e-02
1.545272301882505417e-02
1.154430396854877472e-02
3.070869445800781250e-01
8.259249329566955566e-01
2.596034407615661621e-01
1.729691401124000549e-02
1.479954831302165985e-02
1.334249041974544525e-02
2.428694278933107853e-04
1.252570934593677521e-02
7.022264957427978516e+00
2.130592346191406250e+00
1.379114342853426933e-03
4.848314449191093445e-02
1.461291406303644180e-02
2.738202689215540886e-03
2.254385352134704590e-01
3.473120555281639099e-02
1.296877744607627392e-03
1.298492774367332458e-02
3.285554796457290649e-02
6.185849756002426147e-02
1.936524033546447754e+00
7.247306406497955322e-02
1.892532229423522949e+00
5.139760971069335938e-01
1.155111864209175110e-01
7.538372278213500977e-01
1.857370376586914062e+00
1.570053771138191223e-02
1.741695590317249298e-02
1.058374270796775818e-01
8.165498264133930206e-03
1.719530522823333740e-01
1.110401511192321777e+00
9.363558888435363770e-02
2.277994714677333832e-02
4.535782337188720703e-01
6.023066584020853043e-03
3.136708959937095642e-02
1.350880134850740433e-03
8.497236371040344238e-01
1.940279733389616013e-03
8.940224535763263702e-03
2.393475919961929321e-01
8.253096020780503750e-04
1.583748497068881989e-02
6.698191165924072266e-02
5.608886945992708206e-03
8.937859535217285156e-01
4.706546198576688766e-03
5.678724497556686401e-03
1.625112444162368774e-02
3.709115087985992432e-03
1.712233759462833405e-03
4.225383698940277100e-01
8.304383605718612671e-03
2.166307345032691956e-02
1.133945118635892868e-02
1.051126886159181595e-02
1.036814227700233459e-02
7.072117645293474197e-03
1.871534623205661774e-02
1.743254810571670532e-01
4.299904219806194305e-03
4.304425674490630627e-04
5.808515008538961411e-03
1.195626258850097656e+00
9.249700233340263367e-04
1.567937247455120087e-02
1.983309835195541382e-01
1.114612296223640442e-01
3.532169386744499207e-02
3.653996810317039490e-02
1.300706714391708374e-01
8.520329743623733521e-02
8.002211689017713070e-05
2.067854069173336029e-02
7.267640903592109680e-03
3.590123960748314857e-03
3.354658558964729309e-02
3.209332004189491272e-02
5.591298639774322510e-02
1.185461506247520447e-01
3.761502727866172791e-02
1.175957382656633854e-03
4.638740420341491699e-02
1.408128160983324051e-02
2.501687109470367432e-01
1.306556351482868195e-02
1.749507933855056763e-01
1.483305706642568111e-03
2.311307936906814575e-01
3.657671331893652678e-04
8.881594985723495483e-02
1.164195388555526733e-01
2.595071792602539062e-01
3.166219219565391541e-02
6.861212849617004395e-01
3.582426812499761581e-03
1.324432250112295151e-02
6.331312470138072968e-03
1.292870566248893738e-02
2.809647656977176666e-02
6.113002449274063110e-02
2.330297138541936874e-03
2.602961063385009766e+00
1.190781593322753906e-01
2.786027826368808746e-02
5.216619014739990234e+00
1.233149719238281250e+01
8.819470182061195374e-03
1.520250458270311356e-03
5.902084521949291229e-04
5.387700721621513367e-02
1.008772384375333786e-02
3.357748687267303467e-02
6.137073993682861328e+00
2.455256762914359570e-04
4.807045459747314453e+00
1.738296300172805786e-01
1.967463456094264984e-02
1.283513498492538929e-03
6.636082194745540619e-03
2.285239601135253906e+01
1.102380294799804688e+02
1.058922653198242188e+02
7.886267900466918945e-01
4.728869628906250000e+01
1.663747906684875488e+00
5.736518554687500000e+02
1.280064105987548828e+01
1.415761871337890625e+02
1.671117973327636719e+01
1.614326171875000000e+02
1.970181083679199219e+01
3.537395858764648438e+01
6.928684711456298828e-01
9.718121528625488281e+00
8.965972900390625000e+01
4.567279815673828125e+01
1.979719848632812500e+02
8.560932922363281250e+01
6.490410804748535156e+00
4.184040069580078125e+01
5.164321422576904297e+00
9.602078437805175781e+00
4.429754638671875000e+01
3.390598297119140625e+00
7.956337332725524902e-01
1.482968597412109375e+02
6.664865112304687500e+02
8.799715576171875000e+02
2.774110107421875000e+02
4.458657741546630859e+00
3.765048027038574219e+00
6.678522109985351562e+00
4.239226379394531250e+02
6.187539100646972656e+00
7.451964378356933594e+00
6.150516867637634277e-01
7.183530181646347046e-02
3.030752420425415039e+00
1.499455261230468750e+02
1.307364257812500000e+03
2.387989234924316406e+01
7.693730592727661133e-01
4.921935729980468750e+02
1.828049468994140625e+01
1.836003570556640625e+02
1.316970977783203125e+02
1.143613719940185547e+01
6.718236804008483887e-01
6.980426635742187500e+02
1.122064208984375000e+02
2.993471336364746094e+01
1.592452526092529297e+01
3.214144897460937500e+01
3.072332382202148438e+00
7.803213596343994141e+00
4.852062702178955078e+00
4.412942826747894287e-01
1.959943580627441406e+01
1.125856079101562500e+03
1.889957427978515625e+02
6.538130493164062500e+02
4.789613723754882812e+00
4.904473495483398438e+01
7.452558040618896484e+00
2.665460205078125000e+01
5.357251739501953125e+01
1.601196899414062500e+03
4.316769409179687500e+02
3.564635086059570312e+01
8.819253742694854736e-02
7.160704803466796875e+01
1.294695496559143066e+00
1.367703247070312500e+02
1.106233215332031250e+01
1.109126663208007812e+01
8.506476879119873047e-01
8.723971366882324219e+00
2.170212707519531250e+02
3.580525588989257812e+01
2.615310668945312500e+01
5.617394924163818359e+00
1.031978607177734375e+01
2.915572547912597656e+01
8.906793594360351562e+00
2.088097763061523438e+01
1.540005207061767578e-01
1.386964416503906250e+01
1.327288055419921875e+01
3.706398725509643555e+00
1.325701713562011719e+01
5.107523727416992188e+01
5.066759490966796875e+01
1.426084804534912109e+01
1.153351058959960938e+02
1.090833206176757812e+02
3.783282995223999023e+00
1.220264526367187500e+03
8.967210054397583008e-01
1.933038177490234375e+02
1.584843397140502930e+00
2.284802627563476562e+01
1.890820145606994629e+00
1.243126373291015625e+02
3.430412673950195312e+01
7.187960052490234375e+01
2.594067573547363281e+00
2.182544677734375000e+03
3.637301940917968750e+02
1.096199989318847656e+00
2.809741199016571045e-01
4.518168640136718750e+02
1.540917358398437500e+02
1.990009069442749023e+00
3.678244018554687500e+01
1.005373611450195312e+02
4.444628906250000000e+01
1.688004684448242188e+01
7.291836547851562500e+01
1.394069671630859375e+01
1.232388763427734375e+02
8.908616210937500000e+03
2.682529602050781250e+02
1.370616302490234375e+02
2.224849462509155273e+00
1.867749938964843750e+02
2.440596389770507812e+01
2.972027778625488281e+00
8.918153686523437500e+02
1.064326553344726562e+02
2.061650695800781250e+02
1.476602458953857422e+01
3.099879026412963867e-01
1.299889850616455078e+01
2.121271610260009766e+00
2.409166336059570312e+00
2.600472450256347656e+00
3.314398193359375000e+02
3.048586425781250000e+02
2.836961975097656250e+02
3.088886070251464844e+01
1.881622552871704102e+00
5.029225158691406250e+02
2.263219833374023438e+01
5.059054565429687500e+02
4.321429824829101562e+01
2.588127136230468750e+02
1.570522308349609375e+00
3.908605575561523438e+01
1.373831665039062500e+03
4.566236436367034912e-01
5.576246948242187500e+02
5.675498580932617188e+01
4.354051351547241211e-01
1.586782836914062500e+02
2.100658607482910156e+01
1.921331882476806641e+00
1.170948028564453125e+00
4.286116600036621094e+00
1.754757523536682129e+00
9.272996826171875000e+02
1.493674926757812500e+02
1.994772186279296875e+02
2.860930824279785156e+01
1.646991882324218750e+02
4.082444000244140625e+01
4.775583648681640625e+01
1.975889892578125000e+02
5.799059448242187500e+02
7.223845481872558594e+00
9.372014999389648438e+00
1.019728210449218750e+03
1.767012596130371094e+00
5.984666824340820312e+00
2.716286621093750000e+02
2.656440162658691406e+01
9.945793151855468750e+00
6.286081695556640625e+01
2.923880577087402344e+00
1.824624061584472656e+01
7.013734340667724609e+00
3.128730773925781250e+01
3.491398620605468750e+02
3.829958677291870117e+00
1.231450781250000000e+04
5.664201259613037109e+00
6.815573573112487793e-01
1.794019889831542969e+01
3.487601318359375000e+02
4.456094741821289062e+01
2.773549795150756836e+00
1.601214294433593750e+02
7.423809528350830078e+00
6.423584747314453125e+01
1.129198074340820312e+02
1.730247616767883301e+00
8.444802093505859375e+01
1.193063139915466309e+00
3.152748584747314453e+00
2.491275548934936523e+00
1.387011051177978516e+01
4.937950134277343750e+00
7.924263477325439453e+00
4.070799255371093750e+01
7.644938659667968750e+01
5.868511199951171875e-01
3.887264251708984375e+01
6.649948120117187500e+02
8.398904800415039062e+00
3.980780410766601562e+01
1.061021137237548828e+01
2.757331848144531250e+00
1.205582022666931152e+00
3.734860595703125000e+03
1.510034179687500000e+01
2.904980773925781250e+02
6.475143909454345703e+00
3.647197875976562500e+02
1.490860342979431152e+00
1.909055175781250000e+02
3.476190429687500000e+03
1.260251253843307495e-01
2.065231084823608398e+00
7.595283203125000000e+02
3.058789730072021484e+00
8.802632446289062500e+02
3.558526992797851562e+00
1.920738029479980469e+01
5.347866535186767578e+00
1.028218078613281250e+01
1.162670925259590149e-01
9.304384231567382812e+00
2.075388908386230469e+00
3.562095947265625000e+02
2.903890800476074219e+01
2.167593002319335938e+01
4.539300918579101562e+00
2.263950538635253906e+01
1.664520835876464844e+01
1.095790386199951172e+00
2.866874084472656250e+02
8.920067596435546875e+01
1.182744598388671875e+01
1.573553276062011719e+01
1.383851623535156250e+02
6.705601501464843750e+01
1.542869262695312500e+02
4.575028419494628906e-01
3.237728515625000000e+03
6.282278060913085938e+00
5.509652328491210938e+01
4.117854690551757812e+01
1.427550077438354492e+00
3.375364074707031250e+02
1.000827713012695312e+02
7.672021389007568359e-01
4.050471801757812500e+02
6.255161285400390625e+01
3.972819566726684570e+00
1.969855102539062500e+03
6.115151596069335938e+01
7.848454284667968750e+01
4.983052444458007812e+01
4.573010253906250000e+02
1.454319305419921875e+02
8.909665679931640625e+01
3.050307846069335938e+01
7.093257446289062500e+02
3.469216525554656982e-01
8.328107833862304688e+00
8.762048950195312500e+02
1.622528457641601562e+01
4.249412536621093750e+02
1.127365589141845703e+00
5.103489756584167480e-01
3.824666213989257812e+01
7.682951927185058594e+00
6.172109603881835938e+00
5.770933532714843750e+01
8.467454910278320312e-01
1.409919452667236328e+01
3.526025533676147461e+00
6.681002140045166016e+00
3.608667373657226562e+01
1.615058183670043945e+00
2.545903921127319336e+00
7.393348999023437500e+02
1.778741943359375000e+03
3.471345901489257812e+00
1.312712097167968750e+02
2.275958061218261719e+01
9.585803985595703125e+00
3.232363525390625000e+03
4.558268070220947266e+00
1.036499481201171875e+02
1.952737808227539062e+01
2.505268859863281250e+01
6.398370971679687500e+02
1.960889625549316406e+01
1.330656890869140625e+02
4.837822570800781250e+02
1.131275711059570312e+02
4.188017272949218750e+01
3.853096008300781250e+02
3.605889511108398438e+01
4.209372520446777344e+00
8.702364349365234375e+01
1.647526741027832031e+01
1.161945724487304688e+01
1.225319213867187500e+03
6.530814208984375000e+02
5.432140502929687500e+02
6.898734130859375000e+02
8.207404136657714844e+00
5.306900978088378906e+00
7.757570743560791016e-01
1.527265453338623047e+01
1.694931411743164062e+01
5.930439949035644531e+00
1.883006572723388672e+00
4.118698120117187500e+00
1.054079651832580566e+00
1.751318817138671875e+02
3.480638504028320312e+01
7.520567321777343750e+01
2.519182739257812500e+02
1.383481121063232422e+01
6.102975463867187500e+01
2.119818878173828125e+01
1.136295127868652344e+01
4.256520867347717285e-01
6.131397949218750000e+03
8.099541015625000000e+02
6.087553787231445312e+01
1.430761413574218750e+02
6.276838302612304688e+01
8.081274414062500000e+02
3.129669380187988281e+01
8.713522911071777344e+00
3.195869064331054688e+01
2.167753219604492188e+00
5.736958694458007812e+01
8.839352416992187500e+02
3.937369155883789062e+01
7.188395500183105469e+00
4.926752090454101562e+00
1.057786102294921875e+02
1.018541931152343750e+03
6.631916809082031250e+01
1.766102600097656250e+01
1.844464683532714844e+01
9.239852428436279297e-02
8.719736337661743164e-02
3.662055969238281250e+01
1.539022731781005859e+01
4.542347431182861328e+00
1.694439697265625000e+01
1.456251220703125000e+02
4.073922729492187500e+01
1.091949996948242188e+02
3.613032817840576172e+00
1.957687854766845703e+00
7.154616355895996094e+00
2.041009902954101562e+01
9.943532104492187500e+02
2.201802492141723633e+00
9.076918792724609375e+01
6.665353775024414062e-01
7.703403472900390625e+00
2.221142947673797607e-01
1.289058971405029297e+01
2.913500000000000000e+03
2.201166210937500000e+04
4.374978065490722656e+00
1.193949432373046875e+02
4.658305358886718750e+01
5.535431385040283203e+00
1.185416946411132812e+02
4.908478088378906250e+02
3.783319950103759766e+00
4.152182102203369141e+00
1.305931758880615234e+01
1.024555816650390625e+02
2.221066474914550781e+01
6.634592533111572266e+00
2.791603393554687500e+02
1.119371948242187500e+03
8.822364807128906250e+00
3.493734359741210938e+00
3.017577648162841797e+00
1.866294403076171875e+02
2.933608293533325195e+00
1.367178249359130859e+01
2.942537536621093750e+02
2.459594535827636719e+01
5.141451416015625000e+02
9.442684326171875000e+02
1.721064605712890625e+02
1.997844099998474121e+00
3.912705230712890625e+01
