6.475039571523666382e-02
1.979289948940277100e-01
1.537236124277114868e-01
7.135950960218906403e-03
1.701117008924484253e-01
3.981693685054779053e-01
7.162423431873321533e-02
1.432173512876033783e-02
1.556492894887924194e-01
1.533503532409667969e-01
3.999170362949371338e-01
9.715924412012100220e-02
7.275947183370590210e-02
1.908138394355773926e-02
3.909200802445411682e-02
7.088857144117355347e-02
1.130454801023006439e-02
5.709294229745864868e-02
2.875271253287792206e-02
2.985496819019317627e-02
2.437275275588035583e-02
1.498896721750497818e-02
3.312471210956573486e-01
6.794156879186630249e-02
6.165296554565429688e+00
1.878135465085506439e-02
3.689671307802200317e-02
2.247655689716339111e-01
8.495093584060668945e-01
1.393071770668029785e+00
6.396737881004810333e-03
1.800252241082489491e-03
1.983327418565750122e-01
3.730213046073913574e-01
1.650534197688102722e-02
5.529316067695617676e-01
2.486020699143409729e-02
7.618307135999202728e-03
1.171218901872634888e-01
4.541188478469848633e-02
1.233501076698303223e+00
2.314676493406295776e-01
7.983407378196716309e-02
3.508502483367919922e+00
4.884197115898132324e-01
2.721706032752990723e-01
7.583388686180114746e-02
1.124960303306579590e+00
7.202059496194124222e-03
1.081578373908996582e+00
1.480472832918167114e-01
4.196027293801307678e-02
8.968874216079711914e-01
1.591290086507797241e-01
1.093737781047821045e-02
1.713437587022781372e-02
1.643335260450839996e-02
2.868549823760986328e-01
3.053662739694118500e-02
1.558447456359863281e+01
3.305475786328315735e-02
4.848303794860839844e+00
4.693062230944633484e-02
4.343990236520767212e-02
2.345487773418426514e-01
4.402090609073638916e-01
4.312868118286132812e-01
1.315976530313491821e-01
4.532888412475585938e+00
1.337126612663269043e+00
5.694845458492636681e-04
7.668047547340393066e-01
9.773199446499347687e-03
1.641042232513427734e+00
2.455660700798034668e-01
1.623029410839080811e-01
2.396471425890922546e-02
2.705953828990459442e-02
6.477268785238265991e-02
8.119957894086837769e-02
5.113328695297241211e-01
3.867302089929580688e-02
1.145049557089805603e-01
3.429778618738055229e-03
1.148552633821964264e-02
9.802327491343021393e-03
6.697464268654584885e-04
4.048811271786689758e-02
1.309704184532165527e+00
2.740715863183140755e-03
2.695726417005062103e-02
1.597940027713775635e-01
4.213083907961845398e-02
8.947129547595977783e-02
7.467111200094223022e-02
6.670351624488830566e-01
2.336140275001525879e-01
9.018832445144653320e-01
3.047818504273891449e-02
2.652640342712402344e-01
6.586681008338928223e-01
4.685493186116218567e-02
1.263612695038318634e-02
6.028330326080322266e-02
9.662588685750961304e-02
4.498616158962249756e-01
1.163574084639549255e-01
2.411160022020339966e-01
1.354023337364196777e+00
9.799516946077346802e-02
2.531561441719532013e-02
2.555375993251800537e-01
2.592341899871826172e-01
6.320933103561401367e-01
1.643449217081069946e-01
1.008801758289337158e-01
1.411691159009933472e-01
4.195860400795936584e-02
6.266466341912746429e-03
4.380614310503005981e-02
8.644371293485164642e-03
1.802712249755859375e+01
8.628918528556823730e-01
1.308243274688720703e+00
2.384512219578027725e-03
3.548815473914146423e-02
2.798392809927463531e-02
2.111565787345170975e-03
2.196857035160064697e-01
7.935322821140289307e-02
1.006322145462036133e+00
3.408462703227996826e-01
1.211592368781566620e-02
7.219553925096988678e-03
4.095052182674407959e-02
1.345274224877357483e-02
3.406204283237457275e-02
9.038979411125183105e-01
8.859654515981674194e-02
1.147892832756042480e+00
1.014248058199882507e-01
5.826845020055770874e-02
6.991974830627441406e+00
1.583006978034973145e+00
3.170706033706665039e+00
1.420911103487014771e-01
3.409451246261596680e-01
1.164641231298446655e-01
1.657531112432479858e-01
4.744598269462585449e-02
3.561006858944892883e-02
1.251895189285278320e+00
1.742464900016784668e-01
8.391568809747695923e-02
2.884396314620971680e-01
1.051724255084991455e-01
4.425431415438652039e-02
6.901746988296508789e-02
3.701201640069484711e-03
5.233132746070623398e-03
3.326048851013183594e-01
8.783044666051864624e-02
1.481651365756988525e-01
1.446662247180938721e-01
1.734302282333374023e+00
2.521999180316925049e-01
5.761522054672241211e-01
2.729403376579284668e-01
5.053860187530517578e+00
4.184707999229431152e-03
3.856706917285919189e-01
1.966633796691894531e-01
1.445781998336315155e-02
9.389327466487884521e-02
1.631249636411666870e-01
1.027822375297546387e+00
1.143083795905113220e-01
1.036911904811859131e-01
7.024521380662918091e-02
1.672577381134033203e+00
1.838345825672149658e-01
1.842605620622634888e-01
2.256550639867782593e-01
6.542406976222991943e-02
2.432264328002929688e+00
1.589394360780715942e-01
1.846866309642791748e-01
7.255931943655014038e-02
3.377342820167541504e-01
9.825995564460754395e-02
9.431270956993103027e-01
1.070481985807418823e-01
4.910378251224756241e-03
1.028473228216171265e-01
1.948829144239425659e-01
8.085361123085021973e-02
1.841547489166259766e-01
8.271040022373199463e-02
6.482289638370275497e-03
3.457956910133361816e-01
1.438798755407333374e-02
1.193272620439529419e-01
1.468078643083572388e-01
5.844297260046005249e-02
1.103923320770263672e-01
1.857341639697551727e-02
8.762803673744201660e-02
1.247611618041992188e+01
1.485258433967828751e-02
9.505236521363258362e-03
4.531531408429145813e-02
9.660674631595611572e-02
4.848475102335214615e-03
3.368543684482574463e-01
1.509508788585662842e-01
7.903011441230773926e-01
4.539810717105865479e-01
2.509758248925209045e-02
7.807807531207799911e-03
1.883246898651123047e+00
1.245083689689636230e+00
1.315604429692029953e-02
2.241487242281436920e-02
4.809942096471786499e-02
7.697703549638390541e-04
3.125845193862915039e-01
1.648086868226528168e-02
1.345674991607666016e+00
2.367250472307205200e-01
3.417996689677238464e-02
3.643805161118507385e-02
5.572080984711647034e-02
2.213375829160213470e-02
1.408746242523193359e-01
3.646546229720115662e-02
6.209805607795715332e-01
1.499822586774826050e-01
5.029622465372085571e-03
4.355963170528411865e-01
1.620864495635032654e-02
2.143086940050125122e-01
1.808625832200050354e-02
7.776015996932983398e-02
1.964386738836765289e-02
5.872213467955589294e-02
6.130345910787582397e-02
2.903387844562530518e-01
7.144186645746231079e-02
1.002312898635864258e-01
2.835058271884918213e-01
1.315626204013824463e-01
6.266096234321594238e-01
4.296606872230768204e-03
7.282689809799194336e-01
2.347611188888549805e-01
1.922219693660736084e-01
3.080505371093750000e+00
7.104565948247909546e-02
1.244480907917022705e-01
4.803289845585823059e-02
4.851146042346954346e-02
1.135223545134067535e-02
2.885224819183349609e-01
9.713362902402877808e-02
3.610486537218093872e-02
5.804316401481628418e-01
1.480065658688545227e-02
1.442575693130493164e+00
2.581345383077859879e-03
6.844000518321990967e-02
6.442828178405761719e+00
2.450038492679595947e-01
1.096998825669288635e-01
1.143102534115314484e-02
2.844743663445115089e-03
4.446111246943473816e-02
6.942413002252578735e-02
4.657464474439620972e-02
7.897157967090606689e-02
5.783704519271850586e-01
1.080065608024597168e+00
2.142521589994430542e-01
7.052887231111526489e-02
3.151352331042289734e-02
6.009067408740520477e-03
2.654042467474937439e-02
3.022747039794921875e+00
1.166257500648498535e+00
2.571304515004158020e-02
1.720439046621322632e-01
2.289638295769691467e-02
1.648336835205554962e-02
2.968174219131469727e-01
2.138153277337551117e-02
1.437483448535203934e-02
1.907753944396972656e-02
3.978123515844345093e-02
7.810457050800323486e-02
9.798976182937622070e-01
1.910741329193115234e-01
1.487456440925598145e+00
2.784808576107025146e-01
2.375295460224151611e-01
3.440856933593750000e+00
3.455987572669982910e-01
5.529344826936721802e-02
1.962357014417648315e-02
1.393416076898574829e-01
3.102950453758239746e-01
4.949488639831542969e-01
1.647812247276306152e+00
2.815780639648437500e-01
4.497244954109191895e-01
4.116899967193603516e-01
2.609207481145858765e-02
1.755434125661849976e-01
7.597183343023061752e-03
1.282631516456604004e+00
5.073374602943658829e-03
2.191636711359024048e-02
1.736326217651367188e-01
1.141186058521270752e-02
2.466467171907424927e-01
1.630444645881652832e+00
9.547464549541473389e-02
3.096644163131713867e+00
2.045528590679168701e-02
3.593522682785987854e-02
3.321196138858795166e-02
8.431354537606239319e-03
3.601510543376207352e-03
4.366963863372802734e+00
7.685498148202896118e-02
9.244627505540847778e-02
3.877937421202659607e-02
6.580438464879989624e-02
6.206655874848365784e-02
2.557461336255073547e-02
1.346048414707183838e-01
7.105151414871215820e-01
1.249402314424514771e-01
8.294719271361827850e-03
1.834714226424694061e-02
2.851430892944335938e+00
7.855604402720928192e-03
1.727325096726417542e-02
1.387951493263244629e+00
4.302032589912414551e-01
1.993986815214157104e-01
4.490126967430114746e-01
1.547778248786926270e-01
4.076827690005302429e-02
1.546514336951076984e-03
3.736567497253417969e-02
1.432832032442092896e-01
8.440775796771049500e-03
3.664432838559150696e-02
2.541092336177825928e-01
3.381018340587615967e-01
1.586266160011291504e-01
1.027475968003273010e-01
4.151229932904243469e-02
9.386347979307174683e-02
4.881698638200759888e-02
5.767014026641845703e-01
9.621196240186691284e-02
1.259012669324874878e-01
1.581038162112236023e-02
5.385848283767700195e-01
1.919770846143364906e-03
1.689316481351852417e-01
2.906737476587295532e-02
3.476977109909057617e+00
8.937592804431915283e-02
3.941563367843627930e-01
8.647913113236427307e-03
4.940082505345344543e-02
1.131454706192016602e-01
4.268324747681617737e-02
1.031809300184249878e-02
1.026770472526550293e-01
1.593755930662155151e-02
1.202331066131591797e+00
7.814611792564392090e-01
1.525817066431045532e-01
1.412949919700622559e+00
1.377994823455810547e+01
3.269356489181518555e-02
4.706563428044319153e-02
1.116721541620790958e-03
7.709679007530212402e-02
1.893085837364196777e-01
1.186663284897804260e-01
1.389009475708007812e+01
4.034189041703939438e-03
2.767881631851196289e+00
3.168046474456787109e-01
1.369397193193435669e-01
2.104627899825572968e-02
2.443184144794940948e-02
1.636338233947753906e+00
2.354791641235351562e+01
2.677144622802734375e+01
5.671864151954650879e-01
1.017170047760009766e+01
2.979321002960205078e+00
2.778594589233398438e+01
2.864594221115112305e+00
6.018683242797851562e+01
2.043091297149658203e+00
4.355395126342773438e+01
1.341529560089111328e+01
3.121628046035766602e+00
3.303394317626953125e-01
1.032992076873779297e+01
3.475451660156250000e+01
5.806194305419921875e+00
3.899035644531250000e+01
2.547112655639648438e+01
2.406856298446655273e+00
2.578537940979003906e+00
1.156854510307312012e+00
7.434699058532714844e+00
1.024495887756347656e+01
3.899892044067382812e+01
1.040890574455261230e+00
6.204707145690917969e+00
3.349771499633789062e+01
2.176965179443359375e+02
1.704421615600585938e+01
2.187083721160888672e+00
1.281358718872070312e+00
2.753316879272460938e+00
1.276617660522460938e+02
9.039534926414489746e-01
2.601075553894042969e+01
5.200371742248535156e-01
3.541569709777832031e-01
2.335346937179565430e+00
8.507186889648437500e+00
3.843071899414062500e+02
1.027712440490722656e+01
9.813808202743530273e-01
3.254238891601562500e+01
1.008336544036865234e+01
5.483502960205078125e+01
4.420624542236328125e+01
1.399655628204345703e+01
1.478186488151550293e+00
7.542413330078125000e+01
1.983151817321777344e+01
3.820274829864501953e+00
1.667061424255371094e+01
3.835018920898437500e+01
6.792736530303955078e+00
5.393134355545043945e-01
9.251698851585388184e-01
1.283000230789184570e+00
2.018753528594970703e+00
9.313206481933593750e+01
2.188363647460937500e+01
1.072890014648437500e+02
1.166375517845153809e+00
4.654796123504638672e+00
1.567445158958435059e+00
2.523166656494140625e+01
4.803177833557128906e+00
2.033475494384765625e+02
2.390163574218750000e+02
8.825617980957031250e+01
5.680246651172637939e-02
2.277196693420410156e+01
1.063082575798034668e+00
7.447726440429687500e+01
1.849921798706054688e+01
5.869122028350830078e+00
1.009626507759094238e+00
1.033917427062988281e+00
1.554054737091064453e+01
1.468125629425048828e+01
1.078333282470703125e+01
1.804987668991088867e+00
4.006073474884033203e+00
3.426693677902221680e+00
2.338848352432250977e+00
2.141923666000366211e+00
5.228323340415954590e-01
1.223489665985107422e+01
1.525401592254638672e+01
7.909697890281677246e-01
2.762241840362548828e+00
3.705948257446289062e+01
2.549415779113769531e+01
6.003128051757812500e+00
1.129324340820312500e+01
1.645520401000976562e+01
3.310982942581176758e+00
3.064731140136718750e+02
2.298519849777221680e+00
1.317401218414306641e+01
7.049140334129333496e-01
1.084369659423828125e+00
2.303223460912704468e-01
5.855940246582031250e+01
1.211876106262207031e+01
1.731505775451660156e+01
2.167417049407958984e+00
1.467991943359375000e+02
1.585696716308593750e+02
1.385611176490783691e+00
2.818524837493896484e-01
1.506718444824218750e+01
6.539189338684082031e+00
7.803379058837890625e+00
1.419486045837402344e+01
6.804605007171630859e+00
6.006169319152832031e+00
2.969967603683471680e+00
3.299498558044433594e+00
6.724596023559570312e+00
8.409019470214843750e+00
9.514534301757812500e+02
3.163415832519531250e+02
2.183728027343750000e+01
2.295969486236572266e+00
5.556255340576171875e+01
9.290634155273437500e+00
1.881587028503417969e+00
1.293801879882812500e+02
2.143623161315917969e+01
6.541402339935302734e+00
1.602540397644042969e+01
1.939972788095474243e-01
1.256640911102294922e+00
9.888620972633361816e-01
8.776011466979980469e-01
3.633701562881469727e+00
5.127751159667968750e+01
2.266057014465332031e+01
3.236982727050781250e+01
8.328674316406250000e+01
5.684598088264465332e-01
1.183995056152343750e+02
3.998416519165039062e+01
4.029276657104492188e+01
8.381626129150390625e+00
1.263132781982421875e+02
2.825966835021972656e+00
1.171209239959716797e+01
1.767481803894042969e+01
2.757341861724853516e+00
1.369873962402343750e+02
7.064198970794677734e+00
1.277757287025451660e+00
3.063000679016113281e+01
5.120706081390380859e+00
1.336144804954528809e+00
1.889635205268859863e+00
7.710351347923278809e-01
1.397881984710693359e+00
8.050217437744140625e+01
4.432621002197265625e+01
2.804707908630371094e+01
4.620380401611328125e+00
1.768241691589355469e+01
1.892392277717590332e+00
1.077965736389160156e+01
2.853458595275878906e+01
3.108157043457031250e+02
4.091773331165313721e-01
1.543173122406005859e+01
5.393218231201171875e+01
2.367321014404296875e+00
3.853796958923339844e+00
9.279016876220703125e+01
1.157062911987304688e+01
3.398299217224121094e+00
1.390676879882812500e+01
4.822441101074218750e+00
3.414462280273437500e+01
1.163747310638427734e+00
3.813980484008789062e+01
4.243107223510742188e+01
1.299523860216140747e-01
2.479907684326171875e+02
1.647893714904785156e+01
1.388123154640197754e+00
2.174727439880371094e+00
7.486133575439453125e+01
1.145625019073486328e+01
1.708355069160461426e+00
5.765097618103027344e+00
1.193221569061279297e+00
1.290864276885986328e+01
1.279763793945312500e+01
3.699327707290649414e-01
3.614438533782958984e+00
2.027623414993286133e+00
1.269008040428161621e+00
2.919716119766235352e+00
1.013179397583007812e+01
2.665743112564086914e+00
8.187758445739746094e+00
5.500356197357177734e+00
2.651596832275390625e+01
3.209962248802185059e-01
5.303899288177490234e+00
6.178528976440429688e+01
6.934541702270507812e+00
1.235037231445312500e+01
8.335903167724609375e+00
6.321625709533691406e+00
6.442504525184631348e-01
7.303173065185546875e+01
3.477341413497924805e+00
1.652742385864257812e+01
1.668421626091003418e+00
4.000907135009765625e+01
6.074662804603576660e-01
5.244824981689453125e+01
2.751832885742187500e+02
5.301821231842041016e-01
5.808970928192138672e-01
2.548731422424316406e+01
1.033602833747863770e+00
2.316777343750000000e+02
3.834517478942871094e+00
4.569868564605712891e+00
1.192832589149475098e+00
3.333848714828491211e+00
4.612423181533813477e-01
1.484651756286621094e+01
1.025391697883605957e+00
5.165519714355468750e+01
1.628293633460998535e+00
2.135591888427734375e+01
5.657622814178466797e-01
8.595122694969177246e-01
3.045900583267211914e+00
1.503854393959045410e+00
2.652051544189453125e+01
4.161536216735839844e+00
2.486983299255371094e+00
2.911640167236328125e+00
1.543114662170410156e+01
1.793245506286621094e+01
3.664229583740234375e+01
4.006609916687011719e-01
5.129145050048828125e+01
3.541690587997436523e+00
3.197861671447753906e+00
6.417985439300537109e+00
1.099538922309875488e+00
6.482766723632812500e+01
1.584672069549560547e+01
6.683175563812255859e+00
1.531380939483642578e+01
2.857828855514526367e+00
3.326618671417236328e+00
4.565414047241210938e+01
3.808533859252929688e+01
1.061820602416992188e+01
1.103489208221435547e+01
1.774281501770019531e+01
1.823510742187500000e+01
2.713311767578125000e+01
4.071224594116210938e+01
9.299720001220703125e+01
2.900978028774261475e-01
1.102630805969238281e+01
2.085009155273437500e+02
3.738958740234375000e+01
6.002378463745117188e+01
5.271962285041809082e-01
5.293254256248474121e-01
1.091421031951904297e+01
3.852893352508544922e+00
1.022078895568847656e+01
9.156220436096191406e+00
2.779729366302490234e+00
1.111765956878662109e+01
5.758097648620605469e+00
4.488477230072021484e+00
2.209187746047973633e+00
6.510056257247924805e-01
2.053009271621704102e+00
6.658470153808593750e+01
2.549954414367675781e+01
4.985657215118408203e+00
6.530095577239990234e+00
8.528046607971191406e+00
4.551727771759033203e+00
3.829995422363281250e+02
2.910682201385498047e+00
7.426209926605224609e+00
3.129667282104492188e+00
1.141454982757568359e+01
2.118199157714843750e+01
2.970275640487670898e+00
1.197500419616699219e+01
3.423218154907226562e+01
3.122701835632324219e+01
5.580106735229492188e+00
7.696383666992187500e+01
6.292244911193847656e+00
4.911459445953369141e+00
5.724050140380859375e+01
3.630232572555541992e+00
1.266586875915527344e+01
9.511163330078125000e+01
6.830055999755859375e+01
7.738829040527343750e+01
2.415064086914062500e+02
1.691845178604125977e+00
2.145149469375610352e+00
1.063363909721374512e+00
1.109619736671447754e+00
6.329033851623535156e+00
1.312089443206787109e+00
6.379477381706237793e-01
2.346251964569091797e+00
6.891065835952758789e-01
2.078925476074218750e+02
1.663773727416992188e+01
8.848638153076171875e+01
3.194005203247070312e+01
1.885069131851196289e+00
2.464739990234375000e+01
7.371962070465087891e+00
5.018467903137207031e+00
8.895178437232971191e-01
1.753112640380859375e+02
5.485963821411132812e+01
6.453062057495117188e+00
1.551883125305175781e+01
5.268182754516601562e+01
1.693250427246093750e+02
5.659680366516113281e+00
1.084091663360595703e+00
1.831342315673828125e+01
7.774016857147216797e-01
5.566466808319091797e+00
1.539255714416503906e+01
2.707841300964355469e+01
1.167709589004516602e+00
2.574989318847656250e+00
1.015189971923828125e+02
4.958170318603515625e+01
2.975349044799804688e+01
1.377291584014892578e+01
8.716361999511718750e+00
2.023687958717346191e-01
1.403816491365432739e-01
1.604477882385253906e+01
8.351682662963867188e+00
1.551314592361450195e+00
1.357642745971679688e+01
8.436157226562500000e+01
1.066022949218750000e+02
1.475155544281005859e+01
3.708491563796997070e+00
2.336603879928588867e+00
4.912528991699218750e+00
6.927439212799072266e+00
3.841218948364257812e+01
1.961274862289428711e+00
1.885196113586425781e+01
9.749944806098937988e-01
3.817939281463623047e+00
1.763390302658081055e-01
3.355132579803466797e+00
5.332709121704101562e+01
4.203475585937500000e+03
3.927367687225341797e+00
1.037462425231933594e+01
1.602546095848083496e+00
2.354893684387207031e+00
3.681357574462890625e+01
4.110871505737304688e+01
6.819575428962707520e-01
1.119459867477416992e+00
4.011159896850585938e+00
4.682457351684570312e+01
3.294700241088867188e+01
2.481761932373046875e+00
5.517815780639648438e+01
1.989715576171875000e+02
1.559346437454223633e+00
4.041649341583251953e+00
2.725963115692138672e+00
1.517704391479492188e+01
3.386654376983642578e+00
6.681113243103027344e+00
4.537353515625000000e+02
5.431964397430419922e+00
2.235076713562011719e+01
5.916332397460937500e+02
6.797600555419921875e+01
2.288931846618652344e+00
4.067964553833007812e+01
