9.509366154670715332e-01
9.161620140075683594e-01
6.537569165229797363e-01
6.370319128036499023e-01
2.212608337402343750e+00
8.744490146636962891e-01
4.910587370395660400e-01
4.492913186550140381e-01
6.719065904617309570e-01
7.026762962341308594e-01
9.574043750762939453e-01
3.791573047637939453e-01
7.754732966423034668e-01
1.935456544160842896e-01
4.464736878871917725e-01
7.804391980171203613e-01
4.549565017223358154e-01
7.215009331703186035e-01
2.598493993282318115e-01
3.816516101360321045e-01
1.234983563423156738e+00
7.763761878013610840e-01
7.057400345802307129e-01
1.107703566551208496e+00
1.857242226600646973e+00
4.088639914989471436e-01
6.128857731819152832e-01
1.652851223945617676e+00
4.800979197025299072e-01
1.210218787193298340e+00
4.698197841644287109e-01
4.387287795543670654e-01
8.818807005882263184e-01
1.592892050743103027e+00
7.612401247024536133e-01
8.528034090995788574e-01
2.282341420650482178e-01
3.411569893360137939e-01
5.678005218505859375e-01
8.042684197425842285e-01
8.665000200271606445e-01
1.547788262367248535e+00
5.815865397453308105e-01
1.880152583122253418e+00
1.109821915626525879e+00
7.987141013145446777e-01
1.332292914390563965e+00
9.598961472511291504e-01
3.366244733333587646e-01
2.346684455871582031e+00
6.792051196098327637e-01
3.672101199626922607e-01
8.179684281349182129e-01
9.116568565368652344e-01
1.253294825553894043e+00
3.160540759563446045e-01
3.599487245082855225e-01
5.745149254798889160e-01
6.930950284004211426e-01
1.632977962493896484e+00
7.051480412483215332e-01
8.072792887687683105e-01
3.937390446662902832e-01
2.342005372047424316e-01
6.835516095161437988e-01
1.369076251983642578e+00
8.452139496803283691e-01
5.196993947029113770e-01
8.963800072669982910e-01
1.639875292778015137e+00
2.147851735353469849e-01
6.395097970962524414e-01
5.161167979240417480e-01
1.208336591720581055e+00
2.386455774307250977e+00
1.122379064559936523e+00
1.182696461677551270e+00
9.938351511955261230e-01
3.872829079627990723e-01
6.061792373657226562e-01
8.237612843513488770e-01
3.844737112522125244e-01
3.842398822307586670e-01
7.196221351623535156e-01
4.649297297000885010e-01
5.723959207534790039e-01
3.065444529056549072e-01
7.111685276031494141e-01
4.902210831642150879e-01
4.477780759334564209e-01
3.134418427944183350e-01
1.087156891822814941e+00
5.802536010742187500e-01
8.705511689186096191e-01
7.164638042449951172e-01
2.007835149765014648e+00
4.534875750541687012e-01
9.212150573730468750e-01
9.094174504280090332e-01
3.273214101791381836e-01
1.268904447555541992e+00
6.175618171691894531e-01
5.012530088424682617e-01
3.571552336215972900e-01
1.529007196426391602e+00
4.899193942546844482e-01
5.186874270439147949e-01
9.510536789894104004e-01
2.640206098556518555e+00
9.340142607688903809e-01
4.638065695762634277e-01
8.773716688156127930e-01
6.040828824043273926e-01
5.154524445533752441e-01
9.609349966049194336e-01
5.712976455688476562e-01
1.005453348159790039e+00
3.820527791976928711e-01
5.930065512657165527e-01
1.138862490653991699e+00
4.440005421638488770e-01
1.897730469703674316e+00
1.156698465347290039e+00
8.821293711662292480e-01
3.299492299556732178e-01
2.160874754190444946e-01
2.543523907661437988e-01
2.782152891159057617e-01
1.208693265914916992e+00
4.708088338375091553e-01
4.953087866306304932e-01
4.834026992321014404e-01
2.251041531562805176e-01
6.062083840370178223e-01
9.975921511650085449e-01
3.536278605461120605e-01
2.482068240642547607e-01
1.554872035980224609e+00
3.449559509754180908e-01
1.136947393417358398e+00
1.506892561912536621e+00
1.221744418144226074e+00
1.291716575622558594e+00
1.700514078140258789e+00
3.122861385345458984e-01
7.120600342750549316e-01
4.047136008739471436e-01
4.778836667537689209e-01
1.052362680435180664e+00
5.309502482414245605e-01
2.548116743564605713e-01
7.634929418563842773e-01
4.456299543380737305e-01
9.836394190788269043e-01
9.109412431716918945e-01
6.534034609794616699e-01
8.550082445144653320e-01
1.158444046974182129e+00
6.336548328399658203e-01
3.559376001358032227e-01
1.353707313537597656e+00
6.124528646469116211e-01
9.361342787742614746e-01
1.032067775726318359e+00
6.502883434295654297e-01
2.837148308753967285e-01
5.754227042198181152e-01
8.252469897270202637e-01
1.232798218727111816e+00
3.818097412586212158e-01
8.925088047981262207e-01
1.696772813796997070e+00
7.373599410057067871e-01
5.500515699386596680e-01
7.656644582748413086e-01
9.186553955078125000e-01
8.186455965042114258e-01
6.294327378273010254e-01
4.374002814292907715e-01
1.348372220993041992e+00
4.528268575668334961e-01
1.474865198135375977e+00
8.363221287727355957e-01
4.536051452159881592e-01
1.171499371528625488e+00
8.336087465286254883e-01
7.699807882308959961e-01
6.525077819824218750e-01
1.802016258239746094e+00
6.614758372306823730e-01
6.720631718635559082e-01
4.389490485191345215e-01
4.794248938560485840e-01
1.069931268692016602e+00
6.097372174263000488e-01
6.530418992042541504e-01
1.164966583251953125e+00
1.016907572746276855e+00
3.108769953250885010e-01
6.161527633666992188e-01
4.643296599388122559e-01
6.559523344039916992e-01
6.696279644966125488e-01
7.120436429977416992e-01
4.967435896396636963e-01
2.723456323146820068e-01
2.541853785514831543e-01
1.046421527862548828e+00
4.062600135803222656e-01
4.817359149456024170e-01
6.123303771018981934e-01
3.718200623989105225e-01
3.388234078884124756e-01
4.780642688274383545e-01
7.926790118217468262e-01
1.288223981857299805e+00
6.962794065475463867e-01
1.223639488220214844e+00
3.194229900836944580e-01
6.982292532920837402e-01
4.770714044570922852e-01
4.300860464572906494e-01
4.900385141372680664e-01
9.940385818481445312e-01
2.880837619304656982e-01
1.019612908363342285e+00
4.580970704555511475e-01
8.859599828720092773e-01
6.437427401542663574e-01
6.986896395683288574e-01
2.384082973003387451e-01
1.309902071952819824e+00
6.111637949943542480e-01
9.799700379371643066e-01
6.784545779228210449e-01
5.859461426734924316e-01
3.127751350402832031e-01
2.984455525875091553e-01
5.301754474639892578e-01
7.309373617172241211e-01
6.708959937095642090e-01
4.536322653293609619e-01
4.350823760032653809e-01
6.978203654289245605e-01
5.548102259635925293e-01
5.213468670845031738e-01
5.061162114143371582e-01
7.712182998657226562e-01
7.383884191513061523e-01
3.231033980846405029e-01
6.062299609184265137e-01
1.369699835777282715e+00
4.044347703456878662e-01
4.278855621814727783e-01
9.731276631355285645e-01
8.622410297393798828e-01
1.539843320846557617e+00
3.313302993774414062e-01
3.759453296661376953e-01
8.222612738609313965e-01
5.422933697700500488e-01
4.597406387329101562e-01
1.064527630805969238e+00
5.418525338172912598e-01
1.298774600028991699e+00
6.799557805061340332e-01
9.771720767021179199e-01
1.454311966896057129e+00
1.187321543693542480e-01
4.775062501430511475e-01
4.029476642608642578e-01
7.194377779960632324e-01
2.386558055877685547e-01
6.383382081985473633e-01
8.760654926300048828e-01
9.286867976188659668e-01
3.272149860858917236e-01
3.050779700279235840e-01
5.974608063697814941e-01
1.304207801818847656e+00
5.766116976737976074e-01
1.193567276000976562e+00
5.699728727340698242e-01
2.896462678909301758e-01
1.320543587207794189e-01
7.621235847473144531e-01
1.643769383430480957e+00
1.020187497138977051e+00
3.661074042320251465e-01
9.956597089767456055e-01
4.297621250152587891e-01
6.160894632339477539e-01
1.004876971244812012e+00
4.522427320480346680e-01
2.283687144517898560e-01
9.452567100524902344e-01
4.169705510139465332e-01
2.262932360172271729e-01
3.325943350791931152e-01
2.880952060222625732e-01
7.852645516395568848e-01
1.208883881568908691e+00
7.104825973510742188e-01
6.547197103500366211e-01
1.033499002456665039e+00
9.509702324867248535e-01
5.096002817153930664e-01
1.312135577201843262e+00
1.051216006278991699e+00
4.341863691806793213e-01
1.378835082054138184e+00
8.575482368469238281e-01
9.606300592422485352e-01
7.423138022422790527e-01
1.113333702087402344e+00
3.321225047111511230e-01
3.682430386543273926e-01
1.015846610069274902e+00
3.754053711891174316e-01
3.937073051929473877e-01
7.321997880935668945e-01
3.776189684867858887e-01
1.009319424629211426e+00
2.098819255828857422e+00
5.805732011795043945e-01
2.604276180267333984e+00
3.822902143001556396e-01
8.041177988052368164e-01
5.867648124694824219e-01
4.199018180370330811e-01
2.513999640941619873e-01
6.651532649993896484e-01
4.657728374004364014e-01
1.756461739540100098e+00
6.859158873558044434e-01
3.589109778404235840e-01
5.718449950218200684e-01
5.143808126449584961e-01
6.060375571250915527e-01
1.537063837051391602e+00
1.393037557601928711e+00
5.272300243377685547e-01
1.354915380477905273e+00
1.944578886032104492e+00
4.115840196609497070e-01
3.608826100826263428e-01
5.971317291259765625e-01
7.629594206809997559e-01
6.841144561767578125e-01
6.137759089469909668e-01
2.885627985000610352e+00
4.390627741813659668e-01
4.824254512786865234e-01
9.522566199302673340e-01
8.235763311386108398e-01
8.130627870559692383e-01
2.803058028221130371e-01
2.064835548400878906e+00
5.568102002143859863e-01
1.149348497390747070e+00
5.442206859588623047e-01
6.229499578475952148e-01
3.519936203956604004e-01
5.850011110305786133e-01
1.134218215942382812e+00
3.912846446037292480e-01
1.484087944030761719e+00
2.344964891672134399e-01
6.676412820816040039e-01
2.282719314098358154e-01
1.360681533813476562e+00
1.335502743721008301e+00
5.799171924591064453e-01
4.657456874847412109e-01
8.302869796752929688e-01
6.847465634346008301e-01
8.895838260650634766e-01
8.845284581184387207e-01
9.672987461090087891e-01
1.709420979022979736e-01
6.619479060173034668e-01
4.330300688743591309e-01
7.264322042465209961e-01
1.251641035079956055e+00
6.920523643493652344e-01
1.127194046974182129e+00
8.175632357597351074e-01
7.850354909896850586e-01
1.420342803001403809e+00
1.065051913261413574e+00
1.794736385345458984e+00
6.979150772094726562e-01
7.386676669120788574e-01
7.230919003486633301e-01
7.377668023109436035e-01
1.181250691413879395e+00
8.579970002174377441e-01
1.859450697898864746e+00
3.923241198062896729e-01
8.053643703460693359e-01
1.689180970191955566e+00
1.736988425254821777e+00
1.259916305541992188e+00
1.320334076881408691e+00
3.729579210281372070e+00
1.482017993927001953e+00
9.083926081657409668e-01
7.976872324943542480e-01
1.150813698768615723e+00
1.189655780792236328e+00
1.981447458267211914e+00
6.184837222099304199e-01
1.410923242568969727e+00
3.320512473583221436e-01
6.404665112495422363e-01
1.502960920333862305e+00
8.506387472152709961e-01
1.250756978988647461e+00
4.934370815753936768e-01
6.636824011802673340e-01
1.793306112289428711e+00
1.217984080314636230e+00
1.312352061271667480e+00
2.036287069320678711e+00
2.832365036010742188e+00
8.053545355796813965e-01
1.069390892982482910e+00
2.750064134597778320e+00
8.797895908355712891e-01
2.033708572387695312e+00
9.266397953033447266e-01
7.630175948143005371e-01
1.461326241493225098e+00
2.552706241607666016e+00
1.331417798995971680e+00
1.613645911216735840e+00
3.734151124954223633e-01
5.384423136711120605e-01
1.006688833236694336e+00
1.366451025009155273e+00
1.332017540931701660e+00
2.826404571533203125e+00
9.770870804786682129e-01
3.005217313766479492e+00
1.922119975090026855e+00
1.160488367080688477e+00
2.619040012359619141e+00
1.556055665016174316e+00
7.025824785232543945e-01
3.942313194274902344e+00
1.323189377784729004e+00
6.890392303466796875e-01
1.588610649108886719e+00
1.721570849418640137e+00
2.144391298294067383e+00
4.514679312705993652e-01
4.894844293594360352e-01
8.830405473709106445e-01
9.392477869987487793e-01
3.004661321640014648e+00
1.247127294540405273e+00
1.543746709823608398e+00
6.718626022338867188e-01
3.623139560222625732e-01
1.133891224861145020e+00
2.150944948196411133e+00
1.290901780128479004e+00
9.600248336791992188e-01
1.512744188308715820e+00
3.055344820022583008e+00
3.299744725227355957e-01
1.139636874198913574e+00
8.699714541435241699e-01
1.740500807762145996e+00
3.917704105377197266e+00
1.754362821578979492e+00
2.142287969589233398e+00
1.581289768218994141e+00
7.522776126861572266e-01
1.203588724136352539e+00
1.430860519409179688e+00
6.410850882530212402e-01
7.089725732803344727e-01
1.332828044891357422e+00
8.155605792999267578e-01
9.137788414955139160e-01
5.742940902709960938e-01
1.356931805610656738e+00
8.576635122299194336e-01
7.940380573272705078e-01
6.020414829254150391e-01
1.850298762321472168e+00
1.005994200706481934e+00
1.401861786842346191e+00
1.388748526573181152e+00
3.984999179840087891e+00
8.072752356529235840e-01
1.706236362457275391e+00
1.561141967773437500e+00
5.550984144210815430e-01
1.649002790451049805e+00
1.107073545455932617e+00
7.995888590812683105e-01
7.630133628845214844e-01
3.218377113342285156e+00
8.146401643753051758e-01
8.840718865394592285e-01
1.718895673751831055e+00
4.712448596954345703e+00
1.465887308120727539e+00
7.979429364204406738e-01
1.394230723381042480e+00
9.459068775177001953e-01
8.801317811012268066e-01
1.685547471046447754e+00
1.024226188659667969e+00
1.613176345825195312e+00
7.094487547874450684e-01
1.058299541473388672e+00
1.852719664573669434e+00
6.780822277069091797e-01
3.669249296188354492e+00
2.298282146453857422e+00
1.646440386772155762e+00
6.017555594444274902e-01
3.947142660617828369e-01
4.249873459339141846e-01
4.684424102306365967e-01
2.034961462020874023e+00
9.497808218002319336e-01
7.399857640266418457e-01
8.619713187217712402e-01
3.795133531093597412e-01
9.989960193634033203e-01
1.767994165420532227e+00
6.179667115211486816e-01
3.457494080066680908e-01
2.614656448364257812e+00
5.515093207359313965e-01
1.679478526115417480e+00
2.917873382568359375e+00
1.726113915443420410e+00
2.067663669586181641e+00
2.676676988601684570e+00
4.903014004230499268e-01
1.227133393287658691e+00
5.952697396278381348e-01
7.490777373313903809e-01
1.841608166694641113e+00
8.567999601364135742e-01
4.177699387073516846e-01
1.272549867630004883e+00
8.262514472007751465e-01
1.788459181785583496e+00
1.483945608139038086e+00
1.125950574874877930e+00
1.857772588729858398e+00
1.881840825080871582e+00
1.146873354911804199e+00
6.430702805519104004e-01
2.007552862167358398e+00
1.157943129539489746e+00
1.835291862487792969e+00
1.681649804115295410e+00
1.110215187072753906e+00
4.913404583930969238e-01
1.025172591209411621e+00
1.400449037551879883e+00
2.109797716140747070e+00
6.506048440933227539e-01
1.735567331314086914e+00
2.762001752853393555e+00
1.206892967224121094e+00
8.992149233818054199e-01
1.521070003509521484e+00
1.627831935882568359e+00
1.591527342796325684e+00
1.219315886497497559e+00
8.708934187889099121e-01
2.266223669052124023e+00
6.437211632728576660e-01
2.566060304641723633e+00
1.364577412605285645e+00
7.479269504547119141e-01
2.052005290985107422e+00
1.425655007362365723e+00
1.094813942909240723e+00
1.170654296875000000e+00
3.753802776336669922e+00
1.131698727607727051e+00
1.128747820854187012e+00
6.601495146751403809e-01
7.890976667404174805e-01
1.597817897796630859e+00
9.997314214706420898e-01
1.227005958557128906e+00
2.151596784591674805e+00
2.005344629287719727e+00
5.170950889587402344e-01
1.013828754425048828e+00
9.861027598381042480e-01
1.032339096069335938e+00
1.211718201637268066e+00
1.229483962059020996e+00
6.880028247833251953e-01
4.572220444679260254e-01
4.183558821678161621e-01
1.612414479255676270e+00
7.574480175971984863e-01
8.198908567428588867e-01
1.080494284629821777e+00
7.420232295989990234e-01
5.939369797706604004e-01
8.703456521034240723e-01
1.454896092414855957e+00
2.234607458114624023e+00
1.025993704795837402e+00
2.139066934585571289e+00
5.939814448356628418e-01
1.094956517219543457e+00
7.746171951293945312e-01
8.592543005943298340e-01
8.072215318679809570e-01
1.753199815750122070e+00
4.833694696426391602e-01
1.815404057502746582e+00
8.358594775199890137e-01
1.590618252754211426e+00
9.887512326240539551e-01
1.509148836135864258e+00
3.800302743911743164e-01
2.148800134658813477e+00
1.073408961296081543e+00
1.885811686515808105e+00
1.265149712562561035e+00
1.038595318794250488e+00
4.049821197986602783e-01
4.769763350486755371e-01
8.086405396461486816e-01
1.337695598602294922e+00
1.069030880928039551e+00
9.363316893577575684e-01
7.646110057830810547e-01
1.213796496391296387e+00
9.655772447586059570e-01
1.028716444969177246e+00
8.139494657516479492e-01
1.329233288764953613e+00
1.357240915298461914e+00
5.375316143035888672e-01
1.080436825752258301e+00
2.319988250732421875e+00
7.473710179328918457e-01
8.835793733596801758e-01
2.066414117813110352e+00
1.218907475471496582e+00
2.828923463821411133e+00
5.869853496551513672e-01
5.453669428825378418e-01
1.515767693519592285e+00
9.845140576362609863e-01
8.297134041786193848e-01
1.800748705863952637e+00
8.140074610710144043e-01
2.170005321502685547e+00
1.165533661842346191e+00
1.977357029914855957e+00
2.185007095336914062e+00
2.423250377178192139e-01
7.698711156845092773e-01
6.559961438179016113e-01
1.457419514656066895e+00
4.646512567996978760e-01
1.197622179985046387e+00
1.189749240875244141e+00
1.701897144317626953e+00
5.262536406517028809e-01
4.867769777774810791e-01
1.217384696006774902e+00
2.011435508728027344e+00
9.894584417343139648e-01
1.910251617431640625e+00
1.008457303047180176e+00
6.511427164077758789e-01
1.829286962747573853e-01
1.511899471282958984e+00
2.621681690216064453e+00
1.432549118995666504e+00
6.454989910125732422e-01
1.444735288619995117e+00
7.892217040061950684e-01
1.182512760162353516e+00
1.500980257987976074e+00
8.017872571945190430e-01
3.556467592716217041e-01
1.718901276588439941e+00
7.016820907592773438e-01
3.913996815681457520e-01
5.633722543716430664e-01
5.718448162078857422e-01
1.232527494430541992e+00
1.972999691963195801e+00
1.114467620849609375e+00
1.123190045356750488e+00
1.709814310073852539e+00
1.841907143592834473e+00
1.110687494277954102e+00
2.171866416931152344e+00
2.235836029052734375e+00
6.910926103591918945e-01
2.487912416458129883e+00
1.264050841331481934e+00
1.543078541755676270e+00
1.331986665725708008e+00
1.828263282775878906e+00
4.984317421913146973e-01
7.294739484786987305e-01
1.541652560234069824e+00
6.493893861770629883e-01
7.015982866287231445e-01
1.153264522552490234e+00
6.674246191978454590e-01
1.809069991111755371e+00
3.190833091735839844e+00
8.984959721565246582e-01
4.410170078277587891e+00
6.682932376861572266e-01
1.381790280342102051e+00
1.030355453491210938e+00
7.661196589469909668e-01
4.285977482795715332e-01
1.229062080383300781e+00
8.377351760864257812e-01
2.801442384719848633e+00
1.027868270874023438e+00
6.709303259849548340e-01
1.175603985786437988e+00
9.638547897338867188e-01
9.696727395057678223e-01
2.381794691085815430e+00
2.268813848495483398e+00
1.033164381980895996e+00
2.456421852111816406e+00
3.221629858016967773e+00
6.013112664222717285e-01
6.964495182037353516e-01
1.011831402778625488e+00
1.243106484413146973e+00
9.004080891609191895e-01
1.050807714462280273e+00
4.122617721557617188e+00
7.039124369621276855e-01
8.141878247261047363e-01
1.989766955375671387e+00
1.258071064949035645e+00
1.433667063713073730e+00
5.350964665412902832e-01
4.195005893707275391e+00
1.104588508605957031e+00
1.892820239067077637e+00
8.674560785293579102e-01
1.232678532600402832e+00
6.661734580993652344e-01
1.043955564498901367e+00
1.673307180404663086e+00
6.813396215438842773e-01
2.540910482406616211e+00
4.481234550476074219e-01
1.248687267303466797e+00
3.726494908332824707e-01
2.269896030426025391e+00
2.841068983078002930e+00
1.177495479583740234e+00
9.043926596641540527e-01
1.593492507934570312e+00
1.228521108627319336e+00
1.468254804611206055e+00
1.466529011726379395e+00
1.771354079246520996e+00
2.842226028442382812e-01
1.252181887626647949e+00
7.370784282684326172e-01
1.341096520423889160e+00
2.397120714187622070e+00
1.060120701789855957e+00
1.618595480918884277e+00
1.442032456398010254e+00
1.448067665100097656e+00
2.382629394531250000e+00
1.866672277450561523e+00
3.067162990570068359e+00
1.246975779533386230e+00
1.290343046188354492e+00
1.210453629493713379e+00
1.413772821426391602e+00
1.897538900375366211e+00
1.487552285194396973e+00
3.277581691741943359e+00
6.954229474067687988e-01
1.453156232833862305e+00
