1.474795341491699219e-01
3.511777818202972412e-01
3.930643573403358459e-02
5.663510877639055252e-03
5.143403634428977966e-02
2.377548694610595703e+00
3.241395205259323120e-02
1.339225284755229950e-02
5.145340412855148315e-02
3.930901587009429932e-01
1.622544974088668823e-01
8.423101156949996948e-02
1.774256974458694458e-01
2.345400117337703705e-02
9.774485602974891663e-03
6.664538383483886719e-02
3.813648130744695663e-03
3.026548959314823151e-02
4.273050278425216675e-02
6.422371137887239456e-03
2.262637391686439514e-02
2.856927365064620972e-02
1.746397614479064941e-01
3.044783324003219604e-02
6.853162765502929688e+00
1.217994838953018188e-02
7.622044533491134644e-02
2.575518190860748291e-01
3.024432957172393799e-01
1.723603725433349609e+00
3.511406481266021729e-03
1.168103073723614216e-03
5.904152616858482361e-02
1.926437020301818848e-01
3.792703151702880859e-02
1.776984184980392456e-01
1.733834296464920044e-02
1.309179933741688728e-03
5.169556662440299988e-02
2.531724981963634491e-02
4.693070352077484131e-01
2.295008599758148193e-01
2.744127064943313599e-02
5.749898433685302734e+00
4.373709261417388916e-01
1.531852334737777710e-01
2.948793396353721619e-02
1.586725831031799316e+00
2.579878550022840500e-03
2.602697014808654785e-01
2.333715558052062988e-01
1.265759915113449097e-01
2.689544856548309326e-01
7.175170630216598511e-02
4.113409202545881271e-03
6.855074316263198853e-03
7.485322654247283936e-03
9.034714102745056152e-02
4.296503216028213501e-02
2.061097335815429688e+01
1.499832607805728912e-02
1.054665946960449219e+01
2.332375012338161469e-02
2.492574043571949005e-02
2.205556929111480713e-01
2.683379352092742920e-01
6.871979236602783203e-01
7.887386530637741089e-02
2.074384212493896484e+00
1.256872057914733887e+00
3.153201541863381863e-04
1.083617329597473145e+00
7.409618236124515533e-03
7.749748229980468750e-01
1.463604867458343506e-01
3.395378962159156799e-02
1.749509014189243317e-02
6.848107278347015381e-02
3.783315420150756836e-02
2.370474673807621002e-02
5.946783423423767090e-01
3.569478914141654968e-02
1.673499941825866699e-01
1.440714113414287567e-03
5.678691901266574860e-03
7.014847360551357269e-03
1.980808156076818705e-04
3.000543452799320221e-02
1.627305030822753906e+00
1.659820554777979851e-03
2.252112329006195068e-02
6.917812675237655640e-02
1.209990214556455612e-02
7.036224007606506348e-02
2.323045954108238220e-02
1.412829756736755371e+00
2.668217122554779053e-01
6.790382266044616699e-01
8.055300451815128326e-03
1.977407485246658325e-01
3.910147428512573242e+00
1.083211824297904968e-01
5.474512465298175812e-03
4.602756723761558533e-02
4.037940129637718201e-02
3.404842913150787354e-01
8.708492666482925415e-02
6.263462454080581665e-02
4.858676195144653320e-01
2.259975969791412354e-01
2.987150661647319794e-02
3.161574304103851318e-01
1.403767466545104980e-01
5.226902365684509277e-01
3.885155916213989258e-02
1.211906969547271729e-01
1.042099893093109131e-01
3.471040353178977966e-02
1.074321288615465164e-02
3.518694266676902771e-02
4.130595829337835312e-03
8.402302551269531250e+01
6.125227808952331543e-01
1.783881783485412598e+00
1.118789077736437321e-03
1.427094787359237671e-01
2.629643492400646210e-02
8.489273022860288620e-04
2.716720700263977051e-01
6.651829183101654053e-02
1.171519756317138672e+00
1.046468913555145264e-01
8.043064735829830170e-03
2.967922948300838470e-03
7.459415495395660400e-02
1.183164678514003754e-02
3.337120637297630310e-02
1.534399271011352539e+00
2.416994124650955200e-01
1.538367867469787598e+00
5.521842464804649353e-02
2.124458365142345428e-02
3.106656789779663086e+00
1.254918575286865234e+00
9.451533317565917969e+00
1.610682159662246704e-01
6.039113402366638184e-01
6.897961348295211792e-02
3.089751899242401123e-01
4.436956718564033508e-02
2.454448118805885315e-02
7.243877649307250977e-01
2.622231841087341309e-01
1.164499670267105103e-01
3.442419767379760742e-01
8.303204178810119629e-02
3.495705127716064453e-02
5.611656978726387024e-02
1.926311641000211239e-03
6.223594304174184799e-03
2.111968249082565308e-01
1.482454407960176468e-02
1.322748959064483643e-01
2.186762243509292603e-01
1.580459594726562500e+00
3.652295172214508057e-01
4.849409759044647217e-01
3.191810548305511475e-01
3.304117679595947266e+00
4.370803479105234146e-03
1.710586994886398315e-01
3.052581846714019775e-01
2.371840877458453178e-03
3.469116613268852234e-02
9.038978070020675659e-02
1.869403839111328125e+00
5.019806325435638428e-02
5.590996146202087402e-02
4.180013388395309448e-02
1.039766430854797363e+00
1.484317034482955933e-01
8.619346469640731812e-02
2.922253310680389404e-01
8.460619300603866577e-02
1.860420584678649902e+00
1.007191836833953857e-01
3.571306541562080383e-02
4.567524418234825134e-02
6.253128051757812500e-01
6.051497533917427063e-02
9.714289903640747070e-01
6.776837259531021118e-02
7.471012650057673454e-04
1.014308035373687744e-01
2.017716914415359497e-01
9.351883083581924438e-02
2.597634494304656982e-01
5.854605138301849365e-02
7.941236719489097595e-03
3.688074052333831787e-01
6.847462151199579239e-03
8.951023221015930176e-02
6.971760094165802002e-02
6.976745277643203735e-02
4.024089500308036804e-02
1.367014460265636444e-02
1.348571926355361938e-01
1.630488586425781250e+01
6.497149355709552765e-03
4.020922351628541946e-03
1.189478859305381775e-02
5.882740020751953125e-02
8.806644473224878311e-04
1.646400213241577148e+00
8.764506876468658447e-02
2.671571493148803711e+00
9.176940917968750000e-01
3.089899197220802307e-02
1.418335363268852234e-03
1.203825354576110840e+00
2.069078445434570312e+00
7.476187311112880707e-03
1.986307837069034576e-02
3.955195099115371704e-02
2.695037401281297207e-04
3.111391067504882812e-01
3.873098408803343773e-03
4.238987922668457031e+00
1.641798615455627441e-01
2.067156136035919189e-02
2.911346219480037689e-02
3.335232287645339966e-02
2.533866837620735168e-02
1.582346670329570770e-02
5.594206973910331726e-02
2.568217217922210693e-01
9.067767858505249023e-02
8.155272342264652252e-03
4.854722023010253906e-01
2.642720239236950874e-03
4.127906560897827148e-01
4.023350775241851807e-02
2.496097385883331299e-01
8.611598052084445953e-03
1.711242832243442535e-02
2.902591414749622345e-02
1.277407258749008179e-01
5.726028606295585632e-02
9.169571846723556519e-02
1.370905637741088867e-01
9.997031837701797485e-02
1.256455779075622559e+00
5.195055855438113213e-04
3.319216668605804443e-01
1.357000321149826050e-01
2.523001730442047119e-01
3.468679428100585938e+00
1.269710958003997803e-01
2.832537330687046051e-02
8.029352128505706787e-02
1.454113982617855072e-02
5.709367338567972183e-03
1.040875196456909180e+00
1.074379906058311462e-01
1.958148926496505737e-02
4.203914999961853027e-01
6.105902604758739471e-03
2.547346830368041992e+00
1.977086532860994339e-03
2.739287912845611572e-02
7.840151786804199219e+00
2.450447082519531250e-01
2.821692526340484619e-01
5.990145727992057800e-03
2.929470967501401901e-03
3.802808001637458801e-02
4.823001101613044739e-02
2.195425704121589661e-02
2.818326652050018311e-01
8.791303038597106934e-01
6.869733929634094238e-01
1.055312827229499817e-01
3.745432943105697632e-02
1.887118257582187653e-02
8.595302933827042580e-04
2.644643560051918030e-02
7.236345767974853516e+00
2.546466350555419922e+00
6.941285915672779083e-03
1.324158459901809692e-01
3.364861011505126953e-02
9.961915202438831329e-03
3.919698894023895264e-01
3.672337532043457031e-02
3.152906894683837891e-03
2.037638798356056213e-02
5.484534054994583130e-02
1.079962402582168579e-01
2.232197523117065430e+00
3.265382051467895508e-01
4.155685424804687500e+00
2.944987416267395020e-01
3.327870666980743408e-01
2.612625360488891602e+00
1.179447412490844727e+00
3.974702954292297363e-02
1.714908145368099213e-02
2.711547315120697021e-01
8.903370797634124756e-02
2.825916111469268799e-01
1.946514248847961426e+00
2.377864122390747070e-01
9.383079409599304199e-02
3.637518286705017090e-01
1.767100580036640167e-02
6.807170808315277100e-02
3.547093132510781288e-03
1.905269742012023926e+00
2.920279977843165398e-03
1.576298661530017853e-02
2.153773456811904907e-01
2.087553497403860092e-03
8.146432787179946899e-02
4.294711053371429443e-01
4.380102828145027161e-02
4.187190532684326172e+00
1.017419993877410889e-02
7.707370910793542862e-03
3.619062528014183044e-02
1.264258846640586853e-02
2.697485266253352165e-03
2.953143596649169922e+00
3.428997099399566650e-02
4.821028187870979309e-02
1.939836703240871429e-02
2.751995250582695007e-02
3.495951741933822632e-02
2.179398946464061737e-02
1.121524423360824585e-01
4.832233786582946777e-01
5.068762227892875671e-02
1.199650345370173454e-03
1.033788546919822693e-02
2.155933141708374023e+00
2.155517926439642906e-03
2.851823903620243073e-02
6.500763893127441406e-01
6.077805161476135254e-01
5.531976744532585144e-02
1.783934682607650757e-01
2.845222949981689453e-01
1.071207821369171143e-01
4.442214849404990673e-04
2.561756968498229980e-02
6.001829728484153748e-02
6.765947677195072174e-03
3.781611844897270203e-02
9.952502697706222534e-02
1.397377848625183105e-01
2.110258638858795166e-01
5.883073806762695312e-02
7.963727228343486786e-03
9.957404434680938721e-02
4.237598180770874023e-02
5.408945679664611816e-01
4.051118344068527222e-02
1.860819011926651001e-01
4.385195672512054443e-03
5.336345434188842773e-01
1.428984454832971096e-03
1.352801769971847534e-01
4.934202879667282104e-02
5.191965579986572266e+00
9.449443966150283813e-02
7.423177361488342285e-01
7.316047791391611099e-03
1.903756894171237946e-02
1.827642321586608887e-02
1.947525143623352051e-02
2.892288006842136383e-02
8.875354379415512085e-02
1.435954403132200241e-02
1.108335137367248535e+00
5.737347006797790527e-01
1.122040301561355591e-01
6.474636554718017578e+00
2.459562873840332031e+01
2.317115664482116699e-02
1.436348166316747665e-02
5.289106047712266445e-04
1.254366487264633179e-01
6.214001402258872986e-02
7.412016391754150391e-02
1.221054649353027344e+01
8.954000077210366726e-04
6.502447605133056641e+00
3.136816620826721191e-01
3.387297317385673523e-02
1.027110032737255096e-02
1.476015988737344742e-02
1.285705375671386719e+01
5.998049545288085938e+01
5.594668960571289062e+01
5.112430453300476074e-01
1.531387901306152344e+01
2.763899326324462891e+00
2.498738098144531250e+02
1.262636852264404297e+01
1.426836547851562500e+02
1.743776893615722656e+01
1.063315048217773438e+02
2.641477203369140625e+01
1.446195220947265625e+01
8.345826268196105957e-01
2.154791641235351562e+01
5.303937149047851562e+01
2.460228538513183594e+01
1.793739471435546875e+02
2.645750617980957031e+01
4.569174766540527344e+00
8.823910713195800781e+00
6.409600257873535156e+00
1.501749515533447266e+01
2.609216499328613281e+01
3.384639358520507812e+01
1.951554894447326660e+00
4.938567352294921875e+01
3.988578186035156250e+02
5.707863159179687500e+02
8.203054046630859375e+01
3.091875791549682617e+00
3.038328409194946289e+00
4.724203586578369141e+00
5.175994873046875000e+02
4.314367771148681641e+00
1.985384750366210938e+01
8.531016111373901367e-01
2.227804362773895264e-01
3.362309217453002930e+00
8.398160552978515625e+01
1.931569580078125000e+03
3.424189376831054688e+01
7.304163575172424316e-01
2.036073913574218750e+02
2.739105987548828125e+01
1.665916748046875000e+02
1.804037780761718750e+02
2.186323928833007812e+01
2.314634084701538086e+00
3.149880981445312500e+02
8.049665069580078125e+01
1.871968078613281250e+01
1.962740898132324219e+01
9.442729187011718750e+01
6.644312858581542969e+00
2.600666522979736328e+00
3.636095762252807617e+00
1.750378131866455078e+00
8.651807785034179688e+00
4.075273132324218750e+02
5.430295181274414062e+01
3.749326477050781250e+02
3.053390264511108398e+00
1.626522445678710938e+01
4.385736465454101562e+00
3.359001541137695312e+01
2.805496406555175781e+01
1.308340820312500000e+03
1.715624023437500000e+03
4.896975708007812500e+01
1.082914099097251892e-01
5.920929336547851562e+01
2.279395580291748047e+00
1.354276123046875000e+02
1.382250022888183594e+01
1.240094470977783203e+01
5.970008969306945801e-01
3.642297744750976562e+00
5.706216430664062500e+01
3.394174957275390625e+01
3.173410606384277344e+01
4.114308357238769531e+00
1.614815330505371094e+01
1.661161613464355469e+01
1.410809516906738281e+01
5.844967842102050781e+00
2.818756699562072754e-01
3.287500762939453125e+01
3.214794540405273438e+01
2.717171669006347656e+00
6.227486610412597656e+00
1.212566909790039062e+02
5.569146347045898438e+01
2.836984825134277344e+01
5.931891250610351562e+01
4.711944198608398438e+01
5.975445747375488281e+00
2.454264892578125000e+03
3.586454868316650391e+00
4.951411056518554688e+01
1.610118389129638672e+00
6.701176166534423828e+00
6.082947254180908203e-01
1.355696258544921875e+02
2.357182884216308594e+01
3.612160491943359375e+01
6.222149848937988281e+00
3.990286560058593750e+02
5.316514282226562500e+02
4.810083866119384766e+00
2.305598855018615723e-01
1.152994689941406250e+02
3.958258819580078125e+01
9.570702552795410156e+00
6.199562072753906250e+01
7.015496826171875000e+01
2.090734100341796875e+01
1.120705223083496094e+01
3.781120681762695312e+01
1.906251525878906250e+01
4.254640197753906250e+01
8.811951171875000000e+03
2.907730407714843750e+02
6.120948410034179688e+01
4.165090560913085938e+00
2.842225036621093750e+02
1.604464149475097656e+01
2.437097787857055664e+00
5.249486083984375000e+02
1.432759094238281250e+02
5.217241287231445312e+01
1.781569862365722656e+01
2.060726732015609741e-01
7.022481918334960938e+00
2.034178972244262695e+00
2.520618915557861328e+00
6.773275852203369141e+00
2.015782470703125000e+02
8.164970397949218750e+01
1.784714660644531250e+02
9.255851745605468750e+01
1.195165395736694336e+00
5.944466552734375000e+02
3.255809402465820312e+01
1.768914337158203125e+02
2.515242576599121094e+01
5.237634887695312500e+02
1.371314883232116699e+00
4.495716094970703125e+01
1.723404235839843750e+02
1.248029232025146484e+00
4.560756530761718750e+02
7.970646667480468750e+01
1.402604222297668457e+00
1.672145843505859375e+02
1.400044822692871094e+01
2.115123987197875977e+00
1.378054738044738770e+00
1.234173655509948730e+00
1.604035973548889160e+00
4.357880859375000000e+02
1.820966186523437500e+02
1.651428833007812500e+02
1.836958503723144531e+01
7.214324188232421875e+01
6.117918014526367188e+00
4.603729248046875000e+01
1.141377716064453125e+02
5.169293212890625000e+02
2.233179092407226562e+00
1.662234497070312500e+01
5.140176391601562500e+02
2.820023775100708008e+00
7.893337726593017578e+00
1.910095825195312500e+02
2.629552841186523438e+01
7.534673690795898438e+00
3.771383666992187500e+01
4.055498123168945312e+00
3.137448120117187500e+01
3.878612756729125977e+00
5.673842620849609375e+01
1.892541198730468750e+02
4.471377134323120117e-01
3.740902832031250000e+03
2.180111122131347656e+01
2.030749559402465820e+00
1.139383125305175781e+01
1.821033020019531250e+02
3.878798675537109375e+01
2.667063951492309570e+00
3.183639526367187500e+01
4.716595649719238281e+00
5.460353851318359375e+01
4.102260589599609375e+01
6.887275576591491699e-01
3.035417556762695312e+01
2.412842988967895508e+00
1.613939285278320312e+00
5.280818462371826172e+00
1.507499217987060547e+01
3.619222402572631836e+00
1.119221687316894531e+01
2.084063339233398438e+01
9.430934906005859375e+01
6.300718784332275391e-01
1.579275512695312500e+01
1.970728759765625000e+02
9.115115165710449219e+00
2.941445350646972656e+01
1.452588081359863281e+01
5.274039268493652344e+00
1.809909582138061523e+00
1.575213989257812500e+03
2.666207122802734375e+01
1.012410278320312500e+02
1.006528377532958984e+01
2.587681579589843750e+02
1.646097064018249512e+00
1.241400833129882812e+02
3.559128173828125000e+03
3.468351662158966064e-01
1.611007809638977051e+00
2.372138824462890625e+02
2.572946548461914062e+00
5.602680664062500000e+02
5.467137813568115234e+00
2.154019546508789062e+01
2.786411046981811523e+00
1.444148540496826172e+01
3.904318809509277344e-01
1.883472251892089844e+01
1.549955606460571289e+00
9.573838043212890625e+01
9.419393539428710938e+00
6.245219039916992188e+01
1.466430902481079102e+00
9.080993652343750000e+00
1.887219238281250000e+01
1.523379087448120117e+00
3.589455261230468750e+02
2.412014198303222656e+01
1.071947002410888672e+01
5.969961643218994141e+00
4.775063323974609375e+01
1.024872894287109375e+02
1.372572479248046875e+02
4.339117109775543213e-01
6.642899780273437500e+02
8.809398651123046875e+00
2.258716011047363281e+01
3.526103210449218750e+01
2.226319789886474609e+00
1.529800109863281250e+02
6.643969726562500000e+01
4.110064506530761719e+00
5.829292297363281250e+01
1.271855831146240234e+01
3.992766380310058594e+00
4.055345764160156250e+02
2.534922790527343750e+01
6.013536834716796875e+01
3.237841796875000000e+01
2.364465332031250000e+02
5.913996505737304688e+01
1.001877212524414062e+02
3.329976654052734375e+01
2.997117614746093750e+02
2.415175586938858032e-01
1.286432075500488281e+01
1.279488037109375000e+03
6.920713043212890625e+01
1.526797637939453125e+02
7.761887311935424805e-01
4.586578905582427979e-01
3.033795356750488281e+01
1.367339611053466797e+01
1.299623012542724609e+01
2.700931167602539062e+01
3.162349700927734375e+00
1.737732887268066406e+01
6.631662845611572266e+00
5.642286777496337891e+00
1.541400432586669922e+01
1.157564401626586914e+00
3.646634817123413086e+00
3.839877319335937500e+02
3.069778747558593750e+02
3.898203134536743164e+00
6.887791442871093750e+01
3.402443313598632812e+01
7.997423648834228516e+00
2.920510253906250000e+03
5.864759445190429688e+00
4.130605316162109375e+01
1.407710361480712891e+01
4.238217926025390625e+01
2.476797180175781250e+02
1.091790390014648438e+01
1.081405868530273438e+02
1.058921585083007812e+02
7.969179534912109375e+01
3.679770278930664062e+01
5.966406250000000000e+02
1.369390392303466797e+01
1.073135089874267578e+01
1.958774414062500000e+02
1.565247726440429688e+01
1.359915637969970703e+01
4.418807983398437500e+02
3.055210571289062500e+02
2.669697265625000000e+02
8.850119628906250000e+02
2.428331375122070312e+00
7.383061885833740234e+00
8.369576334953308105e-01
5.111649513244628906e+00
1.520082473754882812e+01
4.809358119964599609e+00
1.216864466667175293e+00
5.415900707244873047e+00
1.315887689590454102e+00
5.347665405273437500e+02
3.046923637390136719e+01
1.929274749755859375e+02
1.699135284423828125e+02
8.880591392517089844e+00
5.268775939941406250e+01
2.771058082580566406e+01
3.427870941162109375e+01
1.455989003181457520e+00
2.686814208984375000e+03
2.993128662109375000e+02
1.659634399414062500e+01
5.911583328247070312e+01
8.338982391357421875e+01
7.707103881835937500e+02
2.580668830871582031e+01
3.575361251831054688e+00
3.260683441162109375e+01
1.322114229202270508e+00
3.253917694091796875e+01
2.922248840332031250e+02
3.741353988647460938e+01
4.965611457824707031e+00
5.360298156738281250e+00
1.813585815429687500e+02
6.679280395507812500e+02
4.796204376220703125e+01
3.232545852661132812e+01
3.273081588745117188e+01
3.525681793689727783e-01
1.228725761175155640e-01
2.889346694946289062e+01
1.490788841247558594e+01
5.809527873992919922e+00
2.482017517089843750e+01
1.577174072265625000e+02
1.268723068237304688e+02
4.163671875000000000e+01
3.396672725677490234e+00
2.402650594711303711e+00
6.114109039306640625e+00
1.103488159179687500e+01
2.100570526123046875e+02
3.575995445251464844e+00
5.895978927612304688e+01
5.279040932655334473e-01
8.412943840026855469e+00
2.941204309463500977e-01
8.018006324768066406e+00
5.280513916015625000e+02
3.640191015625000000e+04
9.385964393615722656e+00
6.818562316894531250e+01
1.124876689910888672e+01
4.731504917144775391e+00
7.903601074218750000e+01
2.934570312500000000e+02
2.301671028137207031e+00
3.688572168350219727e+00
1.562683773040771484e+01
1.216219100952148438e+02
4.539740753173828125e+01
8.883367538452148438e+00
2.602523498535156250e+02
1.016471191406250000e+03
7.278207778930664062e+00
4.515155792236328125e+00
3.938627481460571289e+00
9.680984497070312500e+01
3.405195951461791992e+00
6.355049133300781250e+00
4.725946044921875000e+02
2.298195075988769531e+01
1.398678588867187500e+02
1.565925292968750000e+03
9.324929046630859375e+01
1.900642037391662598e+00
9.132275390625000000e+01
