7.856563478708267212e-02
1.913502216339111328e-01
7.853580266237258911e-02
5.481063388288021088e-03
8.162008970975875854e-02
4.467481076717376709e-01
4.351959004998207092e-02
1.444045733660459518e-02
9.381113201379776001e-02
1.467982977628707886e-01
2.398261874914169312e-01
8.820153772830963135e-02
9.021573513746261597e-02
1.869061589241027832e-02
2.078409306704998016e-02
6.328983604907989502e-02
5.586715880781412125e-03
3.933536633849143982e-02
2.638100273907184601e-02
1.611296646296977997e-02
1.374283526092767715e-02
1.474307384341955185e-02
2.192354500293731689e-01
4.258273169398307800e-02
4.380538940429687500e+00
1.278976723551750183e-02
3.369465097784996033e-02
2.100654244422912598e-01
4.492853879928588867e-01
1.242043375968933105e+00
4.139197990298271179e-03
1.476472709327936172e-03
1.119419038295745850e-01
2.686585187911987305e-01
2.266665920615196228e-02
2.745410799980163574e-01
2.287478186190128326e-02
3.836216637864708900e-03
9.088899195194244385e-02
3.251202404499053955e-02
6.954019665718078613e-01
1.852876245975494385e-01
5.093509331345558167e-02
4.128143310546875000e+00
3.163518905639648438e-01
1.521997898817062378e-01
3.887880221009254456e-02
1.371096611022949219e+00
3.819047473371028900e-03
5.591561198234558105e-01
1.597186625003814697e-01
4.860664904117584229e-02
5.771948099136352539e-01
9.910757094621658325e-02
5.319566931575536728e-03
1.082416903227567673e-02
1.306466013193130493e-02
1.949970722198486328e-01
2.812451124191284180e-02
1.558253097534179688e+01
1.888464018702507019e-02
6.377785682678222656e+00
2.945476770401000977e-02
2.879386022686958313e-02
1.745442450046539307e-01
2.825299799442291260e-01
4.249841272830963135e-01
1.005262285470962524e-01
2.751570463180541992e+00
9.105929136276245117e-01
3.926233039237558842e-04
7.405461668968200684e-01
8.400906808674335480e-03
1.152450442314147949e+00
1.698680222034454346e-01
6.724464893341064453e-02
1.955628208816051483e-02
3.106107562780380249e-02
3.854985907673835754e-02
5.199680477380752563e-02
4.951488673686981201e-01
3.577113896608352661e-02
1.103890910744667053e-01
2.657417906448245049e-03
7.606005761772394180e-03
6.731193512678146362e-03
4.193414933979511261e-04
3.416486084461212158e-02
1.118467688560485840e+00
2.025224966928362846e-03
2.264546789228916168e-02
1.101119145750999451e-01
2.346918918192386627e-02
7.717487961053848267e-02
4.078005999326705933e-02
6.394802331924438477e-01
2.196848839521408081e-01
6.643715500831604004e-01
1.645902730524539948e-02
2.147916257381439209e-01
7.060534954071044922e-01
5.880760028958320618e-02
8.317830041050910950e-03
3.884575143456459045e-02
5.674373731017112732e-02
2.942619323730468750e-01
1.065895035862922668e-01
1.232101619243621826e-01
7.641426324844360352e-01
7.075570523738861084e-02
2.304642088711261749e-02
2.309593111276626587e-01
2.077106833457946777e-01
5.846781730651855469e-01
7.638737559318542480e-02
1.044117063283920288e-01
1.292224675416946411e-01
3.000837564468383789e-02
6.225324701517820358e-03
2.888698317110538483e-02
4.726339597254991531e-03
2.887677383422851562e+01
5.171210169792175293e-01
1.160775423049926758e+00
1.804453087970614433e-03
4.020722210407257080e-02
2.446238882839679718e-02
1.338579808361828327e-03
2.177051007747650146e-01
6.467465311288833618e-02
7.683745622634887695e-01
1.772952973842620850e-01
1.090676523745059967e-02
4.095657728612422943e-03
4.166188836097717285e-02
1.054050028324127197e-02
2.584363520145416260e-02
9.058502316474914551e-01
1.097866222262382507e-01
1.085872411727905273e+00
7.266842573881149292e-02
3.191707283258438110e-02
4.689678668975830078e+00
1.310109615325927734e+00
3.991097450256347656e+00
1.390664428472518921e-01
3.036994934082031250e-01
6.387247890233993530e-02
1.747557371854782104e-01
3.732638061046600342e-02
3.115434758365154266e-02
7.566508054733276367e-01
1.351631581783294678e-01
8.601451665163040161e-02
2.384423464536666870e-01
1.016673445701599121e-01
4.040280357003211975e-02
4.455463215708732605e-02
2.369325840845704079e-03
5.076302681118249893e-03
1.567748636007308960e-01
6.081782281398773193e-02
1.170098036527633667e-01
1.475872546434402466e-01
1.417512297630310059e+00
2.740706205368041992e-01
4.821380078792572021e-01
2.677796483039855957e-01
3.309302330017089844e+00
4.325616639107465744e-03
2.938089668750762939e-01
1.797112375497817993e-01
6.391097325831651688e-03
7.301466166973114014e-02
1.278565078973770142e-01
9.628334641456604004e-01
8.556504547595977783e-02
6.321371346712112427e-02
4.212905094027519226e-02
1.088247895240783691e+00
1.575836688280105591e-01
9.079685807228088379e-02
1.801754981279373169e-01
6.261634826660156250e-02
2.349709033966064453e+00
1.256667524576187134e-01
9.950332343578338623e-02
5.616331100463867188e-02
3.195524215698242188e-01
8.383689820766448975e-02
9.590336680412292480e-01
7.189218699932098389e-02
1.699297106824815273e-03
7.808081060647964478e-02
1.884965151548385620e-01
8.251801878213882446e-02
1.152213886380195618e-01
5.895920470356941223e-02
5.082163494080305099e-03
3.395765125751495361e-01
8.895927108824253082e-03
7.190725952386856079e-02
9.694125503301620483e-02
4.737728834152221680e-02
6.838081777095794678e-02
1.400271989405155182e-02
1.086543500423431396e-01
1.221818447113037109e+01
1.106547564268112183e-02
6.347185000777244568e-03
2.715520933270454407e-02
6.728328019380569458e-02
2.570651704445481300e-03
4.698286056518554688e-01
1.146749705076217651e-01
1.155141592025756836e+00
5.998499393463134766e-01
1.755297183990478516e-02
4.463937133550643921e-03
1.518813729286193848e+00
1.571380853652954102e+00
8.271317929029464722e-03
1.806523650884628296e-02
3.016743995249271393e-02
5.253041163086891174e-04
2.492847889661788940e-01
8.747691288590431213e-03
1.604527711868286133e+00
1.810956001281738281e-01
3.407169133424758911e-02
3.450365737080574036e-02
4.274749010801315308e-02
1.916553638875484467e-02
7.174089550971984863e-02
2.610005810856819153e-02
3.806790709495544434e-01
1.242455467581748962e-01
4.188021644949913025e-03
3.844995796680450439e-01
8.374733850359916687e-03
2.228551805019378662e-01
1.979998126626014709e-02
1.024184003472328186e-01
1.424946822226047516e-02
3.352126479148864746e-02
4.258463904261589050e-02
1.718785911798477173e-01
5.992772802710533142e-02
8.043663203716278076e-02
2.134010791778564453e-01
1.355003267526626587e-01
7.363840341567993164e-01
1.725707319565117359e-03
5.594698190689086914e-01
1.984697729349136353e-01
1.819565445184707642e-01
2.470713615417480469e+00
8.667962998151779175e-02
7.422382384538650513e-02
3.856088966131210327e-02
2.687897346913814545e-02
7.558310870081186295e-03
3.089437782764434814e-01
9.614120423793792725e-02
2.394604869186878204e-02
3.890097439289093018e-01
8.426683954894542694e-03
1.516105890274047852e+00
1.684449845924973488e-03
4.098332300782203674e-02
6.202539443969726562e+00
2.717960774898529053e-01
1.119802147150039673e-01
7.764857728034257889e-03
2.664348110556602478e-03
2.684849314391613007e-02
7.118678092956542969e-02
2.866119891405105591e-02
9.320189058780670166e-02
7.525395154953002930e-01
8.679791092872619629e-01
1.853342056274414062e-01
5.522251874208450317e-02
2.225012332201004028e-02
2.508455421775579453e-03
2.214592508971691132e-02
3.862712860107421875e+00
1.749303460121154785e+00
1.518017239868640900e-02
1.462829560041427612e-01
1.998299174010753632e-02
1.370606943964958191e-02
2.799125909805297852e-01
2.345052361488342285e-02
7.553573232144117355e-03
1.940066181123256683e-02
4.435621947050094604e-02
6.776979565620422363e-02
1.224639177322387695e+00
1.987190544605255127e-01
1.874413251876831055e+00
1.989220827817916870e-01
2.379618883132934570e-01
2.267400264739990234e+00
3.793265521526336670e-01
3.430767357349395752e-02
1.114451792091131210e-02
1.526516973972320557e-01
1.933132261037826538e-01
4.143652021884918213e-01
1.545880675315856934e+00
1.922622621059417725e-01
2.260542362928390503e-01
2.440276592969894409e-01
1.448000874370336533e-02
1.030245423316955566e-01
5.138163920491933823e-03
1.514418363571166992e+00
3.053427441045641899e-03
1.451524440199136734e-02
1.888194829225540161e-01
5.509110633283853531e-03
1.639214605093002319e-01
6.282083392143249512e-01
7.574913650751113892e-02
2.782162904739379883e+00
1.453437376767396927e-02
1.469557825475931168e-02
1.921200938522815704e-02
7.933103479444980621e-03
2.707043662667274475e-03
4.424734115600585938e+00
4.848758131265640259e-02
5.835675820708274841e-02
2.988901175558567047e-02
3.507114201784133911e-02
3.153930976986885071e-02
2.088112570345401764e-02
1.342178583145141602e-01
6.078444719314575195e-01
7.461313158273696899e-02
3.913985565304756165e-03
1.052965968847274780e-02
1.847807049751281738e+00
3.548776498064398766e-03
1.860997825860977173e-02
9.081516861915588379e-01
5.880909562110900879e-01
1.095012426376342773e-01
3.660333752632141113e-01
1.823943704366683960e-01
5.453200638294219971e-02
1.080292975530028343e-03
2.340728975832462311e-02
9.197352081537246704e-02
5.622819531708955765e-03
2.785018458962440491e-02
1.300022751092910767e-01
2.136568427085876465e-01
1.388687342405319214e-01
5.911513417959213257e-02
1.955595612525939941e-02
7.905878871679306030e-02
4.343824461102485657e-02
5.125126838684082031e-01
8.729388564825057983e-02
9.837701916694641113e-02
1.016335282474756241e-02
4.699022173881530762e-01
1.641598879359662533e-03
1.754860281944274902e-01
3.082138299942016602e-02
4.513614177703857422e+00
8.956364542245864868e-02
4.257494509220123291e-01
7.663687225431203842e-03
2.392122149467468262e-02
4.408368840813636780e-02
2.635921910405158997e-02
1.335753966122865677e-02
9.114971011877059937e-02
1.629388704895973206e-02
9.845975041389465332e-01
6.637169718742370605e-01
1.317902207374572754e-01
2.035258293151855469e+00
1.576366901397705078e+01
2.855719253420829773e-02
2.526480332016944885e-02
5.967614706605672836e-04
6.791032850742340088e-02
1.140100955963134766e-01
7.265692204236984253e-02
1.185956001281738281e+01
1.634865999221801758e-03
3.392422437667846680e+00
2.301045060157775879e-01
4.998899623751640320e-02
1.646712981164455414e-02
1.766618713736534119e-02
2.623072624206542969e+00
2.255090332031250000e+01
2.454295730590820312e+01
3.807664215564727783e-01
7.119273185729980469e+00
2.001962900161743164e+00
4.237998580932617188e+01
4.947391033172607422e+00
7.298452758789062500e+01
3.374495983123779297e+00
4.433703231811523438e+01
1.595977115631103516e+01
5.581615447998046875e+00
3.855723142623901367e-01
1.171005439758300781e+01
3.053505134582519531e+01
8.369709968566894531e+00
6.500847625732421875e+01
2.190835380554199219e+01
2.533577680587768555e+00
2.668046236038208008e+00
2.029133081436157227e+00
1.090777206420898438e+01
1.096489334106445312e+01
2.394178009033203125e+01
1.179330706596374512e+00
9.412790298461914062e+00
6.920587921142578125e+01
2.112973175048828125e+02
1.485148143768310547e+01
2.051293134689331055e+00
1.521645307540893555e+00
2.571606636047363281e+00
1.910687103271484375e+02
1.595815420150756836e+00
1.921194648742675781e+01
5.484407544136047363e-01
3.193223476409912109e-01
2.084154129028320312e+00
1.814561843872070312e+01
5.954951782226562500e+02
1.258692455291748047e+01
6.418786048889160156e-01
5.294781112670898438e+01
1.222006988525390625e+01
6.486118316650390625e+01
6.152017593383789062e+01
1.412969017028808594e+01
1.320735096931457520e+00
9.666371154785156250e+01
2.722297286987304688e+01
4.961878776550292969e+00
1.402155971527099609e+01
4.160354614257812500e+01
5.881187915802001953e+00
6.576172113418579102e-01
1.551313877105712891e+00
1.334996581077575684e+00
3.490921735763549805e+00
9.897164154052734375e+01
2.500711250305175781e+01
1.393579254150390625e+02
1.284331321716308594e+00
4.815697669982910156e+00
1.834676623344421387e+00
2.140196990966796875e+01
6.246322154998779297e+00
4.362182312011718750e+02
4.759885559082031250e+02
5.334390258789062500e+01
5.119320750236511230e-02
3.130882835388183594e+01
1.541953206062316895e+00
8.176603698730468750e+01
1.385946655273437500e+01
5.558507442474365234e+00
6.757408380508422852e-01
1.331346154212951660e+00
1.734637832641601562e+01
1.942225646972656250e+01
1.453524494171142578e+01
2.229872226715087891e+00
4.312163829803466797e+00
5.532305717468261719e+00
2.746536254882812500e+00
2.187652587890625000e+00
4.307477474212646484e-01
1.800525093078613281e+01
1.667429924011230469e+01
9.786727428436279297e-01
3.101467132568359375e+00
5.556037902832031250e+01
2.656511688232421875e+01
9.850111007690429688e+00
1.493735790252685547e+01
1.728977966308593750e+01
3.740774393081665039e+00
4.973743591308593750e+02
2.232884645462036133e+00
1.760443687438964844e+01
5.297309160232543945e-01
1.575753688812255859e+00
2.439421415328979492e-01
6.340013885498046875e+01
9.974067687988281250e+00
1.665353965759277344e+01
2.999303817749023438e+00
1.607357940673828125e+02
1.857431335449218750e+02
1.508406877517700195e+00
2.155915796756744385e-01
2.424823951721191406e+01
8.784932136535644531e+00
8.004628181457519531e+00
1.758485031127929688e+01
1.421860408782958984e+01
7.962819099426269531e+00
4.047040939331054688e+00
6.566958904266357422e+00
7.484932422637939453e+00
1.355312633514404297e+01
1.705271606445312500e+03
2.413153228759765625e+02
2.061737251281738281e+01
3.386031150817871094e+00
9.159196472167968750e+01
8.885553359985351562e+00
1.931868553161621094e+00
1.770502471923828125e+02
3.911192321777343750e+01
9.893919944763183594e+00
1.298880577087402344e+01
1.635461002588272095e-01
1.743355274200439453e+00
8.797929883003234863e-01
1.067986726760864258e+00
3.821748495101928711e+00
7.411795806884765625e+01
3.344478225708007812e+01
3.675217056274414062e+01
8.485890960693359375e+01
5.140667557716369629e-01
1.672481536865234375e+02
3.727812957763671875e+01
5.173035049438476562e+01
9.970960617065429688e+00
1.744351196289062500e+02
1.448137879371643066e+00
1.615454673767089844e+01
2.795244407653808594e+01
2.189156293869018555e+00
1.791495513916015625e+02
1.349867820739746094e+01
1.099883675575256348e+00
4.313940811157226562e+01
6.804090499877929688e+00
1.404337882995605469e+00
1.120852112770080566e+00
5.827455520629882812e-01
1.685825228691101074e+00
9.515251159667968750e+01
6.819654846191406250e+01
3.751082992553710938e+01
6.655014514923095703e+00
2.177651214599609375e+01
2.191236019134521484e+00
1.464073371887207031e+01
5.049707031250000000e+01
2.676593322753906250e+02
6.300724148750305176e-01
1.383707427978515625e+01
1.003478927612304688e+02
1.772966027259826660e+00
5.404994010925292969e+00
1.305775451660156250e+02
1.127263164520263672e+01
3.289765834808349609e+00
1.425963783264160156e+01
3.231777191162109375e+00
2.432637023925781250e+01
1.109593272209167480e+00
2.967859077453613281e+01
6.031258010864257812e+01
1.702001392841339111e-01
6.324922485351562500e+02
1.522610664367675781e+01
1.452940702438354492e+00
3.426884889602661133e+00
7.700102233886718750e+01
1.555847930908203125e+01
1.614824414253234863e+00
6.749143600463867188e+00
1.239011883735656738e+00
1.546222877502441406e+01
1.545693588256835938e+01
3.159241676330566406e-01
5.172140121459960938e+00
2.015546798706054688e+00
1.093494415283203125e+00
3.468382835388183594e+00
8.714587211608886719e+00
1.909822106361389160e+00
8.212761878967285156e+00
5.391217231750488281e+00
3.264525222778320312e+01
3.771647810935974121e-01
8.018150329589843750e+00
6.114478302001953125e+01
7.325140953063964844e+00
2.023734092712402344e+01
8.907352447509765625e+00
5.495117187500000000e+00
7.284451127052307129e-01
2.144633331298828125e+02
6.445029735565185547e+00
1.994216728210449219e+01
3.258528470993041992e+00
6.219047164916992188e+01
7.715294361114501953e-01
6.891983795166015625e+01
6.995434570312500000e+02
3.968659937381744385e-01
6.135535240173339844e-01
3.743021392822265625e+01
1.270696401596069336e+00
2.963857421875000000e+02
4.714083671569824219e+00
5.069377422332763672e+00
1.298973202705383301e+00
5.214377880096435547e+00
5.143283009529113770e-01
1.720099258422851562e+01
8.080530762672424316e-01
5.724699783325195312e+01
2.165751457214355469e+00
2.325070381164550781e+01
6.688619852066040039e-01
1.393225073814392090e+00
5.454820632934570312e+00
1.383757829666137695e+00
5.796574020385742188e+01
6.099887371063232422e+00
3.585964202880859375e+00
3.350618362426757812e+00
1.776296234130859375e+01
3.734372329711914062e+01
4.940587997436523438e+01
3.112876713275909424e-01
1.154039230346679688e+02
4.286651611328125000e+00
5.671580314636230469e+00
9.435725212097167969e+00
1.206760525703430176e+00
8.566862487792968750e+01
2.096322441101074219e+01
6.016662120819091797e+00
1.443623542785644531e+01
4.103042602539062500e+00
4.231683731079101562e+00
6.886576080322265625e+01
2.959182548522949219e+01
1.671495819091796875e+01
1.201796627044677734e+01
3.589486694335937500e+01
1.566152572631835938e+01
3.223429107666015625e+01
3.729933166503906250e+01
1.137345962524414062e+02
1.884173899888992310e-01
9.017747879028320312e+00
3.710888061523437500e+02
4.782392501831054688e+01
7.043992614746093750e+01
4.738590419292449951e-01
4.868799746036529541e-01
1.031108474731445312e+01
6.398337841033935547e+00
1.006017875671386719e+01
9.641602516174316406e+00
3.286167621612548828e+00
1.244449806213378906e+01
6.973475456237792969e+00
5.601245880126953125e+00
3.321505308151245117e+00
6.528536677360534668e-01
2.526343584060668945e+00
1.198237228393554688e+02
5.030497360229492188e+01
4.715003967285156250e+00
1.296969032287597656e+01
1.176045227050781250e+01
4.932063102722167969e+00
7.330897216796875000e+02
3.659480571746826172e+00
1.390392494201660156e+01
4.981474399566650391e+00
2.002947616577148438e+01
3.418428802490234375e+01
3.434614658355712891e+00
1.873480033874511719e+01
3.331740570068359375e+01
3.421145629882812500e+01
1.014726734161376953e+01
1.143188247680664062e+02
5.967046737670898438e+00
4.467404842376708984e+00
6.623409271240234375e+01
4.967255115509033203e+00
1.015386486053466797e+01
1.313447723388671875e+02
8.178144073486328125e+01
8.344053649902343750e+01
3.376695556640625000e+02
9.588870406150817871e-01
2.473916530609130859e+00
7.204741239547729492e-01
1.342695593833923340e+00
7.731673240661621094e+00
1.530846595764160156e+00
6.916328668594360352e-01
3.015361070632934570e+00
7.548467516899108887e-01
3.184660644531250000e+02
1.400968456268310547e+01
1.228543395996093750e+02
3.338588333129882812e+01
2.919518232345581055e+00
2.709392356872558594e+01
7.602045536041259766e+00
7.623235702514648438e+00
8.492197394371032715e-01
4.721524353027343750e+02
7.380960845947265625e+01
6.998787879943847656e+00
1.909947776794433594e+01
6.651689147949218750e+01
2.381719512939453125e+02
6.680338859558105469e+00
1.492583870887756348e+00
2.071583366394042969e+01
6.640803813934326172e-01
8.646283149719238281e+00
3.069218635559082031e+01
1.915235519409179688e+01
1.290102005004882812e+00
2.712765693664550781e+00
1.082182235717773438e+02
1.231811828613281250e+02
3.135057640075683594e+01
2.104475593566894531e+01
1.356727027893066406e+01
2.273176461458206177e-01
1.363665014505386353e-01
1.672740745544433594e+01
8.906426429748535156e+00
2.113495349884033203e+00
1.448572826385498047e+01
8.232227325439453125e+01
1.074394607543945312e+02
1.681449890136718750e+01
2.783470630645751953e+00
1.706346750259399414e+00
4.559177398681640625e+00
6.744261741638183594e+00
5.923533248901367188e+01
2.633057117462158203e+00
1.919278335571289062e+01
8.210825324058532715e-01
4.698607921600341797e+00
1.769235283136367798e-01
4.568910598754882812e+00
1.096893005371093750e+02
9.981193359375000000e+03
5.570284843444824219e+00
1.732623672485351562e+01
2.784390926361083984e+00
2.125931978225708008e+00
3.636617660522460938e+01
8.011796569824218750e+01
1.161506891250610352e+00
1.360587716102600098e+00
6.053116321563720703e+00
6.636510467529296875e+01
3.134520912170410156e+01
3.247717380523681641e+00
9.652405548095703125e+01
3.091610717773437500e+02
2.229443073272705078e+00
3.098623037338256836e+00
2.519893646240234375e+00
2.379648208618164062e+01
2.821408748626708984e+00
3.999091625213623047e+00
3.462315979003906250e+02
7.126060009002685547e+00
3.310862350463867188e+01
7.764744262695312500e+02
5.250478744506835938e+01
1.711398959159851074e+00
5.209193038940429688e+01
