6.314966082572937012e-02
5.091465115547180176e-01
3.969217836856842041e-01
2.231968753039836884e-02
9.218204021453857422e-01
1.374642133712768555e+00
1.339980959892272949e-01
2.419766411185264587e-02
9.789455533027648926e-01
1.053651049733161926e-01
4.878276586532592773e-01
2.258643060922622681e-01
5.326469615101814270e-02
4.251813888549804688e-02
6.453253328800201416e-02
2.281000912189483643e-01
1.466834098100662231e-01
1.401743590831756592e-01
4.187390953302383423e-02
7.863443344831466675e-02
1.691668480634689331e-01
2.833312749862670898e-02
1.144056081771850586e+00
5.541677027940750122e-02
8.330183029174804688e+00
6.705896556377410889e-02
1.617689728736877441e-01
2.504015266895294189e-01
3.001229047775268555e+00
1.173463106155395508e+00
1.931780204176902771e-02
1.010218448936939240e-02
3.148742318153381348e-01
1.048344373703002930e+00
9.303541854023933411e-03
4.298443496227264404e-01
3.290462121367454529e-02
4.103839769959449768e-02
1.230546608567237854e-01
1.890751868486404419e-01
4.454822063446044922e+00
7.784048318862915039e-01
1.515181958675384521e-01
2.056989431381225586e+00
3.527148962020874023e-01
1.109881997108459473e+00
9.839186817407608032e-02
4.217051863670349121e-01
1.931657269597053528e-02
9.874423146247863770e-01
3.437012135982513428e-01
5.312120914459228516e-02
8.227264881134033203e-01
4.563480615615844727e-01
6.369826197624206543e-02
2.448004297912120819e-02
1.037992071360349655e-02
3.892424106597900391e-01
5.833889916539192200e-02
1.873451471328735352e+00
9.554536640644073486e-02
1.433564305305480957e+00
9.125679731369018555e-02
1.109564304351806641e-01
3.789561092853546143e-01
1.254336714744567871e+00
2.520187795162200928e-01
1.981965452432632446e-01
2.317000865936279297e+00
1.710420727729797363e+00
1.549591775983572006e-03
7.018471956253051758e-01
3.295138850808143616e-02
3.330010652542114258e+00
1.372082710266113281e+00
4.539798796176910400e-01
3.961091488599777222e-02
4.290620237588882446e-02
1.460902988910675049e-01
1.724080443382263184e-01
3.207268118858337402e-01
3.548606485128402710e-02
9.947222471237182617e-02
2.221066318452358246e-02
4.328129813075065613e-02
4.061346873641014099e-02
3.984866663813591003e-03
9.202004224061965942e-02
6.186027526855468750e-01
5.309293512254953384e-03
7.074424624443054199e-02
1.251326352357864380e-01
9.880091995000839233e-02
1.160440742969512939e-01
1.282707899808883667e-01
6.935191154479980469e-01
9.037441760301589966e-02
1.344501495361328125e+00
3.863078728318214417e-02
2.223894894123077393e-01
4.753769636154174805e-01
5.792399868369102478e-02
2.055850252509117126e-02
3.770719170570373535e-01
1.093220338225364685e-01
3.888309001922607422e-01
1.032435819506645203e-01
3.945907950401306152e-01
2.583755970001220703e+00
4.794998168945312500e-01
2.724294736981391907e-02
5.363255143165588379e-01
8.592345118522644043e-01
4.672262668609619141e-01
3.845274150371551514e-01
1.348363608121871948e-01
2.671727538108825684e-01
5.418900400400161743e-02
6.990131922066211700e-03
1.249108612537384033e-01
2.289126813411712646e-02
6.947660923004150391e+00
8.448526859283447266e-01
1.351768493652343750e+00
1.117124222218990326e-02
3.268976137042045593e-02
2.362051233649253845e-02
6.988565437495708466e-03
2.137320786714553833e-01
1.337488591670989990e-01
6.243746876716613770e-01
3.749032318592071533e-01
7.069780956953763962e-03
3.462791070342063904e-02
7.826334983110427856e-02
1.546183321624994278e-02
5.499690398573875427e-02
4.649604856967926025e-01
1.143124401569366455e-01
9.399512410163879395e-01
2.982527315616607666e-01
2.318846881389617920e-01
5.178263187408447266e+00
8.083974719047546387e-01
9.638495445251464844e-01
1.494250595569610596e-01
2.200471609830856323e-01
3.591154813766479492e-01
5.690655112266540527e-01
7.513910531997680664e-02
3.601430729031562805e-02
2.243369102478027344e+00
4.525427818298339844e-01
8.463306725025177002e-02
1.867092996835708618e-01
9.397476911544799805e-02
4.321881011128425598e-02
3.065707981586456299e-01
3.229049965739250183e-02
1.220207381993532181e-02
2.031964778900146484e+00
4.957178235054016113e-02
2.008761465549468994e-01
2.209803313016891479e-01
9.295182228088378906e-01
2.154400348663330078e-01
2.608882784843444824e-01
3.523874580860137939e-01
7.021873474121093750e+00
1.108057145029306412e-02
3.187600970268249512e-01
1.931105107069015503e-01
3.513696044683456421e-02
4.764999076724052429e-02
3.312748968601226807e-01
1.139729022979736328e+00
1.002628132700920105e-01
9.548686444759368896e-02
1.553853005170822144e-01
1.834300279617309570e+00
1.369443386793136597e-01
8.842761516571044922e-01
3.097966313362121582e-01
3.946816176176071167e-02
8.375256657600402832e-01
3.550344407558441162e-01
1.999623477458953857e-01
2.190785408020019531e-01
4.216355979442596436e-01
1.909542530775070190e-01
4.588375389575958252e-01
2.944469749927520752e-01
4.130396991968154907e-02
1.286632567644119263e-01
2.807413041591644287e-01
4.814838245511054993e-02
4.661869406700134277e-01
2.149860560894012451e-01
1.529371831566095352e-02
3.066192865371704102e-01
6.708141416311264038e-02
1.461272388696670532e-01
4.707461297512054443e-01
7.418324053287506104e-02
6.180899739265441895e-01
2.108471468091011047e-02
3.981544077396392822e-02
1.539120674133300781e+01
3.374561294913291931e-02
2.088272944092750549e-02
6.931515783071517944e-02
1.326634436845779419e-01
1.245303638279438019e-02
2.353419214487075806e-01
5.618885159492492676e-01
2.455818504095077515e-01
3.642034828662872314e-01
6.113597378134727478e-02
5.280619021505117416e-03
1.218036055564880371e+00
4.691089987754821777e-01
8.365681767463684082e-02
3.642346709966659546e-02
1.129020303487777710e-01
5.295382346957921982e-03
4.334702789783477783e-01
3.609096631407737732e-02
1.554233908653259277e+00
2.060435861349105835e-01
2.631389535963535309e-02
4.526563361287117004e-02
1.612325161695480347e-01
4.244863241910934448e-02
3.227019608020782471e-01
1.752148419618606567e-01
8.489934802055358887e-01
1.280518472194671631e-01
9.667028672993183136e-03
1.258003562688827515e-01
1.451275944709777832e-01
4.843327701091766357e-01
2.359800785779953003e-02
3.826085105538368225e-02
6.580045819282531738e-02
3.327351808547973633e-01
1.334659606218338013e-01
3.230991065502166748e-01
4.061682894825935364e-02
1.388796120882034302e-01
1.569474786520004272e-01
8.529095351696014404e-02
5.957769751548767090e-01
2.941048145294189453e-02
8.175364732742309570e-01
1.104035153985023499e-01
1.004345715045928955e-01
2.507800102233886719e+00
4.333027824759483337e-02
1.834468841552734375e-01
1.391676813364028931e-01
1.315057575702667236e-01
3.446800634264945984e-02
3.217652440071105957e-01
1.556443274021148682e-01
1.599316895008087158e-01
6.203590035438537598e-01
8.278053253889083862e-02
9.770386815071105957e-01
1.375697087496519089e-02
9.570454806089401245e-02
1.824115514755249023e+00
1.658704876899719238e-01
1.369008868932723999e-01
2.735226042568683624e-02
2.793155051767826080e-02
6.236083060503005981e-02
4.491079226136207581e-02
1.493284851312637329e-01
5.117527022957801819e-02
2.604988217353820801e-01
5.097068548202514648e-01
3.317696452140808105e-01
1.019661948084831238e-01
1.906731724739074707e-02
1.411982811987400055e-02
1.801412850618362427e-01
1.394067168235778809e+00
7.567671537399291992e-01
2.961495146155357361e-02
1.481325924396514893e-01
2.841133810579776764e-02
1.982674561440944672e-02
2.956862151622772217e-01
2.877135202288627625e-02
5.946335196495056152e-02
2.208222448825836182e-02
4.111225903034210205e-02
2.804436720907688141e-02
2.147925496101379395e-01
2.040133625268936157e-01
9.184310436248779297e-01
8.790554404258728027e-01
2.450374066829681396e-01
1.961240530014038086e+00
3.365953266620635986e-01
1.595486998558044434e-01
7.295781373977661133e-02
2.475968003273010254e-01
5.472846627235412598e-01
2.012199610471725464e-01
2.126836299896240234e+00
1.036840915679931641e+00
1.050703287124633789e+00
1.667383909225463867e+00
1.790802776813507080e-01
1.617737561464309692e-01
2.035089954733848572e-02
6.780245900154113770e-01
1.383280102163553238e-02
5.829856172204017639e-02
9.382414817810058594e-02
1.182299926877021790e-01
1.498938918113708496e+00
4.721184253692626953e+00
1.700062453746795654e-01
1.017120003700256348e+00
8.278854191303253174e-02
1.694951653480529785e-01
2.156908363103866577e-01
3.756462410092353821e-02
9.821308776736259460e-03
2.986737966537475586e+00
2.194935530424118042e-01
2.009368836879730225e-01
4.138540104031562805e-02
1.345720440149307251e-01
3.122068643569946289e-01
6.189586594700813293e-02
9.479165822267532349e-02
9.531382918357849121e-01
4.250275492668151855e-01
3.582448139786720276e-02
4.596542939543724060e-02
2.469312667846679688e+00
5.051960796117782593e-02
2.729850634932518005e-02
2.137307643890380859e+00
8.189159631729125977e-02
3.601057827472686768e-01
2.107117474079132080e-01
3.379677236080169678e-01
2.472848258912563324e-02
3.021700074896216393e-03
8.388296514749526978e-02
2.131494730710983276e-01
2.558775618672370911e-02
2.975801378488540649e-02
1.086233735084533691e+00
7.066384553909301758e-01
2.867448329925537109e-01
3.198973834514617920e-01
9.441769123077392578e-02
1.330265402793884277e-01
5.506299063563346863e-02
5.288109779357910156e-01
1.069487333297729492e-01
1.725155562162399292e-01
4.407623410224914551e-02
3.412221670150756836e-01
7.883707061409950256e-03
3.472128212451934814e-01
4.041704162955284119e-02
1.082005023956298828e+00
2.486110627651214600e-01
4.222028553485870361e-01
2.130822464823722839e-02
3.007875382900238037e-01
7.411352992057800293e-01
1.547353863716125488e-01
8.492382243275642395e-03
2.082479894161224365e-01
6.516693532466888428e-02
1.146680831909179688e+00
1.028144478797912598e+00
1.586504429578781128e-01
1.101591587066650391e+00
2.989207267761230469e+00
6.024629250168800354e-02
8.738615363836288452e-02
2.152530662715435028e-02
1.538783907890319824e-01
7.248775362968444824e-01
1.126170828938484192e-01
4.602550506591796875e+00
1.210593581199645996e-01
6.566724300384521484e+00
5.814201831817626953e-01
3.852317929267883301e-01
2.941114082932472229e-02
1.133730486035346985e-01
9.432078599929809570e-01
2.966191673278808594e+01
1.859560394287109375e+01
6.424273252487182617e-01
1.566254520416259766e+01
1.201731300354003906e+01
8.451795578002929688e+00
7.335703372955322266e-01
2.988571357727050781e+01
6.352514028549194336e-01
2.435622978210449219e+01
4.796805381774902344e+00
1.205320000648498535e+00
5.428327918052673340e-01
1.717307448387145996e+00
2.137767601013183594e+01
3.024936437606811523e+00
3.847521543502807617e+00
5.960839271545410156e+00
1.185530066490173340e+00
1.641870260238647461e+00
5.056613087654113770e-01
8.549532890319824219e+00
2.575218677520751953e+00
5.194177246093750000e+01
1.459092497825622559e+00
6.320191383361816406e+00
3.727400302886962891e+00
6.494969940185546875e+01
2.266331481933593750e+01
9.517164230346679688e-01
7.873767614364624023e-01
3.609925508499145508e+00
6.065179824829101562e+01
2.807092070579528809e-01
7.845989704132080078e+00
4.651264846324920654e-01
3.247142434120178223e-01
1.306536316871643066e+00
3.108024835586547852e+00
8.286256408691406250e+01
4.633693695068359375e+00
8.877345919609069824e-01
1.349082756042480469e+01
2.065471410751342773e+00
1.654483413696289062e+01
5.895623207092285156e+00
5.259765625000000000e+00
9.724903702735900879e-01
1.720960807800292969e+01
6.576323986053466797e+00
2.538772821426391602e+00
1.040280151367187500e+01
2.444408416748046875e+01
2.276655673980712891e+00
2.085498869419097900e-01
1.915819495916366577e-01
9.212155342102050781e-01
4.342940151691436768e-01
1.236740016937255859e+01
4.810483455657958984e+00
2.729638671875000000e+01
8.792717456817626953e-01
2.341822624206542969e+00
7.635262012481689453e-01
2.083021163940429688e+01
2.565990209579467773e+00
1.021863269805908203e+01
1.129765129089355469e+01
7.766825103759765625e+01
1.885864697396755219e-02
5.707145690917968750e+00
4.701120853424072266e-01
3.572168731689453125e+01
3.866690063476562500e+01
3.068212985992431641e+00
1.604262828826904297e+00
7.847889065742492676e-01
3.292632341384887695e+00
3.492594718933105469e+00
3.522238492965698242e+00
4.442217350006103516e-01
3.191330194473266602e+00
1.467141747474670410e+00
2.055066823959350586e+00
1.049309134483337402e+00
5.563402175903320312e-01
3.496418476104736328e+00
3.805825710296630859e+00
1.519036144018173218e-01
2.185917854309082031e+00
3.128684759140014648e+00
6.405324935913085938e+00
1.863707661628723145e+00
3.643790721893310547e+00
1.520861911773681641e+01
4.558990895748138428e-01
2.858413505554199219e+01
8.686332702636718750e-01
2.794224262237548828e+00
1.160107851028442383e+00
1.422963738441467285e+00
2.915521264076232910e-01
5.124813079833984375e+01
3.631531953811645508e+00
5.917140960693359375e+00
7.402656078338623047e-01
2.512028694152832031e+01
6.395542907714843750e+01
1.665847659111022949e+00
2.621783018112182617e-01
6.855667114257812500e+00
8.354239463806152344e+00
3.200425624847412109e+00
5.247868061065673828e+00
1.536636114120483398e+00
2.482557058334350586e+00
1.032273292541503906e+00
4.681236147880554199e-01
4.700244903564453125e+00
1.005859255790710449e+00
2.363893737792968750e+02
8.711535644531250000e+01
1.970351028442382812e+01
6.364472508430480957e-01
4.204530239105224609e+00
2.808203935623168945e+00
1.139621496200561523e+00
2.234725570678710938e+01
4.308050632476806641e+00
1.341685056686401367e+00
7.034252166748046875e+00
1.163565516471862793e-01
3.784659206867218018e-01
1.309939980506896973e+00
3.615129292011260986e-01
7.770429253578186035e-01
4.855757236480712891e+00
3.561245679855346680e+00
1.522982120513916016e+01
2.378504180908203125e+01
1.551360130310058594e+00
4.334046936035156250e+01
9.375436782836914062e+00
1.655106735229492188e+01
6.461846351623535156e+00
1.120702838897705078e+01
4.801040172576904297e+00
1.212501525878906250e+01
3.499206781387329102e+00
1.301020145416259766e+00
3.862470245361328125e+01
1.853437542915344238e+00
1.258710145950317383e+00
8.049637794494628906e+00
1.496046900749206543e+00
5.341004133224487305e-01
4.871102809906005859e+00
1.542130589485168457e+00
4.922110140323638916e-01
1.718491172790527344e+01
3.597322225570678711e+00
8.759819984436035156e+00
1.658900499343872070e+00
4.531020641326904297e+00
1.641412258148193359e+00
3.269601821899414062e+00
6.682875156402587891e+00
1.669256439208984375e+02
3.231686353683471680e-01
8.080449104309082031e+00
7.964765071868896484e+00
1.572001814842224121e+00
3.428180813789367676e-01
2.325527572631835938e+01
1.262627506256103516e+01
1.875912308692932129e+00
4.677680492401123047e+00
5.025352001190185547e+00
2.070354461669921875e+01
7.120164632797241211e-01
2.010638427734375000e+01
7.930837154388427734e+00
3.891611099243164062e-02
1.988537979125976562e+01
2.355152702331542969e+01
5.401349663734436035e-01
2.928530216217041016e+00
2.505826187133789062e+01
4.127783298492431641e+00
1.458305358886718750e+00
4.422376632690429688e+00
7.055329084396362305e-01
3.878616571426391602e+00
1.087442111968994141e+01
5.499594211578369141e-01
2.945565462112426758e+00
1.430851578712463379e+00
6.539286971092224121e-01
2.835500478744506836e+00
5.357974529266357422e+00
2.153108835220336914e+00
6.977838993072509766e+00
1.909024715423583984e+00
9.304141998291015625e+00
1.491059213876724243e-01
1.265795111656188965e+00
8.304661560058593750e+01
3.632050275802612305e+00
2.239713191986083984e+00
2.481465816497802734e+00
3.019885778427124023e+00
3.004795610904693604e-01
3.106324672698974609e+00
3.293347597122192383e+00
7.320240974426269531e+00
7.886421084403991699e-01
3.862167119979858398e+00
1.965273916721343994e-01
8.427874565124511719e+00
1.908286857604980469e+01
9.185378551483154297e-01
5.337788462638854980e-01
5.275598526000976562e+00
5.537545680999755859e-01
5.090203094482421875e+01
6.444644331932067871e-01
1.215401935577392578e+01
1.133538842201232910e+00
8.808254003524780273e-01
4.154436886310577393e-01
4.786350727081298828e+00
9.814655184745788574e-01
2.564038848876953125e+01
2.653259038925170898e+00
3.622780084609985352e+00
5.129341483116149902e-01
3.482568264007568359e-01
3.014291524887084961e-01
3.098893880844116211e+00
5.860170364379882812e+00
1.851279735565185547e+00
1.075675129890441895e+00
1.015862822532653809e+00
1.282097625732421875e+01
2.176188945770263672e+00
3.744752168655395508e+00
7.476775050163269043e-01
7.439712047576904297e+00
6.274533867835998535e-01
1.009841084480285645e+00
5.693893432617187500e+00
8.503147959709167480e-01
1.327134895324707031e+01
2.650171756744384766e+00
1.323225021362304688e+00
2.010294151306152344e+01
9.560021162033081055e-01
5.803434848785400391e-01
9.469909667968750000e+00
1.207646083831787109e+01
2.883567333221435547e+00
2.793024778366088867e+00
4.584441661834716797e+00
1.151759719848632812e+01
9.142008781433105469e+00
1.416414070129394531e+01
1.706834602355957031e+01
7.811290025711059570e-01
4.585837841033935547e+00
1.985409355163574219e+01
7.736181259155273438e+00
1.309292793273925781e+01
5.966748595237731934e-01
1.201889395713806152e+00
1.507842540740966797e+00
6.597458720207214355e-01
5.183639049530029297e+00
3.695537090301513672e+00
1.493823766708374023e+00
4.194625377655029297e+00
2.695885658264160156e+00
1.946889758110046387e+00
9.782742857933044434e-01
1.133545637130737305e-01
4.415185451507568359e+00
2.157308959960937500e+01
5.122594356536865234e+00
1.136446475982666016e+00
7.821712493896484375e-01
1.144527554512023926e+00
8.916842937469482422e-01
2.536933135986328125e+01
1.191949725151062012e+00
1.199717760086059570e+00
9.678676724433898926e-01
2.210968255996704102e+00
3.974732398986816406e+00
6.683441400527954102e-01
5.163759708404541016e+00
2.097596740722656250e+01
1.592167472839355469e+01
1.811538338661193848e+00
1.163611602783203125e+01
3.675076246261596680e+00
4.653296947479248047e+00
8.667634963989257812e+00
2.860256910324096680e+00
7.530521392822265625e+00
8.706095695495605469e+00
2.862996864318847656e+01
4.260380554199218750e+01
3.038027572631835938e+01
1.247060298919677734e+01
1.187037706375122070e+00
4.689630270004272461e-01
4.306067824363708496e-01
4.450634956359863281e+00
4.506622552871704102e-01
3.182673156261444092e-01
5.317035317420959473e-01
6.968452930450439453e-01
5.596517944335937500e+01
1.388699913024902344e+01
1.468522644042968750e+01
1.328847885131835938e+01
1.138190031051635742e+00
6.129757404327392578e+00
4.505477428436279297e+00
2.366599082946777344e+00
7.059360742568969727e-01
3.325094223022460938e+01
2.485993766784667969e+01
2.438542127609252930e+00
2.369598627090454102e+00
7.122536182403564453e+00
3.590657424926757812e+01
1.951323866844177246e+00
2.705429494380950928e-01
9.795417785644531250e+00
1.763375401496887207e+00
1.559952497482299805e+00
1.519471406936645508e+00
2.182465934753417969e+01
7.574914693832397461e-01
1.494873762130737305e+00
4.453808975219726562e+01
5.615785598754882812e+00
5.239786624908447266e+00
3.796544075012207031e+00
5.519099235534667969e+00
2.045610547065734863e-01
8.900392800569534302e-02
4.835390567779541016e+00
1.998146772384643555e+00
8.095268011093139648e-01
3.629243612289428711e+00
3.343505477905273438e+01
4.636688613891601562e+01
6.475459575653076172e+00
2.168752431869506836e+00
1.555874228477478027e+00
2.769156217575073242e+00
2.598845243453979492e+00
6.594213962554931641e+00
1.198179960250854492e+00
6.909895896911621094e+00
5.181089043617248535e-01
3.573363780975341797e+00
2.758657634258270264e-01
3.182880401611328125e+00
3.972776412963867188e+00
1.209094085693359375e+02
3.762917518615722656e+00
6.925336360931396484e+00
6.635054945945739746e-01
4.170500278472900391e+00
1.590911483764648438e+01
8.009759902954101562e+00
1.202323660254478455e-01
2.202887058258056641e+00
2.528099775314331055e+00
8.968080520629882812e+00
4.336002349853515625e+01
1.513779282569885254e+00
6.605963706970214844e+00
2.641681289672851562e+01
1.934697508811950684e+00
3.260086536407470703e+00
1.236857533454895020e+00
3.307897806167602539e+00
9.244202613830566406e+00
4.304054737091064453e+00
1.902777099609375000e+02
5.004352092742919922e+00
2.629486465454101562e+01
4.450354003906250000e+01
1.303348541259765625e+01
1.642535328865051270e+00
1.181907367706298828e+01
