1.660750806331634521e-02
5.449165031313896179e-02
3.763031214475631714e-03
6.787536549381911755e-04
2.059190347790718079e-02
3.566108942031860352e+00
9.891166351735591888e-03
1.629600767046213150e-03
2.888540504500269890e-03
2.951411902904510498e-01
2.545685507357120514e-03
9.940207004547119141e-03
3.387119621038436890e-02
6.255500484257936478e-03
8.206526981666684151e-04
8.345580659806728363e-03
2.071979688480496407e-03
2.296986756846308708e-03
1.425616908818483353e-02
3.252509923186153173e-04
8.238141983747482300e-02
1.365754380822181702e-02
1.461960822343826294e-01
2.541005611419677734e-02
4.122920334339141846e-01
9.457481093704700470e-03
2.682405710220336914e-02
1.110373251140117645e-02
6.337439268827438354e-02
4.785802960395812988e-01
2.054241485893726349e-04
1.069229474524036050e-04
3.309188177809119225e-03
1.280239131301641464e-02
2.835868671536445618e-02
3.083151066675782204e-03
3.400341607630252838e-03
3.767354355659335852e-04
4.399769008159637451e-03
2.831907942891120911e-03
1.221098527312278748e-01
4.522072523832321167e-02
9.354084031656384468e-04
8.831003189086914062e+00
9.016741812229156494e-02
4.199957847595214844e-02
2.190131694078445435e-03
1.012604311108589172e-01
2.243726979941129684e-03
6.192254833877086639e-03
1.116099879145622253e-01
1.660611480474472046e-02
6.163256987929344177e-02
2.090109325945377350e-02
2.477625967003405094e-04
1.060454989783465862e-03
3.302428638562560081e-03
9.393023326992988586e-03
1.390881743282079697e-02
3.983800411224365234e+00
8.649847470223903656e-03
1.073727512359619141e+01
9.074887260794639587e-03
1.876807655207812786e-03
6.746307760477066040e-02
7.917790673673152924e-03
1.113127768039703369e-01
4.900984000414609909e-03
3.662751019001007080e-01
3.085367977619171143e-01
8.416491618845611811e-05
8.933607339859008789e-01
4.295152029953896999e-04
1.637008972465991974e-02
5.378026515245437622e-02
3.103119321167469025e-02
3.946506418287754059e-03
2.252296544611454010e-02
2.125962637364864349e-02
7.773696910589933395e-03
2.905342727899551392e-02
8.503323420882225037e-03
6.890126038342714310e-03
1.486554974690079689e-04
1.345159369520843029e-03
8.788328850641846657e-04
1.545564009575173259e-05
2.623552270233631134e-02
3.774740695953369141e-01
6.585692754015326500e-04
2.805001102387905121e-03
5.477679427713155746e-03
5.752248107455670834e-04
6.263634562492370605e-02
2.720701158978044987e-04
3.205876052379608154e-01
3.150539696216583252e-01
3.233912959694862366e-02
7.992331520654261112e-04
2.862511388957500458e-02
8.534978032112121582e-01
2.346697822213172913e-02
4.457150062080472708e-04
1.073256786912679672e-02
5.265417043119668961e-03
2.393170893192291260e-01
4.699454456567764282e-02
6.858638022094964981e-03
2.179383859038352966e-02
3.471544384956359863e-02
8.402710407972335815e-02
1.924671828746795654e-01
2.354655601084232330e-02
3.629060462117195129e-02
9.036176837980747223e-03
1.460260525345802307e-02
4.339613392949104309e-02
3.200088161975145340e-03
1.684175920672714710e-03
5.185718089342117310e-02
3.878019633702933788e-04
3.930837869644165039e+00
3.350543677806854248e-01
2.432076483964920044e-01
8.178489952115342021e-05
9.845269471406936646e-02
5.761886481195688248e-03
4.754927940666675568e-04
4.259028285741806030e-02
2.893664129078388214e-02
1.089851737022399902e+00
3.631374612450599670e-02
2.226250246167182922e-03
7.134994375519454479e-04
1.848535425961017609e-02
1.348298322409391403e-02
2.408319152891635895e-02
1.580280423164367676e+00
8.942582458257675171e-02
2.677379846572875977e-01
1.131572294980287552e-02
4.495144356042146683e-03
4.145641028881072998e-01
3.902739882469177246e-01
1.455580997467041016e+01
1.338221132755279541e-02
1.876034736633300781e-01
3.563230158761143684e-03
3.227701410651206970e-02
6.841235328465700150e-03
1.300491113215684891e-02
4.265351966023445129e-02
3.958821669220924377e-02
7.681467570364475250e-03
3.430642187595367432e-02
7.938420400023460388e-03
6.939501967281103134e-03
2.387440949678421021e-02
1.632056548260152340e-03
3.057795576751232147e-03
2.393227629363536835e-02
2.419735537841916084e-04
9.017569571733474731e-02
3.011196553707122803e-01
1.797076314687728882e-01
5.702709779143333435e-02
9.318418055772781372e-02
1.088799610733985901e-01
5.857615470886230469e-01
1.364958152407780290e-04
1.365264784544706345e-02
5.834008008241653442e-02
4.733919922728091478e-05
6.915734615176916122e-03
2.627124451100826263e-02
9.255002140998840332e-01
1.003194134682416916e-02
5.986427888274192810e-03
5.701018497347831726e-03
7.058540731668472290e-02
2.778475731611251831e-02
2.023404464125633240e-02
8.742328733205795288e-02
1.292563509196043015e-02
1.306052446365356445e+00
5.556651856750249863e-03
3.133470658212900162e-03
3.801789134740829468e-02
1.659300327301025391e-01
1.628269441425800323e-02
8.461095392704010010e-02
1.337506063282489777e-02
1.633729698369279504e-04
4.682179912924766541e-02
2.425236552953720093e-01
9.025471284985542297e-03
1.326411366462707520e-01
4.218816384673118591e-02
1.815187744796276093e-03
1.143471617251634598e-02
1.758799306116998196e-03
2.056753262877464294e-02
7.188661489635705948e-03
1.316223107278347015e-02
5.738758016377687454e-03
9.007503977045416832e-04
1.029041558504104614e-01
7.200286865234375000e+00
4.020136315375566483e-03
2.130130073055624962e-03
3.816631622612476349e-03
2.399422042071819305e-02
9.636772301746532321e-05
3.626620471477508545e-01
9.161807596683502197e-03
1.341051816940307617e+00
3.127185255289077759e-02
1.217676047235727310e-02
2.857588697224855423e-04
3.530552387237548828e-01
1.296238452196121216e-01
6.769752595573663712e-03
7.064038654789328575e-04
9.869597852230072021e-03
7.228768663480877876e-05
1.477524265646934509e-02
5.193653632886707783e-04
2.344011068344116211e+00
1.659596711397171021e-01
4.183261655271053314e-03
1.275130640715360641e-02
6.692535243928432465e-03
1.894960552453994751e-02
1.294042333029210567e-03
1.845156401395797729e-01
8.772386237978935242e-03
1.111899688839912415e-01
2.162969205528497696e-03
5.775209516286849976e-02
2.907681337092071772e-04
1.676632836461067200e-02
3.349980339407920837e-02
8.821962773799896240e-02
1.902744988910853863e-03
4.251976031810045242e-03
4.157382529228925705e-03
2.182049490511417389e-02
4.863770678639411926e-02
1.438566204160451889e-02
6.565580517053604126e-02
1.888873800635337830e-02
8.369915485382080078e-01
2.940041849797125906e-05
2.789939008653163910e-02
6.423893384635448456e-03
1.409983634948730469e-01
2.600980043411254883e+00
9.764814749360084534e-03
1.202367711812257767e-02
1.228758841753005981e-01
2.022908534854650497e-03
3.316166694276034832e-04
4.999581575393676758e-01
1.216292008757591248e-02
1.931281876750290394e-03
1.045036781579256058e-02
8.638915605843067169e-03
1.024648904800415039e+00
5.728855263441801071e-03
3.335314104333519936e-03
8.025919795036315918e-01
2.193990908563137054e-02
3.266875445842742920e-01
2.100262790918350220e-03
6.524815107695758343e-04
9.869842790067195892e-03
3.185384673997759819e-03
5.868437234312295914e-03
1.376676559448242188e-01
1.110269546508789062e+00
8.042075484991073608e-02
5.144218914210796356e-03
2.566361334174871445e-03
9.491603821516036987e-03
9.958723239833489060e-05
1.838010037317872047e-03
3.123737812042236328e+00
6.978392601013183594e-01
1.951354352058842778e-04
2.729156985878944397e-02
6.055630743503570557e-03
5.089303012937307358e-04
3.786386176943778992e-02
1.088766381144523621e-02
5.718685570172965527e-04
1.166742574423551559e-02
1.102865487337112427e-02
2.395844645798206329e-02
1.108037471771240234e+00
2.423234283924102783e-02
3.013453185558319092e-01
5.227456688880920410e-01
3.727871179580688477e-02
5.410036444664001465e-01
1.266028285026550293e+00
2.812047954648733139e-03
2.147409878671169281e-02
1.876236498355865479e-02
2.968867076560854912e-03
7.020586729049682617e-02
3.447013199329376221e-01
1.740669272840023041e-02
3.989443182945251465e-03
1.286059468984603882e-01
1.733166398480534554e-03
2.147648856043815613e-02
5.853365291841328144e-04
3.234439194202423096e-01
1.436983118765056133e-03
2.443779958412051201e-03
1.965592354536056519e-01
8.533584186807274818e-04
5.014196038246154785e-03
2.340950444340705872e-02
2.757023088634014130e-03
1.501978188753128052e-01
3.747254144400358200e-03
2.789078978821635246e-03
3.130616620182991028e-03
1.055939937941730022e-03
2.216559136286377907e-03
1.524651795625686646e-01
2.030422212556004524e-03
6.074000615626573563e-03
2.759066643193364143e-03
9.976499713957309723e-03
1.839764649048447609e-03
3.185697598382830620e-03
1.562841236591339111e-02
1.578498035669326782e-01
5.746581591665744781e-04
3.492533578537404537e-04
2.171387197449803352e-03
8.807866573333740234e-01
6.317632505670189857e-04
7.960033603012561798e-03
8.819186687469482422e-02
1.027608290314674377e-02
2.620488405227661133e-02
1.825284771621227264e-02
4.236201941967010498e-02
1.809094697237014771e-01
3.893065877491608262e-05
8.983801119029521942e-03
3.250614041462540627e-03
5.340399802662432194e-04
1.063929125666618347e-02
1.472609210759401321e-02
2.532352879643440247e-02
2.641839720308780670e-02
8.772607892751693726e-03
5.641527241095900536e-04
9.596964344382286072e-03
2.967710839584469795e-03
4.807793721556663513e-02
1.636492274701595306e-02
3.907443210482597351e-02
1.046771300025284290e-03
3.473545983433723450e-02
1.647609751671552658e-04
1.011709719896316528e-01
6.458235532045364380e-02
2.074261941015720367e-02
7.695978973060846329e-03
2.954839766025543213e-01
5.267405649647116661e-04
6.406805012375116348e-03
2.858034335076808929e-03
1.012210827320814133e-02
1.034771464765071869e-02
3.318739682435989380e-02
6.568493554368615150e-04
2.013939619064331055e+00
6.961477547883987427e-02
1.299997605383396149e-02
1.939705729484558105e+00
6.251880645751953125e+00
6.585086695849895477e-03
3.694129409268498421e-04
3.100788744632154703e-04
1.813948713243007660e-02
1.875575748272240162e-03
8.688249625265598297e-03
4.378712177276611328e+00
1.604367425898090005e-04
2.890697717666625977e+00
3.977176919579505920e-02
1.431002188473939896e-02
2.078079705825075507e-04
1.234271680004894733e-03
3.539446592330932617e+00
8.490865325927734375e+01
9.746957397460937500e+01
3.720878362655639648e-01
2.324681091308593750e+01
2.456026077270507812e+00
4.404240722656250000e+02
5.671775817871093750e+00
4.552299118041992188e+01
3.766277551651000977e+00
1.436879272460937500e+02
1.675395393371582031e+01
7.048421478271484375e+01
5.043531060218811035e-01
1.443137931823730469e+01
9.584362030029296875e+01
1.201401672363281250e+02
1.146442871093750000e+02
9.344406890869140625e+01
5.074349880218505859e+00
5.742361068725585938e+01
2.959732770919799805e+00
5.670776367187500000e+00
4.041197967529296875e+01
1.710669398307800293e+00
3.733295798301696777e-01
2.265985870361328125e+02
2.255243072509765625e+02
1.253114746093750000e+03
2.563986206054687500e+02
7.418251991271972656e+00
3.972626924514770508e+00
1.088915443420410156e+01
1.717856292724609375e+02
9.934247016906738281e+00
1.206935119628906250e+01
6.401636600494384766e-01
5.191871151328086853e-02
3.353529453277587891e+00
7.439495849609375000e+01
5.982739257812500000e+02
9.719434738159179688e+00
7.052768468856811523e-01
2.656526184082031250e+02
1.868166351318359375e+01
5.414534759521484375e+01
5.626290893554687500e+01
1.243587875366210938e+01
5.687407851219177246e-01
9.114852294921875000e+02
3.841357116699218750e+02
3.027938652038574219e+01
9.478406906127929688e+00
1.232873344421386719e+01
4.463189601898193359e+00
8.253921508789062500e+00
3.869972467422485352e+00
3.633163571357727051e-01
8.167049407958984375e+00
1.393909545898437500e+03
6.180415039062500000e+02
4.548822021484375000e+02
1.043588256835937500e+01
5.525501251220703125e+01
2.118029594421386719e+00
7.123780059814453125e+01
4.246815490722656250e+01
3.367941406250000000e+03
1.071984863281250000e+02
5.469482421875000000e+01
5.583886429667472839e-02
3.117973327636718750e+02
1.551073431968688965e+00
2.153619689941406250e+02
5.506128311157226562e+00
1.005600643157958984e+01
1.245810031890869141e+00
6.032577991485595703e+00
1.824471435546875000e+02
1.590549278259277344e+01
2.678499984741210938e+01
4.290241241455078125e+00
6.386885643005371094e+00
1.954633140563964844e+01
3.170750141143798828e+00
2.080553245544433594e+01
9.002725034952163696e-02
1.051525306701660156e+01
1.522752952575683594e+01
1.666145682334899902e+00
1.432209205627441406e+01
3.750826644897460938e+01
1.945080375671386719e+01
1.321153640747070312e+01
4.765992736816406250e+01
4.454159545898437500e+02
1.784571051597595215e+00
2.517476348876953125e+02
2.518999576568603516e-01
5.876494140625000000e+02
1.681471586227416992e+00
1.073382282257080078e+01
2.174803733825683594e+00
7.623257446289062500e+01
3.002057266235351562e+01
1.233415222167968750e+02
1.414393782615661621e+00
2.866455810546875000e+03
4.317977905273437500e+02
5.882064104080200195e-01
6.350849270820617676e-01
1.085953735351562500e+03
1.231094894409179688e+02
1.334112763404846191e+00
2.206960487365722656e+01
5.726575469970703125e+01
1.064255447387695312e+02
1.404253959655761719e+01
7.412280273437500000e+01
7.469116687774658203e+00
2.310454711914062500e+02
3.520361328125000000e+03
5.672603759765625000e+02
1.392642517089843750e+02
4.109054088592529297e+00
4.447240905761718750e+02
2.463906860351562500e+01
1.817620158195495605e+00
4.350285949707031250e+02
8.361789703369140625e+01
5.201022949218750000e+02
4.306296539306640625e+01
3.989894986152648926e-01
4.060283279418945312e+01
1.172044754028320312e+00
1.386556506156921387e+00
3.516426682472229004e-01
6.045340576171875000e+02
4.264671325683593750e+02
2.524869842529296875e+02
3.316231918334960938e+01
2.043027877807617188e+00
5.398746948242187500e+02
1.822584533691406250e+01
5.798625488281250000e+02
3.050872230529785156e+01
7.714924316406250000e+02
7.419400811195373535e-01
1.217636718750000000e+02
2.178194580078125000e+03
4.698082208633422852e-01
5.212669677734375000e+02
1.517943954467773438e+01
2.623686790466308594e-01
7.160350036621093750e+01
4.655883789062500000e+01
1.097408413887023926e+00
5.429925918579101562e-01
5.023443698883056641e+00
2.492020845413208008e+00
8.078581542968750000e+02
1.162224502563476562e+02
8.363114166259765625e+01
4.030308532714843750e+01
2.012423858642578125e+02
1.003088989257812500e+02
1.124047775268554688e+02
3.004552612304687500e+02
2.628093261718750000e+03
1.531973266601562500e+01
8.113039016723632812e+00
1.513635131835937500e+03
3.187613248825073242e+00
2.466488122940063477e+00
3.906282348632812500e+02
1.014951324462890625e+01
7.316330909729003906e+00
5.550397872924804688e+01
3.077825784683227539e+00
1.663297271728515625e+01
1.748718833923339844e+01
3.330737304687500000e+01
2.057304229736328125e+02
3.856692314147949219e+00
1.826197460937500000e+04
2.987707614898681641e+00
4.916042685508728027e-01
2.309392356872558594e+01
9.494099731445312500e+02
4.154112243652343750e+01
6.701398372650146484e+00
3.293208007812500000e+02
7.161192893981933594e+00
5.686886978149414062e+01
1.603294830322265625e+02
1.178948521614074707e+00
8.833684539794921875e+01
1.017363429069519043e+00
1.084198093414306641e+01
2.687209844589233398e+00
2.993201446533203125e+01
1.388620758056640625e+01
4.125883102416992188e+00
2.291945648193359375e+01
3.259532928466796875e+01
8.694160580635070801e-01
1.027900466918945312e+02
3.882918395996093750e+02
4.872544288635253906e+00
6.283480453491210938e+01
9.679119110107421875e+00
6.640581130981445312e+00
7.028264999389648438e-01
3.901630371093750000e+03
9.669961929321289062e+00
4.159128112792968750e+02
2.008736610412597656e+00
1.762556610107421875e+02
9.619018435478210449e-01
1.627776641845703125e+02
2.340677978515625000e+03
1.416900008916854858e-01
1.246460080146789551e+00
1.257457397460937500e+03
2.391006708145141602e+00
6.352636108398437500e+02
2.619288921356201172e+00
2.355466079711914062e+01
7.276962757110595703e+00
8.788160324096679688e+00
3.050615265965461731e-02
1.035624504089355469e+01
3.607478618621826172e+00
6.412521362304687500e+02
6.311780166625976562e+01
7.442523956298828125e+00
4.348144531250000000e+00
2.010789299011230469e+01
1.588902091979980469e+01
1.524913907051086426e+00
7.669537353515625000e+02
9.828876495361328125e+01
7.659646987915039062e+00
1.585363578796386719e+01
9.979984283447265625e+01
8.468416595458984375e+01
1.269649658203125000e+02
4.814448654651641846e-01
8.514632812500000000e+03
8.834999084472656250e+00
4.426815414428710938e+01
1.316329002380371094e+01
4.382196068763732910e-01
9.586364135742187500e+02
8.129516601562500000e+01
6.202176809310913086e-01
9.685463256835937500e+02
4.213871002197265625e+01
7.308642387390136719e+00
4.816147460937500000e+03
4.541264724731445312e+01
6.678005981445312500e+01
3.344496536254882812e+01
5.672977294921875000e+02
2.339387969970703125e+02
2.169833984375000000e+02
4.739181137084960938e+01
3.153209716796875000e+03
5.876578688621520996e-01
1.391024398803710938e+01
2.397039031982421875e+02
6.251909255981445312e+00
4.194303588867187500e+02
1.031125068664550781e+00
9.712884426116943359e-01
5.345346832275390625e+01
2.844988346099853516e+00
9.029368400573730469e+00
1.718750305175781250e+02
8.714357018470764160e-01
1.353685665130615234e+01
6.384211063385009766e+00
3.592842340469360352e+00
3.776268386840820312e+01
6.902925372123718262e-01
7.026574611663818359e-01
2.146709289550781250e+02
7.446228637695312500e+02
3.388889074325561523e+00
7.310263061523437500e+01
1.093864059448242188e+01
6.421887874603271484e+00
1.939788940429687500e+03
2.751597881317138672e+00
3.046063842773437500e+02
3.680502700805664062e+01
2.377683258056640625e+01
8.410495605468750000e+02
2.932438468933105469e+01
1.043157424926757812e+02
6.806354980468750000e+02
1.265839996337890625e+02
3.967648696899414062e+01
2.571679382324218750e+02
3.704687500000000000e+01
1.580728173255920410e+00
3.867205429077148438e+01
1.527620220184326172e+01
3.613417148590087891e+00
1.039190185546875000e+03
3.567560729980468750e+02
7.715134277343750000e+02
1.431923065185546875e+02
1.550276374816894531e+01
2.042511940002441406e+00
5.277968049049377441e-01
3.393889999389648438e+01
1.122573947906494141e+01
6.469256401062011719e+00
9.843196868896484375e-01
1.208831977844238281e+01
3.428830206394195557e-01
7.126824951171875000e+01
2.614804458618164062e+01
6.930950927734375000e+01
6.550097656250000000e+01
2.037123107910156250e+01
5.831819534301757812e+01
1.222919273376464844e+01
5.274331569671630859e+00
1.188517883419990540e-01
7.359579101562500000e+03
1.845508666992187500e+03
1.874279785156250000e+02
1.143355102539062500e+02
1.152222518920898438e+02
9.177277832031250000e+02
1.699811935424804688e+01
3.369767761230468750e+01
1.281258487701416016e+01
1.817077279090881348e+00
4.701422882080078125e+01
9.056810302734375000e+02
5.399704360961914062e+01
6.319099903106689453e+00
8.764647483825683594e+00
1.515574340820312500e+02
2.824520874023437500e+02
7.449456787109375000e+01
9.566310882568359375e+00
1.136607551574707031e+01
9.636455774307250977e-02
7.981869578361511230e-02
2.804407691955566406e+01
3.719030380249023438e+01
3.716749668121337891e+00
1.786304092407226562e+01
2.197697753906250000e+02
4.148009872436523438e+01
1.232243652343750000e+02
9.511728286743164062e+00
1.210349559783935547e+00
1.112669372558593750e+01
4.040909957885742188e+01
8.861085815429687500e+02
1.761353492736816406e+00
1.054235610961914062e+02
1.042597293853759766e+00
2.487401962280273438e+00
1.799639463424682617e-01
4.051386833190917969e+00
3.051413574218750000e+03
1.667160546875000000e+04
5.451577663421630859e+00
6.478987121582031250e+01
5.352428436279296875e+01
3.105841875076293945e+00
1.152138442993164062e+02
4.347727050781250000e+02
5.005101203918457031e+00
3.671314477920532227e+00
1.834509134292602539e+00
5.401276397705078125e+01
2.554009628295898438e+01
2.491414070129394531e+01
1.937998046875000000e+02
3.749335327148437500e+02
3.827927589416503906e+00
3.708701610565185547e+00
3.031579494476318359e+00
2.250989685058593750e+02
9.068075180053710938e+00
2.513426780700683594e+01
2.437670288085937500e+02
1.302818775177001953e+01
7.514541625976562500e+02
6.962585449218750000e+02
1.217085266113281250e+02
1.053070545196533203e+00
1.191309547424316406e+01
