2.910107560455799103e-02
1.223289817571640015e-01
5.953778512775897980e-03
2.336908131837844849e-03
3.385892510414123535e-02
5.547152996063232422e+00
2.154457010328769684e-02
3.369225654751062393e-03
7.134426385164260864e-03
5.947275161743164062e-01
1.141383033245801926e-02
2.852087840437889099e-02
5.047481879591941833e-02
2.383947372436523438e-02
2.054208191111683846e-03
1.824477314949035645e-02
2.335537690669298172e-03
8.195014670491218567e-03
1.858558133244514465e-02
8.470721077173948288e-04
8.865497261285781860e-02
3.789379820227622986e-02
2.228090465068817139e-01
3.816434368491172791e-02
1.023112535476684570e+00
1.710756681859493256e-02
6.748085469007492065e-02
5.538171529769897461e-02
1.070444732904434204e-01
7.241243124008178711e-01
7.324257167056202888e-04
1.846582163125276566e-04
5.874064750969409943e-03
3.625013306736946106e-02
3.834549710154533386e-02
1.162411179393529892e-02
5.828621797263622284e-03
5.576014518737792969e-04
7.496645674109458923e-03
6.690933369100093842e-03
2.142058908939361572e-01
9.669800102710723877e-02
2.886403584852814674e-03
1.235123729705810547e+01
1.572142243385314941e-01
1.280494034290313721e-01
7.605860941112041473e-03
4.241268038749694824e-01
3.376530716195702553e-03
2.921842969954013824e-02
1.682507842779159546e-01
5.802185460925102234e-02
1.576312780380249023e-01
5.009708181023597717e-02
8.890791214071214199e-04
2.962424419820308685e-03
5.352317821234464645e-03
1.211692299693822861e-02
2.849423512816429138e-02
8.426072120666503906e+00
1.617319323122501373e-02
1.065042114257812500e+01
1.537252776324748993e-02
3.783656051382422447e-03
1.031222045421600342e-01
3.505297750234603882e-02
1.740566343069076538e-01
1.742301136255264282e-02
8.040289878845214844e-01
6.727325320243835449e-01
1.526694832136854529e-04
1.269871830940246582e+00
1.506996341049671173e-03
6.702229380607604980e-02
1.186749860644340515e-01
4.207894951105117798e-02
7.118064910173416138e-03
5.469949916005134583e-02
4.218922927975654602e-02
1.427876297384500504e-02
1.286799460649490356e-01
2.013332583010196686e-02
2.065199054777622223e-02
3.438973799347877502e-04
3.168448340147733688e-03
2.845621667802333832e-03
6.465517799369990826e-05
3.052755631506443024e-02
8.130764365196228027e-01
9.254698525182902813e-04
1.178164314478635788e-02
1.059535611420869827e-02
2.153965411707758904e-03
8.112597465515136719e-02
1.012175576761364937e-03
6.815205812454223633e-01
6.016584038734436035e-01
8.788006752729415894e-02
1.557603594847023487e-03
8.647938072681427002e-02
2.237990140914916992e+00
5.477985367178916931e-02
1.897626556456089020e-03
2.538783848285675049e-02
1.858593150973320007e-02
5.870263576507568359e-01
9.478043019771575928e-02
1.743640005588531494e-02
3.962816298007965088e-02
1.688337326049804688e-01
1.597287803888320923e-01
3.380072712898254395e-01
5.487193167209625244e-02
8.133379369974136353e-02
1.920916512608528137e-02
4.999060556292533875e-02
5.687844008207321167e-02
9.678753092885017395e-03
3.562176832929253578e-03
7.207719981670379639e-02
1.398603664711117744e-03
1.481132221221923828e+01
5.080111026763916016e-01
4.468607604503631592e-01
1.811662368709221482e-04
1.927931457757949829e-01
2.115709148347377777e-02
6.268372526392340660e-04
7.200410217046737671e-02
5.276927724480628967e-02
9.529638290405273438e-01
3.196208551526069641e-02
3.932811785489320755e-03
1.791198854334652424e-03
5.554013699293136597e-02
2.327193133533000946e-02
4.561571776866912842e-02
2.294867753982543945e+00
1.834461838006973267e-01
5.070376992225646973e-01
1.690139807760715485e-02
1.013810653239488602e-02
8.088538050651550293e-01
7.178973555564880371e-01
2.729093360900878906e+01
3.676752001047134399e-02
2.301883399486541748e-01
1.506645046174526215e-02
5.852055549621582031e-02
1.185417920351028442e-02
1.946394331753253937e-02
9.106168895959854126e-02
1.629628390073776245e-01
3.103145211935043335e-02
1.317028999328613281e-01
1.681426167488098145e-02
2.884791791439056396e-02
5.449058488011360168e-02
1.753788790665566921e-03
7.146619260311126709e-03
5.328826978802680969e-02
4.846690280828624964e-04
1.281122565269470215e-01
4.124850928783416748e-01
3.273445069789886475e-01
1.763971745967864990e-01
1.546745151281356812e-01
2.187044918537139893e-01
1.203765034675598145e+00
5.760356434620916843e-04
2.174316346645355225e-02
1.562791764736175537e-01
1.157901351689361036e-04
1.027301046997308731e-02
4.933087527751922607e-02
2.339985609054565430e+00
3.431725502014160156e-02
1.496604178100824356e-02
1.409030798822641373e-02
1.098733767867088318e-01
4.390917345881462097e-02
3.834681212902069092e-02
1.395172625780105591e-01
4.787176474928855896e-02
2.158206701278686523e+00
1.476928405463695526e-02
6.026097107678651810e-03
5.756397172808647156e-02
4.069843888282775879e-01
4.916711151599884033e-02
1.840050071477890015e-01
4.225815832614898682e-02
2.892789780162274837e-04
1.907592862844467163e-01
3.047819733619689941e-01
2.533574029803276062e-02
3.363784551620483398e-01
8.173546940088272095e-02
5.330950487405061722e-03
2.613018639385700226e-02
3.390386234968900681e-03
5.054416134953498840e-02
1.431361772119998932e-02
3.154370188713073730e-02
8.013892918825149536e-03
4.141928628087043762e-03
2.096311748027801514e-01
1.464393138885498047e+01
5.702935159206390381e-03
3.777908626943826675e-03
5.226554349064826965e-03
4.864665865898132324e-02
1.502777595305815339e-04
1.265353441238403320e+00
2.924121730029582977e-02
2.121647357940673828e+00
1.591317057609558105e-01
2.236883156001567841e-02
6.739032687619328499e-04
4.556127190589904785e-01
5.309511423110961914e-01
8.066139183938503265e-03
2.921473700553178787e-03
3.220238536596298218e-02
1.064360330929048359e-04
4.946953803300857544e-02
1.873761182650923729e-03
3.895971775054931641e+00
3.116718530654907227e-01
8.700885809957981110e-03
2.298750355839729309e-02
1.477125566452741623e-02
2.761863917112350464e-02
3.184664761647582054e-03
2.100612670183181763e-01
2.472182735800743103e-02
1.181642711162567139e-01
5.240072030574083328e-03
2.389490753412246704e-01
6.008399650454521179e-04
6.893317401409149170e-02
5.022425577044487000e-02
1.664734035730361938e-01
4.492990672588348389e-03
1.497350819408893585e-02
9.585233405232429504e-03
4.006025940179824829e-02
1.232335492968559265e-01
3.758559748530387878e-02
8.136556297540664673e-02
4.159254208207130432e-02
1.137944936752319336e+00
8.299466571770608425e-05
8.660008013248443604e-02
1.559948734939098358e-02
2.719237506389617920e-01
3.167556285858154297e+00
3.285113722085952759e-02
1.544470805674791336e-02
1.793492734432220459e-01
5.775398109108209610e-03
8.361457730643451214e-04
1.443291664123535156e+00
3.407727181911468506e-02
5.212951917201280594e-03
2.489558793604373932e-02
1.385381910949945450e-02
1.951486945152282715e+00
8.745680563151836395e-03
7.531634066253900528e-03
1.927758097648620605e+00
3.996390849351882935e-02
6.993862986564636230e-01
3.494307631626725197e-03
1.795787946321070194e-03
1.706712879240512848e-02
9.696811437606811523e-03
1.252475380897521973e-02
5.064123868942260742e-01
1.286789059638977051e+00
1.946754753589630127e-01
1.458554156124591827e-02
9.139898233115673065e-03
1.285876985639333725e-02
2.331517462152987719e-04
6.137393414974212646e-03
4.992474555969238281e+00
1.422430038452148438e+00
5.546237807720899582e-04
7.134045660495758057e-02
1.391937956213951111e-02
2.422747900709509850e-03
8.489619195461273193e-02
3.627407178282737732e-02
1.023512100800871849e-03
1.830452494323253632e-02
2.726617082953453064e-02
5.095258355140686035e-02
2.007927417755126953e+00
4.940178990364074707e-02
1.158852219581604004e+00
5.398945808410644531e-01
9.212980419397354126e-02
7.537546753883361816e-01
1.996125698089599609e+00
1.172123663127422333e-02
2.583881095051765442e-02
6.170964613556861877e-02
8.201191201806068420e-03
1.433472931385040283e-01
8.825752735137939453e-01
5.672938376665115356e-02
1.076551992446184158e-02
4.061976373195648193e-01
4.982363898307085037e-03
3.505442291498184204e-02
1.220357953570783138e-03
6.448763012886047363e-01
3.491457784548401833e-03
1.000501215457916260e-02
3.119278848171234131e-01
1.242871279828250408e-03
9.643829427659511566e-03
4.589674621820449829e-02
4.198176786303520203e-03
4.271424412727355957e-01
5.363746080547571182e-03
6.749130785465240479e-03
7.633645553141832352e-03
2.765613142400979996e-03
3.717009676620364189e-03
2.533652186393737793e-01
6.746276747435331345e-03
1.494595874100923538e-02
9.022274054586887360e-03
1.062216702848672867e-02
5.627615377306938171e-03
5.974607542157173157e-03
2.044604532420635223e-02
2.418626397848129272e-01
2.195172244682908058e-03
8.876604260876774788e-04
5.736522842198610306e-03
1.771152377128601074e+00
1.065491698682308197e-03
1.481739897280931473e-02
1.871144771575927734e-01
4.147217422723770142e-02
4.489928111433982849e-02
3.544915467500686646e-02
1.027691811323165894e-01
1.803239136934280396e-01
1.222217979375272989e-04
1.985817775130271912e-02
4.056816920638084412e-03
2.464564517140388489e-03
2.480282261967658997e-02
2.695147879421710968e-02
6.024441123008728027e-02
7.769606262445449829e-02
2.686220034956932068e-02
1.042622257955372334e-03
1.861116662621498108e-02
9.939515031874179840e-03
1.700705438852310181e-01
2.056327089667320251e-02
9.153679013252258301e-02
1.803291030228137970e-03
1.053700521588325500e-01
4.332802491262555122e-04
1.483378410339355469e-01
1.529870033264160156e-01
6.248188391327857971e-02
2.557336911559104919e-02
1.082088351249694824e+00
2.916350262239575386e-03
1.218583900481462479e-02
7.229651324450969696e-03
1.936985738575458527e-02
2.561796084046363831e-02
6.420988589525222778e-02
1.706418232060968876e-03
4.050560951232910156e+00
1.300705671310424805e-01
3.011088818311691284e-02
3.450093746185302734e+00
1.124843978881835938e+01
9.798149578273296356e-03
9.140421170741319656e-04
7.421236950904130936e-04
3.129242360591888428e-02
7.901369594037532806e-03
3.198548033833503723e-02
5.864052295684814453e+00
2.152535016648471355e-04
4.714217662811279297e+00
1.193512454628944397e-01
2.561589516699314117e-02
6.580302724614739418e-04
4.043627995997667313e-03
1.121638679504394531e+01
1.118558273315429688e+02
1.042925186157226562e+02
7.687732577323913574e-01
3.429930877685546875e+01
1.944084167480468750e+00
4.372424011230468750e+02
1.004911327362060547e+01
8.232866668701171875e+01
1.206515598297119141e+01
1.649114532470703125e+02
1.867454719543457031e+01
7.262341308593750000e+01
6.967102289199829102e-01
1.353408718109130859e+01
1.199781494140625000e+02
1.019961090087890625e+02
1.966800079345703125e+02
1.105499801635742188e+02
9.781727790832519531e+00
6.019819641113281250e+01
5.671360015869140625e+00
8.576326370239257812e+00
5.349902343750000000e+01
2.782786369323730469e+00
6.311056017875671387e-01
2.467991790771484375e+02
6.293072509765625000e+02
1.123658813476562500e+03
3.119124450683593750e+02
9.591424942016601562e+00
5.295574188232421875e+00
7.912750720977783203e+00
3.105120239257812500e+02
1.251073074340820312e+01
9.482166290283203125e+00
7.859478592872619629e-01
5.645790696144104004e-02
3.883360624313354492e+00
1.445731201171875000e+02
1.078905273437500000e+03
2.164763259887695312e+01
9.486199617385864258e-01
4.200614318847656250e+02
2.232542610168457031e+01
1.395938873291015625e+02
9.127756500244140625e+01
1.567634582519531250e+01
7.995467185974121094e-01
1.074617553710937500e+03
2.484403991699218750e+02
3.205426788330078125e+01
1.499380397796630859e+01
2.304099464416503906e+01
4.251409053802490234e+00
1.046626472473144531e+01
5.870708942413330078e+00
4.131530225276947021e-01
2.098044013977050781e+01
1.281240844726562500e+03
4.141842346191406250e+02
4.440822143554687500e+02
7.103877544403076172e+00
5.699198150634765625e+01
5.301973819732666016e+00
4.439228820800781250e+01
5.937978363037109375e+01
2.230431640625000000e+03
2.473188171386718750e+02
4.799887847900390625e+01
7.101664692163467407e-02
1.502794342041015625e+02
1.515495419502258301e+00
1.972297821044921875e+02
1.147548389434814453e+01
1.192066478729248047e+01
1.287455201148986816e+00
9.611294746398925781e+00
3.266411743164062500e+02
3.493956375122070312e+01
3.975327682495117188e+01
6.034568309783935547e+00
7.706333160400390625e+00
4.672677993774414062e+01
7.213489055633544922e+00
3.602121734619140625e+01
1.547095626592636108e-01
1.217738914489746094e+01
2.342923927307128906e+01
3.816130161285400391e+00
1.391231727600097656e+01
4.922520065307617188e+01
4.268503189086914062e+01
1.723621559143066406e+01
8.084500122070312500e+01
2.508370819091796875e+02
4.827039718627929688e+00
5.264594726562500000e+02
5.783115625381469727e-01
4.477833557128906250e+02
2.517174959182739258e+00
2.899701118469238281e+01
3.783578395843505859e+00
1.387538604736328125e+02
4.364474868774414062e+01
1.184521331787109375e+02
2.808599710464477539e+00
3.459337402343750000e+03
4.156909484863281250e+02
1.152741670608520508e+00
6.292014122009277344e-01
1.042846191406250000e+03
2.005720825195312500e+02
1.623374104499816895e+00
3.839586257934570312e+01
1.045650482177734375e+02
9.833113861083984375e+01
1.456084918975830078e+01
8.672050476074218750e+01
1.588669109344482422e+01
2.296931304931640625e+02
6.032587402343750000e+03
5.009491271972656250e+02
1.474835662841796875e+02
3.920939683914184570e+00
2.749978027343750000e+02
2.577603530883789062e+01
3.071773767471313477e+00
6.341846313476562500e+02
6.883168792724609375e+01
3.956142578125000000e+02
2.688944816589355469e+01
4.282284080982208252e-01
2.947486877441406250e+01
2.328194856643676758e+00
3.572381973266601562e+00
1.186612844467163086e+00
4.196458129882812500e+02
5.825691528320312500e+02
3.006537780761718750e+02
3.617570495605468750e+01
2.779809474945068359e+00
4.883341979980468750e+02
2.481293296813964844e+01
7.817885742187500000e+02
4.362126922607421875e+01
3.779098510742187500e+02
1.888131618499755859e+00
5.392174530029296875e+01
1.899182128906250000e+03
5.991927385330200195e-01
5.192030639648437500e+02
3.623818588256835938e+01
6.334446668624877930e-01
1.435735473632812500e+02
3.605467605590820312e+01
2.799126625061035156e+00
9.872341156005859375e-01
5.358877182006835938e+00
2.403398275375366211e+00
1.211553833007812500e+03
1.510508880615234375e+02
1.781123504638671875e+02
5.508233642578125000e+01
1.774331817626953125e+02
9.418311309814453125e+01
9.830788421630859375e+01
3.335066528320312500e+02
1.096091552734375000e+03
1.109338188171386719e+01
8.935673713684082031e+00
1.348539672851562500e+03
1.936509251594543457e+00
6.608412265777587891e+00
3.940880737304687500e+02
2.619410514831542969e+01
1.089232540130615234e+01
6.208073043823242188e+01
2.485976696014404297e+00
1.855506896972656250e+01
1.253178024291992188e+01
2.028819274902343750e+01
2.837562561035156250e+02
6.319386005401611328e+00
2.275528515625000000e+04
4.339531898498535156e+00
5.466299057006835938e-01
2.657972526550292969e+01
5.473602294921875000e+02
6.719274902343750000e+01
4.896864891052246094e+00
3.627325439453125000e+02
9.415919303894042969e+00
6.304651260375976562e+01
1.649914398193359375e+02
1.993926167488098145e+00
7.464319610595703125e+01
1.179739713668823242e+00
9.329591751098632812e+00
2.741557598114013672e+00
1.542200660705566406e+01
1.218981838226318359e+01
6.138946533203125000e+00
4.616002655029296875e+01
6.080947875976562500e+01
1.116035342216491699e+00
6.348535919189453125e+01
5.529093627929687500e+02
6.908310890197753906e+00
3.958673858642578125e+01
8.288969039916992188e+00
4.292732238769531250e+00
1.419502854347229004e+00
4.598063964843750000e+03
1.714682579040527344e+01
4.090476379394531250e+02
4.492650032043457031e+00
2.848183593750000000e+02
1.389742136001586914e+00
2.259293365478515625e+02
3.376025878906250000e+03
1.428070366382598877e-01
2.009503126144409180e+00
9.047918701171875000e+02
3.979485273361206055e+00
9.695351562500000000e+02
3.942659139633178711e+00
2.860881614685058594e+01
9.444588661193847656e+00
1.513185119628906250e+01
1.075187101960182190e-01
1.268829250335693359e+01
2.884954929351806641e+00
5.107970886230468750e+02
6.941915893554687500e+01
1.930866432189941406e+01
4.936855316162109375e+00
2.637352180480957031e+01
2.015598869323730469e+01
1.958174586296081543e+00
3.903518981933593750e+02
1.554968719482421875e+02
1.295537281036376953e+01
2.206283950805664062e+01
1.573722076416015625e+02
9.572007751464843750e+01
2.159191741943359375e+02
8.603918552398681641e-01
5.847976562500000000e+03
1.129581165313720703e+01
6.869538116455078125e+01
3.436697387695312500e+01
7.879538536071777344e-01
8.242608642578125000e+02
9.965004730224609375e+01
8.176636099815368652e-01
6.488577880859375000e+02
6.438786315917968750e+01
6.826331138610839844e+00
2.913980712890625000e+03
8.533626556396484375e+01
5.953407287597656250e+01
5.820432281494140625e+01
6.178278808593750000e+02
2.368329925537109375e+02
1.443751983642578125e+02
2.645494461059570312e+01
1.241278320312500000e+03
5.459684729576110840e-01
1.483198738098144531e+01
4.335990295410156250e+02
1.404576778411865234e+01
4.716992187500000000e+02
1.385278463363647461e+00
7.526835799217224121e-01
7.120944213867187500e+01
5.272532463073730469e+00
8.884666442871093750e+00
1.259042510986328125e+02
9.322431683540344238e-01
1.857915496826171875e+01
5.230482101440429688e+00
8.528144836425781250e+00
2.960133743286132812e+01
1.331541299819946289e+00
1.190533041954040527e+00
4.529856567382812500e+02
1.190845581054687500e+03
2.613920688629150391e+00
2.146415557861328125e+02
1.958355140686035156e+01
8.449321746826171875e+00
1.859458129882812500e+03
5.542834758758544922e+00
1.861938018798828125e+02
3.020424842834472656e+01
3.160016822814941406e+01
1.050411499023437500e+03
2.153781318664550781e+01
1.530474395751953125e+02
6.602307739257812500e+02
1.307255096435546875e+02
4.405212020874023438e+01
2.514134216308593750e+02
4.043111801147460938e+01
2.791025638580322266e+00
4.961008453369140625e+01
1.800212097167968750e+01
1.387259101867675781e+01
1.069477539062500000e+03
5.456403198242187500e+02
6.757942504882812500e+02
3.729581909179687500e+02
1.116821575164794922e+01
4.146691322326660156e+00
7.850742936134338379e-01
3.374775695800781250e+01
1.478015899658203125e+01
1.211068534851074219e+01
2.096821308135986328e+00
8.063727378845214844e+00
6.740974783897399902e-01
1.283341827392578125e+02
4.404627990722656250e+01
5.947851562500000000e+01
1.264558029174804688e+02
1.929116439819335938e+01
6.392987823486328125e+01
1.782341384887695312e+01
7.894037723541259766e+00
2.669109702110290527e-01
5.885749023437500000e+03
1.852939331054687500e+03
1.122077636718750000e+02
1.677227935791015625e+02
8.424639892578125000e+01
6.912227783203125000e+02
3.289990234375000000e+01
1.879419898986816406e+01
2.835484313964843750e+01
2.817418575286865234e+00
6.844652557373046875e+01
1.423254150390625000e+03
6.399954223632812500e+01
1.057073402404785156e+01
6.956919193267822266e+00
1.483529510498046875e+02
6.130471191406250000e+02
8.043326568603515625e+01
1.505987262725830078e+01
1.479485416412353516e+01
9.280117601156234741e-02
1.735373437404632568e-01
3.639382934570312500e+01
2.087016296386718750e+01
5.245572566986083984e+00
1.518441295623779297e+01
2.005334472656250000e+02
5.047263336181640625e+01
1.593724975585937500e+02
6.369419097900390625e+00
1.947105765342712402e+00
7.239306926727294922e+00
3.482073593139648438e+01
1.087031860351562500e+03
2.049147605895996094e+00
9.188057708740234375e+01
1.111809849739074707e+00
3.832017421722412109e+00
3.014620542526245117e-01
1.549180126190185547e+01
3.739907470703125000e+03
1.801191992187500000e+04
6.046442508697509766e+00
1.349359130859375000e+02
7.628919219970703125e+01
5.357659816741943359e+00
1.843106842041015625e+02
5.173085937500000000e+02
5.729962825775146484e+00
6.073910713195800781e+00
7.119049072265625000e+00
7.147663116455078125e+01
2.480983352661132812e+01
1.958979415893554688e+01
2.646729736328125000e+02
5.718593750000000000e+02
6.094438552856445312e+00
4.780680656433105469e+00
4.512717247009277344e+00
1.923300628662109375e+02
8.182996749877929688e+00
2.679750061035156250e+01
2.581755676269531250e+02
1.710282135009765625e+01
6.996918945312500000e+02
8.971734008789062500e+02
1.429705047607421875e+02
2.019014358520507812e+00
2.760080909729003906e+01
