4.046787694096565247e-02
1.745871007442474365e-01
5.410675425082445145e-03
2.410536399111151695e-03
2.821815200150012970e-02
3.201086521148681641e+00
1.818594336509704590e-02
2.575963502749800682e-03
8.181169629096984863e-03
4.453203380107879639e-01
1.624165847897529602e-02
2.194156683981418610e-02
4.505265504121780396e-02
1.789042726159095764e-02
2.281414344906806946e-03
1.266686432063579559e-02
1.531794783659279346e-03
1.023650262504816055e-02
2.294101566076278687e-02
6.823937874287366867e-04
3.027812764048576355e-02
2.780500240623950958e-02
1.186389699578285217e-01
1.450350973755121231e-02
1.352209329605102539e+00
7.546884007751941681e-03
4.462474212050437927e-02
8.545917272567749023e-02
7.492261379957199097e-02
4.668170511722564697e-01
5.621028831228613853e-04
2.074564981739968061e-04
1.218931470066308975e-02
3.923197835683822632e-02
2.322173304855823517e-02
1.322474610060453415e-02
4.387808032333850861e-03
3.540256293490529060e-04
6.926063913851976395e-03
5.589279346168041229e-03
1.887999027967453003e-01
9.542612731456756592e-02
4.025327041745185852e-03
5.711503982543945312e+00
1.263920664787292480e-01
1.374178677797317505e-01
9.554805234074592590e-03
4.240088760852813721e-01
1.331421430222690105e-03
4.049509391188621521e-02
1.473543792963027954e-01
5.828395485877990723e-02
8.405473083257675171e-02
2.715445123612880707e-02
8.954158402048051357e-04
2.475179266184568405e-03
3.549179295077919960e-03
1.380432955920696259e-02
2.901922166347503662e-02
1.007526493072509766e+01
9.314998984336853027e-03
7.695763111114501953e+00
1.383432466536760330e-02
5.370986182242631912e-03
8.823668211698532104e-02
4.914860799908638000e-02
1.833892464637756348e-01
1.847999542951583862e-02
5.932607054710388184e-01
5.145265460014343262e-01
1.063444142346270382e-04
1.122800350189208984e+00
2.101995982229709625e-03
9.451485425233840942e-02
7.790122926235198975e-02
1.514191552996635437e-02
5.254594609141349792e-03
4.026903212070465088e-02
2.069075219333171844e-02
1.070689223706722260e-02
1.367046684026718140e-01
1.542588882148265839e-02
1.721828617155551910e-02
1.992889447137713432e-04
2.000814303755760193e-03
1.969946781173348427e-03
4.789470767718739808e-05
2.208272367715835571e-02
5.991137623786926270e-01
4.533375613391399384e-04
1.041934918612241745e-02
8.435645140707492828e-03
2.411926630884408951e-03
3.649860247969627380e-02
1.628104015253484249e-03
7.710696458816528320e-01
1.721218973398208618e-01
1.208591908216476440e-01
9.373662760481238365e-04
6.923352926969528198e-02
1.813989043235778809e+00
4.926895722746849060e-02
2.117624739184975624e-03
1.772537082433700562e-02
1.211289688944816589e-02
3.333903551101684570e-01
4.155747592449188232e-02
1.502064149826765060e-02
4.688470065593719482e-02
1.534839570522308350e-01
4.139157012104988098e-02
2.238557338714599609e-01
6.177519634366035461e-02
1.201637834310531616e-01
1.506892219185829163e-02
4.165723919868469238e-02
3.220916539430618286e-02
1.219013426452875137e-02
2.747987862676382065e-03
3.042669408023357391e-02
1.835961244069039822e-03
1.779563140869140625e+01
3.738318681716918945e-01
5.692989230155944824e-01
2.039593091467395425e-04
1.311276108026504517e-01
1.130343228578567505e-02
3.676665073726326227e-04
7.275447994470596313e-02
3.127619251608848572e-02
5.922222137451171875e-01
1.686985790729522705e-02
3.053667722269892693e-03
1.621124218218028545e-03
4.567223042249679565e-02
9.193438105285167694e-03
2.327876165509223938e-02
1.388523221015930176e+00
1.820950061082839966e-01
4.867863953113555908e-01
1.150678936392068863e-02
8.373363874852657318e-03
9.215325713157653809e-01
6.317512989044189453e-01
1.235790348052978516e+01
4.117340967059135437e-02
2.036784291267395020e-01
1.536267902702093124e-02
7.537407428026199341e-02
1.134676951915025711e-02
1.386838592588901520e-02
1.213224977254867554e-01
1.723079085350036621e-01
3.398600965738296509e-02
1.546782106161117554e-01
1.122726127505302429e-02
1.748337224125862122e-02
3.417648002505302429e-02
1.095867715775966644e-03
4.408414941281080246e-03
6.146031245589256287e-02
5.228683003224432468e-04
7.849284261465072632e-02
1.630508303642272949e-01
2.837348282337188721e-01
1.486215591430664062e-01
1.037913858890533447e-01
1.555329561233520508e-01
1.146416306495666504e+00
1.037587178871035576e-03
2.255389653146266937e-02
1.456536352634429932e-01
1.833459973568096757e-04
6.368855945765972137e-03
3.833022341132164001e-02
1.519260644912719727e+00
1.757032424211502075e-02
1.692029088735580444e-02
1.220832392573356628e-02
1.231194287538528442e-01
4.327339306473731995e-02
3.980656713247299194e-02
1.387539803981781006e-01
5.628054589033126831e-02
7.707730531692504883e-01
1.638643443584442139e-02
5.345574114471673965e-03
2.677600830793380737e-02
4.397810995578765869e-01
2.962830662727355957e-02
2.669731378555297852e-01
2.397951111197471619e-02
1.425010559614747763e-04
7.788321375846862793e-02
1.929928511381149292e-01
2.737749554216861725e-02
3.674072921276092529e-01
3.184155374765396118e-02
5.967222154140472412e-03
4.315699636936187744e-02
2.822763286530971527e-03
4.406884685158729553e-02
1.210672967135906219e-02
4.268896579742431641e-02
6.921765394508838654e-03
5.083239637315273285e-03
1.084200367331504822e-01
1.250201225280761719e+01
3.290772903710603714e-03
2.341433195397257805e-03
2.770964521914720535e-03
2.838210389018058777e-02
1.102293390431441367e-04
1.052855491638183594e+00
2.748147025704383850e-02
1.580057024955749512e+00
2.389015853404998779e-01
1.826810277998447418e-02
3.786614106502383947e-04
3.844105601310729980e-01
6.011570096015930176e-01
3.299447475001215935e-03
4.233131650835275650e-03
2.356784790754318237e-02
4.803174670087173581e-05
9.744922816753387451e-02
1.604617689736187458e-03
3.149597406387329102e+00
1.715398281812667847e-01
7.101892959326505661e-03
1.173716038465499878e-02
1.018328592181205750e-02
1.795085147023200989e-02
2.078271936625242233e-03
7.705619931221008301e-02
2.196502499282360077e-02
5.867693200707435608e-02
3.589266212657094002e-03
2.324765026569366455e-01
4.119148361496627331e-04
9.313116222620010376e-02
2.602258697152137756e-02
1.276636123657226562e-01
3.022326854988932610e-03
1.064087916165590286e-02
9.379229508340358734e-03
2.180814743041992188e-02
5.276654660701751709e-02
3.433726355433464050e-02
3.811084106564521790e-02
2.223503030836582184e-02
6.699678301811218262e-01
1.020131603581830859e-04
7.684189826250076294e-02
2.042166702449321747e-02
1.731594055891036987e-01
2.915012598037719727e+00
4.684434458613395691e-02
8.570701815187931061e-03
9.038751572370529175e-02
7.311604451388120651e-03
1.031512627378106117e-03
1.309477806091308594e+00
4.269213229417800903e-02
4.546724259853363037e-03
5.708891153335571289e-02
6.108879111707210541e-03
1.328569650650024414e+00
3.023689147084951401e-03
6.242401897907257080e-03
2.239162683486938477e+00
3.146923705935478210e-02
4.496614336967468262e-01
1.818524906411767006e-03
1.191734918393194675e-03
1.072585023939609528e-02
1.106273196637630463e-02
8.795166388154029846e-03
2.688840925693511963e-01
6.403955221176147461e-01
1.788545101881027222e-01
1.441197190433740616e-02
9.994407184422016144e-03
8.718004450201988220e-03
1.658020919421687722e-04
1.065495330840349197e-02
5.162451267242431641e+00
1.525144219398498535e+00
9.175001177936792374e-04
4.979338496923446655e-02
1.200897432863712311e-02
2.458702540025115013e-03
1.337877362966537476e-01
2.746324986219406128e-02
8.523941505700349808e-04
1.048846822232007980e-02
2.622171491384506226e-02
5.365898832678794861e-02
1.384474754333496094e+00
6.327500939369201660e-02
1.437833786010742188e+00
3.143803477287292480e-01
1.022259443998336792e-01
7.004580497741699219e-01
1.378521203994750977e+00
1.495241746306419373e-02
1.113568898290395737e-02
7.683014124631881714e-02
7.197675295174121857e-03
1.357760727405548096e-01
7.027162313461303711e-01
8.208010345697402954e-02
1.817663200199604034e-02
3.021968305110931396e-01
5.008547101169824600e-03
2.179303206503391266e-02
1.173822907730937004e-03
5.754997730255126953e-01
1.465045614168047905e-03
7.149318698793649673e-03
1.549688428640365601e-01
6.902473978698253632e-04
1.199201960116624832e-02
4.494664445519447327e-02
4.013224039226770401e-03
6.523106098175048828e-01
3.462004940956830978e-03
4.567191004753112793e-03
1.294305920600891113e-02
3.322851145640015602e-03
1.714416663162410259e-03
3.250623345375061035e-01
8.581755682826042175e-03
1.891887187957763672e-02
8.302550762891769409e-03
9.664148092269897461e-03
7.216047029942274094e-03
6.280364468693733215e-03
1.781475730240345001e-02
1.067475080490112305e-01
3.341218223795294762e-03
4.036838654428720474e-04
5.148120690137147903e-03
1.106533646583557129e+00
7.333647226914763451e-04
1.077612023800611496e-02
1.614737957715988159e-01
1.016762852668762207e-01
2.616746909916400909e-02
2.753867767751216888e-02
1.084674000740051270e-01
7.059567421674728394e-02
7.810946408426389098e-05
1.371165178716182709e-02
6.241514813154935837e-03
3.037106012925505638e-03
2.177813090384006500e-02
2.193085104227066040e-02
5.382059141993522644e-02
8.772327750921249390e-02
3.020624071359634399e-02
8.820521179586648941e-04
3.221921995282173157e-02
9.739885106682777405e-03
2.089901119470596313e-01
1.086307223886251450e-02
1.108796596527099609e-01
1.244762097485363483e-03
1.957379281520843506e-01
3.929044178221374750e-04
5.677204579114913940e-02
8.819685131311416626e-02
2.367986142635345459e-01
2.988435700535774231e-02
6.221596002578735352e-01
3.299593925476074219e-03
1.082205306738615036e-02
5.233365111052989960e-03
7.967879064381122589e-03
2.360258251428604126e-02
4.440755024552345276e-02
1.753704273141920567e-03
1.813819169998168945e+00
8.222635835409164429e-02
1.996921002864837646e-02
4.171493053436279297e+00
1.154480648040771484e+01
7.679182570427656174e-03
1.330568455159664154e-03
4.132599278818815947e-04
4.382973536849021912e-02
1.031249016523361206e-02
3.525728732347488403e-02
4.078537940979003906e+00
2.156665141228586435e-04
3.274592638015747070e+00
1.241955533623695374e-01
1.546371355652809143e-02
1.212788745760917664e-03
4.885868169367313385e-03
1.667895889282226562e+01
6.934458160400390625e+01
6.263626098632812500e+01
5.359673500061035156e-01
2.975816726684570312e+01
1.005301713943481445e+00
3.789505004882812500e+02
8.078018188476562500e+00
1.004242858886718750e+02
1.366985607147216797e+01
1.108367462158203125e+02
1.370763969421386719e+01
2.405040168762207031e+01
4.237762987613677979e-01
7.388205051422119141e+00
6.649710083007812500e+01
3.599279403686523438e+01
1.569086151123046875e+02
6.037404251098632812e+01
4.696415901184082031e+00
2.589923858642578125e+01
3.963363170623779297e+00
6.523821830749511719e+00
2.597625541687011719e+01
2.910367965698242188e+00
6.120553612709045410e-01
1.200707550048828125e+02
6.059554443359375000e+02
6.719079589843750000e+02
1.622957611083984375e+02
2.694249868392944336e+00
2.953449487686157227e+00
5.296117782592773438e+00
3.145069274902343750e+02
4.853179454803466797e+00
4.469156742095947266e+00
4.699821770191192627e-01
5.885103717446327209e-02
2.009743213653564453e+00
1.048981018066406250e+02
1.149255126953125000e+03
1.753400611877441406e+01
5.433343648910522461e-01
3.852409057617187500e+02
1.307120132446289062e+01
1.656213226318359375e+02
8.357951354980468750e+01
7.059301853179931641e+00
5.700370073318481445e-01
4.935903625488281250e+02
1.248309707641601562e+02
2.029309272766113281e+01
1.273844146728515625e+01
2.708009719848632812e+01
2.614362716674804688e+00
5.158196926116943359e+00
3.916704416275024414e+00
3.687243163585662842e-01
1.607106590270996094e+01
8.020033569335937500e+02
1.050443572998046875e+02
4.149338378906250000e+02
4.052512645721435547e+00
3.731771850585937500e+01
4.998562812805175781e+00
2.176355171203613281e+01
4.180541229248046875e+01
1.018125305175781250e+03
4.036192932128906250e+02
2.364350700378417969e+01
5.576018616557121277e-02
5.982738876342773438e+01
1.087606310844421387e+00
1.042450332641601562e+02
7.122338294982910156e+00
7.993218421936035156e+00
4.756288230419158936e-01
5.639863967895507812e+00
1.405624084472656250e+02
2.544849586486816406e+01
2.049954986572265625e+01
3.421133041381835938e+00
6.836339473724365234e+00
2.082932662963867188e+01
7.263943672180175781e+00
1.222669982910156250e+01
9.078445285558700562e-02
1.113965225219726562e+01
1.053517246246337891e+01
2.668050527572631836e+00
9.293188095092773438e+00
3.163518333435058594e+01
4.246948242187500000e+01
1.087551784515380859e+01
7.813677978515625000e+01
7.194924163818359375e+01
2.987341165542602539e+00
8.967508544921875000e+02
7.631259560585021973e-01
1.126928100585937500e+02
1.251668572425842285e+00
1.750245094299316406e+01
1.762854576110839844e+00
1.072675170898437500e+02
2.288128089904785156e+01
4.508135986328125000e+01
1.957951068878173828e+00
1.314474731445312500e+03
2.569798889160156250e+02
9.005049467086791992e-01
2.152797579765319824e-01
3.451918945312500000e+02
1.338057403564453125e+02
1.218174815177917480e+00
3.732268142700195312e+01
8.831406402587890625e+01
3.208995437622070312e+01
1.218486976623535156e+01
4.753900527954101562e+01
9.965047836303710938e+00
9.315857696533203125e+01
6.243004394531250000e+03
2.112592315673828125e+02
9.748839569091796875e+01
1.880874752998352051e+00
1.242932586669921875e+02
1.693533897399902344e+01
2.253662824630737305e+00
5.615650024414062500e+02
8.116250610351562500e+01
1.606552581787109375e+02
1.016825485229492188e+01
2.261856943368911743e-01
9.637058258056640625e+00
1.497184276580810547e+00
1.977207064628601074e+00
1.675700068473815918e+00
2.114877319335937500e+02
2.423271636962890625e+02
2.262140350341796875e+02
2.636895179748535156e+01
1.581944346427917480e+00
3.792639465332031250e+02
1.684980201721191406e+01
2.913058166503906250e+02
2.517415618896484375e+01
2.319179077148437500e+02
1.003690123558044434e+00
2.074734497070312500e+01
8.007347412109375000e+02
4.763646721839904785e-01
3.534107360839843750e+02
4.886206817626953125e+01
3.836406469345092773e-01
1.229755401611328125e+02
1.537236022949218750e+01
1.145779848098754883e+00
7.532215118408203125e-01
2.758632183074951172e+00
1.165383577346801758e+00
5.817752075195312500e+02
1.234782867431640625e+02
1.811654052734375000e+02
1.977421569824218750e+01
1.199350204467773438e+02
2.460732460021972656e+01
3.445967864990234375e+01
1.093790054321289062e+02
3.680835571289062500e+02
4.593209743499755859e+00
6.950506210327148438e+00
7.723876342773437500e+02
1.298648953437805176e+00
4.355887413024902344e+00
1.814073638916015625e+02
1.922240257263183594e+01
7.050881385803222656e+00
4.893441772460937500e+01
2.141169548034667969e+00
1.162639904022216797e+01
5.101755142211914062e+00
2.305051612854003906e+01
3.059741821289062500e+02
2.635025024414062500e+00
9.204388671875000000e+03
4.391325950622558594e+00
5.309317111968994141e-01
1.322104930877685547e+01
1.955080108642578125e+02
3.671201705932617188e+01
1.802488446235656738e+00
1.114641113281250000e+02
6.104056358337402344e+00
4.713430786132812500e+01
8.204673767089843750e+01
1.202629446983337402e+00
5.666220855712890625e+01
7.952731847763061523e-01
2.589514970779418945e+00
1.840260028839111328e+00
1.128449821472167969e+01
3.881110429763793945e+00
4.587743759155273438e+00
3.589524459838867188e+01
5.913869857788085938e+01
5.234154462814331055e-01
2.461355018615722656e+01
3.868538208007812500e+02
5.739029407501220703e+00
2.463636589050292969e+01
6.817845344543457031e+00
1.683710217475891113e+00
9.764512777328491211e-01
2.207859130859375000e+03
1.430921459197998047e+01
1.967097320556640625e+02
4.706261634826660156e+00
2.668030395507812500e+02
9.521138668060302734e-01
1.295011749267578125e+02
2.595032470703125000e+03
1.085927188396453857e-01
1.674528002738952637e+00
4.897566833496093750e+02
1.762166380882263184e+00
6.517872314453125000e+02
2.956501960754394531e+00
1.663371467590332031e+01
4.113539218902587891e+00
9.089818954467773438e+00
8.023517578840255737e-02
6.790288925170898438e+00
1.528501272201538086e+00
1.979510192871093750e+02
1.970999908447265625e+01
2.061776542663574219e+01
3.248626232147216797e+00
1.531252384185791016e+01
1.130217456817626953e+01
8.222305178642272949e-01
2.931132812500000000e+02
6.680197143554687500e+01
9.318110466003417969e+00
9.866964340209960938e+00
9.944868469238281250e+01
5.602651214599609375e+01
1.106723937988281250e+02
3.225307762622833252e-01
2.623948730468750000e+03
5.471369266510009766e+00
3.016232299804687500e+01
3.201892089843750000e+01
9.680724143981933594e-01
2.119428253173828125e+02
7.829585266113281250e+01
7.403193712234497070e-01
2.128980865478515625e+02
4.371154403686523438e+01
2.951730966567993164e+00
1.247277343750000000e+03
4.643467712402343750e+01
5.271557617187500000e+01
3.906000900268554688e+01
3.909821166992187500e+02
9.662937927246093750e+01
7.199739074707031250e+01
1.927301406860351562e+01
4.547577209472656250e+02
2.160417884588241577e-01
6.402360916137695312e+00
6.339624023437500000e+02
1.412378501892089844e+01
2.362288055419921875e+02
7.439430356025695801e-01
3.536562323570251465e-01
2.237844657897949219e+01
5.712705612182617188e+00
4.540177822113037109e+00
4.491194152832031250e+01
6.844980120658874512e-01
9.020642280578613281e+00
2.399281740188598633e+00
4.659089565277099609e+00
2.047526741027832031e+01
1.007088780403137207e+00
1.915834426879882812e+00
4.506775512695312500e+02
1.210762573242187500e+03
2.099770307540893555e+00
1.033329849243164062e+02
1.702486419677734375e+01
6.037332057952880859e+00
2.086363769531250000e+03
3.256876230239868164e+00
6.398614883422851562e+01
1.570649909973144531e+01
1.899777412414550781e+01
5.627630004882812500e+02
1.212654209136962891e+01
1.021554183959960938e+02
3.123430175781250000e+02
6.143255615234375000e+01
3.310877227783203125e+01
2.893565673828125000e+02
2.387010765075683594e+01
3.706467390060424805e+00
6.289574813842773438e+01
1.251644420623779297e+01
8.781776428222656250e+00
8.592821655273437500e+02
3.896909484863281250e+02
3.690543823242187500e+02
5.318811645507812500e+02
5.125298023223876953e+00
3.773259639739990234e+00
5.673248767852783203e-01
1.078171062469482422e+01
1.047299194335937500e+01
4.793889999389648438e+00
1.493175625801086426e+00
3.020262002944946289e+00
8.762174248695373535e-01
1.316908874511718750e+02
2.678376770019531250e+01
4.492819976806640625e+01
1.986149444580078125e+02
9.001972198486328125e+00
4.381659317016601562e+01
1.957768630981445312e+01
1.159606075286865234e+01
4.311062395572662354e-01
4.214659179687500000e+03
8.106399536132812500e+02
4.684182357788085938e+01
1.052412872314453125e+02
5.064852142333984375e+01
5.065809020996093750e+02
3.126774787902832031e+01
7.202821254730224609e+00
2.146130943298339844e+01
1.501213431358337402e+00
4.916487884521484375e+01
7.415787353515625000e+02
3.355619430541992188e+01
5.062026500701904297e+00
3.272536754608154297e+00
8.683209991455078125e+01
8.929136352539062500e+02
4.848915863037109375e+01
1.216721439361572266e+01
1.493032169342041016e+01
8.940044045448303223e-02
6.582666188478469849e-02
2.071949386596679688e+01
1.130010604858398438e+01
3.562996864318847656e+00
9.841106414794921875e+00
1.013518829345703125e+02
3.554662322998046875e+01
7.105789184570312500e+01
2.974611997604370117e+00
1.430378556251525879e+00
4.726565837860107422e+00
1.372366237640380859e+01
7.179824218750000000e+02
1.658905982971191406e+00
6.457741546630859375e+01
4.759154617786407471e-01
5.810383796691894531e+00
2.004851400852203369e-01
1.165559387207031250e+01
1.873821411132812500e+03
1.719366796875000000e+04
4.108990192413330078e+00
8.775051879882812500e+01
3.213172531127929688e+01
4.501554012298583984e+00
8.686481475830078125e+01
2.813549194335937500e+02
2.674355983734130859e+00
3.247562885284423828e+00
9.900597572326660156e+00
7.667375946044921875e+01
1.483374881744384766e+01
4.284820079803466797e+00
2.033210906982421875e+02
9.434151000976562500e+02
8.280663490295410156e+00
2.802827358245849609e+00
2.098549604415893555e+00
1.483713378906250000e+02
2.273800849914550781e+00
1.204018211364746094e+01
1.851468811035156250e+02
1.801708412170410156e+01
3.330685119628906250e+02
6.310594482421875000e+02
1.226022872924804688e+02
1.598238825798034668e+00
2.890908813476562500e+01
