1.201287806034088135e-01
2.309572547674179077e-01
5.701558291912078857e-02
5.177865270525217056e-03
5.480739474296569824e-02
1.064802646636962891e+00
3.661944717168807983e-02
1.930137537419795990e-02
6.633135676383972168e-02
2.547304332256317139e-01
2.072400301694869995e-01
1.015744060277938843e-01
1.436306387186050415e-01
3.158915042877197266e-02
1.609126105904579163e-02
6.366352736949920654e-02
5.385334603488445282e-03
4.444621130824089050e-02
4.145617783069610596e-02
1.162932254374027252e-02
1.996850036084651947e-02
2.781267464160919189e-02
2.801684737205505371e-01
4.134679958224296570e-02
6.252812862396240234e+00
1.634985394775867462e-02
5.352172628045082092e-02
2.722213566303253174e-01
3.612366914749145508e-01
1.994378924369812012e+00
4.794342443346977234e-03
1.580022857524454594e-03
1.139122322201728821e-01
2.229408770799636841e-01
3.373305127024650574e-02
2.795819938182830811e-01
2.504602074623107910e-02
2.565762959420681000e-03
8.798258751630783081e-02
2.840879932045936584e-02
7.194408774375915527e-01
2.289846390485763550e-01
4.426180943846702576e-02
5.342744827270507812e+00
4.011550545692443848e-01
1.726753860712051392e-01
3.510561212897300720e-02
1.588349461555480957e+00
3.709932090714573860e-03
4.060797393321990967e-01
2.339567095041275024e-01
9.359186142683029175e-02
3.288683593273162842e-01
1.096861809492111206e-01
5.249650683254003525e-03
7.346745114773511887e-03
1.001210417598485947e-02
1.360565125942230225e-01
3.738019615411758423e-02
2.042122077941894531e+01
2.022616751492023468e-02
8.680717468261718750e+00
3.082914464175701141e-02
4.509907215833663940e-02
2.103809714317321777e-01
2.328404635190963745e-01
6.771130561828613281e-01
8.894769102334976196e-02
3.532523155212402344e+00
9.685873985290527344e-01
4.780930175911635160e-04
1.043062806129455566e+00
7.493468467146158218e-03
1.366489648818969727e+00
1.864055842161178589e-01
5.026198923587799072e-02
2.318977564573287964e-02
6.900519132614135742e-02
4.676493629813194275e-02
4.020099341869354248e-02
6.322714686393737793e-01
4.760351404547691345e-02
1.759366095066070557e-01
2.761665033176541328e-03
6.663014646619558334e-03
8.494658395648002625e-03
3.360056434758007526e-04
4.278507083654403687e-02
1.544756054878234863e+00
2.135137328878045082e-03
2.804379910230636597e-02
1.078363806009292603e-01
2.111678197979927063e-02
7.712896913290023804e-02
3.605126589536666870e-02
1.068644762039184570e+00
2.671461701393127441e-01
8.583372831344604492e-01
1.310565974563360214e-02
1.889790147542953491e-01
2.516546964645385742e+00
1.279965043067932129e-01
7.716600783169269562e-03
4.241446033120155334e-02
6.448958814144134521e-02
3.139248490333557129e-01
9.499709308147430420e-02
1.111472174525260925e-01
7.641714811325073242e-01
1.370244324207305908e-01
3.169623389840126038e-02
2.758907079696655273e-01
1.618326455354690552e-01
7.795677185058593750e-01
5.144010484218597412e-02
1.576857715845108032e-01
1.186729744076728821e-01
3.076844103634357452e-02
1.138055976480245590e-02
3.476231917738914490e-02
5.204211920499801636e-03
6.727330780029296875e+01
6.741051077842712402e-01
1.794206857681274414e+00
1.419356907717883587e-03
7.447341084480285645e-02
2.632705494761466980e-02
1.193695934489369392e-03
2.647830247879028320e-01
7.138988375663757324e-02
1.162070989608764648e+00
1.638052314519882202e-01
1.389231905341148376e-02
4.466458223760128021e-03
5.299327149987220764e-02
1.493586413562297821e-02
3.660612553358078003e-02
1.464837431907653809e+00
2.056771367788314819e-01
1.522323608398437500e+00
5.891367793083190918e-02
2.916035987436771393e-02
3.998841524124145508e+00
1.168579459190368652e+00
7.927056312561035156e+00
2.169451713562011719e-01
4.853806197643280029e-01
8.824691176414489746e-02
2.472960054874420166e-01
4.606932774186134338e-02
3.571332991123199463e-02
7.376888990402221680e-01
1.779171228408813477e-01
1.235742270946502686e-01
3.344832956790924072e-01
1.014627069234848022e-01
4.489585757255554199e-02
6.125749647617340088e-02
2.473798813298344612e-03
6.744565442204475403e-03
2.725050449371337891e-01
3.596076741814613342e-02
1.367941498756408691e-01
1.910577118396759033e-01
1.578040719032287598e+00
4.038306474685668945e-01
5.769667625427246094e-01
3.841541707515716553e-01
3.437474966049194336e+00
6.242946721613407135e-03
2.464527934789657593e-01
2.616598308086395264e-01
5.520454607903957367e-03
4.966422170400619507e-02
1.145076379179954529e-01
1.415154337882995605e+00
6.786820292472839355e-02
5.990788713097572327e-02
4.964671283960342407e-02
1.321524739265441895e+00
2.095396816730499268e-01
9.147338569164276123e-02
2.042594105005264282e-01
8.080837875604629517e-02
2.483527183532714844e+00
1.143036037683486938e-01
4.670118167996406555e-02
4.908664524555206299e-02
4.819520413875579834e-01
7.206635922193527222e-02
1.084942579269409180e+00
6.852935254573822021e-02
1.534204930067062378e-03
8.416273444890975952e-02
2.405977100133895874e-01
1.225805580615997314e-01
1.680650413036346436e-01
5.253201723098754883e-02
8.368163369596004486e-03
4.583963751792907715e-01
6.158289033919572830e-03
7.057265192270278931e-02
8.711763471364974976e-02
5.923310667276382446e-02
5.119775980710983276e-02
1.966729015111923218e-02
1.265213489532470703e-01
1.421824455261230469e+01
8.723547682166099548e-03
6.072694435715675354e-03
2.354767918586730957e-02
7.238741219043731689e-02
1.932921819388866425e-03
8.825868368148803711e-01
1.096631437540054321e-01
2.065225362777709961e+00
9.281017780303955078e-01
2.987984009087085724e-02
3.113504033535718918e-03
1.396196007728576660e+00
1.954615235328674316e+00
9.443957358598709106e-03
2.071842551231384277e-02
3.633797168731689453e-02
5.066873272880911827e-04
2.867091894149780273e-01
6.158095318824052811e-03
3.311385154724121094e+00
1.969813853502273560e-01
2.833626978099346161e-02
4.396254196763038635e-02
4.231394082307815552e-02
2.695289254188537598e-02
3.146427869796752930e-02
5.203300341963768005e-02
3.592433035373687744e-01
1.125731691718101501e-01
8.621751330792903900e-03
4.674679338932037354e-01
5.000757984817028046e-03
3.824312984943389893e-01
4.221189022064208984e-02
1.961943209171295166e-01
1.269746385514736176e-02
1.950961351394653320e-02
4.139586165547370911e-02
1.576126962900161743e-01
7.567388564348220825e-02
1.020761132240295410e-01
1.911968588829040527e-01
1.425866186618804932e-01
1.143115520477294922e+00
9.765559807419776917e-04
5.721586942672729492e-01
2.089369595050811768e-01
2.149376720190048218e-01
2.716276645660400391e+00
1.337682157754898071e-01
5.015299841761589050e-02
6.783495843410491943e-02
2.535245381295681000e-02
6.832915358245372772e-03
7.945647239685058594e-01
1.105000823736190796e-01
2.498728223145008087e-02
4.314740896224975586e-01
6.667947396636009216e-03
1.657004833221435547e+00
2.098308876156806946e-03
4.394716769456863403e-02
1.091290664672851562e+01
3.076626658439636230e-01
1.891602724790573120e-01
9.211078286170959473e-03
3.446643706411123276e-03
4.338145628571510315e-02
6.241767853498458862e-02
3.250704705715179443e-02
2.366998642683029175e-01
7.852811813354492188e-01
6.939434409141540527e-01
1.228273510932922363e-01
5.501297116279602051e-02
2.090640179812908173e-02
1.797353033907711506e-03
2.252767607569694519e-02
6.808149814605712891e+00
2.692879199981689453e+00
1.611607149243354797e-02
1.386510729789733887e-01
3.241828083992004395e-02
1.545281149446964264e-02
3.779350221157073975e-01
3.766186162829399109e-02
5.276966840028762817e-03
1.991792768239974976e-02
4.941343888640403748e-02
1.118701919913291931e-01
2.112784147262573242e+00
2.857642173767089844e-01
2.734596014022827148e+00
2.655551433563232422e-01
2.970124781131744385e-01
2.632415771484375000e+00
7.629104852676391602e-01
3.577203676104545593e-02
1.586994528770446777e-02
2.164387702941894531e-01
1.673313677310943604e-01
4.118767082691192627e-01
1.675980925559997559e+00
2.203528881072998047e-01
1.705543398857116699e-01
3.652992546558380127e-01
2.290342561900615692e-02
1.155882701277732849e-01
4.644058644771575928e-03
1.840451240539550781e+00
3.720268839970231056e-03
1.507706474512815475e-02
2.446207404136657715e-01
3.090202575549483299e-03
1.155551522970199585e-01
5.681424736976623535e-01
6.561169028282165527e-02
4.141342639923095703e+00
1.334045454859733582e-02
1.399320177733898163e-02
3.214595094323158264e-02
1.293133758008480072e-02
4.104688297957181931e-03
3.604998826980590820e+00
5.184622481465339661e-02
5.293494090437889099e-02
2.651410177350044250e-02
4.581385478377342224e-02
3.606599196791648865e-02
2.593687362968921661e-02
1.658061295747756958e-01
5.475869178771972656e-01
7.050526142120361328e-02
2.815129701048135757e-03
1.119613647460937500e-02
2.120193004608154297e+00
3.289891174063086510e-03
2.769088931381702423e-02
8.934326171875000000e-01
9.303898215293884277e-01
8.703324198722839355e-02
3.356376588344573975e-01
1.873263269662857056e-01
9.462558478116989136e-02
8.743378566578030586e-04
2.277277410030364990e-02
8.973523229360580444e-02
6.388196721673011780e-03
4.109953716397285461e-02
1.480752527713775635e-01
1.892213374376296997e-01
2.435376048088073730e-01
7.389390468597412109e-02
1.363298855721950531e-02
9.093280136585235596e-02
5.006610602140426636e-02
5.349992513656616211e-01
6.235409528017044067e-02
1.290286630392074585e-01
7.908557541668415070e-03
6.510342359542846680e-01
1.927718520164489746e-03
1.581588536500930786e-01
3.470514714717864990e-02
5.724953651428222656e+00
9.925141185522079468e-02
5.710600018501281738e-01
8.726663887500762939e-03
2.035843953490257263e-02
3.340284898877143860e-02
2.278347685933113098e-02
2.365441620349884033e-02
1.041422337293624878e-01
1.504266075789928436e-02
1.077386498451232910e+00
6.783041954040527344e-01
1.266806572675704956e-01
3.563159465789794922e+00
2.041069793701171875e+01
2.368430793285369873e-02
1.923891529440879822e-02
5.727415555156767368e-04
1.036940589547157288e-01
7.160422205924987793e-02
7.996355742216110229e-02
1.909403228759765625e+01
1.655440079048275948e-03
5.979126930236816406e+00
3.506179749965667725e-01
3.791731223464012146e-02
1.742029376327991486e-02
1.729651913046836853e-02
5.857379436492919922e+00
3.097001266479492188e+01
3.723698425292968750e+01
3.612239062786102295e-01
8.736396789550781250e+00
2.691126823425292969e+00
9.554159545898437500e+01
1.020962429046630859e+01
9.679760742187500000e+01
8.080495834350585938e+00
7.431150054931640625e+01
2.427744674682617188e+01
1.077938461303710938e+01
8.223466277122497559e-01
1.935071754455566406e+01
3.232043457031250000e+01
1.803586578369140625e+01
1.486322784423828125e+02
2.746627616882324219e+01
3.722961425781250000e+00
5.457078456878662109e+00
4.585901737213134766e+00
1.873315620422363281e+01
1.852246284484863281e+01
2.977490043640136719e+01
2.038315773010253906e+00
2.019193267822265625e+01
1.983181610107421875e+02
3.487001037597656250e+02
3.723501968383789062e+01
3.113406181335449219e+00
2.890016317367553711e+00
4.510515213012695312e+00
3.205583496093750000e+02
3.029482364654541016e+00
2.584856796264648438e+01
7.214152216911315918e-01
3.194445073604583740e-01
3.153697490692138672e+00
3.457781982421875000e+01
1.261368652343750000e+03
2.268069458007812500e+01
8.016334176063537598e-01
1.084599914550781250e+02
2.105689620971679688e+01
1.223268356323242188e+02
1.189737625122070312e+02
1.694630432128906250e+01
2.138493061065673828e+00
1.962095794677734375e+02
5.569382858276367188e+01
1.046664905548095703e+01
1.338585090637207031e+01
8.969116210937500000e+01
7.216014862060546875e+00
1.213164687156677246e+00
2.450419902801513672e+00
1.883260726928710938e+00
6.257573127746582031e+00
2.088795471191406250e+02
4.628391647338867188e+01
2.220991363525390625e+02
2.476671934127807617e+00
1.208332347869873047e+01
2.984340906143188477e+00
2.234336662292480469e+01
1.378873252868652344e+01
7.327590942382812500e+02
1.630375976562500000e+03
4.505938339233398438e+01
1.066168248653411865e-01
5.433062744140625000e+01
2.026514530181884766e+00
1.370488891601562500e+02
1.386515712738037109e+01
8.630868911743164062e+00
6.570760011672973633e-01
2.579735994338989258e+00
3.686524581909179688e+01
2.699671936035156250e+01
2.795857048034667969e+01
3.488142967224121094e+00
1.003609752655029297e+01
1.294044017791748047e+01
6.527931213378906250e+00
4.411013126373291016e+00
3.593580424785614014e-01
3.327209472656250000e+01
2.518023109436035156e+01
1.717476129531860352e+00
4.668671131134033203e+00
1.128328247070312500e+02
5.361540985107421875e+01
1.822501373291015625e+01
3.721364212036132812e+01
2.717447280883789062e+01
5.757841587066650391e+00
1.401586181640625000e+03
2.845535755157470703e+00
2.557876205444335938e+01
1.191901087760925293e+00
4.598464965820312500e+00
4.055368304252624512e-01
9.554952239990234375e+01
1.844343376159667969e+01
2.471570014953613281e+01
4.441892147064208984e+00
2.803309936523437500e+02
4.031447753906250000e+02
3.242128849029541016e+00
2.382361590862274170e-01
6.275952529907226562e+01
1.898670387268066406e+01
1.206678390502929688e+01
3.600506591796875000e+01
4.207521438598632812e+01
1.266340446472167969e+01
7.267227172851562500e+00
1.975503540039062500e+01
1.388874721527099609e+01
2.745720291137695312e+01
4.669230468750000000e+03
3.165351867675781250e+02
3.675091552734375000e+01
3.957084417343139648e+00
1.612298431396484375e+02
1.056882858276367188e+01
2.649966478347778320e+00
2.984107971191406250e+02
9.569876098632812500e+01
2.863493156433105469e+01
1.797390556335449219e+01
2.427830100059509277e-01
4.298548698425292969e+00
1.396065711975097656e+00
2.146257638931274414e+00
6.204293727874755859e+00
1.355678863525390625e+02
6.020784378051757812e+01
9.257630920410156250e+01
8.094042968750000000e+01
8.079592585563659668e-01
3.689649963378906250e+02
3.235187530517578125e+01
1.088113098144531250e+02
2.063607978820800781e+01
3.443169860839843750e+02
1.969319939613342285e+00
3.049617767333984375e+01
7.788532257080078125e+01
1.975103378295898438e+00
3.010499877929687500e+02
3.090797615051269531e+01
1.504787802696228027e+00
1.007247390747070312e+02
9.129652023315429688e+00
1.958344578742980957e+00
1.279856681823730469e+00
9.494166970252990723e-01
1.889335632324218750e+00
2.841875305175781250e+02
1.205498962402343750e+02
9.175102996826171875e+01
1.251421546936035156e+01
3.818674468994140625e+01
4.042635917663574219e+00
3.010729598999023438e+01
1.036998825073242188e+02
3.663584289550781250e+02
1.684700250625610352e+00
1.534692001342773438e+01
2.630303649902343750e+02
2.962834358215332031e+00
6.541208744049072266e+00
1.642578735351562500e+02
1.894766426086425781e+01
5.444100856781005859e+00
2.425707435607910156e+01
4.286474704742431641e+00
3.162053108215332031e+01
2.311983823776245117e+00
4.634752273559570312e+01
9.827742004394531250e+01
3.102049529552459717e-01
1.876283691406250000e+03
1.590603542327880859e+01
1.608249306678771973e+00
6.107938766479492188e+00
1.265010986328125000e+02
2.258252334594726562e+01
2.355447769165039062e+00
1.436943912506103516e+01
3.718227148056030273e+00
3.034670639038085938e+01
2.733286857604980469e+01
5.850331187248229980e-01
1.324798393249511719e+01
2.095276355743408203e+00
1.369720458984375000e+00
4.867329120635986328e+00
9.118996620178222656e+00
2.349142074584960938e+00
9.082431793212890625e+00
1.142720031738281250e+01
5.272051620483398438e+01
6.774962544441223145e-01
1.118874835968017578e+01
9.140470123291015625e+01
7.403168201446533203e+00
2.744771194458007812e+01
1.533124923706054688e+01
6.178461074829101562e+00
1.523236036300659180e+00
6.135015258789062500e+02
1.482948780059814453e+01
4.524786376953125000e+01
6.962105274200439453e+00
1.719747924804687500e+02
1.166959047317504883e+00
1.013357467651367188e+02
1.540973876953125000e+03
4.078736901283264160e-01
9.370489716529846191e-01
1.038843383789062500e+02
2.126999139785766602e+00
3.612010803222656250e+02
6.044449806213378906e+00
1.148097705841064453e+01
2.260197639465332031e+00
9.078221321105957031e+00
6.884527206420898438e-01
2.121924400329589844e+01
1.082877278327941895e+00
6.643361663818359375e+01
5.800194263458251953e+00
4.253213500976562500e+01
1.014144659042358398e+00
4.936369419097900391e+00
1.123668575286865234e+01
1.565763115882873535e+00
1.690523529052734375e+02
1.489772987365722656e+01
6.779712677001953125e+00
4.455707073211669922e+00
2.507727813720703125e+01
7.732476806640625000e+01
8.517949676513671875e+01
5.076315402984619141e-01
3.330613403320312500e+02
6.682722091674804688e+00
1.440470123291015625e+01
2.158819580078125000e+01
1.983406662940979004e+00
1.521344299316406250e+02
4.599144744873046875e+01
5.257092475891113281e+00
2.332802772521972656e+01
8.562479972839355469e+00
4.355722904205322266e+00
1.760657348632812500e+02
3.793240737915039062e+01
3.631428527832031250e+01
2.569561767578125000e+01
9.672254180908203125e+01
2.993505477905273438e+01
5.864205551147460938e+01
3.329539871215820312e+01
1.448930053710937500e+02
2.100961506366729736e-01
1.306121730804443359e+01
9.775023803710937500e+02
6.634833526611328125e+01
1.302897033691406250e+02
8.271474838256835938e-01
5.254281759262084961e-01
2.237380027770996094e+01
1.055896282196044922e+01
1.523671436309814453e+01
1.843109893798828125e+01
2.905322313308715820e+00
1.534920406341552734e+01
6.549494266510009766e+00
6.165815353393554688e+00
8.338228225708007812e+00
1.061848044395446777e+00
2.941691398620605469e+00
2.590024719238281250e+02
1.517939300537109375e+02
6.759871006011962891e+00
3.213441467285156250e+01
2.531272506713867188e+01
6.804758071899414062e+00
1.860109985351562500e+03
6.010277271270751953e+00
2.825469017028808594e+01
8.458552360534667969e+00
3.456200408935546875e+01
1.149628906250000000e+02
7.884973049163818359e+00
4.257083892822265625e+01
4.621360015869140625e+01
5.272530364990234375e+01
2.241825675964355469e+01
3.056360168457031250e+02
8.660304069519042969e+00
6.980432033538818359e+00
1.295982208251953125e+02
9.196510314941406250e+00
1.233905792236328125e+01
2.757361450195312500e+02
1.415782012939453125e+02
1.496398773193359375e+02
6.621379394531250000e+02
1.615420699119567871e+00
6.289144039154052734e+00
9.485757946968078613e-01
2.538548231124877930e+00
1.221856594085693359e+01
3.337552070617675781e+00
1.043996334075927734e+00
4.812141418457031250e+00
1.096253156661987305e+00
4.082827758789062500e+02
2.451986503601074219e+01
1.692517395019531250e+02
7.698773193359375000e+01
5.985445022583007812e+00
4.878589248657226562e+01
1.669105529785156250e+01
2.150947570800781250e+01
1.575507283210754395e+00
1.109526611328125000e+03
1.718668365478515625e+02
1.199262714385986328e+01
3.028002929687500000e+01
1.224634552001953125e+02
4.825694274902343750e+02
1.576556301116943359e+01
2.592809915542602539e+00
2.632540130615234375e+01
1.058145999908447266e+00
2.072335243225097656e+01
1.234676895141601562e+02
2.647973823547363281e+01
2.977448225021362305e+00
3.378458023071289062e+00
1.573936767578125000e+02
3.542967529296875000e+02
4.561590576171875000e+01
3.150374412536621094e+01
1.721671104431152344e+01
3.336538374423980713e-01
1.619074493646621704e-01
2.088949394226074219e+01
1.318558883666992188e+01
3.951179504394531250e+00
2.498041725158691406e+01
1.363978424072265625e+02
1.258626556396484375e+02
3.391211318969726562e+01
3.941141605377197266e+00
2.153826236724853516e+00
4.962082386016845703e+00
9.340426445007324219e+00
1.271621170043945312e+02
3.202617168426513672e+00
2.940037536621093750e+01
6.947796940803527832e-01
8.151308059692382812e+00
2.541028857231140137e-01
5.828604221343994141e+00
2.331383361816406250e+02
2.202841992187500000e+04
7.972014904022216797e+00
3.201941680908203125e+01
5.421860218048095703e+00
3.174625396728515625e+00
6.486625671386718750e+01
1.559824066162109375e+02
1.907393574714660645e+00
2.522870302200317383e+00
9.201629638671875000e+00
9.927527618408203125e+01
4.218390274047851562e+01
5.040676593780517578e+00
1.561190185546875000e+02
6.123649291992187500e+02
3.773310899734497070e+00
3.782977581024169922e+00
3.232761621475219727e+00
5.686445236206054688e+01
2.976701021194458008e+00
4.878499507904052734e+00
4.978558044433593750e+02
1.878845024108886719e+01
7.624482727050781250e+01
1.380986816406250000e+03
5.867800140380859375e+01
2.024698495864868164e+00
6.873643493652343750e+01
