4.908912743307647930e-01
5.448401582855364467e-01
5.560108681127788888e-01
7.106881797111784804e-01
7.954292828242408575e-01
8.484254598904280575e-01
9.121597580501690228e-01
9.215860597439544666e-01
9.280601129340624311e-01
9.231965865149562855e-01
9.469238975817922954e-01
9.438000985177555924e-01
9.605836139169472432e-01
9.728780401049308413e-01
9.634314729856131576e-01
9.646415228607009285e-01
9.500244542261349068e-01
9.468711000178284820e-01
9.462666666666667004e-01
9.644302165310568720e-01
9.446592339507282610e-01
9.810222222222221289e-01
9.710550887021475175e-01
9.671941678520625807e-01
9.552424552202319896e-01
9.699073037481528159e-01
9.726711989554723825e-01
9.738366910322695524e-01
9.673275248933143056e-01
9.633186607976523819e-01
9.635484304330302896e-01
9.674164295874823072e-01
9.673859844271412989e-01
9.672525027808676068e-01
9.761383439831985420e-01
9.759068278805120844e-01
9.684093437152391237e-01
9.619859307359307499e-01
9.794630156472261540e-01
9.717161819072647200e-01
9.756618464961067660e-01
9.593346484935438845e-01
9.679772282512008053e-01
9.613316147384327603e-01
9.841079059829059839e-01
9.741363960113960108e-01
9.772848506401138335e-01
9.778311965811965489e-01
