3.663431853055953979e-02
1.749500334262847900e-01
8.968016132712364197e-03
3.250561188906431198e-03
4.808863252401351929e-02
7.445904731750488281e+00
2.696910500526428223e-02
4.258712287992238998e-03
1.062502991408109665e-02
7.668306231498718262e-01
1.597302034497261047e-02
3.327275812625885010e-02
7.529774308204650879e-02
3.235480934381484985e-02
2.698210766538977623e-03
2.579236589372158051e-02
2.930739661678671837e-03
1.070223655551671982e-02
2.726795338094234467e-02
1.143100322224199772e-03
1.159966886043548584e-01
4.236592724919319153e-02
2.900750041007995605e-01
4.730674624443054199e-02
1.702597975730895996e+00
1.987763680517673492e-02
8.735221624374389648e-02
6.102224066853523254e-02
1.474935114383697510e-01
1.208934307098388672e+00
1.188170397654175758e-03
1.790129026630893350e-04
9.940288029611110687e-03
4.455921053886413574e-02
7.719402015209197998e-02
1.550411526113748550e-02
8.469416759908199310e-03
6.775022484362125397e-04
1.132715679705142975e-02
8.822216652333736420e-03
3.079873025417327881e-01
1.180902272462844849e-01
3.967119380831718445e-03
1.824547958374023438e+01
2.800074219703674316e-01
1.782127469778060913e-01
1.126839872449636459e-02
5.316553115844726562e-01
4.673317074775695801e-03
3.180819004774093628e-02
2.312228977680206299e-01
6.522239744663238525e-02
1.673251986503601074e-01
5.902750790119171143e-02
9.270311566069722176e-04
3.966364543884992599e-03
8.051667362451553345e-03
1.418070960789918900e-02
4.606971144676208496e-02
1.169984817504882812e+01
1.979770511388778687e-02
1.501997280120849609e+01
2.096769027411937714e-02
4.972163587808609009e-03
1.601108908653259277e-01
3.829627856612205505e-02
2.612053453922271729e-01
2.443277277052402496e-02
9.984534978866577148e-01
9.047428965568542480e-01
2.021321415668353438e-04
1.550601959228515625e+00
1.926331897266209126e-03
8.168489485979080200e-02
1.245223507285118103e-01
6.174298003315925598e-02
8.315847255289554596e-03
8.384015411138534546e-02
7.023226469755172729e-02
1.876736991107463837e-02
1.632608324289321899e-01
2.419958449900150299e-02
3.728417679667472839e-02
4.251385689713060856e-04
5.322301760315895081e-03
2.871719654649496078e-03
6.336117075989022851e-05
4.709761589765548706e-02
1.225404381752014160e+00
1.316778711043298244e-03
1.904735714197158813e-02
1.414807327091693878e-02
3.131390083581209183e-03
1.071538627147674561e-01
1.145711983554065228e-03
1.059976339340209961e+00
7.945896387100219727e-01
1.155206039547920227e-01
1.861715689301490784e-03
1.119846478104591370e-01
3.405416727066040039e+00
5.798238888382911682e-02
2.256660489365458488e-03
3.600222244858741760e-02
2.263148874044418335e-02
8.923379778861999512e-01
1.153820380568504333e-01
2.636157535016536713e-02
4.330175369977951050e-02
2.952689826488494873e-01
2.133087962865829468e-01
4.809276163578033447e-01
7.242096960544586182e-02
1.111811995506286621e-01
2.032308652997016907e-02
6.399018317461013794e-02
6.064222007989883423e-02
1.087461970746517181e-02
5.398509092628955841e-03
8.483464270830154419e-02
1.609080820344388485e-03
2.042955398559570312e+01
8.713015317916870117e-01
6.687613725662231445e-01
2.701779594644904137e-04
2.803243398666381836e-01
3.296355903148651123e-02
9.124952484853565693e-04
8.363284170627593994e-02
6.959655135869979858e-02
1.600672125816345215e+00
4.082792252302169800e-02
4.660089965909719467e-03
2.225783187896013260e-03
9.021396934986114502e-02
2.917321212589740753e-02
5.063069611787796021e-02
3.551305770874023438e+00
2.523270845413208008e-01
5.855920314788818359e-01
2.696117758750915527e-02
1.300943922251462936e-02
1.295619249343872070e+00
8.495649099349975586e-01
3.927906799316406250e+01
3.872084990143775940e-02
3.570260703563690186e-01
2.202019281685352325e-02
7.488198578357696533e-02
1.532282866537570953e-02
2.008884400129318237e-02
1.280077695846557617e-01
2.730923295021057129e-01
3.755452483892440796e-02
1.714929640293121338e-01
2.299853973090648651e-02
3.458413854241371155e-02
6.563074886798858643e-02
2.425433136522769928e-03
1.124773640185594559e-02
7.722409814596176147e-02
6.496139685623347759e-04
2.310145497322082520e-01
3.519698679447174072e-01
4.839694499969482422e-01
2.381878048181533813e-01
1.859644949436187744e-01
2.297490835189819336e-01
1.736101627349853516e+00
6.682060193270444870e-04
2.699640765786170959e-02
2.116822302341461182e-01
1.467334514018148184e-04
1.797818578779697418e-02
6.638015806674957275e-02
2.969125032424926758e+00
3.806205093860626221e-02
1.745063997805118561e-02
2.237498760223388672e-02
1.927242577075958252e-01
7.265040278434753418e-02
6.135027855634689331e-02
2.036388218402862549e-01
6.723213195800781250e-02
2.753619194030761719e+00
1.877229847013950348e-02
9.715704247355461121e-03
7.632750272750854492e-02
5.911505222320556641e-01
5.199092999100685120e-02
2.869931161403656006e-01
5.199548974633216858e-02
3.623355878517031670e-04
2.098543345928192139e-01
4.982078671455383301e-01
3.201009333133697510e-02
5.149831175804138184e-01
9.700927883386611938e-02
7.394046057015657425e-03
5.164659768342971802e-02
4.614070057868957520e-03
6.556438654661178589e-02
2.106945775449275970e-02
3.802222386002540588e-02
1.077320706099271774e-02
4.627539310604333878e-03
3.630532622337341309e-01
1.809210395812988281e+01
8.032294921576976776e-03
3.782148007303476334e-03
6.543815601617097855e-03
8.488804101943969727e-02
1.825063518481329083e-04
1.542066454887390137e+00
4.621329903602600098e-02
4.138580799102783203e+00
1.791247278451919556e-01
3.027765825390815735e-02
9.826535824686288834e-04
5.658661723136901855e-01
6.301434040069580078e-01
1.376112457364797592e-02
3.421707311645150185e-03
3.576749190688133240e-02
1.598420494701713324e-04
6.688434630632400513e-02
2.543826587498188019e-03
5.894645690917968750e+00
4.543981552124023438e-01
1.137680001556873322e-02
2.998601831495761871e-02
1.587471365928649902e-02
3.740615025162696838e-02
4.047611728310585022e-03
2.481566369533538818e-01
3.302478417754173279e-02
1.733833402395248413e-01
8.328363299369812012e-03
3.752187490463256836e-01
6.593582220375537872e-04
9.226243942975997925e-02
7.560308277606964111e-02
2.607549130916595459e-01
5.898801609873771667e-03
1.850958727300167084e-02
1.341620273888111115e-02
6.173716485500335693e-02
1.267201751470565796e-01
4.531603679060935974e-02
1.156558617949485779e-01
5.057290941476821899e-02
1.361152887344360352e+00
9.874629904516041279e-05
1.058585792779922485e-01
2.061539888381958008e-02
4.345724880695343018e-01
4.479375839233398438e+00
3.491020202636718750e-02
1.958232931792736053e-02
2.126863598823547363e-01
6.497663911432027817e-03
9.564719512127339840e-04
2.081852436065673828e+00
4.509076103568077087e-02
6.535931956022977829e-03
4.556674882769584656e-02
1.704186201095581055e-02
2.059232711791992188e+00
1.201677042990922928e-02
9.656114503741264343e-03
2.648427486419677734e+00
5.440167710185050964e-02
9.337916970252990723e-01
3.703376743942499161e-03
2.500874921679496765e-03
2.180896885693073273e-02
1.671502366662025452e-02
1.631472259759902954e-02
5.857764482498168945e-01
1.622623324394226074e+00
2.485284805297851562e-01
1.803152635693550110e-02
1.173878833651542664e-02
1.619923487305641174e-02
4.278476408217102289e-04
8.164124563336372375e-03
7.270176887512207031e+00
1.876187086105346680e+00
1.103222020901739597e-03
1.113802641630172729e-01
1.641644351184368134e-02
2.828803844749927521e-03
1.360339820384979248e-01
4.272302612662315369e-02
1.165459747426211834e-03
2.560887299478054047e-02
4.762013256549835205e-02
7.160086184740066528e-02
3.098844766616821289e+00
7.316916435956954956e-02
1.474249839782714844e+00
7.258399724960327148e-01
1.219591051340103149e-01
8.892916440963745117e-01
2.539665460586547852e+00
1.389017328619956970e-02
4.523488506674766541e-02
7.871913909912109375e-02
1.044350303709506989e-02
1.933208107948303223e-01
1.027375698089599609e+00
7.097214460372924805e-02
1.426332909613847733e-02
4.158813357353210449e-01
7.316679228097200394e-03
5.788531526923179626e-02
1.179976272396743298e-03
8.282579779624938965e-01
4.533021245151758194e-03
1.091840490698814392e-02
4.562548100948333740e-01
1.553017413243651390e-03
1.171125378459692001e-02
6.167299300432205200e-02
7.256466429680585861e-03
5.686931610107421875e-01
9.361701086163520813e-03
7.124516647309064865e-03
9.633745066821575165e-03
3.793917829170823097e-03
6.321607623249292374e-03
4.214824736118316650e-01
1.041924953460693359e-02
1.494360715150833130e-02
1.367645617574453354e-02
1.642395183444023132e-02
6.457190029323101044e-03
8.136934600770473480e-03
3.399151936173439026e-02
2.913345396518707275e-01
3.061949508264660835e-03
9.681804222054779530e-04
6.542898248881101608e-03
3.167873859405517578e+00
1.501667313277721405e-03
2.041936479508876801e-02
2.667060792446136475e-01
4.874503239989280701e-02
5.739449337124824524e-02
4.586129635572433472e-02
1.443140357732772827e-01
2.569406628608703613e-01
1.170294053736142814e-04
2.055003307759761810e-02
5.590769462287425995e-03
3.371318103745579720e-03
3.451970219612121582e-02
3.366402536630630493e-02
6.341984868049621582e-02
8.516097068786621094e-02
3.410205990076065063e-02
1.427808892913162708e-03
3.234675526618957520e-02
1.213536784052848816e-02
2.107576429843902588e-01
2.970452420413494110e-02
1.124973446130752563e-01
2.162383403629064560e-03
1.505140066146850586e-01
5.868140724487602711e-04
2.016339153051376343e-01
2.230512797832489014e-01
1.093658283352851868e-01
3.628103435039520264e-02
1.073120355606079102e+00
3.604412311688065529e-03
1.618116907775402069e-02
8.177480660378932953e-03
3.210652619600296021e-02
3.739531710743904114e-02
9.105196595191955566e-02
1.937409164384007454e-03
6.282115459442138672e+00
1.403184831142425537e-01
4.258060827851295471e-02
5.620576381683349609e+00
1.553446483612060547e+01
1.274961605668067932e-02
1.201777369715273380e-03
8.694279240444302559e-04
4.894499480724334717e-02
9.086336009204387665e-03
4.946339130401611328e-02
1.165912914276123047e+01
2.564312308095395565e-04
6.580440044403076172e+00
1.853822022676467896e-01
3.197362646460533142e-02
7.855094736441969872e-04
5.563272163271903992e-03
1.398596858978271484e+01
1.583294067382812500e+02
1.507587432861328125e+02
9.421797394752502441e-01
5.193091201782226562e+01
2.878617763519287109e+00
6.925335083007812500e+02
1.437126922607421875e+01
1.489188842773437500e+02
1.583475208282470703e+01
2.436595306396484375e+02
2.263714599609375000e+01
1.207189559936523438e+02
9.902153611183166504e-01
2.338086509704589844e+01
2.114243011474609375e+02
1.403750610351562500e+02
2.871650390625000000e+02
1.660689239501953125e+02
1.211133575439453125e+01
8.365877532958984375e+01
6.946570873260498047e+00
1.299371814727783203e+01
8.348280334472656250e+01
3.882871627807617188e+00
7.431277036666870117e-01
3.798963623046875000e+02
6.950335083007812500e+02
2.016716064453125000e+03
4.391951293945312500e+02
1.581931877136230469e+01
5.567113876342773438e+00
1.470305442810058594e+01
4.399673156738281250e+02
2.497579002380371094e+01
1.365150356292724609e+01
1.052299618721008301e+00
8.751644194126129150e-02
6.254123210906982422e+00
2.043624725341796875e+02
1.481827758789062500e+03
2.831386375427246094e+01
1.571359515190124512e+00
6.676975097656250000e+02
3.543768310546875000e+01
2.025736083984375000e+02
1.429911041259765625e+02
2.421394538879394531e+01
1.035297274589538574e+00
1.248494262695312500e+03
3.150686035156250000e+02
3.580485534667968750e+01
1.730723381042480469e+01
3.485662841796875000e+01
5.673326969146728516e+00
1.555484104156494141e+01
8.599961280822753906e+00
4.604306519031524658e-01
3.198157310485839844e+01
1.976751342773437500e+03
6.019521484375000000e+02
6.926296386718750000e+02
1.045373725891113281e+01
7.442997741699218750e+01
7.668655395507812500e+00
6.295557785034179688e+01
8.485943603515625000e+01
3.465181640625000000e+03
3.252630004882812500e+02
8.322147369384765625e+01
1.119470596313476562e-01
1.970800323486328125e+02
2.354786157608032227e+00
2.700314331054687500e+02
1.200706291198730469e+01
1.847445487976074219e+01
1.456854581832885742e+00
1.211805343627929688e+01
5.482907104492187500e+02
4.935719680786132812e+01
5.297691726684570312e+01
9.198328971862792969e+00
1.355990028381347656e+01
6.983962249755859375e+01
1.257098197937011719e+01
4.076203155517578125e+01
1.907825320959091187e-01
1.854295539855957031e+01
3.374356460571289062e+01
4.916500568389892578e+00
2.792476844787597656e+01
6.459161376953125000e+01
8.320116424560546875e+01
2.564244270324707031e+01
1.131974487304687500e+02
4.793136596679687500e+02
6.404553413391113281e+00
7.904792480468750000e+02
7.233391404151916504e-01
6.812537231445312500e+02
3.670061111450195312e+00
3.343495941162109375e+01
5.059719085693359375e+00
2.022671508789062500e+02
6.869953918457031250e+01
1.934679565429687500e+02
4.045773029327392578e+00
4.455856933593750000e+03
4.959794006347656250e+02
1.611636996269226074e+00
1.024687886238098145e+00
1.400103271484375000e+03
2.619789123535156250e+02
1.974173784255981445e+00
4.179635238647460938e+01
1.486702728271484375e+02
1.220341949462890625e+02
1.913852119445800781e+01
1.278045349121093750e+02
1.964694213867187500e+01
3.510156555175781250e+02
1.009194531250000000e+04
7.622305297851562500e+02
2.493384552001953125e+02
6.325980663299560547e+00
4.519890441894531250e+02
5.454722595214843750e+01
5.136495590209960938e+00
8.641859130859375000e+02
1.061560134887695312e+02
6.971425781250000000e+02
3.726494216918945312e+01
4.980380833148956299e-01
3.920309829711914062e+01
3.673756837844848633e+00
5.397927761077880859e+00
1.292393803596496582e+00
7.167639770507812500e+02
9.291427612304687500e+02
4.366059265136718750e+02
6.114358520507812500e+01
4.199291229248046875e+00
7.435502929687500000e+02
2.819750213623046875e+01
1.158043457031250000e+03
4.994288635253906250e+01
6.381913452148437500e+02
3.051425695419311523e+00
8.347412872314453125e+01
2.489580566406250000e+03
7.755989432334899902e-01
8.868018188476562500e+02
6.205480194091796875e+01
7.877312898635864258e-01
2.276588745117187500e+02
6.495137023925781250e+01
3.443403005599975586e+00
1.312222480773925781e+00
7.319839477539062500e+00
4.166278362274169922e+00
1.590694213867187500e+03
2.412672271728515625e+02
3.095211181640625000e+02
5.277822875976562500e+01
2.910484008789062500e+02
1.496048583984375000e+02
1.206586990356445312e+02
4.149670715332031250e+02
1.648837768554687500e+03
1.478344726562500000e+01
1.318617630004882812e+01
2.029080200195312500e+03
3.085442304611206055e+00
1.089235401153564453e+01
6.484639892578125000e+02
3.051705169677734375e+01
1.299247550964355469e+01
7.808646392822265625e+01
4.795753955841064453e+00
3.033389663696289062e+01
2.264970779418945312e+01
3.736719131469726562e+01
3.964207763671875000e+02
8.277978897094726562e+00
2.958489257812500000e+04
6.587042331695556641e+00
9.994816780090332031e-01
3.694681549072265625e+01
9.344861450195312500e+02
8.962989807128906250e+01
7.546791076660156250e+00
4.886281433105468750e+02
1.321074962615966797e+01
8.390531158447265625e+01
2.858172302246093750e+02
2.632961273193359375e+00
1.098956298828125000e+02
1.615456581115722656e+00
1.315029144287109375e+01
5.365701675415039062e+00
2.755012702941894531e+01
1.862282371520996094e+01
9.175286293029785156e+00
5.402233123779296875e+01
7.143247222900390625e+01
1.790802478790283203e+00
1.268478088378906250e+02
6.135059204101562500e+02
1.084253406524658203e+01
5.077429962158203125e+01
1.070722484588623047e+01
6.405208110809326172e+00
1.972624540328979492e+00
6.525507324218750000e+03
2.667765617370605469e+01
8.283128051757812500e+02
5.825162410736083984e+00
3.921697998046875000e+02
2.326677560806274414e+00
2.968919982910156250e+02
4.238646484375000000e+03
2.627589404582977295e-01
3.130965948104858398e+00
1.298611816406250000e+03
6.266799449920654297e+00
1.540063720703125000e+03
6.854207038879394531e+00
4.094393539428710938e+01
1.529230117797851562e+01
2.124762344360351562e+01
1.375643908977508545e-01
1.466363906860351562e+01
4.468139648437500000e+00
8.538722534179687500e+02
8.906683349609375000e+01
2.738948631286621094e+01
7.582859516143798828e+00
4.730637741088867188e+01
3.009920692443847656e+01
2.546021699905395508e+00
7.330180664062500000e+02
1.974500732421875000e+02
2.122347831726074219e+01
3.356430816650390625e+01
2.575621337890625000e+02
1.384851684570312500e+02
3.074300537109375000e+02
1.088321089744567871e+00
8.026534179687500000e+03
1.723023414611816406e+01
8.938056182861328125e+01
4.120510482788085938e+01
1.051016449928283691e+00
1.103205444335937500e+03
1.632302703857421875e+02
1.327751517295837402e+00
1.023633850097656250e+03
8.816763305664062500e+01
9.819492340087890625e+00
4.150658203125000000e+03
9.963784027099609375e+01
8.792677307128906250e+01
8.555558776855468750e+01
9.153708496093750000e+02
3.252456359863281250e+02
2.845757751464843750e+02
3.821231842041015625e+01
1.847410400390625000e+03
8.587839603424072266e-01
2.159121704101562500e+01
7.748562622070312500e+02
2.099481010437011719e+01
7.514079589843750000e+02
1.465207338333129883e+00
1.067099213600158691e+00
9.522767639160156250e+01
9.153428077697753906e+00
1.309843635559082031e+01
1.709546661376953125e+02
1.039326548576354980e+00
2.353835678100585938e+01
7.551200866699218750e+00
1.170533657073974609e+01
5.310641098022460938e+01
3.175587892532348633e+00
2.129986763000488281e+00
5.677390747070312500e+02
1.885294067382812500e+03
6.341445446014404297e+00
3.101994628906250000e+02
2.487481880187988281e+01
1.110652446746826172e+01
3.478568115234375000e+03
6.270819187164306641e+00
2.660278625488281250e+02
5.138234329223632812e+01
5.543853759765625000e+01
1.422265625000000000e+03
3.482160949707031250e+01
2.514203643798828125e+02
1.041039184570312500e+03
2.095683288574218750e+02
7.534680938720703125e+01
3.241139221191406250e+02
5.007488632202148438e+01
3.941364288330078125e+00
8.559059906005859375e+01
2.755922508239746094e+01
1.888418388366699219e+01
1.827631347656250000e+03
7.129564208984375000e+02
1.043765991210937500e+03
5.662995605468750000e+02
1.555573081970214844e+01
6.404321193695068359e+00
1.158676981925964355e+00
4.139632034301757812e+01
1.798544883728027344e+01
1.416608524322509766e+01
2.455434799194335938e+00
1.242349147796630859e+01
9.521067738533020020e-01
1.762386779785156250e+02
5.988964080810546875e+01
1.033248062133789062e+02
1.744049377441406250e+02
3.140123367309570312e+01
8.497349548339843750e+01
2.676124763488769531e+01
1.036544227600097656e+01
4.417875707149505615e-01
1.033015625000000000e+04
3.259402587890625000e+03
1.665056610107421875e+02
2.615698547363281250e+02
1.353725433349609375e+02
1.114573120117187500e+03
4.323410797119140625e+01
3.294686889648437500e+01
3.220303344726562500e+01
4.625154018402099609e+00
9.146142578125000000e+01
1.926639038085937500e+03
1.170875320434570312e+02
1.212778854370117188e+01
1.150706291198730469e+01
2.386716156005859375e+02
8.126823120117187500e+02
1.336421203613281250e+02
1.898354530334472656e+01
2.194116592407226562e+01
1.265804618597030640e-01
2.095502316951751709e-01
4.033110809326171875e+01
3.339270782470703125e+01
8.338484764099121094e+00
2.172703361511230469e+01
2.676726074218750000e+02
6.949854278564453125e+01
2.091060638427734375e+02
8.631122589111328125e+00
2.958039999008178711e+00
1.339034175872802734e+01
4.752080917358398438e+01
1.633605468750000000e+03
2.447894334793090820e+00
1.221082916259765625e+02
1.719261646270751953e+00
6.155957221984863281e+00
4.786970019340515137e-01
1.975545120239257812e+01
5.610268066406250000e+03
3.005580273437500000e+04
8.268051147460937500e+00
1.526807861328125000e+02
1.059577178955078125e+02
7.487240314483642578e+00
2.297739715576171875e+02
9.534858398437500000e+02
8.935711860656738281e+00
6.911660194396972656e+00
8.348188400268554688e+00
1.291447448730468750e+02
3.268733215332031250e+01
2.841936302185058594e+01
4.716479492187500000e+02
8.119761962890625000e+02
8.066417694091796875e+00
7.018799304962158203e+00
6.100904941558837891e+00
3.022108459472656250e+02
1.212574958801269531e+01
3.551117324829101562e+01
4.697379455566406250e+02
2.443871116638183594e+01
9.880604248046875000e+02
1.676666625976562500e+03
2.544275817871093750e+02
2.519402265548706055e+00
4.468988800048828125e+01
