3.751553967595100403e-02
1.844700872898101807e-01
6.945566739886999130e-03
2.705631777644157410e-03
2.825447916984558105e-02
5.777365207672119141e+00
2.796095982193946838e-02
2.709450898692011833e-03
8.125714026391506195e-03
5.748617053031921387e-01
1.828798279166221619e-02
3.444585949182510376e-02
5.984666943550109863e-02
2.893875166773796082e-02
2.272555837407708168e-03
1.749095320701599121e-02
1.990606309846043587e-03
9.432251565158367157e-03
3.138842433691024780e-02
8.625299669802188873e-04
5.981881171464920044e-02
3.008512780070304871e-02
1.571207344532012939e-01
3.117584250867366791e-02
1.811359643936157227e+00
1.088859792798757553e-02
6.520092487335205078e-02
7.617995142936706543e-02
1.052851974964141846e-01
9.103174209594726562e-01
7.879828335717320442e-04
2.020766260102391243e-04
9.803608059883117676e-03
4.230209812521934509e-02
4.587544500827789307e-02
1.640133373439311981e-02
7.148609962314367294e-03
4.942792002111673355e-04
9.347386658191680908e-03
7.311960216611623764e-03
1.932910084724426270e-01
1.286971867084503174e-01
3.739170497283339500e-03
1.244251060485839844e+01
2.123510837554931641e-01
1.615816503763198853e-01
9.483492001891136169e-03
5.920860767364501953e-01
3.045194782316684723e-03
3.616102412343025208e-02
1.600180119276046753e-01
7.720905542373657227e-02
1.239464506506919861e-01
4.732092469930648804e-02
9.852341609075665474e-04
3.118368564173579216e-03
4.006113391369581223e-03
1.444838568568229675e-02
3.094833157956600189e-02
1.117782402038574219e+01
1.718481257557868958e-02
1.199165725708007812e+01
1.676539145410060883e-02
4.608355462551116943e-03
1.127674654126167297e-01
3.873816132545471191e-02
1.811207681894302368e-01
1.989247091114521027e-02
8.250666856765747070e-01
9.078348875045776367e-01
1.695702376309782267e-04
1.595320463180541992e+00
1.699745189398527145e-03
9.824322909116744995e-02
1.014267355203628540e-01
2.258954755961894989e-02
6.577523425221443176e-03
5.865856632590293884e-02
3.378386795520782471e-02
1.274819299578666687e-02
1.364658921957015991e-01
1.979400031268596649e-02
2.884965762495994568e-02
2.340464270673692226e-04
3.486255882307887077e-03
2.494952874258160591e-03
5.119588968227617443e-05
3.391712903976440430e-02
9.384478926658630371e-01
7.681115530431270599e-04
1.313092559576034546e-02
1.231808215379714966e-02
3.105817129835486412e-03
5.582571402192115784e-02
1.489567803218960762e-03
1.043683052062988281e+00
3.349928557872772217e-01
1.564942896366119385e-01
1.476756529882550240e-03
1.083867177367210388e-01
3.182984113693237305e+00
5.231823027133941650e-02
1.655763713642954826e-03
2.555147744715213776e-02
1.915188878774642944e-02
5.003362894058227539e-01
6.551188230514526367e-02
1.534241531044244766e-02
3.536665067076683044e-02
1.999710798263549805e-01
1.007598266005516052e-01
3.455886244773864746e-01
7.373718172311782837e-02
1.260354518890380859e-01
2.207524515688419342e-02
4.895592108368873596e-02
5.090788751840591431e-02
1.204208377748727798e-02
4.563780035823583603e-03
5.460967868566513062e-02
1.531948219053447247e-03
1.695978355407714844e+01
5.999979376792907715e-01
5.430131554603576660e-01
2.421794924885034561e-04
1.999417096376419067e-01
1.861450448632240295e-02
5.422129761427640915e-04
1.077794507145881653e-01
4.460857436060905457e-02
1.363322734832763672e+00
2.604901231825351715e-02
4.552827216684818268e-03
2.638375153765082359e-03
6.061841174960136414e-02
2.131710760295391083e-02
4.296199232339859009e-02
2.621499776840209961e+00
2.267152816057205200e-01
7.082995772361755371e-01
1.191010046750307083e-02
1.097490917891263962e-02
1.187472701072692871e+00
8.498678803443908691e-01
2.647011184692382812e+01
3.842126205563545227e-02
3.079338073730468750e-01
1.783681474626064301e-02
7.474435865879058838e-02
1.110363751649856567e-02
1.549434475600719452e-02
1.090705916285514832e-01
2.540577650070190430e-01
3.503447026014328003e-02
1.672373414039611816e-01
1.749450527131557465e-02
2.197966165840625763e-02
5.166748538613319397e-02
1.669297576881945133e-03
6.721443496644496918e-03
6.559886038303375244e-02
5.309546249918639660e-04
1.330168247222900391e-01
2.513619065284729004e-01
4.276375770568847656e-01
1.839723736047744751e-01
1.187302023172378540e-01
2.094079107046127319e-01
1.728124976158142090e+00
8.611006778664886951e-04
2.329499647021293640e-02
2.028559893369674683e-01
1.803410559659823775e-04
1.061487104743719101e-02
4.219987243413925171e-02
2.322111845016479492e+00
2.116577886044979095e-02
1.862807571887969971e-02
1.741052046418190002e-02
1.395072191953659058e-01
6.090105324983596802e-02
4.392851144075393677e-02
1.562221348285675049e-01
7.022316008806228638e-02
1.419512271881103516e+00
1.889715716242790222e-02
7.406774442642927170e-03
5.169657617807388306e-02
5.150594115257263184e-01
4.621272534132003784e-02
2.433141320943832397e-01
3.900469094514846802e-02
1.986977877095341682e-04
1.582295745611190796e-01
2.898968756198883057e-01
3.947297111153602600e-02
4.417704939842224121e-01
5.864632874727249146e-02
5.620426032692193985e-03
3.892817348241806030e-02
4.098374862223863602e-03
6.502062082290649414e-02
1.868588477373123169e-02
4.408602043986320496e-02
7.119677029550075531e-03
5.954479798674583435e-03
1.790767759084701538e-01
2.160670089721679688e+01
4.265850409865379333e-03
3.023575292900204659e-03
4.014468286186456680e-03
5.232424288988113403e-02
1.463502558181062341e-04
1.408057570457458496e+00
3.137763589620590210e-02
2.400759458541870117e+00
2.544560432434082031e-01
2.882835641503334045e-02
5.193633842281997204e-04
3.855561316013336182e-01
5.872431397438049316e-01
5.595631431788206100e-03
3.753459779545664787e-03
3.500426560640335083e-02
8.557947876397520304e-05
1.094981059432029724e-01
1.936023007147014141e-03
4.313987255096435547e+00
2.819153666496276855e-01
8.449365384876728058e-03
2.051693946123123169e-02
1.325605530291795731e-02
2.650694735348224640e-02
2.861900487914681435e-03
1.735775321722030640e-01
2.848126925528049469e-02
1.115538030862808228e-01
6.676123943179845810e-03
3.773609697818756104e-01
4.215683147776871920e-04
1.063463762402534485e-01
3.538525849580764771e-02
1.933654248714447021e-01
3.800611943006515503e-03
1.208844315260648727e-02
1.198199950158596039e-02
3.459006175398826599e-02
8.467672765254974365e-02
4.431433975696563721e-02
6.963548809289932251e-02
3.980218991637229919e-02
1.084331631660461426e+00
1.347186480415984988e-04
9.138689190149307251e-02
1.722969487309455872e-02
2.314781099557876587e-01
4.319617271423339844e+00
3.890984877943992615e-02
1.221680268645286560e-02
1.350024193525314331e-01
6.109796930104494095e-03
1.091058249585330486e-03
1.272566795349121094e+00
3.970671817660331726e-02
6.173042114824056625e-03
3.937836363911628723e-02
1.259047165513038635e-02
1.703870296478271484e+00
7.312709931284189224e-03
7.483920082449913025e-03
2.453173160552978516e+00
4.223169013857841492e-02
7.954527735710144043e-01
2.846442628651857376e-03
1.688497141003608704e-03
1.604384370148181915e-02
1.133979205042123795e-02
1.056641619652509689e-02
3.709725439548492432e-01
1.022490262985229492e+00
1.583229899406433105e-01
1.359666511416435242e-02
1.114600617438554764e-02
1.337203104048967361e-02
1.962879614438861609e-04
1.115685887634754181e-02
4.371447086334228516e+00
1.776204824447631836e+00
7.666040328331291676e-04
6.809949874877929688e-02
1.268153730779886246e-02
2.521268557757139206e-03
1.436609625816345215e-01
3.851938247680664062e-02
9.940022137016057968e-04
1.533864066004753113e-02
3.950248658657073975e-02
6.215326115489006042e-02
2.389993906021118164e+00
6.485138833522796631e-02
1.273554444313049316e+00
5.628408789634704590e-01
1.338079273700714111e-01
9.750514626502990723e-01
2.101965188980102539e+00
1.741742901504039764e-02
2.073382772505283356e-02
1.021388694643974304e-01
9.637154638767242432e-03
1.416910588741302490e-01
1.235313177108764648e+00
8.134556561708450317e-02
1.510945893824100494e-02
5.172162055969238281e-01
5.971932783722877502e-03
4.622666537761688232e-02
1.245737075805664062e-03
5.061557292938232422e-01
2.492538886144757271e-03
8.761851117014884949e-03
2.975460886955261230e-01
1.205549924634397030e-03
1.351099275052547455e-02
6.286007910966873169e-02
5.015243310481309891e-03
6.088795065879821777e-01
5.425942130386829376e-03
5.450949072837829590e-03
1.261362433433532715e-02
3.365205368027091026e-03
3.370405174791812897e-03
3.455743193626403809e-01
8.567829616367816925e-03
2.479728683829307556e-02
8.863179944455623627e-03
1.272243261337280273e-02
8.583839051425457001e-03
6.972102448344230652e-03
2.440262213349342346e-02
1.894177794456481934e-01
3.495209151878952980e-03
5.650136736221611500e-04
6.911597214639186859e-03
1.936356425285339355e+00
1.305076875723898411e-03
1.496391557157039642e-02
2.220406085252761841e-01
6.603242456912994385e-02
3.246952593326568604e-02
3.235316649079322815e-02
1.201952174305915833e-01
1.219956949353218079e-01
9.859140845946967602e-05
1.650901883840560913e-02
4.715959075838327408e-03
3.739209612831473351e-03
3.060524351894855499e-02
3.180643916130065918e-02
6.602382659912109375e-02
6.938701122999191284e-02
3.423767909407615662e-02
1.149066374637186527e-03
3.153704851865768433e-02
1.058541797101497650e-02
1.749342679977416992e-01
1.585604995489120483e-02
1.066791936755180359e-01
1.409919932484626770e-03
1.615723073482513428e-01
3.859921416733413935e-04
1.017667278647422791e-01
1.328195929527282715e-01
1.355052441358566284e-01
2.158981375396251678e-02
7.890964746475219727e-01
4.296286962926387787e-03
1.097766216844320297e-02
5.290577188134193420e-03
1.760320551693439484e-02
2.772913500666618347e-02
5.644820258021354675e-02
2.322566229850053787e-03
3.172248840332031250e+00
1.255048513412475586e-01
2.942354045808315277e-02
4.199584484100341797e+00
1.344286823272705078e+01
8.930433541536331177e-03
1.027125166729092598e-03
6.071200477890670300e-04
4.515315592288970947e-02
7.420823443681001663e-03
4.147054255008697510e-02
6.787833213806152344e+00
2.437951043248176575e-04
4.347471714019775391e+00
1.759154647588729858e-01
1.973889581859111786e-02
8.313175057992339134e-04
6.969732698053121567e-03
1.861293029785156250e+01
1.096528549194335938e+02
1.163159790039062500e+02
8.942134976387023926e-01
3.308503723144531250e+01
1.904462099075317383e+00
4.562751464843750000e+02
1.141741847991943359e+01
1.068256835937500000e+02
1.493616104125976562e+01
2.108638153076171875e+02
2.154768562316894531e+01
5.629014587402343750e+01
6.670479774475097656e-01
1.156468486785888672e+01
1.393465576171875000e+02
7.325714874267578125e+01
1.828206481933593750e+02
1.248713302612304688e+02
8.228485107421875000e+00
4.737399673461914062e+01
5.588709831237792969e+00
8.144991874694824219e+00
5.878327178955078125e+01
4.011171817779541016e+00
6.945977210998535156e-01
2.077546081542968750e+02
8.209765014648437500e+02
1.246529418945312500e+03
4.269214782714843750e+02
7.859040737152099609e+00
4.273188591003417969e+00
8.516817092895507812e+00
3.881089477539062500e+02
1.215962791442871094e+01
8.526824951171875000e+00
7.366881966590881348e-01
7.129463553428649902e-02
3.803276777267456055e+00
1.388129577636718750e+02
9.789982910156250000e+02
2.793516159057617188e+01
1.051310896873474121e+00
6.644984130859375000e+02
2.736713600158691406e+01
1.820677032470703125e+02
1.160917358398437500e+02
1.299083137512207031e+01
9.221528172492980957e-01
8.175438842773437500e+02
2.344778747558593750e+02
3.443396377563476562e+01
1.633194923400878906e+01
2.832191276550292969e+01
4.699109554290771484e+00
1.063067817687988281e+01
5.482884407043457031e+00
4.247461557388305664e-01
2.286069488525390625e+01
1.303123901367187500e+03
2.643790893554687500e+02
6.801397705078125000e+02
7.614029884338378906e+00
6.161344528198242188e+01
6.410490512847900391e+00
3.810913467407226562e+01
5.685358047485351562e+01
1.940971313476562500e+03
3.939914855957031250e+02
5.474489593505859375e+01
8.076654374599456787e-02
1.103150177001953125e+02
1.283867955207824707e+00
1.692786254882812500e+02
9.140833854675292969e+00
1.098190116882324219e+01
1.036367654800415039e+00
1.040290260314941406e+01
3.360090942382812500e+02
3.829640960693359375e+01
3.396332168579101562e+01
5.378527164459228516e+00
1.164808750152587891e+01
3.322418975830078125e+01
1.013560104370117188e+01
2.845944213867187500e+01
1.308324486017227173e-01
1.461628437042236328e+01
2.400852203369140625e+01
4.188986778259277344e+00
1.405239009857177734e+01
5.427331161499023438e+01
7.791764068603515625e+01
1.482645034790039062e+01
1.049406204223632812e+02
2.011024322509765625e+02
3.886846065521240234e+00
8.523215942382812500e+02
7.641987204551696777e-01
3.423423156738281250e+02
3.145745515823364258e+00
3.098664474487304688e+01
2.692639350891113281e+00
1.552428283691406250e+02
4.970472717285156250e+01
8.417476654052734375e+01
2.424762010574340820e+00
2.590910400390625000e+03
3.361491394042968750e+02
1.164929509162902832e+00
4.824475049972534180e-01
8.083159179687500000e+02
2.296346588134765625e+02
1.583535671234130859e+00
4.693629837036132812e+01
1.099329452514648438e+02
8.272888946533203125e+01
1.527422046661376953e+01
9.908761596679687500e+01
1.538580608367919922e+01
1.750372009277343750e+02
8.500604492187500000e+03
4.114476928710937500e+02
1.472249145507812500e+02
3.683628797531127930e+00
2.089434051513671875e+02
2.647020721435546875e+01
3.464849948883056641e+00
7.600764770507812500e+02
8.993655395507812500e+01
3.593714294433593750e+02
2.094150924682617188e+01
4.316033124923706055e-01
2.740315055847167969e+01
2.291951656341552734e+00
3.468956947326660156e+00
1.923529624938964844e+00
5.235302734375000000e+02
5.525390625000000000e+02
3.663874206542968750e+02
3.299908065795898438e+01
2.700086593627929688e+00
6.383237304687500000e+02
2.429003906250000000e+01
6.531337890625000000e+02
3.598423767089843750e+01
4.387768859863281250e+02
1.938972830772399902e+00
4.103936386108398438e+01
1.588153076171875000e+03
4.812282919883728027e-01
6.007495117187500000e+02
5.973315048217773438e+01
5.168999433517456055e-01
1.716672210693359375e+02
3.335072708129882812e+01
2.259543418884277344e+00
1.050895571708679199e+00
5.278536319732666016e+00
2.446869373321533203e+00
1.110227294921875000e+03
1.900552673339843750e+02
1.914478302001953125e+02
3.617084121704101562e+01
2.619613037109375000e+02
6.121006774902343750e+01
5.656521224975585938e+01
2.955903015136718750e+02
7.856332397460937500e+02
1.074596691131591797e+01
9.417057991027832031e+00
1.299786499023437500e+03
2.178350925445556641e+00
7.462667942047119141e+00
3.582868041992187500e+02
2.995825195312500000e+01
7.991743564605712891e+00
7.106677246093750000e+01
3.126820564270019531e+00
1.944306373596191406e+01
1.290904903411865234e+01
3.011830902099609375e+01
4.316746826171875000e+02
6.290267467498779297e+00
2.224442578125000000e+04
5.223825931549072266e+00
5.252337455749511719e-01
2.491427612304687500e+01
4.411237487792968750e+02
6.047194290161132812e+01
3.224713325500488281e+00
2.566339721679687500e+02
9.002771377563476562e+00
7.199450683593750000e+01
1.587777404785156250e+02
2.536070108413696289e+00
7.126103973388671875e+01
1.146025776863098145e+00
5.297175884246826172e+00
2.713067770004272461e+00
1.560022163391113281e+01
8.651751518249511719e+00
8.471586227416992188e+00
5.377892303466796875e+01
6.483770751953125000e+01
8.985366821289062500e-01
5.014916610717773438e+01
7.169636230468750000e+02
6.570291519165039062e+00
4.045310211181640625e+01
8.388501167297363281e+00
3.392063379287719727e+00
1.242732048034667969e+00
4.860749023437500000e+03
2.219453048706054688e+01
3.683300476074218750e+02
7.673396110534667969e+00
3.504567260742187500e+02
1.422042965888977051e+00
1.768446197509765625e+02
3.383965087890625000e+03
1.186308562755584717e-01
2.042459249496459961e+00
8.796506347656250000e+02
3.532716274261474609e+00
1.378036621093750000e+03
4.272502422332763672e+00
2.563736152648925781e+01
7.906435489654541016e+00
1.139960479736328125e+01
1.186845749616622925e-01
1.068018913269042969e+01
2.421900987625122070e+00
4.026590881347656250e+02
4.687792205810546875e+01
2.656163406372070312e+01
5.596496582031250000e+00
3.703282546997070312e+01
2.503003120422363281e+01
1.754768610000610352e+00
4.283080139160156250e+02
1.123753585815429688e+02
1.630084037780761719e+01
1.848873138427734375e+01
1.426007385253906250e+02
8.564215850830078125e+01
1.659158477783203125e+02
4.983122944831848145e-01
4.826354980468750000e+03
8.384395599365234375e+00
7.763011169433593750e+01
4.191568374633789062e+01
1.416026592254638672e+00
5.015892333984375000e+02
1.037933807373046875e+02
7.556982040405273438e-01
5.297959594726562500e+02
5.895843887329101562e+01
4.963949680328369141e+00
2.072435791015625000e+03
6.961393737792968750e+01
7.941832733154296875e+01
5.767822265625000000e+01
5.390715332031250000e+02
2.020798492431640625e+02
1.313948211669921875e+02
2.730271911621093750e+01
9.260545043945312500e+02
4.650184512138366699e-01
1.147474575042724609e+01
7.127130737304687500e+02
1.787679290771484375e+01
5.570864868164062500e+02
1.398150682449340820e+00
5.979613661766052246e-01
5.802563858032226562e+01
4.918553829193115234e+00
7.304548740386962891e+00
8.522175598144531250e+01
7.179656028747558594e-01
1.294576072692871094e+01
3.873463630676269531e+00
6.986103534698486328e+00
4.359967422485351562e+01
1.512086629867553711e+00
1.976961374282836914e+00
5.607598876953125000e+02
1.919247680664062500e+03
2.741916418075561523e+00
1.751125793457031250e+02
2.395009422302246094e+01
1.071536350250244141e+01
2.787360595703125000e+03
5.539790153503417969e+00
1.334447784423828125e+02
2.568117713928222656e+01
3.085194206237792969e+01
1.194418090820312500e+03
2.205629730224609375e+01
1.703389434814453125e+02
5.304025878906250000e+02
1.225905914306640625e+02
5.441446304321289062e+01
3.760475769042968750e+02
4.662693405151367188e+01
3.509345293045043945e+00
7.115340423583984375e+01
1.897906875610351562e+01
1.921453475952148438e+01
1.239336181640625000e+03
8.583271484375000000e+02
6.572454833984375000e+02
4.753212890625000000e+02
1.087833118438720703e+01
5.027096748352050781e+00
9.705930352210998535e-01
2.266010665893554688e+01
1.248372459411621094e+01
8.362812042236328125e+00
2.044910192489624023e+00
7.323679924011230469e+00
1.041515588760375977e+00
1.803338623046875000e+02
5.174280929565429688e+01
7.483453369140625000e+01
1.851559753417968750e+02
2.112890052795410156e+01
6.320523452758789062e+01
1.935648918151855469e+01
1.196969413757324219e+01
5.076753497123718262e-01
6.635947265625000000e+03
1.385282348632812500e+03
1.139617309570312500e+02
1.452849273681640625e+02
8.513341522216796875e+01
8.178596801757812500e+02
4.342872238159179688e+01
1.839838600158691406e+01
3.018989944458007812e+01
2.777647256851196289e+00
6.439602661132812500e+01
1.348768676757812500e+03
7.666432952880859375e+01
1.364785480499267578e+01
5.141027927398681641e+00
1.513483581542968750e+02
7.801497192382812500e+02
6.416152191162109375e+01
1.540302753448486328e+01
1.840075874328613281e+01
1.029832139611244202e-01
1.509018987417221069e-01
3.049507904052734375e+01
1.860836791992187500e+01
5.423407077789306641e+00
1.499273872375488281e+01
1.952437133789062500e+02
5.216538238525390625e+01
1.348840026855468750e+02
5.335213661193847656e+00
2.311788558959960938e+00
8.013372421264648438e+00
2.498889923095703125e+01
1.085297363281250000e+03
1.970805287361145020e+00
7.518093109130859375e+01
9.712887406349182129e-01
6.532707691192626953e+00
2.750827074050903320e-01
1.662579345703125000e+01
3.691151123046875000e+03
2.692851562500000000e+04
4.008546352386474609e+00
1.206148681640625000e+02
7.871932220458984375e+01
5.770940303802490234e+00
1.403041839599609375e+02
6.402731933593750000e+02
5.065587520599365234e+00
4.673893451690673828e+00
1.103273963928222656e+01
9.219203948974609375e+01
2.312015151977539062e+01
1.159129524230957031e+01
3.066791076660156250e+02
9.747115478515625000e+02
9.339773178100585938e+00
4.349073410034179688e+00
3.377845525741577148e+00
2.407948608398437500e+02
5.005345821380615234e+00
2.131443595886230469e+01
3.641633605957031250e+02
2.393606185913085938e+01
5.648680419921875000e+02
1.148613037109375000e+03
1.662784271240234375e+02
2.078808307647705078e+00
4.336788177490234375e+01
