1.611986756324768066e-02
7.377187907695770264e-02
3.805557033047080040e-03
1.104547991417348385e-03
2.212598174810409546e-02
3.691820383071899414e+00
1.107029430568218231e-02
1.741840038448572159e-03
3.202942898496985435e-03
3.971699774265289307e-01
4.926558118313550949e-03
1.240004505962133408e-02
3.120520897209644318e-02
8.411645889282226562e-03
8.263831259682774544e-04
7.872959598898887634e-03
1.300538191571831703e-03
3.782907500863075256e-03
1.509597804397344589e-02
3.672113234642893076e-04
5.875281989574432373e-02
1.193116698414087296e-02
1.271046996116638184e-01
1.967671699821949005e-02
7.090289592742919922e-01
7.200256921350955963e-03
3.529946133494377136e-02
2.351906336843967438e-02
5.675087869167327881e-02
6.408833861351013184e-01
3.125907387584447861e-04
8.396625344175845385e-05
3.820287762209773064e-03
2.049781754612922668e-02
2.491666749119758606e-02
5.719370208680629730e-03
3.637972753494977951e-03
2.842945687007158995e-04
4.490457009524106979e-03
3.947203047573566437e-03
1.225230544805526733e-01
6.697496771812438965e-02
1.207991503179073334e-03
7.534212112426757812e+00
8.882839977741241455e-02
7.762017101049423218e-02
4.520141985267400742e-03
2.373314350843429565e-01
1.737531390972435474e-03
9.389096871018409729e-03
9.744379669427871704e-02
3.002205863595008850e-02
4.771046712994575500e-02
2.654141746461391449e-02
3.068438963964581490e-04
1.472145784646272659e-03
3.073137952014803886e-03
5.792467389255762100e-03
1.436921488493680954e-02
4.601194858551025391e+00
7.419797126203775406e-03
7.152203083038330078e+00
9.232220239937305450e-03
1.830761437304317951e-03
7.548525184392929077e-02
1.269249338656663895e-02
1.035339087247848511e-01
8.448832668364048004e-03
3.852109313011169434e-01
4.729114174842834473e-01
7.607815496157854795e-05
8.283439874649047852e-01
5.693927523680031300e-04
2.126145176589488983e-02
5.198954045772552490e-02
2.476895414292812347e-02
4.052625037729740143e-03
2.915238030254840851e-02
2.107491530478000641e-02
6.424359045922756195e-03
5.481652915477752686e-02
1.295984443277120590e-02
1.192745752632617950e-02
1.516486227046698332e-04
1.695549581199884415e-03
1.005892758257687092e-03
2.058818063233047724e-05
2.219301462173461914e-02
3.314594328403472900e-01
4.353860858827829361e-04
6.225229706615209579e-03
5.712897051125764847e-03
1.025352277792990208e-03
4.608868807554244995e-02
3.559200267773121595e-04
5.457373261451721191e-01
3.145634829998016357e-01
4.146769642829895020e-02
8.374034077860414982e-04
4.084156081080436707e-02
1.288596749305725098e+00
2.800273708999156952e-02
8.519309340044856071e-04
1.078273542225360870e-02
1.141796167939901352e-02
2.543300986289978027e-01
4.637777060270309448e-02
7.654293905943632126e-03
2.065398916602134705e-02
9.580342471599578857e-02
7.063953578472137451e-02
1.964028775691986084e-01
3.320767730474472046e-02
4.481022059917449951e-02
9.175657294690608978e-03
2.095626108348369598e-02
3.114146180450916290e-02
4.572601988911628723e-03
1.851695356890559196e-03
4.064235463738441467e-02
4.958821227774024010e-04
7.280149459838867188e+00
3.513095974922180176e-01
2.701530158519744873e-01
8.887204603524878621e-05
1.049712449312210083e-01
8.928662165999412537e-03
2.802972740028053522e-04
3.495297580957412720e-02
3.342505916953086853e-02
6.783493757247924805e-01
2.110020443797111511e-02
1.499001751653850079e-03
8.690527756698429585e-04
3.178478777408599854e-02
1.012345030903816223e-02
2.157909609377384186e-02
1.441863656044006348e+00
1.220961958169937134e-01
2.598593831062316895e-01
1.397195272147655487e-02
5.246082320809364319e-03
5.650697946548461914e-01
4.581478536128997803e-01
1.687159347534179688e+01
1.538321189582347870e-02
1.450967341661453247e-01
6.526601500809192657e-03
3.313678130507469177e-02
7.645057979971170425e-03
1.010677590966224670e-02
6.034840643405914307e-02
1.125104874372482300e-01
1.204829849302768707e-02
6.770503520965576172e-02
8.379151113331317902e-03
9.912985377013683319e-03
2.288674563169479370e-02
7.984222029335796833e-04
3.623920958489179611e-03
2.501884102821350098e-02
2.506515884306281805e-04
7.659261673688888550e-02
2.472778558731079102e-01
1.839701384305953979e-01
7.661330699920654297e-02
7.034149020910263062e-02
1.027299836277961731e-01
6.477773785591125488e-01
2.139961434295400977e-04
1.277931220829486847e-02
7.075961679220199585e-02
4.833589991903863847e-05
6.560252048075199127e-03
2.424203418195247650e-02
1.172633767127990723e+00
1.447458937764167786e-02
5.065822508186101913e-03
7.212586235255002975e-03
7.025576382875442505e-02
2.596013061702251434e-02
2.244805730879306793e-02
9.658673405647277832e-02
2.465329132974147797e-02
1.057773113250732422e+00
8.832061663269996643e-03
3.222959116101264954e-03
4.132540524005889893e-02
1.953993290662765503e-01
2.237322740256786346e-02
9.432110190391540527e-02
1.681685075163841248e-02
1.491099974373355508e-04
6.861221045255661011e-02
2.078022211790084839e-01
9.375334717333316803e-03
1.921719759702682495e-01
5.712739005684852600e-02
2.403069986030459404e-03
1.560496352612972260e-02
1.665210467763245106e-03
2.015266567468643188e-02
9.295919910073280334e-03
1.448749471455812454e-02
4.564741626381874084e-03
1.823362195864319801e-03
1.118103563785552979e-01
8.860723495483398438e+00
2.843635855242609978e-03
1.918727648444473743e-03
2.745833015069365501e-03
2.231026440858840942e-02
7.813553384039551020e-05
5.683861374855041504e-01
1.728065684437751770e-02
1.390870451927185059e+00
5.935120210051536560e-02
1.189181674271821976e-02
2.767945697996765375e-04
2.710035443305969238e-01
1.906473189592361450e-01
4.387703258544206619e-03
1.249659573659300804e-03
1.330468337982892990e-02
6.430264329537749290e-05
2.717614918947219849e-02
6.585604278370738029e-04
1.924147009849548340e+00
1.947273761034011841e-01
3.928517922759056091e-03
1.018971670418977737e-02
6.269281730055809021e-03
1.653567142784595490e-02
1.759548438712954521e-03
1.228470876812934875e-01
1.101326197385787964e-02
8.426346629858016968e-02
2.446905011311173439e-03
1.132410839200019836e-01
2.575633116066455841e-04
3.100288473069667816e-02
2.418874576687812805e-02
1.003502756357192993e-01
2.100718440487980843e-03
6.268833298236131668e-03
4.892769269645214081e-03
2.195386402308940887e-02
4.946856945753097534e-02
2.054068818688392639e-02
5.321448296308517456e-02
1.885523088276386261e-02
6.430243849754333496e-01
3.555398870958015323e-05
3.117227554321289062e-02
8.472320623695850372e-03
1.856043189764022827e-01
1.903593063354492188e+00
1.099761296063661575e-02
8.582389913499355316e-03
8.250061422586441040e-02
2.408652100712060928e-03
3.133903956040740013e-04
8.199375867843627930e-01
1.699661090970039368e-02
2.246866002678871155e-03
1.224127039313316345e-02
7.994206622242927551e-03
8.645740151405334473e-01
4.285459406673908234e-03
3.489088034257292747e-03
1.027088165283203125e+00
1.874072104692459106e-02
3.605608642101287842e-01
1.387779251672327518e-03
8.683949708938598633e-04
8.939192630350589752e-03
4.688316024839878082e-03
5.097181536257266998e-03
2.129350751638412476e-01
8.569388985633850098e-01
9.970812499523162842e-02
7.790477480739355087e-03
3.653177991509437561e-03
6.148066837340593338e-03
8.967002213466912508e-05
2.880157670006155968e-03
3.290631532669067383e+00
8.069806694984436035e-01
2.604252076707780361e-04
4.266051948070526123e-02
5.424806382507085800e-03
1.092732185497879982e-03
4.354161024093627930e-02
1.677090860903263092e-02
5.103266448713839054e-04
1.285978127270936966e-02
1.717955991625785828e-02
3.316368535161018372e-02
1.480587720870971680e+00
2.722536399960517883e-02
4.067252576351165771e-01
3.630173206329345703e-01
4.471844807267189026e-02
5.059772133827209473e-01
1.144239664077758789e+00
5.611163098365068436e-03
1.691162027418613434e-02
2.770700305700302124e-02
3.587313927710056305e-03
6.683454662561416626e-02
4.221408665180206299e-01
2.213167399168014526e-02
5.006892140954732895e-03
1.558787524700164795e-01
2.143990946933627129e-03
1.758804358541965485e-02
4.999098600819706917e-04
3.153356313705444336e-01
1.583632081747055054e-03
3.690736833959817886e-03
1.852181851863861084e-01
7.236204110085964203e-04
4.760436248034238815e-03
2.115953899919986725e-02
2.494295127689838409e-03
2.126650363206863403e-01
3.520698053762316704e-03
2.409538952633738518e-03
3.450406016781926155e-03
1.509249326772987843e-03
2.094431314617395401e-03
1.689491271972656250e-01
2.722531091421842575e-03
7.345774676650762558e-03
4.424493759870529175e-03
6.897134240716695786e-03
3.205330809578299522e-03
2.532885875552892685e-03
1.434881146997213364e-02
1.537556350231170654e-01
1.143025583587586880e-03
3.756501537282019854e-04
2.392521360889077187e-03
1.255577445030212402e+00
5.895373760722577572e-04
6.972950417548418045e-03
1.076468601822853088e-01
1.799358054995536804e-02
2.592180855572223663e-02
1.960452832281589508e-02
5.061570554971694946e-02
1.136913970112800598e-01
4.662599167204461992e-05
1.013742946088314056e-02
1.951764803379774094e-03
9.633772424422204494e-04
1.279147434979677200e-02
1.481162104755640030e-02
2.758161909878253937e-02
2.911836281418800354e-02
1.022403407841920853e-02
6.046971539035439491e-04
1.143751852214336395e-02
4.591015167534351349e-03
8.612460643053054810e-02
1.180912926793098450e-02
5.707363039255142212e-02
7.663950091227889061e-04
5.767209827899932861e-02
1.495808537583798170e-04
1.001532748341560364e-01
9.146612882614135742e-02
3.654846549034118652e-02
1.212677266448736191e-02
4.612091779708862305e-01
1.099423621781170368e-03
4.805175121873617172e-03
3.029440063983201981e-03
1.059898454695940018e-02
1.343868207186460495e-02
2.775331586599349976e-02
5.836133495904505253e-04
2.432060003280639648e+00
6.453572958707809448e-02
1.248635165393352509e-02
2.570865392684936523e+00
5.451962471008300781e+00
5.443001165986061096e-03
4.259402921888977289e-04
3.991572302766144276e-04
1.932972110807895660e-02
2.394277602434158325e-03
1.236529648303985596e-02
4.560282230377197266e+00
1.006494421744719148e-04
2.625151872634887695e+00
5.020001158118247986e-02
1.493468880653381348e-02
3.036829293705523014e-04
1.613258616998791695e-03
5.775534152984619141e+00
8.251873779296875000e+01
8.527638244628906250e+01
5.429062247276306152e-01
2.897216796875000000e+01
1.437381386756896973e+00
3.431635742187500000e+02
5.693862438201904297e+00
5.249148178100585938e+01
8.356390953063964844e+00
1.437439727783203125e+02
1.054179573059082031e+01
6.576972198486328125e+01
3.710896670818328857e-01
9.813316345214843750e+00
7.442806243896484375e+01
5.396318054199218750e+01
1.190722351074218750e+02
9.236990356445312500e+01
5.755887508392333984e+00
4.695982742309570312e+01
2.808080434799194336e+00
6.820549964904785156e+00
4.362965393066406250e+01
1.904201030731201172e+00
3.109720349311828613e-01
1.477231445312500000e+02
3.768871459960937500e+02
1.130926269531250000e+03
3.126864929199218750e+02
6.173450946807861328e+00
2.279355287551879883e+00
7.262698650360107422e+00
2.517523193359375000e+02
8.527737617492675781e+00
8.058635711669921875e+00
6.412321329116821289e-01
3.917255252599716187e-02
2.844170093536376953e+00
1.020141525268554688e+02
6.817652587890625000e+02
1.570657348632812500e+01
6.261349320411682129e-01
2.786268005371093750e+02
1.695249557495117188e+01
9.176931762695312500e+01
6.637155914306640625e+01
1.195077419281005859e+01
4.477702379226684570e-01
6.239111328125000000e+02
1.711634063720703125e+02
2.515147209167480469e+01
7.189873218536376953e+00
2.049032974243164062e+01
2.554321289062500000e+00
6.663070201873779297e+00
3.109206914901733398e+00
2.032459974288940430e-01
1.248353672027587891e+01
1.018008361816406250e+03
3.815420227050781250e+02
3.075975341796875000e+02
6.703966617584228516e+00
3.335269165039062500e+01
4.215984821319580078e+00
4.427016067504882812e+01
3.281391143798828125e+01
2.210365966796875000e+03
1.631595306396484375e+02
5.113191604614257812e+01
3.636829927563667297e-02
1.474227447509765625e+02
1.159354448318481445e+00
1.476685638427734375e+02
4.864729404449462891e+00
8.826202392578125000e+00
7.705931067466735840e-01
5.747204303741455078e+00
2.222240295410156250e+02
2.005896186828613281e+01
1.905487251281738281e+01
3.964236497879028320e+00
4.822307586669921875e+00
2.008695983886718750e+01
4.455482482910156250e+00
1.916370201110839844e+01
6.629745662212371826e-02
9.273045539855957031e+00
1.130872535705566406e+01
2.261201620101928711e+00
1.083095645904541016e+01
2.436083412170410156e+01
2.703374099731445312e+01
1.037786769866943359e+01
3.748571014404296875e+01
2.842664184570312500e+02
2.187693834304809570e+00
3.560698242187500000e+02
3.891897201538085938e-01
2.944575500488281250e+02
1.497279405593872070e+00
1.875668144226074219e+01
2.423900127410888672e+00
7.063810729980468750e+01
3.704487228393554688e+01
7.284323120117187500e+01
1.671506524085998535e+00
2.572344238281250000e+03
2.909548645019531250e+02
1.018190145492553711e+00
4.443298578262329102e-01
8.689982910156250000e+02
1.435800476074218750e+02
8.421507477760314941e-01
1.949726486206054688e+01
5.252335357666015625e+01
8.389179229736328125e+01
1.161029148101806641e+01
5.471738815307617188e+01
7.589569568634033203e+00
1.561308593750000000e+02
4.194897949218750000e+03
4.132696533203125000e+02
1.128561782836914062e+02
2.472650766372680664e+00
2.295719146728515625e+02
2.329010581970214844e+01
1.637093424797058105e+00
5.111876525878906250e+02
5.795391082763671875e+01
3.716712646484375000e+02
2.005496406555175781e+01
2.277861386537551880e-01
2.398400115966796875e+01
1.554256677627563477e+00
1.619952321052551270e+00
5.023513436317443848e-01
3.685783081054687500e+02
4.664650573730468750e+02
2.575581970214843750e+02
3.378867340087890625e+01
1.616432428359985352e+00
4.319024047851562500e+02
1.794148254394531250e+01
5.281153564453125000e+02
2.574495124816894531e+01
3.827225952148437500e+02
1.092356681823730469e+00
4.911330413818359375e+01
1.718384033203125000e+03
3.690950870513916016e-01
5.831500244140625000e+02
2.663140487670898438e+01
2.732942998409271240e-01
9.262982940673828125e+01
3.122782325744628906e+01
1.414937496185302734e+00
4.882945120334625244e-01
3.516834497451782227e+00
1.964175701141357422e+00
6.961964721679687500e+02
1.064133148193359375e+02
1.309341888427734375e+02
3.323194503784179688e+01
1.478203125000000000e+02
5.493707275390625000e+01
5.836381912231445312e+01
1.904725189208984375e+02
7.573114013671875000e+02
7.616008758544921875e+00
5.898779392242431641e+00
1.212255371093750000e+03
1.512570381164550781e+00
4.209243297576904297e+00
3.293751525878906250e+02
1.733264923095703125e+01
6.910558700561523438e+00
4.110818481445312500e+01
2.179689168930053711e+00
1.381141185760498047e+01
1.065747451782226562e+01
1.982846832275390625e+01
2.452763671875000000e+02
5.069136619567871094e+00
1.650755859375000000e+04
3.019764184951782227e+00
3.412935137748718262e-01
1.750566101074218750e+01
5.133384399414062500e+02
3.625992965698242188e+01
3.789270401000976562e+00
2.231214599609375000e+02
7.405576229095458984e+00
3.869384002685546875e+01
1.541896362304687500e+02
1.056037902832031250e+00
7.124599456787109375e+01
1.022793054580688477e+00
5.210394859313964844e+00
2.111979007720947266e+00
1.109927368164062500e+01
6.418896198272705078e+00
4.308384895324707031e+00
3.058701705932617188e+01
3.924581527709960938e+01
6.839598417282104492e-01
5.893674087524414062e+01
3.174455566406250000e+02
4.022583484649658203e+00
2.770742988586425781e+01
4.885631561279296875e+00
3.121880292892456055e+00
8.216080665588378906e-01
3.958309082031250000e+03
1.417350101470947266e+01
3.378800659179687500e+02
2.256200551986694336e+00
2.021312103271484375e+02
1.023671984672546387e+00
1.557436065673828125e+02
2.242920654296875000e+03
1.130860820412635803e-01
1.203402519226074219e+00
9.337445068359375000e+02
2.690731287002563477e+00
7.876618041992187500e+02
2.081611633300781250e+00
1.709507560729980469e+01
7.070420742034912109e+00
7.484573841094970703e+00
4.031754657626152039e-02
6.886841297149658203e+00
2.388267755508422852e+00
4.262164611816406250e+02
4.929154205322265625e+01
1.138187694549560547e+01
3.641391515731811523e+00
1.696851158142089844e+01
1.307486724853515625e+01
1.371554970741271973e+00
3.590665283203125000e+02
8.724817657470703125e+01
7.751401901245117188e+00
1.386829185485839844e+01
1.190097351074218750e+02
5.882914733886718750e+01
1.275923233032226562e+02
3.937355875968933105e-01
6.083306152343750000e+03
7.596046924591064453e+00
4.370616531372070312e+01
1.609983253479003906e+01
5.388727784156799316e-01
6.721418457031250000e+02
7.654232788085937500e+01
6.289625763893127441e-01
6.957308349609375000e+02
3.457138824462890625e+01
4.153604030609130859e+00
2.517159423828125000e+03
4.876855087280273438e+01
4.259875869750976562e+01
3.357491302490234375e+01
5.694110717773437500e+02
1.809452514648437500e+02
1.438548583984375000e+02
2.309169387817382812e+01
1.181497802734375000e+03
3.196760118007659912e-01
9.683903694152832031e+00
2.763649291992187500e+02
8.090554237365722656e+00
3.601614379882812500e+02
7.128343582153320312e-01
5.625406503677368164e-01
3.955323028564453125e+01
3.101933479309082031e+00
5.547161579132080078e+00
8.102109527587890625e+01
5.324903726577758789e-01
1.300520992279052734e+01
4.247667312622070312e+00
4.021695613861083984e+00
2.609735870361328125e+01
6.764405965805053711e-01
7.669334411621093750e-01
3.521497802734375000e+02
8.997091674804687500e+02
1.940232157707214355e+00
1.313299255371093750e+02
1.071446514129638672e+01
5.297858238220214844e+00
1.594598510742187500e+03
3.439772844314575195e+00
1.899465484619140625e+02
2.912117767333984375e+01
2.094156455993652344e+01
8.282693481445312500e+02
2.161657905578613281e+01
1.107409667968750000e+02
3.682761230468750000e+02
9.371939086914062500e+01
3.270816802978515625e+01
2.448735504150390625e+02
3.546395874023437500e+01
1.863222479820251465e+00
3.185786819458007812e+01
1.427733802795410156e+01
6.189816951751708984e+00
8.022749633789062500e+02
3.954665832519531250e+02
5.024862365722656250e+02
2.229687347412109375e+02
7.217426776885986328e+00
2.626229047775268555e+00
4.517907202243804932e-01
2.121643638610839844e+01
9.687500000000000000e+00
5.563538551330566406e+00
9.989657402038574219e-01
5.714366436004638672e+00
4.521410465240478516e-01
8.278456878662109375e+01
2.711081504821777344e+01
5.004895019531250000e+01
9.743258666992187500e+01
1.686925697326660156e+01
4.695959472656250000e+01
1.241728496551513672e+01
4.785642623901367188e+00
1.581913828849792480e-01
6.719947753906250000e+03
1.246922973632812500e+03
9.413349914550781250e+01
1.078039779663085938e+02
6.240501022338867188e+01
6.049527587890625000e+02
1.991168022155761719e+01
1.912875747680664062e+01
1.596748256683349609e+01
1.951096653938293457e+00
4.067839431762695312e+01
8.818895263671875000e+02
4.461503601074218750e+01
5.879299163818359375e+00
4.350680351257324219e+00
1.106758804321289062e+02
4.068217773437500000e+02
6.265690231323242188e+01
9.974376678466796875e+00
1.045606040954589844e+01
5.597138032317161560e-02
9.047415107488632202e-02
2.270567512512207031e+01
1.788962745666503906e+01
3.009639739990234375e+00
1.022631454467773438e+01
1.671626129150390625e+02
3.158531379699707031e+01
8.484515380859375000e+01
4.019684791564941406e+00
1.310058474540710449e+00
5.971658229827880859e+00
2.262818908691406250e+01
8.898864135742187500e+02
1.417142033576965332e+00
8.017922973632812500e+01
8.547463417053222656e-01
2.907951831817626953e+00
1.253772377967834473e-01
9.240229606628417969e+00
3.376296142578125000e+03
2.070866992187500000e+04
3.467860698699951172e+00
7.373464202880859375e+01
5.587915802001953125e+01
2.957118034362792969e+00
1.060802154541015625e+02
4.450535583496093750e+02
4.354197978973388672e+00
3.150949716567993164e+00
3.236054658889770508e+00
7.130420684814453125e+01
2.242593383789062500e+01
1.199180316925048828e+01
2.726140441894531250e+02
3.801808776855468750e+02
3.417919874191284180e+00
2.971949100494384766e+00
2.548503637313842773e+00
1.834046173095703125e+02
4.456231594085693359e+00
1.629526710510253906e+01
1.852097473144531250e+02
1.224469566345214844e+01
5.657217407226562500e+02
6.044014892578125000e+02
1.189116058349609375e+02
1.290272355079650879e+00
1.480661201477050781e+01
