5.073881521821022034e-02
1.591584384441375732e-01
6.161890551447868347e-02
3.641077317297458649e-03
6.701828539371490479e-02
3.646274209022521973e-01
3.583536669611930847e-02
1.071119215339422226e-02
7.240684330463409424e-02
1.134750843048095703e-01
1.970571279525756836e-01
7.319018989801406860e-02
7.057854533195495605e-02
1.295261643826961517e-02
1.990816555917263031e-02
5.195342004299163818e-02
5.385956261307001114e-03
3.762425854802131653e-02
1.835612952709197998e-02
1.524002198129892349e-02
1.154935266822576523e-02
1.160758361220359802e-02
1.887624859809875488e-01
3.174003586173057556e-02
3.705572128295898438e+00
1.173630356788635254e-02
2.496133372187614441e-02
1.367638707160949707e-01
4.090117514133453369e-01
1.099451184272766113e+00
3.824811661615967751e-03
1.151032862253487110e-03
9.374394267797470093e-02
2.243295609951019287e-01
1.357200555503368378e-02
2.534810602664947510e-01
1.961169578135013580e-02
3.138764528557658195e-03
8.707898855209350586e-02
2.497197687625885010e-02
6.999309062957763672e-01
1.544352173805236816e-01
5.017360672354698181e-02
3.513772249221801758e+00
2.859899997711181641e-01
1.275673955678939819e-01
3.202660381793975830e-02
1.041099071502685547e+00
3.051437903195619583e-03
4.865837097167968750e-01
1.433681398630142212e-01
3.703394532203674316e-02
4.915027618408203125e-01
8.375953882932662964e-02
4.987857304513454437e-03
9.465064853429794312e-03
1.167390309274196625e-02
1.673415154218673706e-01
2.246899344027042389e-02
1.277936172485351562e+01
1.549967192113399506e-02
4.201267719268798828e+00
2.532087825238704681e-02
2.615970931947231293e-02
1.420511901378631592e-01
2.019890695810317993e-01
3.625043928623199463e-01
8.072578907012939453e-02
2.293816566467285156e+00
6.971321105957031250e-01
2.726597595028579235e-04
5.826236605644226074e-01
6.493126507848501205e-03
9.658822417259216309e-01
1.424442976713180542e-01
5.799281224608421326e-02
1.576282083988189697e-02
2.266098931431770325e-02
3.363233059644699097e-02
4.829232022166252136e-02
4.194530248641967773e-01
2.480282820761203766e-02
8.106300234794616699e-02
1.962963957339525223e-03
7.082728203386068344e-03
5.947859492152929306e-03
3.144079237245023251e-04
2.620767056941986084e-02
9.866569042205810547e-01
1.584864221513271332e-03
1.742995716631412506e-02
8.210034668445587158e-02
1.896582730114459991e-02
5.471884459257125854e-02
3.783069923520088196e-02
5.470466613769531250e-01
2.026745676994323730e-01
6.128087043762207031e-01
1.505925320088863373e-02
1.597261577844619751e-01
5.734148025512695312e-01
4.678807780146598816e-02
7.498669438064098358e-03
3.115406446158885956e-02
4.762267693877220154e-02
3.112013638019561768e-01
9.012458473443984985e-02
1.099589616060256958e-01
6.179342865943908691e-01
5.276077240705490112e-02
1.839019544422626495e-02
1.624578386545181274e-01
1.600376665592193604e-01
5.365576744079589844e-01
7.013028115034103394e-02
7.476041465997695923e-02
9.662719815969467163e-02
2.465610764920711517e-02
4.766496364027261734e-03
2.185562811791896820e-02
3.906315192580223083e-03
1.886895751953125000e+01
4.063114821910858154e-01
9.477649927139282227e-01
1.305645797401666641e-03
2.618476748466491699e-02
1.774813979864120483e-02
1.114008598960936069e-03
1.736291795969009399e-01
5.204304307699203491e-02
6.498899459838867188e-01
1.670048832893371582e-01
1.033394224941730499e-02
3.230901900678873062e-03
2.962995134294033051e-02
1.021651923656463623e-02
1.939561963081359863e-02
6.252738237380981445e-01
7.585375756025314331e-02
1.044230818748474121e+00
5.573647469282150269e-02
2.588578499853610992e-02
4.136594772338867188e+00
9.845542311668395996e-01
3.555458307266235352e+00
1.053365245461463928e-01
3.217594623565673828e-01
6.317319720983505249e-02
1.190846040844917297e-01
2.971916645765304565e-02
2.336202189326286316e-02
7.020083665847778320e-01
1.024594083428382874e-01
6.558272242546081543e-02
2.086284607648849487e-01
7.530682533979415894e-02
2.866400778293609619e-02
3.776759654283523560e-02
1.859352341853082180e-03
3.360095201060175896e-03
1.473512202501296997e-01
5.539748072624206543e-02
9.295791387557983398e-02
1.203344538807868958e-01
1.281821608543395996e+00
1.981230825185775757e-01
4.114291965961456299e-01
2.047821134328842163e-01
2.669080257415771484e+00
3.356957808136940002e-03
2.746530473232269287e-01
1.513067781925201416e-01
4.405817482620477676e-03
5.048170313239097595e-02
9.968019276857376099e-02
8.125255107879638672e-01
6.216864287853240967e-02
6.055730953812599182e-02
3.474820777773857117e-02
9.937172532081604004e-01
1.245957612991333008e-01
8.547007292509078979e-02
1.444554626941680908e-01
5.751513317227363586e-02
2.050826787948608398e+00
9.324065595865249634e-02
8.661323785781860352e-02
4.119226336479187012e-02
2.683563232421875000e-01
6.120018288493156433e-02
7.404977679252624512e-01
5.944186449050903320e-02
1.608526217751204967e-03
6.219718232750892639e-02
1.433051973581314087e-01
6.028280034661293030e-02
1.123361289501190186e-01
4.109597951173782349e-02
4.104774445295333862e-03
2.901549637317657471e-01
7.518662605434656143e-03
6.156466156244277954e-02
6.905025243759155273e-02
3.758927062153816223e-02
4.867362231016159058e-02
1.178467646241188049e-02
7.797735929489135742e-02
9.285545349121093750e+00
7.047203835099935532e-03
4.887552931904792786e-03
2.327099815011024475e-02
5.056296288967132568e-02
2.377178519964218140e-03
3.375647366046905518e-01
8.621866255998611450e-02
9.374104738235473633e-01
4.073278009891510010e-01
1.259187050163745880e-02
3.287668805569410324e-03
1.294505715370178223e+00
1.021998882293701172e+00
6.588594987988471985e-03
1.478302292525768280e-02
2.114240825176239014e-02
3.788548347074538469e-04
1.940530687570571899e-01
7.908346131443977356e-03
1.319208145141601562e+00
1.312675327062606812e-01
2.752265520393848419e-02
2.748998254537582397e-02
3.482054919004440308e-02
1.384019106626510620e-02
6.503817439079284668e-02
2.616890333592891693e-02
3.189888894557952881e-01
9.077186137437820435e-02
3.300541313365101814e-03
2.716958522796630859e-01
7.454131729900836945e-03
1.747065335512161255e-01
1.343142427504062653e-02
7.011891156435012817e-02
1.186492387205362320e-02
2.573136240243911743e-02
3.895333409309387207e-02
1.520812809467315674e-01
5.306137725710868835e-02
6.555783748626708984e-02
1.739081442356109619e-01
1.065411269664764404e-01
4.727524518966674805e-01
1.561911427415907383e-03
5.257122516632080078e-01
1.592960506677627563e-01
1.516459137201309204e-01
1.937335014343261719e+00
7.551774382591247559e-02
6.665646284818649292e-02
3.379937633872032166e-02
2.095505222678184509e-02
5.923603195697069168e-03
2.134673595428466797e-01
7.460653781890869141e-02
1.839015260338783264e-02
3.633580207824707031e-01
6.832172162830829620e-03
1.118562698364257812e+00
1.416085637174546719e-03
3.404727950692176819e-02
5.289006710052490234e+00
1.931377500295639038e-01
9.339412301778793335e-02
6.184199359267950058e-03
1.729195821098983288e-03
2.351142838597297668e-02
6.036208942532539368e-02
2.781127393245697021e-02
8.323821425437927246e-02
4.890719056129455566e-01
7.301375269889831543e-01
1.204430088400840759e-01
4.340520873665809631e-02
1.596832275390625000e-02
2.278763800859451294e-03
1.438376214355230331e-02
3.053406000137329102e+00
1.436748266220092773e+00
1.436908449977636337e-02
1.211020275950431824e-01
1.436136476695537567e-02
9.898512624204158783e-03
2.068042308092117310e-01
1.928921602666378021e-02
5.904663354158401489e-03
1.491634827107191086e-02
3.557523339986801147e-02
6.149414181709289551e-02
9.139210581779479980e-01
1.523452401161193848e-01
1.565306663513183594e+00
1.868273019790649414e-01
2.015500664710998535e-01
1.991310715675354004e+00
3.049325346946716309e-01
2.891986072063446045e-02
9.520065039396286011e-03
1.083766147494316101e-01
1.495220959186553955e-01
4.023396670818328857e-01
1.267349481582641602e+00
1.667042225599288940e-01
2.088287621736526489e-01
1.892785280942916870e-01
1.194684486836194992e-02
9.822622686624526978e-02
4.721442703157663345e-03
8.826373219490051270e-01
2.921984996646642685e-03
1.184217911213636398e-02
1.478619724512100220e-01
4.177900962531566620e-03
1.371921598911285400e-01
6.811147332191467285e-01
6.188807263970375061e-02
2.338970422744750977e+00
1.014432497322559357e-02
1.410138513892889023e-02
1.668766699731349945e-02
6.185146048665046692e-03
1.985823269933462143e-03
3.344191551208496094e+00
4.238897562026977539e-02
5.303906276822090149e-02
2.216750569641590118e-02
3.360657021403312683e-02
2.863187715411186218e-02
1.742161624133586884e-02
8.948145061731338501e-02
5.363650321960449219e-01
5.338005349040031433e-02
3.237558063119649887e-03
9.023617021739482880e-03
1.608114600181579590e+00
2.893901895731687546e-03
1.327708270400762558e-02
8.296166658401489258e-01
4.814821481704711914e-01
1.142284944653511047e-01
3.157526850700378418e-01
1.232038214802742004e-01
4.627402499318122864e-02
9.066583006642758846e-04
1.955333910882472992e-02
8.501574397087097168e-02
4.744302015751600266e-03
2.223001606762409210e-02
1.101881191134452820e-01
1.836443543434143066e-01
1.123376265168190002e-01
4.723675549030303955e-02
1.654753461480140686e-02
5.994287505745887756e-02
3.298794850707054138e-02
4.047298133373260498e-01
7.797484844923019409e-02
8.975139260292053223e-02
8.091256022453308105e-03
4.019546210765838623e-01
1.201093895360827446e-03
1.000563055276870728e-01
1.905841380357742310e-02
3.255022764205932617e+00
6.563166528940200806e-02
3.436182439327239990e-01
5.112185608595609665e-03
2.123615145683288574e-02
4.157190397381782532e-02
1.927776448428630829e-02
9.670021012425422668e-03
7.713845372200012207e-02
1.165923383086919785e-02
8.546978235244750977e-01
5.522704124450683594e-01
9.666559100151062012e-02
1.281982064247131348e+00
1.288187980651855469e+01
2.454451657831668854e-02
2.084143646061420441e-02
4.410786496009677649e-04
5.372482538223266602e-02
1.070379391312599182e-01
5.862247943878173828e-02
1.031330299377441406e+01
1.385618350468575954e-03
2.646584749221801758e+00
2.240944057703018188e-01
4.699609056115150452e-02
1.351883541792631149e-02
1.306709647178649902e-02
1.648992180824279785e+00
1.928469848632812500e+01
1.762512779235839844e+01
2.603144645690917969e-01
5.569789409637451172e+00
1.767015576362609863e+00
3.299230957031250000e+01
3.588562011718750000e+00
5.484519958496093750e+01
2.384892702102661133e+00
3.616215515136718750e+01
1.407204627990722656e+01
4.036028861999511719e+00
2.612448334693908691e-01
1.027906322479248047e+01
2.683591270446777344e+01
7.906639099121093750e+00
5.876180267333984375e+01
1.724900436401367188e+01
2.040507555007934570e+00
2.079890251159667969e+00
1.525400161743164062e+00
8.416051864624023438e+00
7.653283596038818359e+00
2.258833885192871094e+01
9.304176568984985352e-01
6.810356140136718750e+00
4.665239715576171875e+01
1.850917053222656250e+02
1.269241619110107422e+01
1.773104906082153320e+00
1.223279953002929688e+00
2.225644350051879883e+00
1.518587951660156250e+02
1.007583618164062500e+00
1.759033203125000000e+01
4.636343121528625488e-01
2.589604258537292480e-01
1.941625237464904785e+00
1.172705173492431641e+01
5.152709350585937500e+02
1.089068412780761719e+01
6.645654439926147461e-01
4.279577636718750000e+01
9.740447998046875000e+00
5.035770034790039062e+01
4.632601165771484375e+01
1.024079799652099609e+01
1.000106215476989746e+00
7.839410400390625000e+01
2.489154815673828125e+01
4.016437530517578125e+00
1.128624725341796875e+01
3.274259948730468750e+01
5.558163166046142578e+00
5.479222536087036133e-01
1.245704650878906250e+00
1.146397113800048828e+00
2.497919797897338867e+00
7.657427215576171875e+01
1.925084304809570312e+01
9.811396026611328125e+01
1.056791424751281738e+00
4.684107780456542969e+00
1.376548886299133301e+00
1.621935462951660156e+01
5.559021949768066406e+00
3.314785461425781250e+02
3.584045410156250000e+02
4.303195953369140625e+01
3.590624779462814331e-02
2.539414215087890625e+01
1.173880100250244141e+00
6.916695404052734375e+01
1.314038085937500000e+01
4.646106243133544922e+00
5.459405779838562012e-01
1.036490678787231445e+00
1.404191017150878906e+01
1.671948051452636719e+01
1.122116374969482422e+01
1.573976039886474609e+00
3.040210962295532227e+00
4.049560070037841797e+00
2.519379377365112305e+00
1.811445236206054688e+00
3.307768106460571289e-01
1.345849895477294922e+01
1.460548210144042969e+01
7.629913687705993652e-01
2.488659143447875977e+00
3.984175872802734375e+01
2.304806518554687500e+01
6.571380615234375000e+00
1.211162090301513672e+01
1.417761039733886719e+01
3.395366668701171875e+00
4.363451232910156250e+02
1.847542524337768555e+00
1.211278247833251953e+01
4.366842210292816162e-01
1.215421438217163086e+00
2.003836929798126221e-01
5.177592086791992188e+01
8.799370765686035156e+00
1.603037834167480469e+01
2.307559251785278320e+00
1.327661590576171875e+02
1.432504272460937500e+02
1.056149721145629883e+00
1.974660158157348633e-01
1.627084159851074219e+01
6.113927841186523438e+00
7.616800785064697266e+00
1.496916580200195312e+01
1.029772472381591797e+01
6.304616451263427734e+00
3.254870653152465820e+00
4.898984909057617188e+00
5.496857166290283203e+00
1.127051162719726562e+01
1.092619873046875000e+03
1.980537567138671875e+02
1.847426605224609375e+01
2.375583648681640625e+00
6.433633422851562500e+01
6.167232513427734375e+00
1.639913082122802734e+00
1.407551574707031250e+02
2.816891098022460938e+01
7.624989509582519531e+00
1.224670505523681641e+01
1.586607545614242554e-01
1.329436779022216797e+00
6.905027031898498535e-01
1.063900351524353027e+00
2.877385616302490234e+00
5.358416748046875000e+01
2.319957733154296875e+01
3.795127868652343750e+01
6.793184661865234375e+01
3.827615380287170410e-01
1.299361877441406250e+02
2.971647834777832031e+01
4.473396682739257812e+01
8.078561782836914062e+00
1.782350311279296875e+02
1.461921572685241699e+00
1.156468486785888672e+01
1.972813224792480469e+01
1.685656070709228516e+00
1.540577087402343750e+02
8.844773292541503906e+00
9.012567996978759766e-01
3.621255874633789062e+01
5.100775241851806641e+00
1.073526263236999512e+00
9.992724657058715820e-01
4.736016094684600830e-01
1.163274407386779785e+00
8.078816223144531250e+01
5.517118453979492188e+01
2.976554679870605469e+01
5.621973514556884766e+00
1.777665901184082031e+01
1.604216337203979492e+00
1.186837100982666016e+01
3.804445266723632812e+01
2.102562713623046875e+02
4.876967668533325195e-01
1.271922206878662109e+01
7.655167388916015625e+01
1.159960150718688965e+00
3.656668663024902344e+00
9.795674896240234375e+01
9.149785041809082031e+00
2.631461143493652344e+00
1.168210697174072266e+01
2.863366365432739258e+00
2.380641365051269531e+01
9.171348214149475098e-01
2.687184333801269531e+01
4.618623733520507812e+01
1.417948901653289795e-01
5.176791992187500000e+02
1.224798393249511719e+01
1.129448294639587402e+00
2.268033266067504883e+00
6.995998382568359375e+01
1.119229412078857422e+01
1.304166793823242188e+00
5.115168571472167969e+00
1.109506964683532715e+00
1.117427253723144531e+01
1.188678073883056641e+01
2.254229038953781128e-01
4.308226585388183594e+00
1.391717076301574707e+00
9.197546839714050293e-01
2.854439258575439453e+00
7.811446666717529297e+00
1.690433740615844727e+00
5.979109764099121094e+00
4.238296031951904297e+00
2.224024391174316406e+01
2.885584533214569092e-01
5.896316528320312500e+00
4.927361297607421875e+01
4.851083755493164062e+00
1.479286479949951172e+01
7.151234626770019531e+00
4.244438171386718750e+00
6.417677998542785645e-01
1.542802429199218750e+02
4.464455604553222656e+00
1.707586479187011719e+01
2.059796810150146484e+00
4.521551132202148438e+01
5.077561736106872559e-01
5.664870071411132812e+01
4.345325012207031250e+02
3.459371030330657959e-01
4.839465320110321045e-01
2.484306907653808594e+01
9.561783671379089355e-01
2.296730957031250000e+02
4.016015052795410156e+00
4.106568336486816406e+00
8.976863622665405273e-01
4.033199310302734375e+00
4.131508767604827881e-01
1.455152797698974609e+01
6.442074179649353027e-01
5.067121887207031250e+01
1.727199196815490723e+00
1.856968116760253906e+01
4.741204082965850830e-01
1.054672479629516602e+00
3.784389495849609375e+00
1.149938464164733887e+00
4.327444839477539062e+01
4.380817890167236328e+00
2.368672370910644531e+00
2.915482282638549805e+00
1.299528217315673828e+01
3.171618652343750000e+01
4.138834381103515625e+01
3.015876412391662598e-01
8.400872039794921875e+01
3.407412052154541016e+00
4.112787246704101562e+00
5.734734058380126953e+00
9.803199768066406250e-01
8.100846862792968750e+01
1.659546089172363281e+01
5.506347656250000000e+00
1.110093307495117188e+01
3.455540895462036133e+00
3.378355979919433594e+00
6.229354858398437500e+01
2.394619369506835938e+01
1.322967052459716797e+01
8.978493690490722656e+00
2.664918327331542969e+01
1.277259063720703125e+01
2.781223297119140625e+01
2.958480644226074219e+01
8.952003479003906250e+01
1.612394005060195923e-01
7.559248924255371094e+00
2.729988403320312500e+02
3.366584396362304688e+01
5.771448135375976562e+01
3.486363291740417480e-01
3.744546473026275635e-01
9.060222625732421875e+00
5.137199401855468750e+00
9.659708023071289062e+00
8.781254768371582031e+00
2.158934831619262695e+00
9.463389396667480469e+00
4.507136821746826172e+00
3.957551002502441406e+00
2.281186580657958984e+00
5.315599441528320312e-01
1.714305758476257324e+00
9.456255340576171875e+01
4.164627075195312500e+01
4.105628490447998047e+00
1.029853534698486328e+01
8.816926956176757812e+00
3.712940692901611328e+00
5.435718994140625000e+02
3.264508247375488281e+00
9.461983680725097656e+00
3.815715312957763672e+00
1.505559349060058594e+01
3.027654075622558594e+01
2.687555074691772461e+00
1.372677516937255859e+01
3.015910911560058594e+01
3.219065093994140625e+01
8.247568130493164062e+00
9.389464569091796875e+01
5.329247474670410156e+00
3.866089582443237305e+00
5.292828369140625000e+01
3.488001108169555664e+00
7.681988716125488281e+00
1.252365646362304688e+02
7.331431579589843750e+01
7.086489105224609375e+01
2.731338500976562500e+02
7.824979424476623535e-01
2.035081386566162109e+00
6.767936944961547852e-01
1.154037594795227051e+00
4.692973613739013672e+00
1.386946797370910645e+00
5.620356798171997070e-01
2.411658287048339844e+00
5.541488528251647949e-01
2.470086212158203125e+02
1.259130668640136719e+01
9.791052246093750000e+01
2.732469749450683594e+01
1.901762962341308594e+00
2.407034683227539062e+01
6.459702014923095703e+00
6.552300453186035156e+00
6.505166888236999512e-01
2.805382690429687500e+02
6.225666809082031250e+01
6.491197586059570312e+00
1.494435405731201172e+01
5.632966995239257812e+01
1.838934326171875000e+02
5.643742084503173828e+00
9.272137284278869629e-01
1.798583984375000000e+01
4.449096620082855225e-01
6.702908515930175781e+00
2.371180343627929688e+01
1.711261367797851562e+01
9.768219590187072754e-01
2.040282964706420898e+00
9.379919433593750000e+01
9.413448333740234375e+01
2.963443374633789062e+01
1.592902946472167969e+01
9.317521095275878906e+00
2.017175555229187012e-01
1.111766099929809570e-01
1.295321941375732422e+01
7.307660579681396484e+00
1.672135829925537109e+00
1.097696971893310547e+01
6.888398742675781250e+01
9.258306121826171875e+01
1.396805763244628906e+01
2.365745067596435547e+00
1.390444397926330566e+00
3.499677658081054688e+00
5.402093410491943359e+00
4.591273880004882812e+01
2.098855733871459961e+00
1.696362876892089844e+01
6.667173504829406738e-01
3.654012441635131836e+00
1.314795464277267456e-01
2.873088359832763672e+00
6.888175964355468750e+01
8.098888671875000000e+03
4.191263675689697266e+00
1.289925003051757812e+01
1.785792827606201172e+00
1.849920392036437988e+00
3.537079620361328125e+01
4.979293823242187500e+01
8.071885704994201660e-01
1.072198033332824707e+00
4.204395771026611328e+00
5.422585678100585938e+01
2.598529815673828125e+01
2.356782913208007812e+00
6.859868621826171875e+01
2.331490173339843750e+02
1.762995839118957520e+00
2.627249002456665039e+00
2.063762426376342773e+00
1.753367614746093750e+01
2.441071033477783203e+00
3.035587787628173828e+00
3.133747558593750000e+02
5.891231536865234375e+00
2.445303726196289062e+01
7.713132934570312500e+02
4.734217834472656250e+01
1.444211840629577637e+00
3.981887054443359375e+01
