1.134998649358749390e-01
1.913510113954544067e-01
5.147191882133483887e-02
3.921957686543464661e-03
5.585797131061553955e-02
9.039158821105957031e-01
2.949835360050201416e-02
1.514587271958589554e-02
6.970535218715667725e-02
1.620860099792480469e-01
1.841510683298110962e-01
8.433488011360168457e-02
1.369816362857818604e-01
2.450823783874511719e-02
1.465288829058408737e-02
6.420878320932388306e-02
4.453351721167564392e-03
3.602195158600807190e-02
3.306111693382263184e-02
1.276904810220003128e-02
1.604666002094745636e-02
2.478057332336902618e-02
2.259413599967956543e-01
3.571894019842147827e-02
5.299439907073974609e+00
1.342703774571418762e-02
4.447022825479507446e-02
2.046373933553695679e-01
3.668445348739624023e-01
1.472374320030212402e+00
4.342287778854370117e-03
1.432824530638754368e-03
8.374683558940887451e-02
1.982131302356719971e-01
2.828298136591911316e-02
2.161924839019775391e-01
2.150134742259979248e-02
2.476388122886419296e-03
7.055236399173736572e-02
2.273051626980304718e-02
6.926078796386718750e-01
1.997272670269012451e-01
3.604336827993392944e-02
4.749276161193847656e+00
3.291084170341491699e-01
1.363364756107330322e-01
2.740740776062011719e-02
1.216921448707580566e+00
3.405230352655053139e-03
3.884347379207611084e-01
1.928870528936386108e-01
7.035654038190841675e-02
3.898208737373352051e-01
7.805551588535308838e-02
4.585692193359136581e-03
7.823649793863296509e-03
9.938405826687812805e-03
1.325231045484542847e-01
3.050952591001987457e-02
2.157111930847167969e+01
1.905351318418979645e-02
8.102725982666015625e+00
2.653305418789386749e-02
3.139384463429450989e-02
1.663750410079956055e-01
2.231430113315582275e-01
4.822902679443359375e-01
8.565662801265716553e-02
2.497257471084594727e+00
1.008555293083190918e+00
4.097237542737275362e-04
7.942525744438171387e-01
8.033696562051773071e-03
9.969951510429382324e-01
1.590325981378555298e-01
5.533780157566070557e-02
2.295936830341815948e-02
4.714472219347953796e-02
3.508730977773666382e-02
4.173426330089569092e-02
5.922508835792541504e-01
3.882213309407234192e-02
1.283836811780929565e-01
2.553607570007443428e-03
6.513748317956924438e-03
6.038955412805080414e-03
3.068260557483881712e-04
3.983898088335990906e-02
1.025667428970336914e+00
1.988939242437481880e-03
2.076653949916362762e-02
7.223547250032424927e-02
1.821896061301231384e-02
7.241760194301605225e-02
3.760488703846931458e-02
8.357514739036560059e-01
2.669843435287475586e-01
6.530538797378540039e-01
1.489253249019384384e-02
1.922307461500167847e-01
1.514401316642761230e+00
8.072769641876220703e-02
7.847554981708526611e-03
3.833940997719764709e-02
5.857542529702186584e-02
3.445922136306762695e-01
9.452203661203384399e-02
9.465387463569641113e-02
6.430540084838867188e-01
1.017055287957191467e-01
2.852446958422660828e-02
2.389812320470809937e-01
1.587160676717758179e-01
7.318499684333801270e-01
4.936990514397621155e-02
1.184665262699127197e-01
1.011867225170135498e-01
2.833185717463493347e-02
9.656473994255065918e-03
2.908822894096374512e-02
4.366064909845590591e-03
4.305713272094726562e+01
5.345787405967712402e-01
1.502681493759155273e+00
1.286388956941664219e-03
7.607319205999374390e-02
2.561479620635509491e-02
1.247587613761425018e-03
2.280027419328689575e-01
6.104582920670509338e-02
9.188226461410522461e-01
1.460019797086715698e-01
1.156067010015249252e-02
3.436410101130604744e-03
4.429674148559570312e-02
1.212968118488788605e-02
2.893853187561035156e-02
1.271416306495666504e+00
1.635600775480270386e-01
1.147288918495178223e+00
5.719625577330589294e-02
2.333175949752330780e-02
3.390405416488647461e+00
1.076698660850524902e+00
6.743752002716064453e+00
1.655152589082717896e-01
4.338251650333404541e-01
6.252331286668777466e-02
2.027249485254287720e-01
3.668408468365669250e-02
2.590076811611652374e-02
6.219823360443115234e-01
1.789308190345764160e-01
8.390380442142486572e-02
2.925457656383514404e-01
8.925431966781616211e-02
3.469520434737205505e-02
5.101539194583892822e-02
2.550319535657763481e-03
5.416085943579673767e-03
2.051533162593841553e-01
3.669785335659980774e-02
1.208617836236953735e-01
1.457566171884536743e-01
1.162466168403625488e+00
3.643466234207153320e-01
4.303456246852874756e-01
3.109261393547058105e-01
2.894126176834106445e+00
5.203105509281158447e-03
2.429533153772354126e-01
2.111951410770416260e-01
4.014004953205585480e-03
4.263821989297866821e-02
1.069733425974845886e-01
1.104135394096374512e+00
6.389782577753067017e-02
6.389700621366500854e-02
3.938103839755058289e-02
1.296639204025268555e+00
1.647883504629135132e-01
7.806683331727981567e-02
1.925605088472366333e-01
7.119359821081161499e-02
2.417678594589233398e+00
9.742300212383270264e-02
6.151233986020088196e-02
4.351323843002319336e-02
4.485200047492980957e-01
6.559097766876220703e-02
1.121216416358947754e+00
6.162463501095771790e-02
1.194539247080683708e-03
7.398875057697296143e-02
2.049981653690338135e-01
9.389911592006683350e-02
1.363901644945144653e-01
5.194426700472831726e-02
6.891453638672828674e-03
3.881998956203460693e-01
7.137291599065065384e-03
7.142061740159988403e-02
8.285625278949737549e-02
5.338628962635993958e-02
4.798444733023643494e-02
1.432793773710727692e-02
1.080397889018058777e-01
1.167614269256591797e+01
8.305710740387439728e-03
5.527822300791740417e-03
2.222617343068122864e-02
6.503139436244964600e-02
1.605151104740798473e-03
6.710631847381591797e-01
9.096536785364151001e-02
1.902855396270751953e+00
7.555885910987854004e-01
2.607711777091026306e-02
2.643433632329106331e-03
1.223977088928222656e+00
1.278815031051635742e+00
8.155280724167823792e-03
1.934744790196418762e-02
3.001121617853641510e-02
4.082429804839193821e-04
2.455109804868698120e-01
5.958603695034980774e-03
1.964378237724304199e+00
1.917472183704376221e-01
2.657385542988777161e-02
4.071679338812828064e-02
4.451199248433113098e-02
2.252983488142490387e-02
4.327481612563133240e-02
3.645061701536178589e-02
2.915792763233184814e-01
1.004256159067153931e-01
6.108899600803852081e-03
3.734265267848968506e-01
3.946602344512939453e-03
3.177777826786041260e-01
3.389700874686241150e-02
1.689528375864028931e-01
1.180068589746952057e-02
1.789032481610774994e-02
4.211151972413063049e-02
1.453024893999099731e-01
6.454218178987503052e-02
8.146452158689498901e-02
1.698889881372451782e-01
9.416817128658294678e-02
9.679126143455505371e-01
8.838085923343896866e-04
4.800196290016174316e-01
1.677808016538619995e-01
1.945542097091674805e-01
2.349551916122436523e+00
1.328697204589843750e-01
4.450451210141181946e-02
6.600973755121231079e-02
2.448674477636814117e-02
7.116344291716814041e-03
5.425916314125061035e-01
9.756570309400558472e-02
2.192631177604198456e-02
4.110325574874877930e-01
6.685887929052114487e-03
1.628331422805786133e+00
1.809080364182591438e-03
3.554251790046691895e-02
9.228620529174804688e+00
2.348292171955108643e-01
1.733250170946121216e-01
7.460134103894233704e-03
2.709288150072097778e-03
3.116549737751483917e-02
5.530319362878799438e-02
2.757802791893482208e-02
1.692620664834976196e-01
7.456667423248291016e-01
6.679456233978271484e-01
1.117849498987197876e-01
4.195035994052886963e-02
1.817145943641662598e-02
2.000479493290185928e-03
2.175423875451087952e-02
5.040856361389160156e+00
2.428667783737182617e+00
1.705370470881462097e-02
1.319222301244735718e-01
2.573362179100513458e-02
1.245705690234899521e-02
3.615669310092926025e-01
2.996633574366569519e-02
5.098470021039247513e-03
1.981422863900661469e-02
5.478874966502189636e-02
7.411146908998489380e-02
1.420646071434020996e+00
2.572301328182220459e-01
2.754201173782348633e+00
2.434765845537185669e-01
2.665194869041442871e-01
2.204162597656250000e+00
5.910928249359130859e-01
2.785867825150489807e-02
1.355409063398838043e-02
1.922740191221237183e-01
1.575123369693756104e-01
4.322587251663208008e-01
1.464688301086425781e+00
2.011429816484451294e-01
1.581978797912597656e-01
2.641546130180358887e-01
1.545985788106918335e-02
1.071706712245941162e-01
4.861793946474790573e-03
1.587518453598022461e+00
2.696923213079571724e-03
1.360924914479255676e-02
2.281645536422729492e-01
3.031681524589657784e-03
1.026228368282318115e-01
3.933722674846649170e-01
5.914521962404251099e-02
3.905733823776245117e+00
8.593721315264701843e-03
1.220430806279182434e-02
2.952100150287151337e-02
9.645898826420307159e-03
3.215264296159148216e-03
3.246498823165893555e+00
3.477070853114128113e-02
5.425265803933143616e-02
3.063037618994712830e-02
3.739935532212257385e-02
2.849888242781162262e-02
2.117573283612728119e-02
1.544427573680877686e-01
4.871800541877746582e-01
5.806265026330947876e-02
2.011979464441537857e-03
9.217414073646068573e-03
1.523840308189392090e+00
2.702733268961310387e-03
2.354961633682250977e-02
7.052314281463623047e-01
8.597617745399475098e-01
8.714372664690017700e-02
2.704759836196899414e-01
1.704023927450180054e-01
8.791033178567886353e-02
8.827472338452935219e-04
2.206740900874137878e-02
7.648644596338272095e-02
4.989230073988437653e-03
3.039631992578506470e-02
1.180701553821563721e-01
1.498388797044754028e-01
1.861061006784439087e-01
6.246700137853622437e-02
1.275371387600898743e-02
8.659950643777847290e-02
4.710837453603744507e-02
5.327044725418090820e-01
6.192113459110260010e-02
1.027017757296562195e-01
7.590245455503463745e-03
5.695831179618835449e-01
1.575209898874163628e-03
1.516836881637573242e-01
3.328646719455718994e-02
5.290841579437255859e+00
1.092369928956031799e-01
5.797313451766967773e-01
6.662204395979642868e-03
2.150300890207290649e-02
2.961729466915130615e-02
2.083067037165164948e-02
1.939261518418788910e-02
8.715648204088211060e-02
1.190018374472856522e-02
9.645624160766601562e-01
5.549153089523315430e-01
1.053966581821441650e-01
3.178403854370117188e+00
1.626446914672851562e+01
2.492408826947212219e-02
1.946511305868625641e-02
5.708634853363037109e-04
8.605441451072692871e-02
7.687755674123764038e-02
7.424711436033248901e-02
1.323066139221191406e+01
1.370111596770584583e-03
4.492752552032470703e+00
2.657159268856048584e-01
3.895376250147819519e-02
1.424785144627094269e-02
1.535849645733833313e-02
5.160799503326416016e+00
2.379118919372558594e+01
2.975888252258300781e+01
2.824007570743560791e-01
8.107060432434082031e+00
2.257007837295532227e+00
7.111280822753906250e+01
6.876553058624267578e+00
9.279742431640625000e+01
4.629005432128906250e+00
5.699345016479492188e+01
1.921969413757324219e+01
9.559386253356933594e+00
6.281253099441528320e-01
1.556325817108154297e+01
3.174454116821289062e+01
1.354523372650146484e+01
1.141166610717773438e+02
2.155697059631347656e+01
3.670952558517456055e+00
4.134481430053710938e+00
3.865180730819702148e+00
1.407656002044677734e+01
1.431153106689453125e+01
2.585884857177734375e+01
1.519378662109375000e+00
1.671923065185546875e+01
1.428855895996093750e+02
3.351008911132812500e+02
2.338163948059082031e+01
2.536603927612304688e+00
2.328119516372680664e+00
3.062191963195800781e+00
2.564986572265625000e+02
2.451791286468505859e+00
1.896421051025390625e+01
6.283276081085205078e-01
2.789305746555328369e-01
2.467928886413574219e+00
2.414788818359375000e+01
1.099131835937500000e+03
1.871584320068359375e+01
5.640928745269775391e-01
8.858368682861328125e+01
1.714000511169433594e+01
9.447845458984375000e+01
9.073707580566406250e+01
1.293591499328613281e+01
1.803335189819335938e+00
1.618233642578125000e+02
4.608747100830078125e+01
7.543065547943115234e+00
1.360984039306640625e+01
5.759184265136718750e+01
5.860416889190673828e+00
1.093853473663330078e+00
2.163292646408081055e+00
1.536253571510314941e+00
5.161686420440673828e+00
1.987449340820312500e+02
4.090612792968750000e+01
1.843131408691406250e+02
1.787712574005126953e+00
8.292210578918457031e+00
2.381176948547363281e+00
2.128340339660644531e+01
9.569602012634277344e+00
6.648971557617187500e+02
1.040124633789062500e+03
4.774554443359375000e+01
8.224647492170333862e-02
3.903490066528320312e+01
2.024902105331420898e+00
9.513713073730468750e+01
1.196300411224365234e+01
9.348515510559082031e+00
6.461501121520996094e-01
1.910523653030395508e+00
2.644473457336425781e+01
2.711919975280761719e+01
2.298612022399902344e+01
2.639142513275146484e+00
6.914510726928710938e+00
1.073114109039306641e+01
5.414252281188964844e+00
2.966561555862426758e+00
3.185202181339263916e-01
2.840827941894531250e+01
1.542907524108886719e+01
1.441999316215515137e+00
3.462623119354248047e+00
6.920393371582031250e+01
4.066721343994140625e+01
1.446413803100585938e+01
3.187044143676757812e+01
2.267486000061035156e+01
5.552579402923583984e+00
9.553139648437500000e+02
3.034069061279296875e+00
2.448810195922851562e+01
7.900803089141845703e-01
2.667281389236450195e+00
3.783332705497741699e-01
8.564113616943359375e+01
1.532259654998779297e+01
2.458494186401367188e+01
4.092642307281494141e+00
2.199012298583984375e+02
3.152351379394531250e+02
2.408106088638305664e+00
2.283928990364074707e-01
4.942039489746093750e+01
1.454159832000732422e+01
1.154170703887939453e+01
2.861872863769531250e+01
2.782201385498046875e+01
1.101758098602294922e+01
5.767219543457031250e+00
1.513943290710449219e+01
1.147299480438232422e+01
2.209888076782226562e+01
3.118540039062500000e+03
2.382380523681640625e+02
3.150307464599609375e+01
3.596614360809326172e+00
1.661870422363281250e+02
1.027202224731445312e+01
2.386420965194702148e+00
2.316228332519531250e+02
7.178122711181640625e+01
2.273908805847167969e+01
1.508922100067138672e+01
1.921355128288269043e-01
2.909272193908691406e+00
1.073664307594299316e+00
1.606180191040039062e+00
4.803812980651855469e+00
1.077981185913085938e+02
4.974561691284179688e+01
6.282947158813476562e+01
7.927636718750000000e+01
5.564525127410888672e-01
2.830683898925781250e+02
2.976442527770996094e+01
9.556465148925781250e+01
1.556193637847900391e+01
2.996014709472656250e+02
1.346469879150390625e+00
2.530779647827148438e+01
5.194251632690429688e+01
1.507684230804443359e+00
2.520586090087890625e+02
2.782152366638183594e+01
1.031859040260314941e+00
8.242620086669921875e+01
8.093631744384765625e+00
1.409714818000793457e+00
1.122265577316284180e+00
8.393432497978210449e-01
1.661424398422241211e+00
2.120049896240234375e+02
1.012969970703125000e+02
7.463123321533203125e+01
9.334555625915527344e+00
2.595442008972167969e+01
3.502171039581298828e+00
2.057227134704589844e+01
7.823759460449218750e+01
2.784763183593750000e+02
1.280292034149169922e+00
1.412688064575195312e+01
2.064244689941406250e+02
1.987413883209228516e+00
5.246264934539794922e+00
1.350271759033203125e+02
1.429255485534667969e+01
4.503169059753417969e+00
2.042029571533203125e+01
3.338277578353881836e+00
2.967302131652832031e+01
1.786608099937438965e+00
3.704176330566406250e+01
8.841586303710937500e+01
2.483213841915130615e-01
1.679338256835937500e+03
1.348618984222412109e+01
1.996602416038513184e+00
5.302527904510498047e+00
1.292600097656250000e+02
1.825269317626953125e+01
2.377846240997314453e+00
1.093671131134033203e+01
2.356634616851806641e+00
2.438084030151367188e+01
2.142473602294921875e+01
4.224238693714141846e-01
9.593670845031738281e+00
2.023093938827514648e+00
1.231388092041015625e+00
4.267154216766357422e+00
9.999859809875488281e+00
2.463454246520996094e+00
8.644263267517089844e+00
9.103886604309082031e+00
4.373698043823242188e+01
4.715330302715301514e-01
8.567979812622070312e+00
7.339046478271484375e+01
7.383432388305664062e+00
2.336311721801757812e+01
1.276506519317626953e+01
6.035971164703369141e+00
1.089269042015075684e+00
4.429233093261718750e+02
1.124194049835205078e+01
4.079850006103515625e+01
5.632223606109619141e+00
1.422357940673828125e+02
8.234145045280456543e-01
8.492679595947265625e+01
9.074291992187500000e+02
3.533440232276916504e-01
8.265160918235778809e-01
7.398586273193359375e+01
1.565691471099853516e+00
2.864081115722656250e+02
5.549788475036621094e+00
6.502728939056396484e+00
1.890432119369506836e+00
7.386611938476562500e+00
6.399584412574768066e-01
2.286379623413085938e+01
1.016324043273925781e+00
7.833965301513671875e+01
3.826745271682739258e+00
3.267330551147460938e+01
9.012644290924072266e-01
3.361514806747436523e+00
9.336788177490234375e+00
1.155750513076782227e+00
1.306641845703125000e+02
1.116249465942382812e+01
5.887785434722900391e+00
4.059835433959960938e+00
1.942099380493164062e+01
7.413577270507812500e+01
7.527581024169921875e+01
4.054950773715972900e-01
2.362776947021484375e+02
5.717022418975830078e+00
8.236585617065429688e+00
1.625263023376464844e+01
1.490447878837585449e+00
1.192175598144531250e+02
3.458815765380859375e+01
5.071528911590576172e+00
1.800600624084472656e+01
8.177931785583496094e+00
3.641190528869628906e+00
1.540123901367187500e+02
3.405463027954101562e+01
3.392509841918945312e+01
1.839169311523437500e+01
7.695088195800781250e+01
2.449185562133789062e+01
5.406060028076171875e+01
3.334690475463867188e+01
1.305118865966796875e+02
1.771036535501480103e-01
9.910486221313476562e+00
8.351314697265625000e+02
5.030892944335937500e+01
1.073827667236328125e+02
5.982139706611633301e-01
4.297235608100891113e-01
1.503116416931152344e+01
9.076872825622558594e+00
1.156694602966308594e+01
1.354635143280029297e+01
2.810069799423217773e+00
1.421902465820312500e+01
5.660462379455566406e+00
4.208445549011230469e+00
6.675821304321289062e+00
1.079626202583312988e+00
2.695214271545410156e+00
1.804218444824218750e+02
1.256901626586914062e+02
6.332476139068603516e+00
2.766132545471191406e+01
1.959908103942871094e+01
5.616559982299804688e+00
1.682156127929687500e+03
4.802435874938964844e+00
2.342328071594238281e+01
8.409605026245117188e+00
3.505411148071289062e+01
6.824264526367187500e+01
5.417139530181884766e+00
3.339218902587890625e+01
4.527331161499023438e+01
4.993272018432617188e+01
1.924121093750000000e+01
2.308021240234375000e+02
6.697475433349609375e+00
5.096674919128417969e+00
1.051899185180664062e+02
7.828858852386474609e+00
1.065440082550048828e+01
2.660572814941406250e+02
1.165135421752929688e+02
1.204404983520507812e+02
5.470491943359375000e+02
1.118018388748168945e+00
3.865655422210693359e+00
8.746953010559082031e-01
2.325204133987426758e+00
1.073815345764160156e+01
2.249908924102783203e+00
8.852552175521850586e-01
4.649487018585205078e+00
9.564139246940612793e-01
3.184202270507812500e+02
1.557852649688720703e+01
1.369030303955078125e+02
6.806504058837890625e+01
3.527029275894165039e+00
3.855963134765625000e+01
1.362454128265380859e+01
1.542881774902343750e+01
1.212876319885253906e+00
8.144602661132812500e+02
1.041795425415039062e+02
1.164626312255859375e+01
3.484698104858398438e+01
8.728125762939453125e+01
3.443917236328125000e+02
1.186463642120361328e+01
2.204774379730224609e+00
2.264323425292968750e+01
8.145702481269836426e-01
1.276331806182861328e+01
8.651313018798828125e+01
1.784395408630371094e+01
1.945514202117919922e+00
2.801347970962524414e+00
1.146925125122070312e+02
2.808404846191406250e+02
4.180488204956054688e+01
2.423584747314453125e+01
1.460780143737792969e+01
3.012060225009918213e-01
1.633861213922500610e-01
2.110214233398437500e+01
1.011290168762207031e+01
2.867155075073242188e+00
1.838335037231445312e+01
1.066947479248046875e+02
9.439842987060546875e+01
2.518357467651367188e+01
3.313532590866088867e+00
1.726544618606567383e+00
4.541162014007568359e+00
8.006712913513183594e+00
1.054735412597656250e+02
2.848786830902099609e+00
2.363569641113281250e+01
6.892010569572448730e-01
6.981601238250732422e+00
1.934137940406799316e-01
5.313231468200683594e+00
2.127423248291015625e+02
1.834067187500000000e+04
8.706564903259277344e+00
2.861491584777832031e+01
3.665488243103027344e+00
3.166854858398437500e+00
4.970637512207031250e+01
1.289301300048828125e+02
1.561713457107543945e+00
1.818128943443298340e+00
6.901506423950195312e+00
8.232026672363281250e+01
3.172639656066894531e+01
3.772381305694580078e+00
1.471834411621093750e+02
4.469109191894531250e+02
3.209177017211914062e+00
3.400147676467895508e+00
3.116178750991821289e+00
4.264167022705078125e+01
2.884457588195800781e+00
4.519039630889892578e+00
3.389053344726562500e+02
1.398710632324218750e+01
5.719998550415039062e+01
1.045114624023437500e+03
5.510908126831054688e+01
1.652862191200256348e+00
5.664775466918945312e+01
