2.589017339050769806e-02
1.413628906011581421e-01
8.791871368885040283e-03
1.025095582008361816e-03
4.810696840286254883e-02
6.232560634613037109e+00
1.840510033071041107e-02
3.206901019439101219e-03
6.924997083842754364e-03
5.180454254150390625e-01
4.178903531283140182e-03
1.186678558588027954e-02
5.730218812823295593e-02
8.874467574059963226e-03
1.205136068165302277e-03
1.211492437869310379e-02
3.905326128005981445e-03
3.089832840487360954e-03
2.407694607973098755e-02
4.277180996723473072e-04
2.088105678558349609e-01
1.753848232328891754e-02
4.039343893527984619e-01
7.391355186700820923e-02
5.500220656394958496e-01
1.637237705290317535e-02
3.982419520616531372e-02
1.410488225519657135e-02
9.968364238739013672e-02
1.178885579109191895e+00
3.743375127669423819e-04
1.835713483160361648e-04
9.263136424124240875e-03
1.796074025332927704e-02
1.068242490291595459e-01
6.404383108019828796e-03
6.436313968151807785e-03
8.344748639501631260e-04
1.037011016160249710e-02
5.875874310731887817e-03
2.308860570192337036e-01
6.423522531986236572e-02
1.964820083230733871e-03
1.209006118774414062e+01
1.844048649072647095e-01
6.337664276361465454e-02
3.897206159308552742e-03
2.275310009717941284e-01
4.466183483600616455e-03
1.042725611478090286e-02
1.869167238473892212e-01
2.290868014097213745e-02
1.074452921748161316e-01
2.308779396116733551e-02
4.389634705148637295e-04
1.347612473182380199e-03
5.279710050672292709e-03
1.615642011165618896e-02
1.959116943180561066e-02
7.883711814880371094e+00
1.218267902731895447e-02
1.183770084381103516e+01
1.490214373916387558e-02
3.560504177585244179e-03
9.796547889709472656e-02
1.514156162738800049e-02
1.905790120363235474e-01
5.671515595167875290e-03
5.818840861320495605e-01
4.521137475967407227e-01
1.701300498098134995e-04
1.857504248619079590e+00
9.222939843311905861e-04
1.924006640911102295e-02
1.190302744507789612e-01
4.957426339387893677e-02
7.336767856031656265e-03
3.292366117238998413e-02
4.658577218651771545e-02
1.066154520958662033e-02
5.101705715060234070e-02
1.604192331433296204e-02
1.192978397011756897e-02
3.184315282851457596e-04
2.484955824911594391e-03
1.039704424329102039e-03
2.781932926154695451e-05
4.426302015781402588e-02
9.373124837875366211e-01
1.110281562432646751e-03
5.361035466194152832e-03
1.173146348446607590e-02
1.125402865000069141e-03
1.398116946220397949e-01
3.616849717218428850e-04
5.781086683273315430e-01
4.860287308692932129e-01
5.624243617057800293e-02
2.221601083874702454e-03
6.998533010482788086e-02
1.344600558280944824e+00
4.177689924836158752e-02
9.717774810269474983e-04
1.452686265110969543e-02
9.769956581294536591e-03
5.984640717506408691e-01
7.600063830614089966e-02
1.156972534954547882e-02
3.610410541296005249e-02
5.780808255076408386e-02
1.550150513648986816e-01
3.437470197677612305e-01
5.933529883623123169e-02
6.285968422889709473e-02
1.552851591259241104e-02
3.211813420057296753e-02
8.183261007070541382e-02
4.673670977354049683e-03
2.467063022777438164e-03
7.722932845354080200e-02
6.004052120260894299e-04
7.659367561340332031e+00
6.392022967338562012e-01
4.470679163932800293e-01
1.549443259136751294e-04
2.512487173080444336e-01
1.119269337505102158e-02
8.913645870052278042e-04
5.953454971313476562e-02
8.545293658971786499e-02
2.140130281448364258e+00
8.710318058729171753e-02
3.330979961901903152e-03
1.165761612355709076e-03
3.221243619918823242e-02
2.616451680660247803e-02
6.057970598340034485e-02
2.739950656890869141e+00
1.265453994274139404e-01
5.810654759407043457e-01
3.183339536190032959e-02
8.561307564377784729e-03
7.212193608283996582e-01
6.562259793281555176e-01
2.990830230712890625e+01
2.051558904349803925e-02
2.816521525382995605e-01
4.225582815706729889e-03
8.621843904256820679e-02
8.592242375016212463e-03
1.811805926263332367e-02
7.159570604562759399e-02
6.483666598796844482e-02
1.341462880373001099e-02
5.697227641940116882e-02
1.283858157694339752e-02
9.247112087905406952e-03
3.252059593796730042e-02
2.618853235617280006e-03
4.424345679581165314e-03
5.160947144031524658e-02
3.010097425431013107e-04
1.635124087333679199e-01
7.135179638862609863e-01
2.288419157266616821e-01
1.192445531487464905e-01
1.299363672733306885e-01
1.768188476562500000e-01
6.785212755203247070e-01
1.911962608573958278e-04
2.709047123789787292e-02
7.157164067029953003e-02
7.146145071601495147e-05
1.102942787110805511e-02
4.612888768315315247e-02
1.424363255500793457e+00
2.359207347035408020e-02
8.357607759535312653e-03
1.285589393228292465e-02
1.072320640087127686e-01
5.945157259702682495e-02
2.451883442699909210e-02
2.237041294574737549e-01
2.291587926447391510e-02
1.835425019264221191e+00
1.030972227454185486e-02
6.757422816008329391e-03
6.629505753517150879e-02
2.951292693614959717e-01
2.138302661478519440e-02
1.518651247024536133e-01
2.145662158727645874e-02
3.828106855507940054e-04
1.000687554478645325e-01
4.431899487972259521e-01
1.557752955704927444e-02
1.516160666942596436e-01
7.337301224470138550e-02
2.624283544719219208e-03
1.932490058243274689e-02
2.971465932205319405e-03
2.966482751071453094e-02
1.195459533482789993e-02
2.124854363501071930e-02
1.180231757462024689e-02
1.327451900579035282e-03
2.094732969999313354e-01
1.578184318542480469e+01
1.269927434623241425e-02
4.294070880860090256e-03
1.062299776822328568e-02
3.144557029008865356e-02
2.127390325767919421e-04
6.033546924591064453e-01
1.776597090065479279e-02
1.914503812789916992e+00
4.332900792360305786e-02
1.934304460883140564e-02
4.432373971212655306e-04
7.138382792472839355e-01
2.064135223627090454e-01
2.635088749229907990e-02
1.480925478972494602e-03
2.356227487325668335e-02
1.386907970299944282e-04
2.212063223123550415e-02
6.112984847277402878e-04
4.470126628875732422e+00
3.221499621868133545e-01
7.070377934724092484e-03
1.953338831663131714e-02
1.038390025496482849e-02
3.355028852820396423e-02
2.251590369269251823e-03
3.039395511150360107e-01
1.365572679787874222e-02
2.059307545423507690e-01
4.279884509742259979e-03
4.579834640026092529e-02
4.637448291759938002e-04
2.528442256152629852e-02
6.048216298222541809e-02
1.299723982810974121e-01
2.508372766897082329e-03
1.037166826426982880e-02
6.764831487089395523e-03
3.840651363134384155e-02
8.480229228734970093e-02
3.301277011632919312e-02
1.728741228580474854e-01
3.090836480259895325e-02
1.344978094100952148e+00
3.940654278267174959e-05
3.390131518244743347e-02
1.248239912092685699e-02
2.140614390373229980e-01
3.895801782608032227e+00
1.460644882172346115e-02
1.947372406721115112e-02
2.269597351551055908e-01
2.249339129775762558e-03
5.456321523524820805e-04
8.860201835632324219e-01
2.076558768749237061e-02
2.619943581521511078e-03
1.898125186562538147e-02
1.184951141476631165e-02
2.107611417770385742e+00
1.034323032945394516e-02
1.070102211087942123e-02
1.850412726402282715e+00
4.446838423609733582e-02
5.607825517654418945e-01
3.473581746220588684e-03
1.532850670628249645e-03
2.020207606256008148e-02
5.910877604037523270e-03
9.701740927994251251e-03
2.072173357009887695e-01
2.109880685806274414e+00
1.330006271600723267e-01
8.088127709925174713e-03
3.438985440880060196e-03
1.558316871523857117e-02
1.488105335738509893e-04
3.395147388800978661e-03
5.421966075897216797e+00
1.246330857276916504e+00
3.696777857840061188e-04
5.607995018362998962e-02
9.547414258122444153e-03
7.965527474880218506e-04
6.561768054962158203e-02
1.295488979667425156e-02
8.830153965391218662e-04
1.460349652916193008e-02
2.052026614546775818e-02
4.828321188688278198e-02
2.138911485671997070e+00
4.158366844058036804e-02
3.840013444423675537e-01
9.941093921661376953e-01
7.650482654571533203e-02
7.947582006454467773e-01
1.829278707504272461e+00
4.396916832774877548e-03
5.160931125283241272e-02
2.554707415401935577e-02
5.277920514345169067e-03
9.271289408206939697e-02
5.712338685989379883e-01
2.423289790749549866e-02
4.585692193359136581e-03
1.708498746156692505e-01
2.156376373022794724e-03
3.041374683380126953e-02
7.852619164623320103e-04
9.065220355987548828e-01
2.654387149959802628e-03
2.751639578491449356e-03
4.327358007431030273e-01
1.630208455026149750e-03
9.163419716060161591e-03
3.640526160597801208e-02
8.671267889440059662e-03
2.020299434661865234e-01
8.469150401651859283e-03
3.959069028496742249e-03
6.914883852005004883e-03
1.976527506485581398e-03
4.914017859846353531e-03
2.774485945701599121e-01
3.280995879322290421e-03
8.691858500242233276e-03
4.371147602796554565e-03
1.314966008067131042e-02
3.466446883976459503e-03
4.786352626979351044e-03
3.621584549546241760e-02
3.630165159702301025e-01
1.063818926922976971e-03
5.364523385651409626e-04
5.053739994764328003e-03
1.568623065948486328e+00
9.277183562517166138e-04
1.293830759823322296e-02
1.338436007499694824e-01
1.303453743457794189e-02
4.218659549951553345e-02
3.198004513978958130e-02
7.489373534917831421e-02
3.166345357894897461e-01
6.542928895214572549e-05
1.516865380108356476e-02
4.201565403491258621e-03
9.369864710606634617e-04
1.717694848775863647e-02
2.313568815588951111e-02
4.428563266992568970e-02
4.707013443112373352e-02
1.711810007691383362e-02
1.144320238381624222e-03
1.515348628163337708e-02
5.544099025428295135e-03
6.510405987501144409e-02
3.164616227149963379e-02
4.359121993184089661e-02
1.796025084331631660e-03
8.730008453130722046e-02
2.781292423605918884e-04
1.929797977209091187e-01
1.223331466317176819e-01
3.429832682013511658e-02
1.232583727687597275e-02
4.883238673210144043e-01
6.960137397982180119e-04
8.250157348811626434e-03
4.894188139587640762e-03
1.432893518358469009e-02
1.529985293745994568e-02
8.980920910835266113e-02
1.205299282446503639e-03
3.815008401870727539e+00
9.435301274061203003e-02
2.523348107933998108e-02
3.289180517196655273e+00
9.441328048706054688e+00
1.119235716760158539e-02
5.700613255612552166e-04
4.977033240720629692e-04
2.653678692877292633e-02
4.451230634003877640e-03
1.445081736892461777e-02
6.520845413208007812e+00
2.686976513359695673e-04
4.384284496307373047e+00
8.456731587648391724e-02
3.382681310176849365e-02
2.664576750248670578e-04
1.486956956796348095e-03
4.722369670867919922e+00
1.631704254150390625e+02
1.875766601562500000e+02
9.532235264778137207e-01
5.486319732666015625e+01
5.678878307342529297e+00
9.240990600585937500e+02
1.111040687561035156e+01
9.639366149902343750e+01
5.819527149200439453e+00
2.281236419677734375e+02
2.492158317565917969e+01
1.333826293945312500e+02
9.645038843154907227e-01
3.471394729614257812e+01
9.617012023925781250e+01
2.457535552978515625e+02
2.034146728515625000e+02
2.084969329833984375e+02
9.283087730407714844e+00
1.157761306762695312e+02
4.490965843200683594e+00
1.307077789306640625e+01
1.177919540405273438e+02
3.867334604263305664e+00
8.671422004699707031e-01
6.718999633789062500e+02
2.598706359863281250e+02
2.697672363281250000e+03
4.313345642089843750e+02
1.543018627166748047e+01
9.394363403320312500e+00
2.914357185363769531e+01
4.043995056152343750e+02
3.638194274902343750e+01
3.516334533691406250e+01
1.352452158927917480e+00
9.000467509031295776e-02
5.865394115447998047e+00
1.279398345947265625e+02
1.031640136718750000e+03
1.497710132598876953e+01
1.337704539299011230e+00
4.262776489257812500e+02
4.302967071533203125e+01
1.009349899291992188e+02
1.298403778076171875e+02
2.774812507629394531e+01
1.304138541221618652e+00
1.712714965820312500e+03
6.707938842773437500e+02
7.452561950683593750e+01
1.868996238708496094e+01
1.148160648345947266e+01
5.873193264007568359e+00
1.233622837066650391e+01
6.327523708343505859e+00
5.856733322143554688e-01
1.208884716033935547e+01
2.820884033203125000e+03
1.237580444335937500e+03
6.599447021484375000e+02
2.034698486328125000e+01
8.214503479003906250e+01
2.843983888626098633e+00
1.846262054443359375e+02
6.673908996582031250e+01
6.787440917968750000e+03
1.638513946533203125e+02
9.488867187500000000e+01
9.615433961153030396e-02
8.151903076171875000e+02
4.311203479766845703e+00
3.792156677246093750e+02
1.196613407135009766e+01
2.090222167968750000e+01
3.575299739837646484e+00
9.967511177062988281e+00
3.352432861328125000e+02
2.722662544250488281e+01
4.709447479248046875e+01
7.554002761840820312e+00
1.778162193298339844e+01
3.646785736083984375e+01
5.852558135986328125e+00
2.772866821289062500e+01
2.122588902711868286e-01
2.199199867248535156e+01
3.334455108642578125e+01
2.527253627777099609e+00
3.664643859863281250e+01
7.171167755126953125e+01
2.535373687744140625e+01
2.713356399536132812e+01
9.759551239013671875e+01
1.445446533203125000e+03
2.689741849899291992e+00
3.846579284667968750e+02
7.053555846214294434e-01
1.259296508789062500e+03
3.622349500656127930e+00
1.819366073608398438e+01
5.013888835906982422e+00
1.416853179931640625e+02
6.367256546020507812e+01
3.097592773437500000e+02
2.453488111495971680e+00
5.974628417968750000e+03
7.093416137695312500e+02
1.336496829986572266e+00
1.193304896354675293e+00
2.759671142578125000e+03
2.493284606933593750e+02
2.592599630355834961e+00
4.773353576660156250e+01
1.455316925048828125e+02
1.911137237548828125e+02
2.453784370422363281e+01
1.258443450927734375e+02
8.458937644958496094e+00
4.102483520507812500e+02
6.877233886718750000e+03
1.102834594726562500e+03
2.687450866699218750e+02
7.512137413024902344e+00
1.408394897460937500e+03
6.898361968994140625e+01
2.166193246841430664e+00
7.148559570312500000e+02
1.806965026855468750e+02
1.076267822265625000e+03
1.153126144409179688e+02
7.247871756553649902e-01
1.019253234863281250e+02
3.037097215652465820e+00
2.238604068756103516e+00
7.329975366592407227e-01
8.298419799804687500e+02
7.349188232421875000e+02
4.292026672363281250e+02
7.740718841552734375e+01
4.145310878753662109e+00
9.289260864257812500e+02
3.808150863647460938e+01
1.391165161132812500e+03
5.407350158691406250e+01
1.329668701171875000e+03
9.915784001350402832e-01
3.638717651367187500e+02
3.215882812500000000e+03
7.937781810760498047e-01
1.092983032226562500e+03
3.326416015625000000e+01
5.174729228019714355e-01
1.159992675781250000e+02
9.087970733642578125e+01
2.326872348785400391e+00
1.120651245117187500e+00
9.692686080932617188e+00
4.746132850646972656e+00
1.548140014648437500e+03
1.574008026123046875e+02
1.058922653198242188e+02
9.347718048095703125e+01
3.191166687011718750e+02
1.849345855712890625e+02
1.844972686767578125e+02
2.716949768066406250e+02
8.518596679687500000e+03
3.083886718750000000e+01
1.658111572265625000e+01
2.647391357421875000e+03
7.678850173950195312e+00
4.276700019836425781e+00
5.219066162109375000e+02
1.633605384826660156e+01
1.552345371246337891e+01
1.013329391479492188e+02
6.188990592956542969e+00
1.881082534790039062e+01
2.545412826538085938e+01
6.573348236083984375e+01
4.839913024902343750e+02
9.952833175659179688e+00
2.748887500000000000e+04
5.266870498657226562e+00
1.201120495796203613e+00
5.442116928100585938e+01
1.923825317382812500e+03
7.270848083496093750e+01
1.834548187255859375e+01
5.874945068359375000e+02
1.694032859802246094e+01
1.030789031982421875e+02
3.762886352539062500e+02
2.995958805084228516e+00
1.679577636718750000e+02
2.242127656936645508e+00
2.689681625366210938e+01
5.368165493011474609e+00
8.327113342285156250e+01
2.678615570068359375e+01
6.817946434020996094e+00
3.931905746459960938e+01
6.574247741699218750e+01
2.073353767395019531e+00
2.211782989501953125e+02
6.521332397460937500e+02
1.675178146362304688e+01
1.267496795654296875e+02
2.162484741210937500e+01
1.128828430175781250e+01
1.214727878570556641e+00
7.124813476562500000e+03
1.335435009002685547e+01
9.955938720703125000e+02
3.353579998016357422e+00
2.589415893554687500e+02
1.680097341537475586e+00
3.338673706054687500e+02
3.970490478515625000e+03
5.425292849540710449e-01
3.238659381866455078e+00
3.080471191406250000e+03
4.251701831817626953e+00
1.033689086914062500e+03
3.921809196472167969e+00
4.617033004760742188e+01
1.448947906494140625e+01
1.524950313568115234e+01
4.233577847480773926e-02
2.014015007019042969e+01
6.476733207702636719e+00
1.119049682617187500e+03
1.387052459716796875e+02
1.191264057159423828e+01
9.366743087768554688e+00
3.514145660400390625e+01
2.097512817382812500e+01
2.739632844924926758e+00
1.304529663085937500e+03
1.833828430175781250e+02
8.788952827453613281e+00
2.537302017211914062e+01
2.070451202392578125e+02
2.362584228515625000e+02
2.660079345703125000e+02
8.974147439002990723e-01
1.671259570312500000e+04
2.128787040710449219e+01
8.861702728271484375e+01
2.124992370605468750e+01
7.612040042877197266e-01
1.890720947265625000e+03
2.241118164062500000e+02
1.166568756103515625e+00
1.480725952148437500e+03
6.493009185791015625e+01
1.708268165588378906e+01
7.366896484375000000e+03
6.132733917236328125e+01
1.209227828979492188e+02
6.036632537841796875e+01
1.075036254882812500e+03
4.042549133300781250e+02
5.514578247070312500e+02
9.442697143554687500e+01
6.474564941406250000e+03
1.331504225730895996e+00
4.190381240844726562e+01
8.541483764648437500e+02
1.092471790313720703e+01
6.950729980468750000e+02
1.690673470497131348e+00
2.922606945037841797e+00
1.102942428588867188e+02
6.426622390747070312e+00
1.904910850524902344e+01
2.907171630859375000e+02
1.601642727851867676e+00
2.758191108703613281e+01
1.602729415893554688e+01
6.568359851837158203e+00
7.503058624267578125e+01
1.305816888809204102e+00
1.506554007530212402e+00
2.256829833984375000e+02
8.327471313476562500e+02
7.979470729827880859e+00
1.615088500976562500e+02
1.847910690307617188e+01
1.018869495391845703e+01
3.370878417968750000e+03
3.230260610580444336e+00
6.259464111328125000e+02
7.227608489990234375e+01
3.317649078369140625e+01
1.681992431640625000e+03
7.433595275878906250e+01
2.997230529785156250e+02
1.051779785156250000e+03
2.265723266601562500e+02
6.105195999145507812e+01
4.386733398437500000e+02
6.025244522094726562e+01
3.347391128540039062e+00
6.447741699218750000e+01
3.524593734741210938e+01
4.726347923278808594e+00
1.288020019531250000e+03
5.915226440429687500e+02
1.720007202148437500e+03
2.051862945556640625e+02
2.558758735656738281e+01
3.008991718292236328e+00
7.501431107521057129e-01
5.688178253173828125e+01
2.795612335205078125e+01
1.143835163116455078e+01
1.077864170074462891e+00
2.620260047912597656e+01
5.103218555450439453e-01
1.046963119506835938e+02
3.889389801025390625e+01
1.829485778808593750e+02
1.296089630126953125e+02
5.738373184204101562e+01
9.296253204345703125e+01
2.475050354003906250e+01
1.212202072143554688e+01
2.460010796785354614e-01
1.227847070312500000e+04
2.389075439453125000e+03
3.317926025390625000e+02
2.591075744628906250e+02
2.467333984375000000e+02
2.021906982421875000e+03
3.056616020202636719e+01
8.267056274414062500e+01
2.102741622924804688e+01
3.848302125930786133e+00
8.132338714599609375e+01
1.690341430664062500e+03
1.100540466308593750e+02
9.723266601562500000e+00
1.997337722778320312e+01
2.660610961914062500e+02
4.089553833007812500e+02
1.320600128173828125e+02
1.273962306976318359e+01
1.709328269958496094e+01
2.204036712646484375e-01
1.665327697992324829e-01
5.587308120727539062e+01
5.307081985473632812e+01
7.481886863708496094e+00
4.104870605468750000e+01
3.771539306640625000e+02
9.784951782226562500e+01
2.601380615234375000e+02
2.027448463439941406e+01
2.169110059738159180e+00
2.524012565612792969e+01
1.010573654174804688e+02
1.419336914062500000e+03
4.132030010223388672e+00
1.875393676757812500e+02
1.655388236045837402e+00
6.176113605499267578e+00
3.654676675796508789e-01
6.054592132568359375e+00
7.405504394531250000e+03
3.005838281250000000e+04
1.066630554199218750e+01
1.535867462158203125e+02
8.018515014648437500e+01
4.730341911315917969e+00
2.379004516601562500e+02
8.010952148437500000e+02
1.023688507080078125e+01
1.074110603332519531e+01
2.224718809127807617e+00
1.088074645996093750e+02
4.675146102905273438e+01
6.957258605957031250e+01
2.899532470703125000e+02
6.451724853515625000e+02
5.075925827026367188e+00
5.353849887847900391e+00
4.724252700805664062e+00
3.237889099121093750e+02
2.267213058471679688e+01
4.799930191040039062e+01
4.546033630371093750e+02
1.899866676330566406e+01
1.491184204101562500e+03
1.537400390625000000e+03
3.505782165527343750e+02
1.810834527015686035e+00
1.776064872741699219e+01
