1.078727394342422485e-01
2.939986586570739746e-01
1.454686094075441360e-02
5.409757141023874283e-03
4.249450564384460449e-02
4.748215675354003906e+00
3.001634031534194946e-02
8.522540330886840820e-03
2.611768618226051331e-02
6.154871582984924316e-01
4.936105385422706604e-02
5.472686886787414551e-02
1.189047619700431824e-01
3.855014219880104065e-02
4.553029313683509827e-03
3.635101020336151123e-02
3.007388906553387642e-03
2.405445463955402374e-02
6.875568628311157227e-02
2.243275521323084831e-03
3.819488361477851868e-02
5.865389481186866760e-02
1.911716461181640625e-01
2.991087548434734344e-02
2.955034732818603516e+00
1.559876557439565659e-02
8.487629890441894531e-02
1.477054655551910400e-01
1.333479136228561401e-01
1.171250343322753906e+00
2.094892784953117371e-03
6.175311864353716373e-04
3.058455511927604675e-02
7.932281494140625000e-02
4.351034387946128845e-02
5.390867963433265686e-02
1.075494475662708282e-02
7.231013150885701180e-04
1.624150387942790985e-02
1.370606943964958191e-02
2.597526311874389648e-01
1.637965142726898193e-01
1.495175436139106750e-02
6.300370693206787109e+00
2.489091455936431885e-01
1.884156167507171631e-01
2.162256091833114624e-02
9.279967546463012695e-01
2.737831790000200272e-03
1.097913831472396851e-01
1.713104248046875000e-01
1.241213381290435791e-01
1.419547647237777710e-01
5.149094387888908386e-02
2.424362348392605782e-03
4.383058752864599228e-03
6.632564589381217957e-03
4.056233912706375122e-02
4.858644306659698486e-02
1.602717971801757812e+01
1.689280010759830475e-02
1.128538322448730469e+01
2.270396240055561066e-02
1.671832427382469177e-02
1.640277951955795288e-01
1.164656504988670349e-01
5.946087241172790527e-01
5.653818696737289429e-02
1.285350680351257324e+00
9.476947188377380371e-01
3.190172719769179821e-04
1.504571676254272461e+00
5.724617280066013336e-03
3.648717403411865234e-01
1.650522202253341675e-01
2.147212624549865723e-02
1.284776814281940460e-02
6.799431890249252319e-02
3.302219510078430176e-02
1.993156597018241882e-02
2.991338968276977539e-01
3.319983929395675659e-02
6.806945055723190308e-02
4.671803908422589302e-04
4.868347197771072388e-03
4.779656417667865753e-03
1.289034844376146793e-04
3.748755529522895813e-02
1.583274126052856445e+00
1.115125836804509163e-03
2.519422024488449097e-02
2.354663424193859100e-02
7.595513481646776199e-03
5.986632406711578369e-02
6.199928000569343567e-03
1.369280934333801270e+00
3.186157047748565674e-01
4.231013059616088867e-01
2.524328883737325668e-03
1.197531148791313171e-01
4.744777202606201172e+00
9.149809926748275757e-02
3.961102571338415146e-03
3.319343551993370056e-02
2.981892228126525879e-02
5.019629597663879395e-01
6.162631139159202576e-02
3.828456625342369080e-02
1.190272942185401917e-01
3.684870302677154541e-01
5.565042048692703247e-02
2.862651646137237549e-01
1.143630072474479675e-01
3.436859846115112305e-01
2.147437445819377899e-02
8.491809666156768799e-02
7.081748545169830322e-02
3.653727844357490540e-02
7.767857518047094345e-03
5.546473711729049683e-02
5.397973582148551941e-03
4.925005340576171875e+01
6.807348728179931641e-01
1.101652145385742188e+00
5.128507036715745926e-04
2.578866779804229736e-01
2.201508358120918274e-02
8.016189676709473133e-04
2.616584300994873047e-01
6.547246128320693970e-02
9.465324878692626953e-01
4.178697243332862854e-02
8.226375095546245575e-03
3.067650599405169487e-03
6.628760695457458496e-02
1.464868243783712387e-02
5.340427905321121216e-02
2.704269886016845703e+00
3.891282975673675537e-01
1.330866694450378418e+00
2.068604715168476105e-02
1.317721512168645859e-02
1.752318978309631348e+00
1.021356582641601562e+00
1.778246116638183594e+01
1.065345257520675659e-01
4.879566729068756104e-01
6.476496905088424683e-02
1.834362745285034180e-01
3.924401849508285522e-02
2.420978248119354248e-02
3.066619336605072021e-01
2.985392510890960693e-01
6.914202868938446045e-02
2.643944025039672852e-01
3.689349442720413208e-02
3.493304178118705750e-02
5.565982684493064880e-02
2.046524547040462494e-03
6.202305201441049576e-03
1.698728650808334351e-01
2.422017976641654968e-03
1.117777824401855469e-01
2.330816090106964111e-01
7.766219377517700195e-01
2.958453297615051270e-01
2.883020639419555664e-01
3.297867476940155029e-01
2.485562324523925781e+00
2.774185035377740860e-03
8.389484137296676636e-02
3.505784869194030762e-01
7.772047538310289383e-04
1.384840998798608780e-02
7.790997624397277832e-02
1.860128402709960938e+00
3.757907450199127197e-02
4.601347818970680237e-02
3.037627413868904114e-02
4.379484057426452637e-01
8.726917952299118042e-02
6.185004487633705139e-02
2.627531588077545166e-01
9.915741533041000366e-02
1.123626470565795898e+00
4.387126117944717407e-02
1.379304472357034683e-02
4.149504005908966064e-02
6.485401391983032227e-01
4.685357958078384399e-02
4.389329850673675537e-01
4.916458204388618469e-02
4.014268924947828054e-04
1.233076155185699463e-01
2.144554853439331055e-01
8.721017092466354370e-02
5.561504364013671875e-01
4.787806794047355652e-02
1.268370915204286575e-02
1.420588791370391846e-01
5.362014751881361008e-03
1.099243611097335815e-01
2.600659243762493134e-02
7.578602433204650879e-02
1.395844854414463043e-02
1.615976542234420776e-02
1.752293556928634644e-01
1.646194076538085938e+01
6.363400723785161972e-03
4.066194407641887665e-03
5.984618328511714935e-03
6.150821968913078308e-02
3.041063609998673201e-04
2.109543323516845703e+00
5.362230911850929260e-02
3.130806922912597656e+00
6.888111233711242676e-01
3.880827873945236206e-02
1.034714630804955959e-03
6.919028759002685547e-01
1.191132307052612305e+00
6.117134355008602142e-03
1.116580516099929810e-02
4.808448255062103271e-02
1.324511686107143760e-04
2.258145809173583984e-01
2.828658092767000198e-03
4.839265823364257812e+00
1.954331099987030029e-01
1.297790836542844772e-02
2.445729263126850128e-02
1.999597437679767609e-02
2.478273585438728333e-02
5.572955124080181122e-03
1.006182581186294556e-01
7.748217880725860596e-02
7.512366026639938354e-02
7.055044639855623245e-03
5.379175543785095215e-01
1.230301335453987122e-03
2.823036909103393555e-01
4.766355827450752258e-02
2.618560492992401123e-01
7.011041976511478424e-03
1.874243281781673431e-02
1.929040811955928802e-02
6.983043998479843140e-02
8.964407444000244141e-02
7.095697522163391113e-02
8.620429784059524536e-02
6.560879200696945190e-02
1.038758754730224609e+00
2.808615972753614187e-04
1.721467822790145874e-01
4.721299931406974792e-02
2.636726200580596924e-01
4.423954963684082031e+00
1.083839312195777893e-01
1.691271550953388214e-02
1.390760838985443115e-01
1.294309552758932114e-02
2.807994838804006577e-03
2.052924156188964844e+00
8.024322986602783203e-02
1.083774119615554810e-02
1.598199754953384399e-01
9.326457045972347260e-03
2.228076696395874023e+00
4.165019840002059937e-03
1.565510593354701996e-02
5.395860195159912109e+00
1.020589843392372131e-01
6.500547528266906738e-01
4.574067424982786179e-03
2.571820048615336418e-03
3.292751312255859375e-02
2.689104899764060974e-02
2.321554347872734070e-02
5.367554426193237305e-01
7.999286651611328125e-01
4.210343062877655029e-01
3.898230195045471191e-02
3.085338138043880463e-02
2.772709913551807404e-02
4.626312293112277985e-04
2.270516380667686462e-02
6.827770709991455078e+00
2.263788461685180664e+00
3.646456636488437653e-03
1.144700199365615845e-01
2.927176840603351593e-02
6.214866414666175842e-03
3.626926839351654053e-01
6.475672125816345215e-02
2.295875456184148788e-03
1.536309625953435898e-02
4.707277193665504456e-02
1.120091006159782410e-01
2.613679170608520508e+00
1.515933424234390259e-01
2.896980524063110352e+00
4.481952190399169922e-01
2.345148921012878418e-01
1.693080067634582520e+00
1.974597811698913574e+00
4.270194470882415771e-02
2.204851806163787842e-02
2.044012397527694702e-01
2.252047881484031677e-02
2.224630117416381836e-01
1.355887770652770996e+00
1.966331154108047485e-01
4.626978933811187744e-02
5.451127886772155762e-01
1.321802567690610886e-02
6.565070152282714844e-02
2.661018865182995796e-03
1.258757352828979492e+00
4.059344064444303513e-03
1.492952648550271988e-02
2.151768505573272705e-01
1.335157896392047405e-03
3.293375670909881592e-02
2.180679440498352051e-01
1.417699083685874939e-02
2.019266128540039062e+00
9.009686298668384552e-03
6.933733355253934860e-03
3.628069907426834106e-02
9.449821896851062775e-03
2.857701852917671204e-03
7.519515156745910645e-01
2.161923609673976898e-02
5.517220869660377502e-02
1.901607587933540344e-02
2.438071556389331818e-02
2.599354274570941925e-02
2.061269618570804596e-02
4.554735869169235229e-02
2.236362993717193604e-01
1.420659758150577545e-02
6.797580281272530556e-04
1.174232084304094315e-02
1.995215535163879395e+00
1.438973704352974892e-03
2.079884521663188934e-02
3.608213365077972412e-01
3.158465027809143066e-01
4.779702052474021912e-02
8.185509592294692993e-02
1.958828717470169067e-01
1.381298303604125977e-01
2.130078210029751062e-04
2.782111614942550659e-02
2.469615451991558075e-02
7.332595065236091614e-03
5.525861680507659912e-02
5.144588276743888855e-02
9.557051956653594971e-02
1.777257025241851807e-01
5.554994940757751465e-02
2.220494439825415611e-03
9.045512229204177856e-02
2.652201801538467407e-02
4.093128740787506104e-01
2.077145501971244812e-02
1.891370117664337158e-01
2.388588618487119675e-03
3.615143597126007080e-01
1.152386073954403400e-03
9.999778121709823608e-02
1.349972933530807495e-01
1.291844248771667480e+00
5.978370830416679382e-02
9.799413681030273438e-01
8.407154120504856110e-03
1.420194376260042191e-02
1.605401374399662018e-02
1.355033647269010544e-02
5.539602786302566528e-02
6.799621880054473877e-02
6.114261690527200699e-03
1.735743999481201172e+00
2.325014173984527588e-01
4.985584318637847900e-02
7.891551971435546875e+00
2.268608665466308594e+01
1.509224902838468552e-02
5.153622478246688843e-03
5.580664146691560745e-04
1.065438687801361084e-01
2.332952804863452911e-02
6.461586803197860718e-02
9.336095809936523438e+00
4.984947154298424721e-04
6.930222988128662109e+00
3.870251178741455078e-01
2.709815837442874908e-02
2.985764294862747192e-03
9.517559781670570374e-03
2.360779571533203125e+01
7.994867706298828125e+01
7.899663543701171875e+01
8.472042679786682129e-01
2.611717224121093750e+01
1.834509134292602539e+00
4.467014770507812500e+02
1.605589485168457031e+01
1.610415191650390625e+02
2.550848197937011719e+01
1.254398345947265625e+02
3.101150703430175781e+01
2.566573905944824219e+01
9.618795514106750488e-01
1.176314449310302734e+01
8.962198638916015625e+01
3.791239929199218750e+01
2.495952758789062500e+02
5.940127944946289062e+01
8.193922996520996094e+00
2.373138809204101562e+01
7.554764270782470703e+00
1.153755855560302734e+01
3.723081207275390625e+01
8.193678855895996094e+00
1.573518991470336914e+00
1.018301544189453125e+02
6.311750488281250000e+02
6.483901367187500000e+02
1.987988586425781250e+02
4.670061111450195312e+00
4.011715412139892578e+00
6.367398262023925781e+00
3.881587219238281250e+02
7.022531509399414062e+00
1.133459472656250000e+01
8.077023625373840332e-01
1.236663907766342163e-01
2.856384992599487305e+00
1.512304077148437500e+02
1.656620849609375000e+03
2.838781166076660156e+01
9.001874327659606934e-01
4.059125976562500000e+02
2.078919029235839844e+01
2.151142120361328125e+02
1.783243713378906250e+02
1.345730209350585938e+01
1.376005411148071289e+00
4.913657836914062500e+02
1.254315185546875000e+02
2.741414833068847656e+01
1.818443298339843750e+01
4.991870880126953125e+01
4.614571571350097656e+00
6.152533054351806641e+00
5.321272850036621094e+00
9.311850070953369141e-01
1.328135490417480469e+01
7.780518188476562500e+02
1.336426239013671875e+02
6.334692382812500000e+02
4.825259685516357422e+00
3.414838409423828125e+01
6.981205940246582031e+00
2.259117126464843750e+01
6.346943664550781250e+01
1.603660278320312500e+03
1.127250610351562500e+03
2.523482513427734375e+01
1.186671480536460876e-01
6.673661041259765625e+01
1.835689544677734375e+00
1.485848083496093750e+02
1.328981208801269531e+01
1.102391815185546875e+01
6.149758100509643555e-01
7.509019851684570312e+00
1.421485290527343750e+02
3.915441131591796875e+01
3.064435195922851562e+01
4.869837760925292969e+00
1.536976623535156250e+01
2.190590476989746094e+01
1.725590324401855469e+01
1.450242900848388672e+01
1.779005825519561768e-01
2.127377510070800781e+01
2.375549888610839844e+01
4.127908229827880859e+00
1.054295921325683594e+01
7.305802917480468750e+01
7.665979766845703125e+01
2.246012115478515625e+01
1.300668029785156250e+02
6.922389984130859375e+01
5.610490322113037109e+00
1.885412841796875000e+03
1.829368829727172852e+00
9.691053009033203125e+01
2.275912761688232422e+00
1.841268730163574219e+01
1.696877121925354004e+00
1.315158691406250000e+02
3.388892364501953125e+01
5.294207763671875000e+01
3.586503267288208008e+00
1.036550903320312500e+03
3.894748840332031250e+02
2.628133773803710938e+00
2.508111000061035156e-01
2.919670715332031250e+02
1.325788421630859375e+02
3.920396566390991211e+00
5.051698684692382812e+01
1.201669235229492188e+02
3.287653732299804688e+01
1.616566658020019531e+01
8.495166015625000000e+01
2.290797805786132812e+01
1.156800003051757812e+02
8.816028320312500000e+03
2.558239135742187500e+02
1.028209762573242188e+02
2.378837585449218750e+00
2.404030761718750000e+02
1.863721466064453125e+01
2.646572113037109375e+00
9.887423706054687500e+02
1.253720169067382812e+02
1.362131347656250000e+02
1.392839431762695312e+01
3.627758026123046875e-01
1.154915904998779297e+01
2.098932504653930664e+00
2.991797924041748047e+00
5.744063854217529297e+00
3.061076965332031250e+02
2.229607543945312500e+02
3.682217102050781250e+02
4.023493957519531250e+01
2.104362487792968750e+00
5.667623291015625000e+02
2.447815513610839844e+01
3.678694763183593750e+02
3.937153244018554688e+01
4.527936706542968750e+02
1.699136257171630859e+00
3.384890365600585938e+01
7.688893432617187500e+02
8.417314291000366211e-01
4.129712219238281250e+02
1.031863555908203125e+02
7.971401214599609375e-01
1.475661468505859375e+02
1.966566848754882812e+01
1.888478040695190430e+00
1.508146047592163086e+00
3.128092527389526367e+00
1.313760757446289062e+00
8.587488403320312500e+02
1.574830932617187500e+02
2.085746917724609375e+02
2.455221557617187500e+01
1.400361633300781250e+02
2.335966300964355469e+01
5.662328720092773438e+01
1.565731048583984375e+02
4.753845214843750000e+02
5.439385414123535156e+00
1.474172210693359375e+01
7.993068237304687500e+02
2.549026250839233398e+00
6.557589054107666016e+00
1.808516540527343750e+02
2.818878364562988281e+01
1.018772888183593750e+01
7.422388458251953125e+01
4.138879299163818359e+00
1.808955955505371094e+01
4.976832389831542969e+00
3.764787673950195312e+01
2.981186828613281250e+02
2.065375804901123047e+00
8.821511718750000000e+03
7.820875644683837891e+00
1.438356995582580566e+00
1.727327728271484375e+01
1.716043701171875000e+02
4.519727706909179688e+01
1.826596140861511230e+00
1.176668777465820312e+02
7.453817844390869141e+00
7.626424407958984375e+01
8.135709381103515625e+01
1.780634164810180664e+00
6.945855712890625000e+01
1.345478653907775879e+00
3.245332956314086914e+00
3.251305580139160156e+00
1.623244285583496094e+01
5.235379695892333984e+00
8.457413673400878906e+00
3.848905563354492188e+01
8.156860351562500000e+01
9.454459547996520996e-01
2.447157859802246094e+01
3.642802429199218750e+02
9.191864013671875000e+00
2.490747070312500000e+01
1.281404209136962891e+01
3.608169555664062500e+00
1.650393962860107422e+00
3.067279541015625000e+03
2.103109741210937500e+01
1.979580993652343750e+02
1.231500816345214844e+01
4.060090026855468750e+02
2.018564939498901367e+00
1.494683837890625000e+02
3.180742431640625000e+03
2.417629659175872803e-01
2.241834163665771484e+00
4.775148620605468750e+02
4.070927619934082031e+00
7.367819824218750000e+02
4.104308605194091797e+00
2.469907188415527344e+01
4.924646377563476562e+00
1.399813842773437500e+01
1.946723610162734985e-01
1.079764747619628906e+01
2.146992921829223633e+00
1.908525390625000000e+02
2.117723464965820312e+01
4.193774414062500000e+01
2.761394023895263672e+00
2.112350463867187500e+01
2.034785461425781250e+01
1.503443479537963867e+00
5.199418334960937500e+02
6.139202880859375000e+01
1.249617481231689453e+01
1.354009723663330078e+01
1.049888763427734375e+02
7.989836883544921875e+01
2.165874786376953125e+02
5.050431489944458008e-01
1.947479492187500000e+03
8.901498794555664062e+00
5.128154754638671875e+01
4.158700561523437500e+01
2.081618547439575195e+00
2.078207855224609375e+02
8.123614501953125000e+01
1.642364025115966797e+00
1.654653472900390625e+02
3.726777648925781250e+01
4.065744400024414062e+00
1.103650024414062500e+03
4.712116241455078125e+01
8.474034881591796875e+01
5.955389022827148438e+01
4.781350708007812500e+02
1.070852737426757812e+02
8.916214752197265625e+01
2.597216033935546875e+01
3.722792968750000000e+02
3.072303235530853271e-01
1.083488464355468750e+01
1.351972045898437500e+03
3.620497131347656250e+01
3.222705993652343750e+02
1.009901404380798340e+00
4.188551306724548340e-01
4.548404312133789062e+01
1.041662502288818359e+01
8.847333908081054688e+00
6.275856781005859375e+01
1.236389994621276855e+00
1.319356632232666016e+01
4.091998100280761719e+00
7.326873779296875000e+00
3.747924804687500000e+01
1.610579252243041992e+00
2.764918088912963867e+00
5.753352050781250000e+02
9.866766967773437500e+02
3.930866479873657227e+00
1.350441741943359375e+02
3.090056419372558594e+01
9.153430938720703125e+00
3.760622802734375000e+03
6.068822383880615234e+00
8.818045806884765625e+01
1.633594894409179688e+01
2.709444618225097656e+01
6.826640625000000000e+02
1.924164581298828125e+01
1.391351470947265625e+02
2.677167663574218750e+02
8.390287017822265625e+01
3.687311553955078125e+01
6.601643676757812500e+02
2.857522964477539062e+01
8.110839843750000000e+00
1.309049682617187500e+02
2.032099533081054688e+01
1.194260597229003906e+01
8.565641479492187500e+02
4.626198425292968750e+02
4.296537780761718750e+02
9.353073120117187500e+02
5.906288146972656250e+00
6.056478500366210938e+00
1.100698232650756836e+00
1.350779533386230469e+01
1.515575313568115234e+01
9.244094848632812500e+00
2.198444843292236328e+00
4.459027290344238281e+00
1.550422787666320801e+00
2.769806518554687500e+02
4.613871383666992188e+01
9.828116607666015625e+01
2.814096679687500000e+02
1.261230278015136719e+01
5.634318161010742188e+01
3.729130935668945312e+01
2.385028266906738281e+01
1.056246995925903320e+00
3.511485839843750000e+03
7.352286987304687500e+02
4.552941894531250000e+01
1.258529891967773438e+02
6.723178100585937500e+01
7.430232543945312500e+02
6.375605010986328125e+01
7.034724235534667969e+00
3.102776336669921875e+01
2.057628870010375977e+00
4.662189865112304688e+01
9.604061889648437500e+02
5.065260314941406250e+01
8.591579437255859375e+00
4.616956233978271484e+00
1.380994110107421875e+02
9.926514892578125000e+02
6.428935241699218750e+01
2.191156768798828125e+01
1.940079689025878906e+01
2.805897593498229980e-01
1.118083298206329346e-01
2.941890716552734375e+01
2.095963096618652344e+01
6.519133090972900391e+00
2.159690093994140625e+01
1.233080673217773438e+02
5.538247299194335938e+01
8.109229278564453125e+01
3.396860837936401367e+00
1.988578081130981445e+00
8.224264144897460938e+00
1.905749320983886719e+01
6.014904785156250000e+02
3.493362188339233398e+00
7.893141937255859375e+01
4.754884541034698486e-01
8.042296409606933594e+00
3.742309808731079102e-01
1.131590747833251953e+01
1.924715332031250000e+03
2.756836914062500000e+04
5.447461605072021484e+00
1.065536575317382812e+02
3.366670989990234375e+01
4.432065963745117188e+00
1.166975860595703125e+02
3.443559265136718750e+02
3.718285083770751953e+00
4.492278099060058594e+00
2.124981307983398438e+01
9.744842529296875000e+01
2.402346038818359375e+01
6.861910820007324219e+00
2.556994018554687500e+02
1.556089477539062500e+03
9.565070152282714844e+00
4.243680477142333984e+00
3.110778570175170898e+00
1.999453735351562500e+02
2.362014532089233398e+00
1.021687889099121094e+01
3.622978210449218750e+02
3.122401046752929688e+01
3.566142272949218750e+02
1.195506958007812500e+03
1.383344268798828125e+02
1.627879619598388672e+00
5.366326522827148438e+01
