3.781324252486228943e-02
1.723012775182723999e-01
6.476530339568853378e-03
3.429023083299398422e-03
3.052814677357673645e-02
4.221753597259521484e+00
2.495737560093402863e-02
3.237216966226696968e-03
7.376417517662048340e-03
4.835036695003509521e-01
1.527785789221525192e-02
3.881347179412841797e-02
6.916812807321548462e-02
4.093826189637184143e-02
2.716713584959506989e-03
1.771361939609050751e-02
2.365869004279375076e-03
1.014067418873310089e-02
2.669275738298892975e-02
1.153748016804456711e-03
4.757714644074440002e-02
3.771574795246124268e-02
1.977841705083847046e-01
2.606193348765373230e-02
1.715255856513977051e+00
1.191283855587244034e-02
6.061182171106338501e-02
7.375103980302810669e-02
8.445365726947784424e-02
6.081598997116088867e-01
9.184578666463494301e-04
2.448053273838013411e-04
8.558589033782482147e-03
4.439992830157279968e-02
6.101288646459579468e-02
1.714282669126987457e-02
6.808587349951267242e-03
5.513575160875916481e-04
1.038440037518739700e-02
7.475834339857101440e-03
1.653547137975692749e-01
1.185991838574409485e-01
3.635511966422200203e-03
9.426548957824707031e+00
1.958217918872833252e-01
1.253151744604110718e-01
1.166410464793443680e-02
5.979620218276977539e-01
2.997686155140399933e-03
3.392283990979194641e-02
1.630376577377319336e-01
6.093098595738410950e-02
1.202615797519683838e-01
4.155595973134040833e-02
1.084832474589347839e-03
3.186314366757869720e-03
5.482916720211505890e-03
1.400567218661308289e-02
3.237380832433700562e-02
9.817367553710937500e+00
1.490067318081855774e-02
1.011022567749023438e+01
1.850963197648525238e-02
4.716384224593639374e-03
1.037280112504959106e-01
3.423436358571052551e-02
2.020253688097000122e-01
1.885386370122432709e-02
6.031447649002075195e-01
7.388269901275634766e-01
1.920786307891830802e-04
1.294721841812133789e+00
2.309564268216490746e-03
1.024868413805961609e-01
9.147066622972488403e-02
2.850482799112796783e-02
7.208281662315130234e-03
6.019427254796028137e-02
2.870413661003112793e-02
1.282210648059844971e-02
1.608537733554840088e-01
2.088241092860698700e-02
2.290259115397930145e-02
3.396447573322802782e-04
3.801132086664438248e-03
2.998284995555877686e-03
6.939154263818636537e-05
3.229785338044166565e-02
5.739021897315979004e-01
9.349085157737135887e-04
1.537895016372203827e-02
9.906889870762825012e-03
2.805431839078664780e-03
5.614490061998367310e-02
1.375796739012002945e-03
9.819871187210083008e-01
3.954303264617919922e-01
1.290001571178436279e-01
1.653552870266139507e-03
1.151508092880249023e-01
1.958292365074157715e+00
5.533087626099586487e-02
2.058383310213685036e-03
2.874413132667541504e-02
1.931419968605041504e-02
5.180370807647705078e-01
6.980254501104354858e-02
1.943503506481647491e-02
3.394363075494766235e-02
1.837256401777267456e-01
9.836430847644805908e-02
3.068082928657531738e-01
7.034005224704742432e-02
1.320731639862060547e-01
1.641034707427024841e-02
6.231020763516426086e-02
5.616929754614830017e-02
1.103715598583221436e-02
4.555098712444305420e-03
4.890862479805946350e-02
1.924171810969710350e-03
1.296151733398437500e+01
4.808424115180969238e-01
5.292895436286926270e-01
2.653611300047487020e-04
2.657963037490844727e-01
2.044674754142761230e-02
6.865122704766690731e-04
8.099082857370376587e-02
4.817717894911766052e-02
9.190647006034851074e-01
2.844408899545669556e-02
5.565208848565816879e-03
3.007368883118033409e-03
5.987599864602088928e-02
1.718075573444366455e-02
4.594204947352409363e-02
1.746413350105285645e+00
2.437583208084106445e-01
6.094819903373718262e-01
1.429820153862237930e-02
1.000794675201177597e-02
1.070144176483154297e+00
8.960018157958984375e-01
2.525668716430664062e+01
4.466737434267997742e-02
2.940442860126495361e-01
1.899803616106510162e-02
7.783869653940200806e-02
9.692609310150146484e-03
1.450602803379297256e-02
1.028793305158615112e-01
2.499143034219741821e-01
3.509294986724853516e-02
1.820012181997299194e-01
1.516189239919185638e-02
2.802882716059684753e-02
4.670507833361625671e-02
1.622980460524559021e-03
6.869271863251924515e-03
5.805400013923645020e-02
6.376802339218556881e-04
1.087795719504356384e-01
2.469694763422012329e-01
2.909596562385559082e-01
1.728876680135726929e-01
1.164821460843086243e-01
2.006252259016036987e-01
1.361148953437805176e+00
9.692220482975244522e-04
2.421770244836807251e-02
1.760419607162475586e-01
1.731671945890411735e-04
1.277954410761594772e-02
4.174422472715377808e-02
1.859248995780944824e+00
2.597480826079845428e-02
1.895820908248424530e-02
1.690021343529224396e-02
1.713500171899795532e-01
5.555459856986999512e-02
4.632518813014030457e-02
1.243488192558288574e-01
7.554360479116439819e-02
1.199096798896789551e+00
1.745696552097797394e-02
8.393811993300914764e-03
4.743687808513641357e-02
4.326036572456359863e-01
4.490001127123832703e-02
3.087841570377349854e-01
2.692670002579689026e-02
2.974685339722782373e-04
1.437473446130752563e-01
2.448372393846511841e-01
3.302651643753051758e-02
4.316280782222747803e-01
6.574442982673645020e-02
8.641869761049747467e-03
4.428928345441818237e-02
4.866878036409616470e-03
6.286419928073883057e-02
1.717292703688144684e-02
3.280657157301902771e-02
7.046303246170282364e-03
4.981725011020898819e-03
1.835153400897979736e-01
1.634598922729492188e+01
5.937940906733274460e-03
3.705082926899194717e-03
3.759671701118350029e-03
4.231969267129898071e-02
1.906303950818255544e-04
1.281099796295166016e+00
3.222384303808212280e-02
3.049223661422729492e+00
2.437767982482910156e-01
2.979594655334949493e-02
7.222780259326100349e-04
4.161178171634674072e-01
5.457956194877624512e-01
5.403587594628334045e-03
4.844229668378829956e-03
3.365257382392883301e-02
1.025203164317645133e-04
9.480547159910202026e-02
2.262957859784364700e-03
3.559426069259643555e+00
2.320409715175628662e-01
1.126859243959188461e-02
2.221985720098018646e-02
1.608209498226642609e-02
2.699243649840354919e-02
2.933730371296405792e-03
1.396771222352981567e-01
2.169792354106903076e-02
9.789346903562545776e-02
6.075040437281131744e-03
3.633311688899993896e-01
4.743263416457921267e-04
9.262884408235549927e-02
3.793613240122795105e-02
1.785393655300140381e-01
4.181773867458105087e-03
1.599960215389728546e-02
1.369439531117677689e-02
3.790670260787010193e-02
1.087271943688392639e-01
4.023733362555503845e-02
6.743570417165756226e-02
3.553457930684089661e-02
8.025504946708679199e-01
1.674437080509960651e-04
1.155373007059097290e-01
1.730409264564514160e-02
2.246263623237609863e-01
3.082084655761718750e+00
4.384756460785865784e-02
1.183026470243930817e-02
1.351375728845596313e-01
7.708535995334386826e-03
1.322620897553861141e-03
1.324913978576660156e+00
4.145532846450805664e-02
6.069469265639781952e-03
3.973537310957908630e-02
1.406304351985454559e-02
1.830456256866455078e+00
7.095140404999256134e-03
8.432568982243537903e-03
2.009450435638427734e+00
3.926570340991020203e-02
7.181720137596130371e-01
3.587390994653105736e-03
1.941696740686893463e-03
1.436328981071710587e-02
1.639957539737224579e-02
1.330170780420303345e-02
3.044312596321105957e-01
9.130351543426513672e-01
1.688585430383682251e-01
1.363442465662956238e-02
1.346267573535442352e-02
1.183360442519187927e-02
2.684102801140397787e-04
1.047304086387157440e-02
5.189006328582763672e+00
1.441201806068420410e+00
1.225625746883451939e-03
6.819254159927368164e-02
1.447516214102506638e-02
2.588999224826693535e-03
1.587731689214706421e-01
4.525582119822502136e-02
1.203211373649537563e-03
1.491725910454988480e-02
4.006146267056465149e-02
5.113834887742996216e-02
1.835502505302429199e+00
6.748009473085403442e-02
1.340461015701293945e+00
4.695186614990234375e-01
1.208709478378295898e-01
7.848215699195861816e-01
1.891064167022705078e+00
1.594039425253868103e-02
1.879229210317134857e-02
1.016364693641662598e-01
8.126089349389076233e-03
1.836123019456863403e-01
8.936217427253723145e-01
6.852098554372787476e-02
1.537934597581624985e-02
4.316153526306152344e-01
5.929636768996715546e-03
3.984801471233367920e-02
1.233354443684220314e-03
5.703327059745788574e-01
3.061650320887565613e-03
7.918738760054111481e-03
2.961355149745941162e-01
1.219028490595519543e-03
1.320227794349193573e-02
5.639234930276870728e-02
4.806476645171642303e-03
5.979029536247253418e-01
5.708910059183835983e-03
5.820550490170717239e-03
1.384288351982831955e-02
3.397641470655798912e-03
3.727058647200465202e-03
3.608349263668060303e-01
9.358509443700313568e-03
1.809226162731647491e-02
1.103225257247686386e-02
1.397819723933935165e-02
7.647675927728414536e-03
8.486682549118995667e-03
2.633114717900753021e-02
1.476466208696365356e-01
2.964247250929474831e-03
6.662137457169592381e-04
6.544227246195077896e-03
1.647292613983154297e+00
1.273577334359288216e-03
1.276153698563575745e-02
1.756703853607177734e-01
6.478232890367507935e-02
3.346247971057891846e-02
3.341244533658027649e-02
1.284861117601394653e-01
1.281244456768035889e-01
1.148367955465801060e-04
2.123938687145709991e-02
5.272245965898036957e-03
3.911392297595739365e-03
3.186905384063720703e-02
2.896282076835632324e-02
5.999881029129028320e-02
7.062140107154846191e-02
3.207563236355781555e-02
1.184585038572549820e-03
2.710212022066116333e-02
1.312351413071155548e-02
1.707540899515151978e-01
1.652241498231887817e-02
1.043357849121093750e-01
1.549724722281098366e-03
1.549473106861114502e-01
4.619141691364347935e-04
1.176777482032775879e-01
1.305231600999832153e-01
1.085796654224395752e-01
2.595832198858261108e-02
8.906610608100891113e-01
4.455956164747476578e-03
1.148345042020082474e-02
6.146220024675130844e-03
1.892106048762798309e-02
3.057331405580043793e-02
7.456563413143157959e-02
2.237378619611263275e-03
2.741527080535888672e+00
1.056907996535301208e-01
2.643468417227268219e-02
4.048075675964355469e+00
1.026132774353027344e+01
1.078766770660877228e-02
1.050316146574914455e-03
6.256222259253263474e-04
4.457130283117294312e-02
7.178946863859891891e-03
3.841027989983558655e-02
5.228168964385986328e+00
2.297700993949547410e-04
4.494113445281982422e+00
1.782632619142532349e-01
1.960518397390842438e-02
9.769070893526077271e-04
6.416940595954656601e-03
1.618886184692382812e+01
8.630986785888671875e+01
7.463539886474609375e+01
8.309527635574340820e-01
2.774228477478027344e+01
1.351534128189086914e+00
3.186006469726562500e+02
1.074483013153076172e+01
8.040377807617187500e+01
1.101826953887939453e+01
1.274572677612304688e+02
1.843933486938476562e+01
4.668665695190429688e+01
8.087677359580993652e-01
1.080503273010253906e+01
1.123868789672851562e+02
6.112422943115234375e+01
1.914710998535156250e+02
7.158076477050781250e+01
7.029079914093017578e+00
3.635152816772460938e+01
4.803690433502197266e+00
8.395315170288085938e+00
3.845608901977539062e+01
2.922130346298217773e+00
6.597764492034912109e-01
1.452102661132812500e+02
5.617487792968750000e+02
8.127846069335937500e+02
2.154033508300781250e+02
6.983264446258544922e+00
4.350534439086914062e+00
6.376424312591552734e+00
3.116174926757812500e+02
1.035195255279541016e+01
6.523399829864501953e+00
6.283525824546813965e-01
7.668603956699371338e-02
3.759360790252685547e+00
1.218633499145507812e+02
7.088885498046875000e+02
2.093516921997070312e+01
8.522332310676574707e-01
4.596923828125000000e+02
1.650698852539062500e+01
1.438735809326171875e+02
9.335241699218750000e+01
1.219540882110595703e+01
6.194605827331542969e-01
5.589274902343750000e+02
1.818206176757812500e+02
2.182624626159667969e+01
1.281115531921386719e+01
1.976442146301269531e+01
4.050358772277832031e+00
8.005245208740234375e+00
5.702876567840576172e+00
4.024047851562500000e-01
2.047374534606933594e+01
1.061413940429687500e+03
1.995228881835937500e+02
4.571111450195312500e+02
5.966272830963134766e+00
4.419187927246093750e+01
4.449796199798583984e+00
2.394835090637207031e+01
5.523006820678710938e+01
1.326725585937500000e+03
2.832405395507812500e+02
3.765879440307617188e+01
8.200299739837646484e-02
8.792316436767578125e+01
1.289631128311157227e+00
1.387213134765625000e+02
6.409931182861328125e+00
1.087725257873535156e+01
8.467388153076171875e-01
8.706653594970703125e+00
2.389360198974609375e+02
3.793234634399414062e+01
3.044083786010742188e+01
5.640106201171875000e+00
8.580545425415039062e+00
3.086129951477050781e+01
9.863965034484863281e+00
2.931131935119628906e+01
1.280471235513687134e-01
1.193806743621826172e+01
1.372443485260009766e+01
3.338336467742919922e+00
1.164308738708496094e+01
3.416593170166015625e+01
5.067216110229492188e+01
1.472671794891357422e+01
9.320172119140625000e+01
1.467086486816406250e+02
3.403281688690185547e+00
6.911321411132812500e+02
8.407363891601562500e-01
2.611044311523437500e+02
1.904672265052795410e+00
2.114881706237792969e+01
2.778694868087768555e+00
1.262098388671875000e+02
3.805106735229492188e+01
6.660975646972656250e+01
2.247517824172973633e+00
1.975115722656250000e+03
2.315206909179687500e+02
8.516197204589843750e-01
3.946293294429779053e-01
5.291604614257812500e+02
1.600419769287109375e+02
1.460276842117309570e+00
3.031741905212402344e+01
9.761199188232421875e+01
6.904400634765625000e+01
1.280281639099121094e+01
8.267154693603515625e+01
1.289383602142333984e+01
1.574111633300781250e+02
4.453316406250000000e+03
2.350091094970703125e+02
1.246022491455078125e+02
2.459451436996459961e+00
2.139004974365234375e+02
2.184304428100585938e+01
3.718272686004638672e+00
5.301105346679687500e+02
7.173257446289062500e+01
2.455964508056640625e+02
1.821098899841308594e+01
3.805889785289764404e-01
2.086913299560546875e+01
1.921891927719116211e+00
2.650559186935424805e+00
1.740556836128234863e+00
3.109448242187500000e+02
4.334177246093750000e+02
2.390554504394531250e+02
2.967718887329101562e+01
1.994792103767395020e+00
4.059809265136718750e+02
1.842529487609863281e+01
6.171968994140625000e+02
3.033715820312500000e+01
2.692366027832031250e+02
1.965289831161499023e+00
3.596219635009765625e+01
9.933574829101562500e+02
3.887457251548767090e-01
4.078239746093750000e+02
5.375082397460937500e+01
4.395071268081665039e-01
1.426211395263671875e+02
2.513288497924804688e+01
2.203130960464477539e+00
9.229897856712341309e-01
4.697921752929687500e+00
2.013136863708496094e+00
8.320524902343750000e+02
1.607577972412109375e+02
1.253406372070312500e+02
3.075183868408203125e+01
1.364776763916015625e+02
4.946648788452148438e+01
3.831466674804687500e+01
2.229140930175781250e+02
4.684660644531250000e+02
9.465047836303710938e+00
8.432897567749023438e+00
8.432385253906250000e+02
1.526356935501098633e+00
6.591220378875732422e+00
2.898115539550781250e+02
2.200979042053222656e+01
7.419288635253906250e+00
4.677419662475585938e+01
2.508218288421630859e+00
2.027347946166992188e+01
7.828965187072753906e+00
2.253200149536132812e+01
2.690847778320312500e+02
4.697761535644531250e+00
1.331668164062500000e+04
3.633492708206176758e+00
6.248034238815307617e-01
1.669501113891601562e+01
3.001390991210937500e+02
5.476536560058593750e+01
3.580511569976806641e+00
1.440166320800781250e+02
7.353069782257080078e+00
6.260362625122070312e+01
1.076727142333984375e+02
2.287384986877441406e+00
5.345606613159179688e+01
1.329813003540039062e+00
4.859500408172607422e+00
2.501920461654663086e+00
1.545084571838378906e+01
7.220748424530029297e+00
6.617231845855712891e+00
3.299396896362304688e+01
4.828510284423828125e+01
6.768837571144104004e-01
4.450068283081054688e+01
4.941894836425781250e+02
6.736917018890380859e+00
3.507048797607421875e+01
7.135645866394042969e+00
2.672091484069824219e+00
1.220154881477355957e+00
3.300906982421875000e+03
1.491570281982421875e+01
3.355598144531250000e+02
6.940016269683837891e+00
2.985670776367187500e+02
1.389826297760009766e+00
1.765023345947265625e+02
2.239068603515625000e+03
9.334968775510787964e-02
2.064583539962768555e+00
6.260469970703125000e+02
3.276508569717407227e+00
8.700663452148437500e+02
4.110625743865966797e+00
1.873668098449707031e+01
6.333136081695556641e+00
1.280475807189941406e+01
1.305997669696807861e-01
9.338578224182128906e+00
1.896042108535766602e+00
3.381516418457031250e+02
3.955770111083984375e+01
1.761127853393554688e+01
4.355247974395751953e+00
2.617671775817871094e+01
1.776305580139160156e+01
1.269149184226989746e+00
2.949013061523437500e+02
8.561267852783203125e+01
1.255376625061035156e+01
1.756327629089355469e+01
1.434695281982421875e+02
8.261936950683593750e+01
1.389969635009765625e+02
5.655899643898010254e-01
3.689669433593750000e+03
7.259693145751953125e+00
6.402875518798828125e+01
2.747279930114746094e+01
1.249279379844665527e+00
4.512301635742187500e+02
8.691246032714843750e+01
6.719535589218139648e-01
3.223200988769531250e+02
5.989712142944335938e+01
4.423835754394531250e+00
1.782838256835937500e+03
6.401489257812500000e+01
6.151299285888671875e+01
4.906199645996093750e+01
4.205558776855468750e+02
1.419896697998046875e+02
9.320834350585937500e+01
2.483824157714843750e+01
7.711033325195312500e+02
3.901844620704650879e-01
9.495980262756347656e+00
6.025770874023437500e+02
1.335136699676513672e+01
3.666422424316406250e+02
1.198998212814331055e+00
5.338539481163024902e-01
3.215539932250976562e+01
6.777930736541748047e+00
6.082401752471923828e+00
6.111149597167968750e+01
6.570902466773986816e-01
1.075168991088867188e+01
3.594334840774536133e+00
6.016172885894775391e+00
2.745080757141113281e+01
1.539489388465881348e+00
1.514402031898498535e+00
5.106984558105468750e+02
1.454062866210937500e+03
2.979193210601806641e+00
1.461045684814453125e+02
1.855605125427246094e+01
7.634470462799072266e+00
2.236853027343750000e+03
5.516774654388427734e+00
1.125135269165039062e+02
1.937204742431640625e+01
2.065354728698730469e+01
5.714707031250000000e+02
1.421068763732910156e+01
1.291766357421875000e+02
4.622011413574218750e+02
8.062260437011718750e+01
4.618458557128906250e+01
2.596223144531250000e+02
3.281700134277343750e+01
2.778750181198120117e+00
4.899015808105468750e+01
1.547473144531250000e+01
1.287438488006591797e+01
1.159195434570312500e+03
4.228246154785156250e+02
3.915106201171875000e+02
3.989365844726562500e+02
8.276766777038574219e+00
3.879774093627929688e+00
7.311142086982727051e-01
2.044441986083984375e+01
1.326286315917968750e+01
9.106358528137207031e+00
1.593908548355102539e+00
6.540982723236083984e+00
9.736710190773010254e-01
1.443270111083984375e+02
3.693614959716796875e+01
5.627452468872070312e+01
1.602545013427734375e+02
1.439333438873291016e+01
5.559125518798828125e+01
1.585049915313720703e+01
1.024322509765625000e+01
4.109860360622406006e-01
5.183511230468750000e+03
1.018558471679687500e+03
8.689592742919921875e+01
1.254510803222656250e+02
7.004560089111328125e+01
6.223876953125000000e+02
3.595640182495117188e+01
1.478812599182128906e+01
2.476450538635253906e+01
2.112445354461669922e+00
5.251898574829101562e+01
9.234841308593750000e+02
5.653741073608398438e+01
7.943468570709228516e+00
4.256515502929687500e+00
8.482423400878906250e+01
6.513671875000000000e+02
6.433424377441406250e+01
1.363358116149902344e+01
1.721383857727050781e+01
1.163581609725952148e-01
1.057527810335159302e-01
2.852136421203613281e+01
1.694496726989746094e+01
5.056765079498291016e+00
1.037175750732421875e+01
1.524457397460937500e+02
3.596909713745117188e+01
9.760784912109375000e+01
4.169608592987060547e+00
2.099977016448974609e+00
5.851370811462402344e+00
2.258587837219238281e+01
9.042734375000000000e+02
1.835710406303405762e+00
6.207300186157226562e+01
8.374771475791931152e-01
5.597830295562744141e+00
2.278778403997421265e-01
1.446795558929443359e+01
2.808647460937500000e+03
1.664313867187500000e+04
3.697902679443359375e+00
1.055768432617187500e+02
6.338662719726562500e+01
5.291073799133300781e+00
1.247296981811523438e+02
5.363974609375000000e+02
3.957832574844360352e+00
5.163650989532470703e+00
9.190592765808105469e+00
7.033634948730468750e+01
1.813824081420898438e+01
7.485989093780517578e+00
2.317091064453125000e+02
6.234147949218750000e+02
8.296658515930175781e+00
3.442681789398193359e+00
3.427433252334594727e+00
1.564113311767578125e+02
3.047587871551513672e+00
1.536179733276367188e+01
2.229298248291015625e+02
1.797870635986328125e+01
5.142370605468750000e+02
8.613493041992187500e+02
1.397903137207031250e+02
1.796003341674804688e+00
3.097057342529296875e+01
