2.785394899547100067e-02
1.825627535581588745e-01
5.379819311201572418e-03
2.529891207814216614e-03
2.999203093349933624e-02
6.180351257324218750e+00
2.025278098881244659e-02
3.125661518424749374e-03
9.222118183970451355e-03
5.915340185165405273e-01
1.749658398330211639e-02
2.370653860270977020e-02
5.954406037926673889e-02
3.191008791327476501e-02
2.135502872988581657e-03
1.587621308863162994e-02
2.476862864568829536e-03
8.927802555263042450e-03
2.867615967988967896e-02
8.080525440163910389e-04
5.132709443569183350e-02
2.857328578829765320e-02
1.753586679697036743e-01
2.768009155988693237e-02
1.535940647125244141e+00
9.979069232940673828e-03
5.379497259855270386e-02
5.755354091525077820e-02
1.044072508811950684e-01
7.398666143417358398e-01
7.600886165164411068e-04
1.962114183697849512e-04
8.962650783360004425e-03
3.813943639397621155e-02
4.734329134225845337e-02
1.613718830049037933e-02
5.622071679681539536e-03
4.917130572721362114e-04
7.653903216123580933e-03
6.917478982359170914e-03
1.841546893119812012e-01
1.098163649439811707e-01
3.513751318678259850e-03
9.408794403076171875e+00
1.647529006004333496e-01
1.851510554552078247e-01
7.608193438500165939e-03
4.744086861610412598e-01
2.817389788106083870e-03
2.862894162535667419e-02
1.393121480941772461e-01
4.648271203041076660e-02
1.133110299706459045e-01
3.875710815191268921e-02
8.415949996560811996e-04
2.472037216648459435e-03
4.920599516481161118e-03
1.017306465655565262e-02
2.734733000397682190e-02
9.488138198852539062e+00
1.398157048970460892e-02
1.063672542572021484e+01
1.454873383045196533e-02
3.889609128236770630e-03
1.209997981786727905e-01
3.008679859340190887e-02
2.125471383333206177e-01
1.895094662904739380e-02
7.418727278709411621e-01
5.799154043197631836e-01
1.337632274953648448e-04
1.322265267372131348e+00
2.093411749228835106e-03
8.223459869623184204e-02
8.034970611333847046e-02
2.086319215595722198e-02
6.036712322384119034e-03
5.188782513141632080e-02
2.402483858168125153e-02
1.297170296311378479e-02
1.371470540761947632e-01
1.692237146198749542e-02
2.187670581042766571e-02
2.276511222589761019e-04
3.177558304741978645e-03
2.526158001273870468e-03
5.300940028973855078e-05
2.943205088376998901e-02
6.356850266456604004e-01
7.527824491262435913e-04
1.458987500518560410e-02
1.020912267267704010e-02
2.084080362692475319e-03
5.777888372540473938e-02
1.230699126608669758e-03
9.100676774978637695e-01
3.192428350448608398e-01
1.122390031814575195e-01
1.421438297256827354e-03
9.934876114130020142e-02
1.800420284271240234e+00
4.355276376008987427e-02
1.956637250259518623e-03
2.961392700672149658e-02
1.652286387979984283e-02
5.229870080947875977e-01
6.995301693677902222e-02
1.549245323985815048e-02
2.884185872972011566e-02
1.767070889472961426e-01
9.171488881111145020e-02
3.531264066696166992e-01
6.585551798343658447e-02
1.154874190688133240e-01
1.699109934270381927e-02
5.307209119200706482e-02
5.376080423593521118e-02
8.657262660562992096e-03
3.903767792508006096e-03
5.142315849661827087e-02
1.423519919626414776e-03
1.447412872314453125e+01
4.497190117835998535e-01
5.348160862922668457e-01
2.282430650666356087e-04
1.872547864913940430e-01
2.317815646529197693e-02
5.030512111261487007e-04
8.671466261148452759e-02
4.363670200109481812e-02
9.599955677986145020e-01
1.919309236109256744e-02
3.676887834444642067e-03
2.130855340510606766e-03
5.408699810504913330e-02
1.641086302697658539e-02
3.955448046326637268e-02
2.144639492034912109e+00
2.173026949167251587e-01
4.987470507621765137e-01
1.334183569997549057e-02
8.092262782156467438e-03
9.397508502006530762e-01
6.537349820137023926e-01
2.293659782409667969e+01
3.771652281284332275e-02
3.039282262325286865e-01
1.751933246850967407e-02
8.506168425083160400e-02
1.059907022863626480e-02
1.548518612980842590e-02
9.005026519298553467e-02
1.964832246303558350e-01
2.869316935539245605e-02
1.713415831327438354e-01
1.452601049095392227e-02
2.174730598926544189e-02
4.567003995180130005e-02
1.677241991274058819e-03
6.408705841749906540e-03
4.648088291287422180e-02
5.178679712116718292e-04
1.265882402658462524e-01
2.792460024356842041e-01
3.279377222061157227e-01
1.605622321367263794e-01
1.371071189641952515e-01
1.949455887079238892e-01
1.360647320747375488e+00
8.269073441624641418e-04
2.791438065469264984e-02
1.668480336666107178e-01
1.300357107538729906e-04
8.949808776378631592e-03
5.220753327012062073e-02
2.132202386856079102e+00
2.793896943330764771e-02
1.585844717919826508e-02
1.562596857547760010e-02
1.343712210655212402e-01
4.807750135660171509e-02
4.359849542379379272e-02
1.326256841421127319e-01
7.605023682117462158e-02
1.227336287498474121e+00
1.803545653820037842e-02
8.716458454728126526e-03
4.147453606128692627e-02
4.066058099269866943e-01
4.497834295034408569e-02
2.323124408721923828e-01
4.050125554203987122e-02
2.180285955546423793e-04
1.310962289571762085e-01
2.714683413505554199e-01
2.585020475089550018e-02
3.987621068954467773e-01
6.858734786510467529e-02
6.240098271518945694e-03
4.736715927720069885e-02
3.521357895806431770e-03
5.189091712236404419e-02
1.338763069361448288e-02
2.801733464002609253e-02
7.200236432254314423e-03
5.138725042343139648e-03
1.898590773344039917e-01
1.519106483459472656e+01
4.893618635833263397e-03
2.958054188638925552e-03
3.834380535408854485e-03
4.173549637198448181e-02
1.365523203276097775e-04
1.307696938514709473e+00
3.386921808123588562e-02
2.668645620346069336e+00
1.764338463544845581e-01
2.427407540380954742e-02
6.065751658752560616e-04
4.572127163410186768e-01
4.503648579120635986e-01
5.693585611879825592e-03
4.075488541275262833e-03
2.843230403959751129e-02
8.927674207370728254e-05
9.614495933055877686e-02
1.840872108004987240e-03
3.994966745376586914e+00
2.998645603656768799e-01
8.564970456063747406e-03
1.681852713227272034e-02
1.211785338819026947e-02
2.265905588865280151e-02
3.085988340899348259e-03
1.493685841560363770e-01
2.001066878437995911e-02
1.017991676926612854e-01
5.721282213926315308e-03
3.084708452224731445e-01
4.260786226950585842e-04
7.894014567136764526e-02
3.082317672669887543e-02
1.803488880395889282e-01
4.260946996510028839e-03
1.452804077416658401e-02
1.071549300104379654e-02
4.269345477223396301e-02
8.615995198488235474e-02
3.893906250596046448e-02
6.826615333557128906e-02
3.217452019453048706e-02
1.050003170967102051e+00
1.140188905992545187e-04
8.911026269197463989e-02
1.461388915777206421e-02
2.434255033731460571e-01
3.306626319885253906e+00
3.606729209423065186e-02
1.460401155054569244e-02
1.151023954153060913e-01
5.514563992619514465e-03
1.098032109439373016e-03
1.175793886184692383e+00
4.383930563926696777e-02
5.894229747354984283e-03
3.428205847740173340e-02
1.285299472510814667e-02
1.979271888732910156e+00
7.038005627691745758e-03
6.350124254822731018e-03
2.274008989334106445e+00
4.112048447132110596e-02
7.569152712821960449e-01
2.640975639224052429e-03
1.815138501115143299e-03
1.403696835041046143e-02
1.350072678178548813e-02
1.222965493798255920e-02
3.637806773185729980e-01
9.634957909584045410e-01
1.744209975004196167e-01
1.392127759754657745e-02
1.039070636034011841e-02
1.283330004662275314e-02
2.493978536222130060e-04
6.945325061678886414e-03
4.852283954620361328e+00
1.475048184394836426e+00
8.583405287936329842e-04
6.258758902549743652e-02
1.406627520918846130e-02
1.927839824929833412e-03
1.131330057978630066e-01
3.421896696090698242e-02
8.365537505596876144e-04
1.404308062046766281e-02
3.850457444787025452e-02
5.932221561670303345e-02
2.216371059417724609e+00
5.847353860735893250e-02
1.081373691558837891e+00
4.803721606731414795e-01
9.439187496900558472e-02
8.585758805274963379e-01
1.739558935165405273e+00
1.401584688574075699e-02
1.901641115546226501e-02
8.862789720296859741e-02
6.510652601718902588e-03
1.753850281238555908e-01
8.697078824043273926e-01
8.424418419599533081e-02
1.651057042181491852e-02
3.791547715663909912e-01
5.585216451436281204e-03
2.708839252591133118e-02
1.049056299962103367e-03
5.365576744079589844e-01
2.676604315638542175e-03
7.354192901402711868e-03
3.067038059234619141e-01
1.104548457078635693e-03
1.214028801769018173e-02
5.867939442396163940e-02
5.319817923009395599e-03
5.689638853073120117e-01
4.615544341504573822e-03
5.811565089970827103e-03
8.379782550036907196e-03
3.535411553457379341e-03
2.780844224616885185e-03
2.702887356281280518e-01
6.095069926232099533e-03
1.561193726956844330e-02
1.022727694362401962e-02
1.092468574643135071e-02
7.489278446882963181e-03
6.293344777077436447e-03
2.104208432137966156e-02
1.879875510931015015e-01
2.220239257439970970e-03
5.472152843140065670e-04
5.002947524189949036e-03
1.620947599411010742e+00
1.370267709717154503e-03
1.570243947207927704e-02
1.958981156349182129e-01
4.650010541081428528e-02
3.767897933721542358e-02
2.746927365660667419e-02
1.042164713144302368e-01
1.289467960596084595e-01
9.329721797257661819e-05
1.511455327272415161e-02
4.890670068562030792e-03
2.898535225540399551e-03
2.346261963248252869e-02
2.318946085870265961e-02
5.244026705622673035e-02
6.354627013206481934e-02
3.205917030572891235e-02
1.033697742968797684e-03
3.122433647513389587e-02
1.192357949912548065e-02
1.427986919879913330e-01
1.573906466364860535e-02
9.564686566591262817e-02
1.625879784114658833e-03
1.647069454193115234e-01
4.206986050121486187e-04
1.091096848249435425e-01
1.268792897462844849e-01
1.007033586502075195e-01
2.512137405574321747e-02
7.291557192802429199e-01
3.261692123487591743e-03
9.590523317456245422e-03
6.249517202377319336e-03
1.777710579335689545e-02
2.286179363727569580e-02
5.670647695660591125e-02
2.219291869550943375e-03
3.887242794036865234e+00
1.032341048121452332e-01
2.477539889514446259e-02
4.258466243743896484e+00
1.184133625030517578e+01
9.118267334997653961e-03
8.429581648670136929e-04
6.768660969100892544e-04
5.208849906921386719e-02
6.607844028621912003e-03
2.763614058494567871e-02
6.202050209045410156e+00
2.281888737343251705e-04
5.180456638336181641e+00
1.563509851694107056e-01
1.711691729724407196e-02
8.013827609829604626e-04
5.093461833894252777e-03
1.265425682067871094e+01
1.185759506225585938e+02
8.825116729736328125e+01
7.059405446052551270e-01
3.700630569458007812e+01
1.893102645874023438e+00
3.372580871582031250e+02
1.159718322753906250e+01
9.900166320800781250e+01
1.464529609680175781e+01
1.878568267822265625e+02
1.345135211944580078e+01
5.664410781860351562e+01
7.017655968666076660e-01
1.056250095367431641e+01
1.280704498291015625e+02
8.816902160644531250e+01
1.822514190673828125e+02
1.212298660278320312e+02
8.371547698974609375e+00
4.079048538208007812e+01
4.343904495239257812e+00
7.694339275360107422e+00
4.252470016479492188e+01
3.279386281967163086e+00
5.036812424659729004e-01
1.827145843505859375e+02
5.672295532226562500e+02
1.094564941406250000e+03
3.253528137207031250e+02
7.274260044097900391e+00
3.879601478576660156e+00
7.821834564208984375e+00
3.274783325195312500e+02
1.239070129394531250e+01
7.943862438201904297e+00
5.945656299591064453e-01
6.500607728958129883e-02
3.355625867843627930e+00
1.291935272216796875e+02
7.795781250000000000e+02
2.439566802978515625e+01
1.006966114044189453e+00
4.380266113281250000e+02
2.001617622375488281e+01
1.877104187011718750e+02
9.252259826660156250e+01
1.293493461608886719e+01
8.484497666358947754e-01
6.307576904296875000e+02
2.118839111328125000e+02
2.097150802612304688e+01
1.271422576904296875e+01
2.130844497680664062e+01
4.117646694183349609e+00
7.161722183227539062e+00
5.124943733215332031e+00
2.800577580928802490e-01
2.033846855163574219e+01
1.270247924804687500e+03
2.510084228515625000e+02
5.231397094726562500e+02
6.512571334838867188e+00
4.694630432128906250e+01
6.386951446533203125e+00
2.793474960327148438e+01
6.651355743408203125e+01
1.863351074218750000e+03
2.842988281250000000e+02
3.749261856079101562e+01
6.850540637969970703e-02
1.057231445312500000e+02
1.387047767639160156e+00
1.412430725097656250e+02
6.838432312011718750e+00
9.426708221435546875e+00
1.004045844078063965e+00
1.014032173156738281e+01
2.356776123046875000e+02
3.213309478759765625e+01
3.193284797668457031e+01
5.012982368469238281e+00
9.261319160461425781e+00
3.097281074523925781e+01
8.520774841308593750e+00
3.402177810668945312e+01
1.182308942079544067e-01
1.174768733978271484e+01
1.553946495056152344e+01
3.662101030349731445e+00
1.498078727722167969e+01
4.546327209472656250e+01
4.347739410400390625e+01
1.618268394470214844e+01
9.656475067138671875e+01
1.863014373779296875e+02
3.411196708679199219e+00
6.391878662109375000e+02
7.141981124877929688e-01
3.138058776855468750e+02
1.773812055587768555e+00
2.451286888122558594e+01
3.657670021057128906e+00
1.562422027587890625e+02
3.858546447753906250e+01
9.521128082275390625e+01
2.545164585113525391e+00
2.159479003906250000e+03
2.934451293945312500e+02
9.790850281715393066e-01
4.523200392723083496e-01
8.203328247070312500e+02
2.238753509521484375e+02
1.555472373962402344e+00
3.054024124145507812e+01
1.143437957763671875e+02
8.146762084960937500e+01
1.196277332305908203e+01
8.091322326660156250e+01
1.335601234436035156e+01
1.460593566894531250e+02
6.800243652343750000e+03
2.931296386718750000e+02
1.559824676513671875e+02
3.314454317092895508e+00
1.769457550048828125e+02
2.842050170898437500e+01
2.864061117172241211e+00
6.460125732421875000e+02
7.059049987792968750e+01
3.106167297363281250e+02
1.535323333740234375e+01
2.969394028186798096e-01
2.124354171752929688e+01
1.900712251663208008e+00
2.371920824050903320e+00
1.423078298568725586e+00
4.606618347167968750e+02
5.380269165039062500e+02
2.565264282226562500e+02
2.768107032775878906e+01
2.130744695663452148e+00
5.170375976562500000e+02
1.843843460083007812e+01
5.969619140625000000e+02
3.418613052368164062e+01
4.002890930175781250e+02
1.893945217132568359e+00
4.869038772583007812e+01
1.508151855468750000e+03
4.924151301383972168e-01
4.412148437500000000e+02
4.942555618286132812e+01
4.267002344131469727e-01
1.607853851318359375e+02
2.544426727294921875e+01
2.085600137710571289e+00
1.032216310501098633e+00
4.803519248962402344e+00
2.409423112869262695e+00
8.665787963867187500e+02
1.583113708496093750e+02
1.739585876464843750e+02
3.503680419921875000e+01
1.709677886962890625e+02
5.644940567016601562e+01
5.950989151000976562e+01
2.679162292480468750e+02
7.171923828125000000e+02
9.278956413269042969e+00
9.584231376647949219e+00
1.183504028320312500e+03
1.496971368789672852e+00
5.929737567901611328e+00
3.682798156738281250e+02
2.668313980102539062e+01
8.809329032897949219e+00
5.042926025390625000e+01
2.867688655853271484e+00
2.050467300415039062e+01
1.015028476715087891e+01
2.582902145385742188e+01
2.973266601562500000e+02
6.722575187683105469e+00
1.956594921875000000e+04
5.137474536895751953e+00
6.317035555839538574e-01
2.014081382751464844e+01
3.773424682617187500e+02
5.740491104125976562e+01
3.797058105468750000e+00
2.605030212402343750e+02
7.420578002929687500e+00
4.916118621826171875e+01
1.435446624755859375e+02
1.931668877601623535e+00
7.279235839843750000e+01
1.412773132324218750e+00
5.262315273284912109e+00
3.690992355346679688e+00
1.406866168975830078e+01
7.952331066131591797e+00
5.997045516967773438e+00
3.619462203979492188e+01
5.853416442871093750e+01
8.243513107299804688e-01
5.145367813110351562e+01
4.878256530761718750e+02
5.680825233459472656e+00
2.978805160522460938e+01
6.910574436187744141e+00
2.891359806060791016e+00
1.145465373992919922e+00
4.455007324218750000e+03
2.073375511169433594e+01
3.966726379394531250e+02
5.074135780334472656e+00
2.943710937500000000e+02
1.513644337654113770e+00
1.887031707763671875e+02
2.642594726562500000e+03
1.085549443960189819e-01
2.424960136413574219e+00
6.388121948242187500e+02
3.250424861907958984e+00
1.107232299804687500e+03
4.192499160766601562e+00
2.906273460388183594e+01
7.799878597259521484e+00
1.207871246337890625e+01
9.073001146316528320e-02
9.885139465332031250e+00
2.223440170288085938e+00
4.069610595703125000e+02
4.267734909057617188e+01
1.977109336853027344e+01
4.935831546783447266e+00
2.969266700744628906e+01
1.730144119262695312e+01
1.386556744575500488e+00
3.475104675292968750e+02
9.125598144531250000e+01
1.393862247467041016e+01
2.246990013122558594e+01
1.485397491455078125e+02
7.962942504882812500e+01
2.270788421630859375e+02
5.122300386428833008e-01
4.746886718750000000e+03
8.128601074218750000e+00
6.374799728393554688e+01
3.314221191406250000e+01
1.123224973678588867e+00
5.102946166992187500e+02
8.962976837158203125e+01
7.835123538970947266e-01
5.650472412109375000e+02
6.546294403076171875e+01
6.115224361419677734e+00
1.927074584960937500e+03
6.142910003662109375e+01
7.706853485107421875e+01
4.333282470703125000e+01
5.979776000976562500e+02
1.730919342041015625e+02
1.215486297607421875e+02
2.465321159362792969e+01
1.027231689453125000e+03
4.439691603183746338e-01
1.035913658142089844e+01
6.030976562500000000e+02
1.610706138610839844e+01
5.160247802734375000e+02
1.236040592193603516e+00
7.380040884017944336e-01
4.684729766845703125e+01
5.870900154113769531e+00
6.659906387329101562e+00
7.671292877197265625e+01
6.627383828163146973e-01
1.337406635284423828e+01
3.586051702499389648e+00
7.130660533905029297e+00
3.420251083374023438e+01
1.687708616256713867e+00
1.298240303993225098e+00
4.643665161132812500e+02
1.404392700195312500e+03
3.104580402374267578e+00
1.531242980957031250e+02
2.171578979492187500e+01
7.918591976165771484e+00
2.137953613281250000e+03
5.379978656768798828e+00
1.264314422607421875e+02
2.352906036376953125e+01
2.869607162475585938e+01
9.478231811523437500e+02
1.720799446105957031e+01
1.440826263427734375e+02
5.092246093750000000e+02
9.780483245849609375e+01
4.203199768066406250e+01
3.143937377929687500e+02
3.095524024963378906e+01
3.344896793365478516e+00
5.468261718750000000e+01
1.810868072509765625e+01
1.184070110321044922e+01
1.169977905273437500e+03
6.403559570312500000e+02
5.951732788085937500e+02
5.156929321289062500e+02
8.658307075500488281e+00
4.322098731994628906e+00
7.253766655921936035e-01
2.200072479248046875e+01
1.349092388153076172e+01
9.472871780395507812e+00
1.728623628616333008e+00
6.334639072418212891e+00
8.952671289443969727e-01
1.388218231201171875e+02
4.586407470703125000e+01
7.685513305664062500e+01
1.439025421142578125e+02
1.574823284149169922e+01
6.533564758300781250e+01
1.582409858703613281e+01
1.057824420928955078e+01
3.307756185531616211e-01
4.943730957031250000e+03
1.234780517578125000e+03
9.121756744384765625e+01
1.704436645507812500e+02
8.029821777343750000e+01
6.868860473632812500e+02
3.752459716796875000e+01
1.756240081787109375e+01
2.769352722167968750e+01
1.918674826622009277e+00
5.092372131347656250e+01
1.104470214843750000e+03
5.808587646484375000e+01
1.044570541381835938e+01
5.287568569183349609e+00
1.277900924682617188e+02
5.819169921875000000e+02
6.811481475830078125e+01
1.245571517944335938e+01
1.740453720092773438e+01
8.488655835390090942e-02
1.239396259188652039e-01
2.605975532531738281e+01
1.931995010375976562e+01
4.372746944427490234e+00
1.180083370208740234e+01
1.612963562011718750e+02
4.063540267944335938e+01
1.137620468139648438e+02
5.409168243408203125e+00
2.112786054611206055e+00
8.386795043945312500e+00
2.532119369506835938e+01
9.828984375000000000e+02
1.845204710960388184e+00
7.277514648437500000e+01
9.115759730339050293e-01
6.395912647247314453e+00
3.045921325683593750e-01
1.493790912628173828e+01
3.184366210937500000e+03
2.086092187500000000e+04
4.326570510864257812e+00
1.053647155761718750e+02
6.318323516845703125e+01
4.868416786193847656e+00
1.277787551879882812e+02
5.225396118164062500e+02
4.086374282836914062e+00
4.856582164764404297e+00
1.079713726043701172e+01
8.401044464111328125e+01
2.067285537719726562e+01
8.702961921691894531e+00
2.638912963867187500e+02
6.911281738281250000e+02
6.645998001098632812e+00
3.263412952423095703e+00
3.236613750457763672e+00
2.529041290283203125e+02
4.883875846862792969e+00
1.384199714660644531e+01
2.862720031738281250e+02
1.732643508911132812e+01
6.711163940429687500e+02
1.008743225097656250e+03
1.340062255859375000e+02
1.717003464698791504e+00
3.235098648071289062e+01
