8.779074996709823608e-02
1.847942769527435303e-01
3.899893537163734436e-02
3.661955706775188446e-03
4.425806179642677307e-02
1.007583260536193848e+00
2.456128224730491638e-02
1.351018063724040985e-02
4.836292564868927002e-02
1.678904443979263306e-01
1.472361683845520020e-01
8.111898601055145264e-02
1.103804334998130798e-01
1.941632851958274841e-02
1.192936301231384277e-02
6.307693570852279663e-02
3.340410534292459488e-03
3.358781710267066956e-02
2.931829914450645447e-02
9.180326946079730988e-03
1.370012387633323669e-02
1.732882112264633179e-02
1.579460352659225464e-01
3.299317136406898499e-02
4.327907085418701172e+00
9.727501310408115387e-03
3.950395435094833374e-02
1.746513396501541138e-01
2.778381109237670898e-01
1.303931951522827148e+00
3.315357258543372154e-03
1.290257321670651436e-03
6.578619778156280518e-02
1.869946569204330444e-01
2.531079202890396118e-02
2.030109316110610962e-01
1.548063755035400391e-02
1.653414103202521801e-03
5.762559920549392700e-02
1.939225383102893829e-02
4.808294177055358887e-01
1.708638668060302734e-01
3.095998428761959076e-02
4.215206146240234375e+00
2.621997594833374023e-01
1.214789152145385742e-01
2.829503454267978668e-02
1.189087867736816406e+00
2.287631388753652573e-03
3.469881117343902588e-01
1.583421528339385986e-01
6.007466092705726624e-02
2.973812222480773926e-01
7.359295338392257690e-02
3.545665880665183067e-03
6.020473781973123550e-03
7.645966019481420517e-03
1.097805500030517578e-01
2.373264171183109283e-02
1.997448158264160156e+01
1.486542355269193649e-02
7.271262168884277344e+00
1.887423358857631683e-02
2.409188076853752136e-02
1.727170795202255249e-01
1.929612159729003906e-01
5.215123891830444336e-01
7.745371758937835693e-02
2.226613759994506836e+00
8.172425031661987305e-01
2.899200189858675003e-04
5.393764972686767578e-01
5.401964765042066574e-03
8.904224038124084473e-01
1.472569555044174194e-01
3.624424710869789124e-02
1.812040805816650391e-02
3.885824978351593018e-02
2.897731773555278778e-02
3.410236164927482605e-02
4.856666326522827148e-01
3.360450267791748047e-02
1.147788092494010925e-01
1.789959147572517395e-03
5.232666153460741043e-03
5.427857395261526108e-03
2.352691954001784325e-04
2.816517464816570282e-02
9.679119586944580078e-01
1.280121854506433010e-03
1.418120320886373520e-02
7.148284465074539185e-02
1.595811545848846436e-02
5.690184980630874634e-02
2.888002060353755951e-02
7.819702625274658203e-01
2.176361680030822754e-01
5.214286446571350098e-01
1.018154341727495193e-02
1.648316979408264160e-01
1.355460762977600098e+00
7.428234815597534180e-02
5.683381110429763794e-03
2.430782280862331390e-02
5.088643357157707214e-02
2.853947281837463379e-01
6.834298372268676758e-02
7.218489050865173340e-02
5.649381279945373535e-01
8.313310146331787109e-02
2.561059594154357910e-02
2.063508331775665283e-01
1.176912710070610046e-01
5.702793598175048828e-01
3.058305382728576660e-02
9.489069879055023193e-02
8.897539228200912476e-02
2.254798077046871185e-02
7.175541482865810394e-03
2.570711821317672729e-02
3.089025616645812988e-03
3.999489974975585938e+01
5.381654500961303711e-01
1.249784350395202637e+00
1.025601639412343502e-03
5.651729926466941833e-02
2.009528689086437225e-02
8.463328704237937927e-04
2.001261562108993530e-01
5.251214280724525452e-02
8.464066982269287109e-01
1.070634871721267700e-01
8.641667664051055908e-03
3.095259424299001694e-03
3.927192836999893188e-02
8.990099653601646423e-03
2.707008272409439087e-02
9.856085181236267090e-01
1.379442662000656128e-01
1.238185524940490723e+00
4.270162060856819153e-02
1.994555070996284485e-02
3.140657186508178711e+00
1.031038403511047363e+00
5.590528011322021484e+00
1.384880691766738892e-01
3.242586553096771240e-01
6.129420921206474304e-02
1.889272481203079224e-01
3.750775009393692017e-02
2.363692224025726318e-02
4.803796112537384033e-01
1.308490484952926636e-01
7.150515913963317871e-02
2.310354262590408325e-01
6.921872496604919434e-02
2.657806873321533203e-02
3.905724734067916870e-02
1.618510461412370205e-03
4.710657522082328796e-03
1.650981307029724121e-01
2.878789417445659637e-02
1.032795980572700500e-01
1.288384795188903809e-01
1.091741204261779785e+00
3.313174843788146973e-01
3.541252315044403076e-01
2.805188298225402832e-01
2.717968702316284180e+00
4.016907885670661926e-03
2.267754822969436646e-01
1.736293286085128784e-01
3.275852650403976440e-03
4.195351153612136841e-02
8.499952405691146851e-02
9.923753738403320312e-01
4.373561963438987732e-02
4.650695621967315674e-02
3.412441164255142212e-02
9.149529337882995605e-01
1.356433331966400146e-01
5.732266977429389954e-02
1.487693488597869873e-01
6.245313957333564758e-02
1.998081326484680176e+00
7.866724580526351929e-02
4.424076899886131287e-02
3.185238316655158997e-02
4.347623884677886963e-01
4.970779269933700562e-02
8.963866829872131348e-01
5.402198061347007751e-02
7.276420365087687969e-04
6.170225888490676880e-02
1.615138202905654907e-01
7.996141910552978516e-02
1.254547387361526489e-01
4.236085712909698486e-02
5.352688021957874298e-03
3.055547475814819336e-01
5.760672502219676971e-03
5.724901333451271057e-02
6.192073598504066467e-02
4.401826485991477966e-02
3.540101274847984314e-02
1.109172031283378601e-02
7.818241417407989502e-02
1.150463485717773438e+01
6.786714773625135422e-03
4.113152157515287399e-03
1.890086568892002106e-02
5.811890959739685059e-02
1.220600097440183163e-03
6.737320423126220703e-01
6.939204782247543335e-02
1.722270607948303223e+00
6.696270704269409180e-01
2.315592952072620392e-02
2.000325126573443413e-03
1.218263864517211914e+00
1.300158023834228516e+00
6.633962504565715790e-03
1.588373817503452301e-02
2.611511386930942535e-02
3.398900444153696299e-04
2.188146114349365234e-01
4.934340249747037888e-03
1.727351665496826172e+00
1.408496946096420288e-01
2.337070740759372711e-02
2.530341222882270813e-02
3.807394951581954956e-02
1.823279634118080139e-02
2.938324585556983948e-02
2.937330678105354309e-02
2.306166738271713257e-01
8.502654731273651123e-02
4.897589329630136490e-03
2.804050445556640625e-01
3.658697241917252541e-03
2.627838551998138428e-01
2.476385980844497681e-02
1.336700767278671265e-01
1.018472388386726379e-02
1.352432835847139359e-02
2.663396671414375305e-02
1.224415525794029236e-01
5.080329626798629761e-02
6.174627691507339478e-02
1.252077519893646240e-01
8.815281093120574951e-02
8.659279942512512207e-01
7.264359737746417522e-04
4.077287614345550537e-01
1.432213485240936279e-01
1.670188158750534058e-01
2.290798664093017578e+00
9.138375520706176758e-02
3.750278800725936890e-02
4.682305082678794861e-02
1.949109509587287903e-02
5.269013810902833939e-03
4.365684986114501953e-01
8.161861449480056763e-02
1.802153885364532471e-02
3.334484696388244629e-01
4.825673066079616547e-03
1.410973668098449707e+00
1.372703816741704941e-03
3.000427596271038055e-02
6.413501262664794922e+00
2.216502130031585693e-01
1.288417577743530273e-01
6.932483986020088196e-03
1.918560126796364784e-03
2.705527469515800476e-02
4.640812054276466370e-02
2.206679247319698334e-02
1.568006128072738647e-01
5.765809416770935059e-01
5.765506625175476074e-01
9.918023645877838135e-02
3.475658595561981201e-02
1.264484319835901260e-02
1.222807448357343674e-03
1.737074181437492371e-02
4.427104949951171875e+00
2.154479026794433594e+00
9.801547043025493622e-03
1.111345514655113220e-01
2.073441632091999054e-02
1.034348178654909134e-02
2.923367917537689209e-01
2.437843196094036102e-02
3.789088688790798187e-03
1.730991899967193604e-02
3.589592501521110535e-02
6.697325408458709717e-02
1.357171535491943359e+00
1.931326240301132202e-01
2.224218606948852539e+00
2.000819742679595947e-01
2.342476099729537964e-01
1.861262559890747070e+00
5.384813547134399414e-01
2.571459673345088959e-02
9.830689057707786560e-03
1.564095616340637207e-01
1.348797678947448730e-01
3.227567970752716064e-01
1.250390410423278809e+00
1.671981364488601685e-01
1.168837174773216248e-01
2.405430525541305542e-01
1.233213953673839569e-02
8.554989099502563477e-02
4.197888541966676712e-03
1.267092108726501465e+00
2.077976707369089127e-03
1.033846661448478699e-02
1.952918618917465210e-01
2.456863643601536751e-03
8.542274683713912964e-02
4.059188067913055420e-01
4.245780408382415771e-02
3.448536157608032227e+00
7.965724915266036987e-03
9.812830947339534760e-03
2.401561848819255829e-02
9.095495566725730896e-03
2.399124437943100929e-03
2.599985122680664062e+00
3.166808933019638062e-02
4.984273388981819153e-02
1.916951313614845276e-02
2.732967957854270935e-02
2.330133318901062012e-02
1.646918617188930511e-02
1.158502623438835144e-01
4.199578166007995605e-01
4.314950853586196899e-02
1.670376514084637165e-03
8.275005966424942017e-03
1.475230693817138672e+00
2.211575862020254135e-03
1.798645220696926117e-02
6.212971210479736328e-01
6.057943105697631836e-01
5.302098393440246582e-02
2.498783171176910400e-01
1.543950140476226807e-01
7.270620018243789673e-02
5.640785093419253826e-04
2.107408456504344940e-02
6.745570898056030273e-02
4.424132872372865677e-03
2.598648518323898315e-02
1.021774262189865112e-01
1.265547126531600952e-01
1.792673766613006592e-01
4.427704960107803345e-02
1.185121200978755951e-02
7.364078611135482788e-02
3.760321065783500671e-02
4.361122846603393555e-01
4.681899771094322205e-02
9.574478864669799805e-02
5.505098029971122742e-03
4.197702109813690186e-01
1.119589549489319324e-03
1.118486672639846802e-01
2.649499848484992981e-02
4.453341007232666016e+00
8.355246484279632568e-02
4.893729984760284424e-01
5.359581205993890762e-03
1.595370098948478699e-02
2.246945351362228394e-02
1.695274747908115387e-02
1.664415746927261353e-02
6.534279137849807739e-02
9.811530821025371552e-03
7.430619001388549805e-01
5.535517930984497070e-01
8.285937458276748657e-02
2.684426069259643555e+00
1.454189300537109375e+01
2.118908055126667023e-02
1.563313044607639313e-02
4.498536291066557169e-04
7.923416793346405029e-02
5.433295294642448425e-02
5.555261299014091492e-02
1.222016334533691406e+01
1.063508098013699055e-03
3.757907152175903320e+00
1.996332108974456787e-01
2.861438691616058350e-02
1.099536940455436707e-02
1.291968300938606262e-02
4.364104270935058594e+00
2.417438125610351562e+01
2.540077209472656250e+01
2.670001685619354248e-01
7.142278194427490234e+00
2.422980546951293945e+00
7.311483764648437500e+01
7.203736305236816406e+00
7.678429412841796875e+01
5.334272384643554688e+00
5.477777099609375000e+01
1.981855773925781250e+01
8.416563034057617188e+00
5.339736342430114746e-01
1.446506595611572266e+01
3.075592994689941406e+01
1.158040714263916016e+01
1.165763397216796875e+02
2.002178955078125000e+01
2.821592092514038086e+00
3.599570989608764648e+00
2.992569208145141602e+00
1.150889778137207031e+01
1.424808025360107422e+01
2.113979911804199219e+01
1.250535726547241211e+00
1.613161468505859375e+01
1.460370635986328125e+02
2.788669738769531250e+02
2.287674140930175781e+01
1.997262001037597656e+00
2.214014053344726562e+00
2.799081325531005859e+00
2.746907348632812500e+02
2.355559825897216797e+00
1.872516632080078125e+01
5.398498773574829102e-01
2.094719260931015015e-01
2.181308746337890625e+00
2.279850387573242188e+01
8.722551269531250000e+02
1.865482902526855469e+01
5.412231087684631348e-01
8.795054626464843750e+01
1.400049209594726562e+01
9.119943237304687500e+01
1.077140045166015625e+02
1.236094188690185547e+01
1.465050697326660156e+00
1.690818634033203125e+02
4.070484924316406250e+01
7.179062366485595703e+00
1.209405708312988281e+01
5.568474578857421875e+01
4.878478527069091797e+00
9.730229973793029785e-01
1.951603889465332031e+00
1.502648472785949707e+00
4.098756313323974609e+00
2.108492431640625000e+02
3.740621566772460938e+01
1.897220611572265625e+02
1.515247225761413574e+00
7.707747936248779297e+00
2.633949518203735352e+00
1.883303833007812500e+01
1.146384620666503906e+01
6.975794677734375000e+02
1.033009155273437500e+03
3.918788528442382812e+01
6.236075609922409058e-02
2.975242805480957031e+01
1.481824159622192383e+00
9.288839721679687500e+01
1.152898979187011719e+01
7.032139301300048828e+00
5.330729484558105469e-01
1.646719098091125488e+00
2.551219367980957031e+01
2.327538871765136719e+01
1.967858695983886719e+01
2.520813703536987305e+00
6.687914848327636719e+00
8.595135688781738281e+00
5.161679744720458984e+00
2.693040847778320312e+00
2.660720944404602051e-01
2.311345672607421875e+01
1.588620567321777344e+01
1.108423709869384766e+00
2.671486616134643555e+00
8.433563232421875000e+01
4.381575775146484375e+01
1.277162551879882812e+01
2.723924255371093750e+01
2.341713714599609375e+01
4.739408016204833984e+00
9.058767089843750000e+02
2.464761972427368164e+00
2.314185905456542969e+01
6.387208700180053711e-01
2.706725835800170898e+00
3.002486824989318848e-01
6.018895721435546875e+01
1.485398483276367188e+01
2.568401145935058594e+01
3.470770597457885742e+00
1.867971649169921875e+02
3.165143432617187500e+02
2.186740636825561523e+00
2.073158174753189087e-01
4.858809280395507812e+01
1.200093269348144531e+01
8.360733032226562500e+00
2.215128707885742188e+01
2.614910316467285156e+01
1.110910129547119141e+01
5.337093353271484375e+00
1.226675415039062500e+01
1.103346061706542969e+01
1.769490432739257812e+01
3.117017578125000000e+03
2.502313995361328125e+02
2.665931129455566406e+01
3.383522748947143555e+00
1.345591278076171875e+02
8.374049186706542969e+00
1.755293846130371094e+00
2.283705902099609375e+02
6.892305755615234375e+01
2.138117790222167969e+01
1.190527820587158203e+01
1.510581821203231812e-01
3.232274055480957031e+00
1.022731900215148926e+00
1.336673855781555176e+00
5.032810211181640625e+00
1.001049194335937500e+02
4.379174804687500000e+01
7.189505767822265625e+01
6.490777587890625000e+01
5.456074476242065430e-01
2.883003845214843750e+02
2.901279067993164062e+01
8.565682220458984375e+01
1.399678993225097656e+01
2.355270690917968750e+02
1.326161623001098633e+00
2.445453643798828125e+01
6.086677169799804688e+01
1.462673068046569824e+00
2.231248626708984375e+02
2.339833641052246094e+01
9.279128313064575195e-01
7.039285278320312500e+01
7.132993221282958984e+00
1.172938346862792969e+00
8.427999615669250488e-01
6.450853943824768066e-01
1.489590525627136230e+00
1.870276489257812500e+02
9.461866760253906250e+01
6.956983184814453125e+01
8.997513771057128906e+00
2.765620803833007812e+01
3.260325908660888672e+00
1.761745262145996094e+01
8.100282287597656250e+01
2.966972656250000000e+02
1.112817406654357910e+00
1.362081623077392578e+01
1.941100921630859375e+02
1.764835834503173828e+00
5.712415218353271484e+00
1.248743667602539062e+02
1.343287944793701172e+01
3.631692647933959961e+00
1.734841728210449219e+01
3.141994714736938477e+00
2.350627326965332031e+01
1.652592182159423828e+00
3.147327804565429688e+01
7.613612365722656250e+01
2.341106235980987549e-01
1.617409790039062500e+03
1.216844081878662109e+01
1.631555914878845215e+00
4.191976070404052734e+00
1.227871627807617188e+02
1.712584686279296875e+01
1.742143630981445312e+00
1.104832839965820312e+01
1.838982939720153809e+00
2.275200080871582031e+01
1.887238121032714844e+01
3.701540231704711914e-01
1.056825637817382812e+01
1.811907410621643066e+00
9.851568937301635742e-01
3.197582721710205078e+00
8.758140563964843750e+00
2.030514001846313477e+00
7.134548187255859375e+00
8.425191879272460938e+00
3.554262924194335938e+01
3.845158815383911133e-01
6.643970012664794922e+00
7.137915039062500000e+01
6.259308815002441406e+00
1.944545745849609375e+01
1.219543457031250000e+01
5.144626617431640625e+00
9.867520332336425781e-01
4.729023132324218750e+02
1.051197624206542969e+01
4.056646347045898438e+01
5.243187904357910156e+00
1.442838745117187500e+02
7.666202783584594727e-01
9.000751495361328125e+01
1.141049682617187500e+03
2.829433381557464600e-01
7.199952602386474609e-01
8.084967041015625000e+01
1.489792466163635254e+00
2.911816711425781250e+02
5.037669658660888672e+00
5.549479484558105469e+00
1.630837798118591309e+00
8.030406951904296875e+00
4.005775451660156250e-01
1.929872703552246094e+01
8.322275876998901367e-01
6.588812255859375000e+01
3.125941276550292969e+00
2.906761360168457031e+01
8.177295923233032227e-01
3.091767549514770508e+00
7.466535091400146484e+00
1.179661750793457031e+00
1.243735351562500000e+02
9.635225296020507812e+00
4.819418430328369141e+00
3.659396648406982422e+00
1.723269462585449219e+01
5.457189941406250000e+01
7.257335662841796875e+01
3.463326096534729004e-01
2.072491912841796875e+02
4.739495277404785156e+00
9.322758674621582031e+00
1.526057052612304688e+01
1.506985425949096680e+00
1.130101394653320312e+02
3.140584564208984375e+01
4.201120853424072266e+00
2.043139457702636719e+01
6.210711479187011719e+00
3.256607532501220703e+00
1.320171356201171875e+02
2.921503829956054688e+01
2.768471336364746094e+01
1.466609382629394531e+01
7.179621887207031250e+01
2.155917549133300781e+01
4.875863647460937500e+01
2.741928672790527344e+01
1.290451965332031250e+02
1.462193429470062256e-01
9.095134735107421875e+00
6.031517333984375000e+02
4.707248306274414062e+01
9.311048126220703125e+01
5.872858166694641113e-01
3.206932544708251953e-01
1.413242912292480469e+01
7.979135990142822266e+00
1.054982662200927734e+01
1.258983612060546875e+01
2.092962980270385742e+00
1.292110157012939453e+01
5.151598453521728516e+00
3.855042934417724609e+00
5.349401950836181641e+00
7.642077803611755371e-01
2.375957250595092773e+00
1.728855590820312500e+02
1.200286788940429688e+02
4.063221454620361328e+00
2.682778167724609375e+01
1.694406890869140625e+01
5.318190574645996094e+00
1.580713500976562500e+03
3.899914026260375977e+00
2.223450279235839844e+01
8.180462837219238281e+00
2.567723464965820312e+01
6.547752380371093750e+01
5.550666332244873047e+00
2.662943077087402344e+01
3.810960769653320312e+01
4.110235595703125000e+01
1.800037765502929688e+01
2.079997406005859375e+02
5.786507606506347656e+00
5.172574996948242188e+00
8.479047393798828125e+01
6.951489925384521484e+00
1.098462486267089844e+01
2.177729187011718750e+02
1.122080841064453125e+02
1.113867492675781250e+02
4.716072387695312500e+02
1.064636945724487305e+00
3.544579267501831055e+00
7.042430043220520020e-01
2.307602643966674805e+00
8.908566474914550781e+00
2.052159070968627930e+00
7.281386852264404297e-01
4.150810241699218750e+00
8.982435464859008789e-01
3.067398071289062500e+02
1.648046493530273438e+01
1.165245971679687500e+02
6.700778198242187500e+01
3.630876779556274414e+00
3.472725677490234375e+01
1.283530235290527344e+01
1.594045352935791016e+01
9.960616230964660645e-01
8.079163208007812500e+02
1.025723114013671875e+02
1.139446926116943359e+01
2.343909454345703125e+01
7.052643585205078125e+01
3.227564086914062500e+02
1.074914455413818359e+01
1.814096570014953613e+00
2.156140136718750000e+01
6.960870027542114258e-01
1.309035682678222656e+01
9.172163391113281250e+01
1.847060966491699219e+01
2.017622470855712891e+00
2.317649602890014648e+00
1.139371185302734375e+02
2.342533569335937500e+02
2.895994377136230469e+01
2.276766204833984375e+01
1.447130203247070312e+01
2.609721422195434570e-01
1.180918365716934204e-01
2.138785171508789062e+01
9.710205078125000000e+00
3.045832872390747070e+00
1.803369140625000000e+01
1.051858520507812500e+02
8.800776672363281250e+01
2.557913970947265625e+01
2.604977607727050781e+00
1.787001609802246094e+00
4.082522869110107422e+00
7.393655300140380859e+00
9.989991760253906250e+01
2.613383531570434570e+00
2.337738609313964844e+01
5.205160975456237793e-01
5.996732234954833984e+00
1.501323729753494263e-01
4.315276145935058594e+00
1.779870300292968750e+02
1.877546484375000000e+04
7.339149475097656250e+00
2.764205360412597656e+01
3.517559528350830078e+00
2.491794824600219727e+00
4.326362991333007812e+01
1.244200973510742188e+02
1.450437784194946289e+00
1.619084239006042480e+00
6.733880519866943359e+00
6.691840362548828125e+01
3.409751892089843750e+01
3.266844987869262695e+00
1.379357910156250000e+02
4.436174621582031250e+02
3.298600673675537109e+00
3.171241521835327148e+00
2.914096355438232422e+00
4.690001296997070312e+01
2.173348188400268555e+00
3.491945266723632812e+00
3.355484313964843750e+02
1.271102237701416016e+01
5.296216583251953125e+01
9.372475585937500000e+02
4.943278121948242188e+01
1.380438089370727539e+00
5.244883728027343750e+01
