9.774563461542129517e-02
2.059390693902969360e-01
2.608032710850238800e-02
2.834607381373643875e-03
2.570201829075813293e-02
1.466964244842529297e+00
1.779127679765224457e-02
9.047489613294601440e-03
3.377835825085639954e-02
2.097061574459075928e-01
9.686203300952911377e-02
4.529662802815437317e-02
9.040629118680953979e-02
1.835225522518157959e-02
6.982902530580759048e-03
4.166042804718017578e-02
2.477409783750772476e-03
2.315229736268520355e-02
3.484047949314117432e-02
4.507580772042274475e-03
1.258650980889797211e-02
1.745599135756492615e-02
1.066633537411689758e-01
1.702140457928180695e-02
3.689500093460083008e+00
7.104440126568078995e-03
4.385513439774513245e-02
1.443906575441360474e-01
1.682188957929611206e-01
1.133039593696594238e+00
2.567547373473644257e-03
9.006322943605482578e-04
3.270733356475830078e-02
8.365608006715774536e-02
1.869150251150131226e-02
9.120488166809082031e-02
8.935987949371337891e-03
9.268225403502583504e-04
2.654298022389411926e-02
1.286600064486265182e-02
2.993824481964111328e-01
1.119214668869972229e-01
1.915385201573371887e-02
2.938824653625488281e+00
2.303228676319122314e-01
1.133041977882385254e-01
1.624008640646934509e-02
9.410058856010437012e-01
1.764533342793583870e-03
1.360040903091430664e-01
1.057252734899520874e-01
6.424353271722793579e-02
1.574976742267608643e-01
4.079419001936912537e-02
2.818498294800519943e-03
4.225961863994598389e-03
4.816934466361999512e-03
6.385728716850280762e-02
2.062396705150604248e-02
1.259288311004638672e+01
1.203490234911441803e-02
5.563893318176269531e+00
1.240003947168588638e-02
2.044266276061534882e-02
1.232930868864059448e-01
1.364834755659103394e-01
4.261042475700378418e-01
4.623541608452796936e-02
1.233251810073852539e+00
5.396947264671325684e-01
2.120475110132247210e-04
5.647932887077331543e-01
4.528408870100975037e-03
4.735109806060791016e-01
8.286955207586288452e-02
2.049699611961841583e-02
1.397963706403970718e-02
3.818637877702713013e-02
2.483229339122772217e-02
1.415355969220399857e-02
3.655466437339782715e-01
2.158579975366592407e-02
9.599422663450241089e-02
9.902369929477572441e-04
2.812730614095926285e-03
4.449490923434495926e-03
1.540750963613390923e-04
2.006811089813709259e-02
9.123944044113159180e-01
1.068363664671778679e-03
1.472688559442758560e-02
3.266839683055877686e-02
7.228737697005271912e-03
4.129860177636146545e-02
1.387476921081542969e-02
7.429360151290893555e-01
1.892319917678833008e-01
4.675746262073516846e-01
4.944166168570518494e-03
1.231334581971168518e-01
1.648469567298889160e+00
6.348679214715957642e-02
3.454959951341152191e-03
2.947474643588066101e-02
2.311188913881778717e-02
2.122223079204559326e-01
5.240805819630622864e-02
3.980504721403121948e-02
2.623564004898071289e-01
1.091430857777595520e-01
1.814032718539237976e-02
1.350530833005905151e-01
6.215767562389373779e-02
2.757296860218048096e-01
2.342105470597743988e-02
6.794667243957519531e-02
7.270025461912155151e-02
2.185074239969253540e-02
5.814004223793745041e-03
1.851188205182552338e-02
2.638816833496093750e-03
4.962343978881835938e+01
3.337146043777465820e-01
1.004498004913330078e+00
6.523222546093165874e-04
1.020935401320457458e-01
1.769935898482799530e-02
5.941985291428864002e-04
1.816042214632034302e-01
4.084718227386474609e-02
7.963966727256774902e-01
6.657696515321731567e-02
6.112929433584213257e-03
1.975655090063810349e-03
3.778798878192901611e-02
7.878626696765422821e-03
2.203391492366790771e-02
9.002082943916320801e-01
1.505779474973678589e-01
9.247059226036071777e-01
2.482600696384906769e-02
1.166104618459939957e-02
1.600496053695678711e+00
6.253693699836730957e-01
6.574129104614257812e+00
1.268633157014846802e-01
3.402375280857086182e-01
5.066033080220222473e-02
1.978936791419982910e-01
3.386495634913444519e-02
1.546254847198724747e-02
3.563388884067535400e-01
1.378327906131744385e-01
5.798668786883354187e-02
1.853836178779602051e-01
4.820883646607398987e-02
2.179560437798500061e-02
2.941642887890338898e-02
1.323896110989153385e-03
4.094393923878669739e-03
1.365991383790969849e-01
9.267779067158699036e-03
6.711146980524063110e-02
1.239843741059303284e-01
9.124514460563659668e-01
2.654607892036437988e-01
2.750570774078369141e-01
2.122981697320938110e-01
2.243113994598388672e+00
2.911295508965849876e-03
1.344330012798309326e-01
1.762076169252395630e-01
1.429695286788046360e-03
1.818606443703174591e-02
5.624286457896232605e-02
1.099467277526855469e+00
3.159019723534584045e-02
3.362879529595375061e-02
2.804216183722019196e-02
5.913562178611755371e-01
1.063143312931060791e-01
5.843677371740341187e-02
1.519679278135299683e-01
4.595429822802543640e-02
1.022810459136962891e+00
5.815041437745094299e-02
2.022025734186172485e-02
2.407377213239669800e-02
3.694926500320434570e-01
2.661963924765586853e-02
5.880010724067687988e-01
3.945144638419151306e-02
4.702286387328058481e-04
5.755027756094932556e-02
1.331650167703628540e-01
6.851120293140411377e-02
1.596530079841613770e-01
3.305166959762573242e-02
5.779737140983343124e-03
2.495502084493637085e-01
4.049945622682571411e-03
6.153676286339759827e-02
3.801299631595611572e-02
4.297645762562751770e-02
2.188951894640922546e-02
9.912384673953056335e-03
8.695639669895172119e-02
8.700757980346679688e+00
4.172585438936948776e-03
2.704157726839184761e-03
9.243073873221874237e-03
3.578626364469528198e-02
6.056332495063543320e-04
7.753719091415405273e-01
4.213436692953109741e-02
1.386689662933349609e+00
5.164090394973754883e-01
2.012739330530166626e-02
9.556728182360529900e-04
7.113890647888183594e-01
9.448755383491516113e-01
4.610153380781412125e-03
1.254873163998126984e-02
2.090626768767833710e-02
1.774917909642681479e-04
1.730420142412185669e-01
2.653999952599406242e-03
2.024670839309692383e+00
8.501178771257400513e-02
1.420907676219940186e-02
2.076636068522930145e-02
2.192496322095394135e-02
1.618123054504394531e-02
1.147207710891962051e-02
2.840760722756385803e-02
1.652831137180328369e-01
6.434650719165802002e-02
5.258261226117610931e-03
3.118114769458770752e-01
1.475183526054024696e-03
2.527269423007965088e-01
2.486301772296428680e-02
1.510770767927169800e-01
6.112017203122377396e-03
1.027402468025684357e-02
1.861191168427467346e-02
8.940561860799789429e-02
4.124782606959342957e-02
5.179486796259880066e-02
8.611471205949783325e-02
5.665186792612075806e-02
6.960822939872741699e-01
3.745108842849731445e-04
2.292221635580062866e-01
7.231657952070236206e-02
1.320820748805999756e-01
1.989890575408935547e+00
9.395160526037216187e-02
1.670026965439319611e-02
4.785501211881637573e-02
1.287523098289966583e-02
3.078859765082597733e-03
5.235335826873779297e-01
6.826241314411163330e-02
1.043336931616067886e-02
2.576743364334106445e-01
3.968019969761371613e-03
1.460828185081481934e+00
1.405958319082856178e-03
1.903627999126911163e-02
4.917992591857910156e+00
1.659568399190902710e-01
1.785286664962768555e-01
4.508124664425849915e-03
1.963642658665776253e-03
2.460112236440181732e-02
2.732565999031066895e-02
1.615234650671482086e-02
1.671186834573745728e-01
5.249887108802795410e-01
3.898972272872924805e-01
4.642897099256515503e-02
2.477170713245868683e-02
1.658801548182964325e-02
6.638620398007333279e-04
1.511607412248849869e-02
4.161069393157958984e+00
1.684746384620666504e+00
5.842175334692001343e-03
6.556771695613861084e-02
2.115273475646972656e-02
6.450742483139038086e-03
2.501887977123260498e-01
2.322354353964328766e-02
2.159277908504009247e-03
1.226927991956472397e-02
2.652231417596340179e-02
5.764383450150489807e-02
1.274384021759033203e+00
1.767123490571975708e-01
2.583186864852905273e+00
1.757086515426635742e-01
1.800245940685272217e-01
1.492971897125244141e+00
6.063229441642761230e-01
2.223229967057704926e-02
1.286514755338430405e-02
1.551207453012466431e-01
5.606501922011375427e-02
1.895784884691238403e-01
9.582945704460144043e-01
1.560159176588058472e-01
5.524473264813423157e-02
1.945844292640686035e-01
1.153258513659238815e-02
5.178236961364746094e-02
2.359907608479261398e-03
1.183140158653259277e+00
1.938488450832664967e-03
8.724018000066280365e-03
1.252622306346893311e-01
1.457770471461117268e-03
4.131785780191421509e-02
2.166842222213745117e-01
2.883859910070896149e-02
2.720046758651733398e+00
5.938549991697072983e-03
5.158559419214725494e-03
2.436882629990577698e-02
6.972697563469409943e-03
1.554333954118192196e-03
1.491525530815124512e+00
2.029812894761562347e-02
3.071733005344867706e-02
1.396334823220968246e-02
2.042579650878906250e-02
2.111212909221649170e-02
1.266102492809295654e-02
5.535294860601425171e-02
2.573007941246032715e-01
2.882724255323410034e-02
7.450634730048477650e-04
6.422989536076784134e-03
1.139473795890808105e+00
1.227336353622376919e-03
1.718577928841114044e-02
3.671366274356842041e-01
4.178485274314880371e-01
3.581333160400390625e-02
1.194755733013153076e-01
1.356282979249954224e-01
6.661552190780639648e-02
2.712015120778232813e-04
1.750677265226840973e-02
3.842165321111679077e-02
3.678802866488695145e-03
2.933168783783912659e-02
6.165309995412826538e-02
7.333517074584960938e-02
1.714180558919906616e-01
3.725146874785423279e-02
4.637800157070159912e-03
6.806672364473342896e-02
2.639793418347835541e-02
3.132180869579315186e-01
2.603126317262649536e-02
9.859762340784072876e-02
3.899583593010902405e-03
3.573052883148193359e-01
9.573927964083850384e-04
7.563735544681549072e-02
2.978254482150077820e-02
3.173129081726074219e+00
5.491441115736961365e-02
4.795543849468231201e-01
4.128203261643648148e-03
1.186492387205362320e-02
1.225690636783838272e-02
8.756596595048904419e-03
1.668733358383178711e-02
5.214488506317138672e-02
7.966591045260429382e-03
6.911681294441223145e-01
3.136726617813110352e-01
5.530825629830360413e-02
3.267697811126708984e+00
1.328032588958740234e+01
1.507027260959148407e-02
7.286885753273963928e-03
3.731409960892051458e-04
6.998945027589797974e-02
3.071614354848861694e-02
4.202603176236152649e-02
8.225222587585449219e+00
6.007491610944271088e-04
3.913115978240966797e+00
1.938449591398239136e-01
1.755159907042980194e-02
5.602391436696052551e-03
8.116415701806545258e-03
7.831485271453857422e+00
3.024345588684082031e+01
3.296211624145507812e+01
2.300233989953994751e-01
7.723329067230224609e+00
1.625691652297973633e+00
1.218431854248046875e+02
7.622675895690917969e+00
8.010997772216796875e+01
8.673634529113769531e+00
5.755889892578125000e+01
1.348566913604736328e+01
7.014990806579589844e+00
5.993484854698181152e-01
1.329562187194824219e+01
3.024876403808593750e+01
1.425964450836181641e+01
1.322288208007812500e+02
1.868617057800292969e+01
2.808765411376953125e+00
4.700651168823242188e+00
3.549272298812866211e+00
8.099502563476562500e+00
1.315941810607910156e+01
1.699253082275390625e+01
1.008979082107543945e+00
2.513299751281738281e+01
1.935892181396484375e+02
3.068840637207031250e+02
4.693637847900390625e+01
2.081434726715087891e+00
2.153404951095581055e+00
2.167115688323974609e+00
2.269446105957031250e+02
1.972400784492492676e+00
1.016062641143798828e+01
4.030505716800689697e-01
1.474506556987762451e-01
1.591515421867370605e+00
3.977534866333007812e+01
1.129016723632812500e+03
1.391939449310302734e+01
4.496077299118041992e-01
9.929521179199218750e+01
1.314881134033203125e+01
1.059828872680664062e+02
9.116734313964843750e+01
1.190173435211181641e+01
1.362750649452209473e+00
1.656883850097656250e+02
3.493686676025390625e+01
8.829874992370605469e+00
1.004541206359863281e+01
4.946263122558593750e+01
4.182202339172363281e+00
1.499761939048767090e+00
2.086040735244750977e+00
1.235253334045410156e+00
3.911241292953491211e+00
2.138680725097656250e+02
4.225490951538085938e+01
1.973979187011718750e+02
1.529421925544738770e+00
1.182303333282470703e+01
2.399704217910766602e+00
1.543024921417236328e+01
1.707552719116210938e+01
7.083644409179687500e+02
1.023046875000000000e+03
2.007439613342285156e+01
6.693062186241149902e-02
2.857185745239257812e+01
1.359932184219360352e+00
7.064788055419921875e+01
7.445528507232666016e+00
7.031449317932128906e+00
4.527323246002197266e-01
1.806390285491943359e+00
3.287265777587890625e+01
1.804023933410644531e+01
1.825271415710449219e+01
2.282355308532714844e+00
8.314150810241699219e+00
1.012318038940429688e+01
6.183986663818359375e+00
3.507877588272094727e+00
1.873271912336349487e-01
1.969881248474121094e+01
1.730179595947265625e+01
1.548350334167480469e+00
3.845086812973022461e+00
5.706423187255859375e+01
3.167152023315429688e+01
1.577289390563964844e+01
3.440610504150390625e+01
2.315589904785156250e+01
4.064935207366943359e+00
1.390659790039062500e+03
1.961063861846923828e+00
2.850305747985839844e+01
6.825752854347229004e-01
3.538488388061523438e+00
3.678613305091857910e-01
8.557521057128906250e+01
1.312067413330078125e+01
2.001423454284667969e+01
3.307032108306884766e+00
2.261926727294921875e+02
2.577700195312500000e+02
2.265458822250366211e+00
1.303530484437942505e-01
4.793328475952148438e+01
1.573011589050292969e+01
4.775480270385742188e+00
3.156492042541503906e+01
3.520288848876953125e+01
1.323362636566162109e+01
6.699984550476074219e+00
1.946181106567382812e+01
9.587961196899414062e+00
2.595494651794433594e+01
5.068633789062500000e+03
1.500812835693359375e+02
3.156942939758300781e+01
2.240652799606323242e+00
1.779918670654296875e+02
9.734775543212890625e+00
1.437879681587219238e+00
3.119475402832031250e+02
7.784833526611328125e+01
3.226515197753906250e+01
1.082371330261230469e+01
1.411423236131668091e-01
3.976195335388183594e+00
1.037261962890625000e+00
1.471204638481140137e+00
4.311096668243408203e+00
1.090079727172851562e+02
4.762949371337890625e+01
1.034565353393554688e+02
4.073366165161132812e+01
6.130892038345336914e-01
2.799429626464843750e+02
1.622579193115234375e+01
1.181011123657226562e+02
1.808839607238769531e+01
2.757185058593750000e+02
9.895875453948974609e-01
2.868928718566894531e+01
1.176959991455078125e+02
7.316869497299194336e-01
2.394746246337890625e+02
3.850512695312500000e+01
6.482858061790466309e-01
8.306781005859375000e+01
7.141388416290283203e+00
1.235659956932067871e+00
6.913949251174926758e-01
7.634738087654113770e-01
1.060779094696044922e+00
2.679299011230468750e+02
1.048435897827148438e+02
7.002319335937500000e+01
9.891728401184082031e+00
3.886138153076171875e+01
4.102823734283447266e+00
2.417785644531250000e+01
7.229596710205078125e+01
3.316304931640625000e+02
1.415112614631652832e+00
1.322139930725097656e+01
2.580847473144531250e+02
1.523337602615356445e+00
4.037905216217041016e+00
1.057477493286132812e+02
1.572650146484375000e+01
4.349343776702880859e+00
1.993924903869628906e+01
2.431289672851562500e+00
1.766024780273437500e+01
2.167958021163940430e+00
3.492668914794921875e+01
9.266065979003906250e+01
2.452937960624694824e-01
1.957265747070312500e+03
1.195796585083007812e+01
1.122049689292907715e+00
5.839944362640380859e+00
9.944432067871093750e+01
1.479579639434814453e+01
1.499995231628417969e+00
1.713730430603027344e+01
2.675419092178344727e+00
2.787182807922363281e+01
2.173494529724121094e+01
4.398480355739593506e-01
1.677483749389648438e+01
1.266329169273376465e+00
1.108002424240112305e+00
2.914519309997558594e+00
7.613877296447753906e+00
2.213791847229003906e+00
5.551183223724365234e+00
1.222481632232666016e+01
4.784801483154296875e+01
3.934782743453979492e-01
9.869801521301269531e+00
9.382670593261718750e+01
5.339010715484619141e+00
1.754601097106933594e+01
1.090633392333984375e+01
3.304252624511718750e+00
1.085549831390380859e+00
7.205258789062500000e+02
1.199122619628906250e+01
4.713256454467773438e+01
5.626548767089843750e+00
1.608932952880859375e+02
9.547051787376403809e-01
6.870570373535156250e+01
1.462494140625000000e+03
1.818143278360366821e-01
9.234064221382141113e-01
1.077997131347656250e+02
1.408440470695495605e+00
2.814035034179687500e+02
3.390855789184570312e+00
9.426613807678222656e+00
1.364374160766601562e+00
8.811715126037597656e+00
2.686533033847808838e-01
1.089013385772705078e+01
9.871189594268798828e-01
6.272141265869140625e+01
4.516962528228759766e+00
3.672530364990234375e+01
9.739579558372497559e-01
5.737053394317626953e+00
1.023471736907958984e+01
7.441114783287048340e-01
1.905145721435546875e+02
1.293132686614990234e+01
5.867910861968994141e+00
3.730718851089477539e+00
2.502506637573242188e+01
5.908488845825195312e+01
8.682042694091796875e+01
2.925937473773956299e-01
3.544366455078125000e+02
5.007025241851806641e+00
1.189155101776123047e+01
1.889997863769531250e+01
1.477668166160583496e+00
9.938549804687500000e+01
3.074936103820800781e+01
2.011758804321289062e+00
2.841951179504394531e+01
8.994491577148437500e+00
2.148590803146362305e+00
2.078513183593750000e+02
1.953972053527832031e+01
2.723644256591796875e+01
1.547166538238525391e+01
1.295051269531250000e+02
2.810005569458007812e+01
5.908381652832031250e+01
1.844253158569335938e+01
1.617525482177734375e+02
1.570183783769607544e-01
8.404904365539550781e+00
7.533121948242187500e+02
4.264709854125976562e+01
8.881674194335937500e+01
5.297239422798156738e-01
2.870078682899475098e-01
1.646722030639648438e+01
7.469104290008544922e+00
8.904039382934570312e+00
1.480725479125976562e+01
1.767667770385742188e+00
9.534212112426757812e+00
2.895183086395263672e+00
3.142996788024902344e+00
1.147227287292480469e+01
8.209992647171020508e-01
1.974840164184570312e+00
2.066029052734375000e+02
1.747943267822265625e+02
3.190016746520996094e+00
3.171685981750488281e+01
1.981219482421875000e+01
4.801609992980957031e+00
1.779427490234375000e+03
3.443223476409912109e+00
2.641495513916015625e+01
8.218266487121582031e+00
2.054537582397460938e+01
1.181416625976562500e+02
5.894530773162841797e+00
5.359679031372070312e+01
6.384744262695312500e+01
4.329307556152343750e+01
1.794494819641113281e+01
3.170052490234375000e+02
6.676511764526367188e+00
5.675471782684326172e+00
1.250612411499023438e+02
8.298439025878906250e+00
7.834423065185546875e+00
2.707999572753906250e+02
1.396765136718750000e+02
1.522017669677734375e+02
5.271796875000000000e+02
1.324321746826171875e+00
4.390201091766357422e+00
5.868435502052307129e-01
2.945931434631347656e+00
9.822893142700195312e+00
2.871267080307006836e+00
6.937634348869323730e-01
2.993108987808227539e+00
8.566676974296569824e-01
2.279827117919921875e+02
1.485435009002685547e+01
1.214204940795898438e+02
9.997740936279296875e+01
4.859387874603271484e+00
3.242448425292968750e+01
1.787427520751953125e+01
1.697604560852050781e+01
7.045435309410095215e-01
1.330097412109375000e+03
1.517793884277343750e+02
1.036410045623779297e+01
3.784694290161132812e+01
5.610080337524414062e+01
4.270328369140625000e+02
1.385895442962646484e+01
1.635152935981750488e+00
1.673651885986328125e+01
7.119487524032592773e-01
1.645331001281738281e+01
1.716629638671875000e+02
1.822844696044921875e+01
2.728134393692016602e+00
2.858938694000244141e+00
9.371546173095703125e+01
3.950760498046875000e+02
2.946775054931640625e+01
1.896079254150390625e+01
1.383870410919189453e+01
2.085062861442565918e-01
6.936756521463394165e-02
1.808579444885253906e+01
8.661897659301757812e+00
3.017217159271240234e+00
1.669065284729003906e+01
8.473239135742187500e+01
6.263882827758789062e+01
3.176342201232910156e+01
1.931248664855957031e+00
1.274116873741149902e+00
4.051043510437011719e+00
6.534366607666015625e+00
1.241773223876953125e+02
2.043080329895019531e+00
3.018414115905761719e+01
4.139189124107360840e-01
5.173589229583740234e+00
1.797357499599456787e-01
4.026744842529296875e+00
2.790703735351562500e+02
2.162743750000000000e+04
5.372210025787353516e+00
4.053780364990234375e+01
5.452601432800292969e+00
2.695923805236816406e+00
5.097972106933593750e+01
1.217847518920898438e+02
1.215411782264709473e+00
2.017650127410888672e+00
7.405728340148925781e+00
6.643976593017578125e+01
2.203157997131347656e+01
4.297859191894531250e+00
1.306424407958984375e+02
5.449730834960937500e+02
4.247565746307373047e+00
2.216994524002075195e+00
2.587823629379272461e+00
5.228818511962890625e+01
1.640132546424865723e+00
3.245147228240966797e+00
2.858064880371093750e+02
1.452361583709716797e+01
8.063140869140625000e+01
9.089916992187500000e+02
4.341683578491210938e+01
1.037857174873352051e+00
4.433930587768554688e+01
