2.272544056177139282e-02
1.238141953945159912e-01
4.737239796668291092e-03
2.231632359325885773e-03
2.254085987806320190e-02
3.841476440429687500e+00
1.711343973875045776e-02
2.284192480146884918e-03
6.972222123295068741e-03
3.991055786609649658e-01
1.379217021167278290e-02
2.917054668068885803e-02
4.512153938412666321e-02
2.470174804329872131e-02
2.160053467378020287e-03
1.408983115106821060e-02
1.556547125801444054e-03
7.522363215684890747e-03
2.255574055016040802e-02
7.421003538183867931e-04
3.809402510523796082e-02
3.033800236880779266e-02
1.203379854559898376e-01
2.121126092970371246e-02
1.552951931953430176e+00
8.880037814378738403e-03
4.330454021692276001e-02
5.408104136586189270e-02
7.856532186269760132e-02
4.411196708679199219e-01
5.843688268214464188e-04
1.727813505567610264e-04
7.570448331534862518e-03
3.304444253444671631e-02
3.480060771107673645e-02
1.231577340513467789e-02
5.076024215668439865e-03
4.684195155277848244e-04
6.838413886725902557e-03
5.761419422924518585e-03
1.615828126668930054e-01
9.233666956424713135e-02
3.668549936264753342e-03
8.483016014099121094e+00
1.372220963239669800e-01
1.092665567994117737e-01
7.625168655067682266e-03
4.124853014945983887e-01
2.287413226440548897e-03
2.830436639487743378e-02
1.236785352230072021e-01
5.030224472284317017e-02
8.099249005317687988e-02
2.943063341081142426e-02
8.390249568037688732e-04
2.825351431965827942e-03
4.142704885452985764e-03
1.079113502055406570e-02
2.641764841973781586e-02
8.173553466796875000e+00
1.211014203727245331e-02
8.801321983337402344e+00
1.466949842870235443e-02
4.006705712527036667e-03
7.370860129594802856e-02
3.197342902421951294e-02
1.490187048912048340e-01
1.547547150403261185e-02
6.297504901885986328e-01
5.629786252975463867e-01
1.510901201982051134e-04
1.112563967704772949e+00
1.386115327477455139e-03
6.827603280544281006e-02
6.445161998271942139e-02
1.976966485381126404e-02
5.042505916208028793e-03
4.894356057047843933e-02
2.024312131106853485e-02
1.035044807940721512e-02
1.164218708872795105e-01
1.589646004140377045e-02
1.967989839613437653e-02
2.030730975093320012e-04
2.240300411358475685e-03
2.492251340299844742e-03
5.079713810118846595e-05
2.168790437281131744e-02
5.471755266189575195e-01
6.285433191806077957e-04
9.590674191713333130e-03
9.195095859467983246e-03
1.793344854377210140e-03
4.014744982123374939e-02
1.308391802012920380e-03
6.863270998001098633e-01
2.958623170852661133e-01
1.012865304946899414e-01
1.223462983034551144e-03
7.689671218395233154e-02
1.984727025032043457e+00
4.365685954689979553e-02
1.401588669978082180e-03
2.078162506222724915e-02
1.456963736563920975e-02
3.921805620193481445e-01
5.166664719581604004e-02
1.289995945990085602e-02
3.506238013505935669e-02
1.312350183725357056e-01
7.339526712894439697e-02
2.620314061641693115e-01
5.165103077888488770e-02
9.182448685169219971e-02
1.537889894098043442e-02
4.691714048385620117e-02
4.155227169394493103e-02
1.062823738902807236e-02
3.285568905994296074e-03
4.177965968847274780e-02
1.507242093794047832e-03
1.257802772521972656e+01
4.034343063831329346e-01
4.513013362884521484e-01
1.978201180463656783e-04
1.469598114490509033e-01
1.810285076498985291e-02
5.388378631323575974e-04
6.781325489282608032e-02
4.200001806020736694e-02
7.769958376884460449e-01
2.248719334602355957e-02
3.748744726181030273e-03
2.098026685416698456e-03
4.573288932442665100e-02
1.399236824363470078e-02
3.781415149569511414e-02
1.283832430839538574e+00
1.496331393718719482e-01
5.423590540885925293e-01
1.028147432953119278e-02
8.128318004310131073e-03
8.701465129852294922e-01
6.914956569671630859e-01
1.572048377990722656e+01
3.458719700574874878e-02
2.245025783777236938e-01
1.286022923886775970e-02
4.937487095594406128e-02
7.376818452030420303e-03
1.262019388377666473e-02
7.954479008913040161e-02
2.010092586278915405e-01
2.509621344506740570e-02
1.122323125600814819e-01
1.222931686788797379e-02
2.358936145901679993e-02
3.675951063632965088e-02
1.394623308442533016e-03
5.240714177489280701e-03
5.433817580342292786e-02
4.616887017618864775e-04
8.831057697534561157e-02
2.067728191614151001e-01
2.928742766380310059e-01
1.531565487384796143e-01
1.051184535026550293e-01
1.827137917280197144e-01
1.093651056289672852e+00
7.308170897886157036e-04
1.925231330096721649e-02
1.294797360897064209e-01
1.655570231378078461e-04
7.701386231929063797e-03
3.450578823685646057e-02
1.609541773796081543e+00
1.928685232996940613e-02
1.470204070210456848e-02
1.378143485635519028e-02
1.114998534321784973e-01
3.580870106816291809e-02
3.263299912214279175e-02
1.176114454865455627e-01
5.653442814946174622e-02
1.127112150192260742e+00
1.355666946619749069e-02
5.638459231704473495e-03
3.417406603693962097e-02
3.419233262538909912e-01
3.198658674955368042e-02
2.113954871892929077e-01
2.940484508872032166e-02
1.961741800187155604e-04
1.066409796476364136e-01
1.927867531776428223e-01
3.172963857650756836e-02
3.009713590145111084e-01
4.008334875106811523e-02
4.592490848153829575e-03
3.277159482240676880e-02
3.468172857537865639e-03
4.973157122731208801e-02
1.329946890473365784e-02
3.471914306282997131e-02
4.756878595799207687e-03
4.617767874151468277e-03
1.407567411661148071e-01
1.144861602783203125e+01
3.468958660960197449e-03
2.416640752926468849e-03
2.813874976709485054e-03
3.490637242794036865e-02
1.348699443042278290e-04
1.142383694648742676e+00
2.620561607182025909e-02
2.063481092453002930e+00
1.901270002126693726e-01
2.152540348470211029e-02
4.502012743614614010e-04
3.370656073093414307e-01
5.435131192207336426e-01
3.691754071041941643e-03
3.691741731017827988e-03
2.602724172174930573e-02
8.994605741463601589e-05
8.298479765653610229e-02
1.385345472954213619e-03
3.121231794357299805e+00
2.260832041501998901e-01
7.869119755923748016e-03
1.350096520036458969e-02
1.074428856372833252e-02
2.102753520011901855e-02
2.219652757048606873e-03
1.169593781232833862e-01
1.705813035368919373e-02
6.663194298744201660e-02
4.143200814723968506e-03
2.499586343765258789e-01
3.706199640873819590e-04
8.465012162923812866e-02
2.689212001860141754e-02
1.532493382692337036e-01
3.077974542975425720e-03
1.126655004918575287e-02
9.732248261570930481e-03
2.882563509047031403e-02
7.055894285440444946e-02
3.179548308253288269e-02
5.433500185608863831e-02
2.771815657615661621e-02
5.623620152473449707e-01
1.090303558157756925e-04
9.177121520042419434e-02
1.525804772973060608e-02
1.621917635202407837e-01
2.442628860473632812e+00
3.593958914279937744e-02
8.276166394352912903e-03
1.205097958445549011e-01
5.818990990519523621e-03
8.731108973734080791e-04
1.070639967918395996e+00
3.184556216001510620e-02
4.493886139243841171e-03
3.219349682331085205e-02
1.019314769655466080e-02
1.045490264892578125e+00
4.729313310235738754e-03
6.306366994976997375e-03
1.679766416549682617e+00
2.991624549031257629e-02
4.587743580341339111e-01
2.430742606520652771e-03
1.459749415516853333e-03
9.848865680396556854e-03
1.099737733602523804e-02
9.676007553935050964e-03
2.356466799974441528e-01
7.543625831604003906e-01
1.575433611869812012e-01
1.106830965727567673e-02
9.599220938980579376e-03
8.188921026885509491e-03
1.640139671508222818e-04
6.579430773854255676e-03
3.758086681365966797e+00
1.195335626602172852e+00
6.972707342356443405e-04
5.196904391050338745e-02
1.076781935989856720e-02
1.869420288130640984e-03
1.288672685623168945e-01
3.060619160532951355e-02
8.286168449558317661e-04
1.175235956907272339e-02
2.901830896735191345e-02
3.864876925945281982e-02
1.589852929115295410e+00
5.229276791214942932e-02
1.024400472640991211e+00
4.115926027297973633e-01
8.871778845787048340e-02
7.842730283737182617e-01
1.441676259040832520e+00
1.414084341377019882e-02
1.674749515950679779e-02
6.011623889207839966e-02
7.052162196487188339e-03
1.166601851582527161e-01
8.405441045761108398e-01
6.138688698410987854e-02
1.493555773049592972e-02
4.158992469310760498e-01
5.052573513239622116e-03
2.695483341813087463e-02
1.124187023378908634e-03
4.431704878807067871e-01
2.343124244362115860e-03
6.696286145597696304e-03
2.365292459726333618e-01
9.931740351021289825e-04
1.188696920871734619e-02
4.368418082594871521e-02
3.173232311382889748e-03
4.243772327899932861e-01
4.167677834630012512e-03
4.593233112245798111e-03
1.141137629747390747e-02
2.637059427797794342e-03
2.596443053334951401e-03
2.573898732662200928e-01
7.488017901778221130e-03
1.671504788100719452e-02
7.309244479984045029e-03
9.337443858385086060e-03
6.051399279385805130e-03
5.131640937179327011e-03
1.606557704508304596e-02
1.316509097814559937e-01
2.855194266885519028e-03
5.456813378259539604e-04
4.395319148898124695e-03
1.259394168853759766e+00
9.413707302883267403e-04
9.354958310723304749e-03
1.523661911487579346e-01
5.390235409140586853e-02
2.650704048573970795e-02
3.089505061507225037e-02
9.455862641334533691e-02
1.100441440939903259e-01
8.252741827163845301e-05
1.400251965969800949e-02
4.378818441182374954e-03
2.943846397101879120e-03
2.375951223075389862e-02
2.159805223345756531e-02
4.516146704554557800e-02
4.642195627093315125e-02
2.812557667493820190e-02
8.936597150750458241e-04
2.117787487804889679e-02
9.268327616155147552e-03
1.412633210420608521e-01
1.221862062811851501e-02
9.393059462308883667e-02
1.116372877731919289e-03
1.315905600786209106e-01
3.745992726180702448e-04
7.707786560058593750e-02
9.694270789623260498e-02
9.284152090549468994e-02
1.894829422235488892e-02
5.787721872329711914e-01
3.080795286223292351e-03
8.475924842059612274e-03
4.622720181941986084e-03
1.221041381359100342e-02
2.321035787463188171e-02
5.893376842141151428e-02
1.838911208324134350e-03
2.397603273391723633e+00
8.044685423374176025e-02
1.940621249377727509e-02
3.475027799606323242e+00
1.028202152252197266e+01
7.714485283941030502e-03
9.408793412148952484e-04
4.537543281912803650e-04
2.824530564248561859e-02
6.788617931306362152e-03
3.210961446166038513e-02
4.002739906311035156e+00
1.970353478100150824e-04
3.000597238540649414e+00
1.210525482892990112e-01
1.477439794689416885e-02
8.763534715399146080e-04
5.053166300058364868e-03
9.989755630493164062e+00
6.468395996093750000e+01
6.630816650390625000e+01
6.408401727676391602e-01
2.361424636840820312e+01
1.328909993171691895e+00
2.606716308593750000e+02
8.206196784973144531e+00
7.401246643066406250e+01
1.118711853027343750e+01
1.085799865722656250e+02
1.910467910766601562e+01
3.323556137084960938e+01
4.946115314960479736e-01
8.334118843078613281e+00
1.020013656616210938e+02
4.353821945190429688e+01
1.338209838867187500e+02
7.398684692382812500e+01
5.725074768066406250e+00
3.011531448364257812e+01
5.026230335235595703e+00
5.965318679809570312e+00
3.548922348022460938e+01
3.014093637466430664e+00
4.967759847640991211e-01
1.210849151611328125e+02
4.707956848144531250e+02
8.114072265625000000e+02
1.873062896728515625e+02
4.473327159881591797e+00
2.873965263366699219e+00
6.043385028839111328e+00
2.535394897460937500e+02
7.060542583465576172e+00
4.809288978576660156e+00
4.434406757354736328e-01
5.917269736528396606e-02
2.748807907104492188e+00
1.044788284301757812e+02
8.247487792968750000e+02
1.815899276733398438e+01
7.413856983184814453e-01
4.330702514648437500e+02
1.413688755035400391e+01
1.193498611450195312e+02
7.024629211425781250e+01
8.869267463684082031e+00
6.001414656639099121e-01
4.756963195800781250e+02
1.384080657958984375e+02
2.083205795288085938e+01
8.721562385559082031e+00
1.728763198852539062e+01
3.484967947006225586e+00
7.329170227050781250e+00
5.027372360229492188e+00
3.084173202514648438e-01
1.508966732025146484e+01
7.886814575195312500e+02
1.447646179199218750e+02
4.353776550292968750e+02
5.055690288543701172e+00
3.550064849853515625e+01
3.670293092727661133e+00
2.152690505981445312e+01
3.998405075073242188e+01
1.120168090820312500e+03
3.030402832031250000e+02
2.928865814208984375e+01
5.798303708434104919e-02
7.963178253173828125e+01
8.911936879158020020e-01
1.039903945922851562e+02
6.262474536895751953e+00
7.454822063446044922e+00
6.679040193557739258e-01
8.239802360534667969e+00
1.724768218994140625e+02
2.862617492675781250e+01
2.480229187011718750e+01
4.091366767883300781e+00
7.247262001037597656e+00
2.277758026123046875e+01
6.298497200012207031e+00
2.434537887573242188e+01
8.339612185955047607e-02
9.041351318359375000e+00
1.151797580718994141e+01
2.539457082748413086e+00
8.742939949035644531e+00
3.394544601440429688e+01
3.508354187011718750e+01
9.670407295227050781e+00
7.749164581298828125e+01
1.024304199218750000e+02
3.090533733367919922e+00
6.060848999023437500e+02
7.563824057579040527e-01
1.998074645996093750e+02
1.955727100372314453e+00
1.861944198608398438e+01
1.783532619476318359e+00
1.152958450317382812e+02
2.724832916259765625e+01
6.064514541625976562e+01
1.755834341049194336e+00
1.553797729492187500e+03
2.477965545654296875e+02
8.123512864112854004e-01
3.482587337493896484e-01
4.790481262207031250e+02
1.474102935791015625e+02
9.595280885696411133e-01
3.002000045776367188e+01
9.321309661865234375e+01
5.122068023681640625e+01
1.337551784515380859e+01
6.575931549072265625e+01
1.116457366943359375e+01
1.280292968750000000e+02
4.612113281250000000e+03
2.148824157714843750e+02
1.035983123779296875e+02
1.770784497261047363e+00
1.412297515869140625e+02
1.954486846923828125e+01
2.694482326507568359e+00
4.949941711425781250e+02
6.677579498291015625e+01
2.052781982421875000e+02
1.615866851806640625e+01
3.249607980251312256e-01
1.595215511322021484e+01
1.646571755409240723e+00
2.674082756042480469e+00
1.419229865074157715e+00
2.575531616210937500e+02
3.171252746582031250e+02
2.286049499511718750e+02
2.376778602600097656e+01
1.945603609085083008e+00
3.997222290039062500e+02
1.548570728302001953e+01
4.244533996582031250e+02
2.396252250671386719e+01
2.646697082519531250e+02
1.185066699981689453e+00
2.437322044372558594e+01
8.249513549804687500e+02
3.469800353050231934e-01
3.637839660644531250e+02
4.773572158813476562e+01
3.379283547401428223e-01
8.948798370361328125e+01
2.435204887390136719e+01
1.886262536048889160e+00
7.768125534057617188e-01
4.202827930450439453e+00
1.653570175170898438e+00
7.044957275390625000e+02
1.057240524291992188e+02
1.220824966430664062e+02
2.441188240051269531e+01
1.420433044433593750e+02
4.401823043823242188e+01
3.829178237915039062e+01
2.201143951416015625e+02
4.584297790527343750e+02
6.013747215270996094e+00
6.744448661804199219e+00
6.890228881835937500e+02
1.633359313011169434e+00
4.691395759582519531e+00
2.177773895263671875e+02
1.858354377746582031e+01
5.630688190460205078e+00
4.738315582275390625e+01
2.127197027206420898e+00
1.456600570678710938e+01
6.140689849853515625e+00
1.659493827819824219e+01
2.775155334472656250e+02
4.024425506591796875e+00
1.366213867187500000e+04
3.377945661544799805e+00
3.818771839141845703e-01
1.628538703918457031e+01
2.542431182861328125e+02
5.052158737182617188e+01
2.158904075622558594e+00
1.579501800537109375e+02
7.039545059204101562e+00
4.652538299560546875e+01
1.040967636108398438e+02
1.917054772377014160e+00
3.960148620605468750e+01
8.212313055992126465e-01
3.189729690551757812e+00
1.812666296958923340e+00
1.025687885284423828e+01
5.734104633331298828e+00
5.867715835571289062e+00
3.735426712036132812e+01
4.012760543823242188e+01
6.629649996757507324e-01
3.535718917846679688e+01
4.138087768554687500e+02
4.570832252502441406e+00
2.557796859741210938e+01
5.738770961761474609e+00
1.816099882125854492e+00
9.121354222297668457e-01
2.921488037109375000e+03
1.270824623107910156e+01
2.262337799072265625e+02
5.356504440307617188e+00
2.330806579589843750e+02
9.785274267196655273e-01
1.417621459960937500e+02
2.413031494140625000e+03
7.405254244804382324e-02
1.630843997001647949e+00
4.656099243164062500e+02
2.791819572448730469e+00
7.732890014648437500e+02
2.770766496658325195e+00
1.734506797790527344e+01
5.242800712585449219e+00
9.582204818725585938e+00
9.032284468412399292e-02
7.298381805419921875e+00
1.727926135063171387e+00
2.529544219970703125e+02
3.472948455810546875e+01
1.389427852630615234e+01
3.803422689437866211e+00
1.983747673034667969e+01
1.408967781066894531e+01
1.057637333869934082e+00
2.738704528808593750e+02
6.927683258056640625e+01
1.067530441284179688e+01
1.225985431671142578e+01
9.501512908935546875e+01
5.356856918334960938e+01
1.298660736083984375e+02
3.973017632961273193e-01
2.860795898437500000e+03
6.407592773437500000e+00
4.845875167846679688e+01
2.264693260192871094e+01
8.487776517868041992e-01
3.480145874023437500e+02
7.470084381103515625e+01
6.294855475425720215e-01
2.733156127929687500e+02
4.429105377197265625e+01
3.260843276977539062e+00
1.432528930664062500e+03
4.893941116333007812e+01
5.010806274414062500e+01
4.427413940429687500e+01
3.530149536132812500e+02
1.267627334594726562e+02
7.940147399902343750e+01
1.884969902038574219e+01
5.559697875976562500e+02
2.998449802398681641e-01
8.876177787780761719e+00
4.746587829589843750e+02
1.242364025115966797e+01
2.770646667480468750e+02
1.097443461418151855e+00
4.937527179718017578e-01
2.726724624633789062e+01
4.493872642517089844e+00
4.473125934600830078e+00
5.194400024414062500e+01
5.517193078994750977e-01
1.015559101104736328e+01
2.535194635391235352e+00
4.777425289154052734e+00
2.172779464721679688e+01
8.254905939102172852e-01
1.113339185714721680e+00
4.093549499511718750e+02
1.102030273437500000e+03
1.801643729209899902e+00
1.167621002197265625e+02
1.571310997009277344e+01
6.449009895324707031e+00
2.171994384765625000e+03
3.892013072967529297e+00
8.558325195312500000e+01
1.601830291748046875e+01
1.886956977844238281e+01
5.892723999023437500e+02
1.207743072509765625e+01
1.055591735839843750e+02
3.452361755371093750e+02
7.573074340820312500e+01
3.777490234375000000e+01
2.757366638183593750e+02
2.167720031738281250e+01
2.466843128204345703e+00
5.445900344848632812e+01
1.030272960662841797e+01
1.146114635467529297e+01
8.362902832031250000e+02
4.258835144042968750e+02
3.476652832031250000e+02
3.761684265136718750e+02
7.277676582336425781e+00
3.463242053985595703e+00
6.735724806785583496e-01
1.849925613403320312e+01
9.335288047790527344e+00
7.258721351623535156e+00
1.425681471824645996e+00
4.766074180603027344e+00
7.746965289115905762e-01
1.271735763549804688e+02
3.470177459716796875e+01
3.842483901977539062e+01
1.297453155517578125e+02
1.236181354522705078e+01
4.482351684570312500e+01
1.544561195373535156e+01
7.694003582000732422e+00
3.184754550457000732e-01
4.603877929687500000e+03
8.471328735351562500e+02
6.872405242919921875e+01
9.692868804931640625e+01
5.395048522949218750e+01
4.894849243164062500e+02
2.614641761779785156e+01
1.095178222656250000e+01
2.242477416992187500e+01
1.837808370590209961e+00
4.429415893554687500e+01
7.211738281250000000e+02
4.200615310668945312e+01
7.334640026092529297e+00
3.134495019912719727e+00
7.735508728027343750e+01
6.127230224609375000e+02
4.693312072753906250e+01
1.405176639556884766e+01
1.355604076385498047e+01
9.855057299137115479e-02
8.423480391502380371e-02
2.096272468566894531e+01
1.308339214324951172e+01
4.213137626647949219e+00
8.938592910766601562e+00
1.213034210205078125e+02
3.172039794921875000e+01
6.476293182373046875e+01
3.635696411132812500e+00
1.604906678199768066e+00
4.808054924011230469e+00
1.667631340026855469e+01
7.672167358398437500e+02
1.459773898124694824e+00
5.583302688598632812e+01
5.399737954139709473e-01
4.262829780578613281e+00
1.771326810121536255e-01
1.182241344451904297e+01
2.153487304687500000e+03
1.433981250000000000e+04
2.829032182693481445e+00
8.637512207031250000e+01
5.430005264282226562e+01
3.965324401855468750e+00
1.002630920410156250e+02
4.121514587402343750e+02
3.505583047866821289e+00
3.632606744766235352e+00
8.141344070434570312e+00
5.683213806152343750e+01
1.420318508148193359e+01
5.937716484069824219e+00
1.921644134521484375e+02
6.676882324218750000e+02
6.234324455261230469e+00
2.820123195648193359e+00
2.169555664062500000e+00
1.194381637573242188e+02
2.839839220046997070e+00
1.371078014373779297e+01
1.986535034179687500e+02
1.450449371337890625e+01
3.578713989257812500e+02
7.474937133789062500e+02
1.035084457397460938e+02
1.548743128776550293e+00
2.799812698364257812e+01
