2.903653122484683990e-02
1.546631753444671631e-01
5.344063043594360352e-03
2.201016526669263840e-03
2.604293264448642731e-02
4.602274894714355469e+00
1.934976875782012939e-02
2.281298162415623665e-03
7.633503526449203491e-03
4.173097014427185059e-01
1.347493659704923630e-02
2.530168741941452026e-02
4.802571982145309448e-02
1.970765180885791779e-02
1.808455097489058971e-03
1.213970873504877090e-02
1.564076519571244717e-03
8.173453621566295624e-03
2.423776313662528992e-02
6.272498867474496365e-04
4.016257449984550476e-02
2.756766788661479950e-02
1.408935785293579102e-01
2.008980140089988708e-02
1.686738848686218262e+00
8.335359394550323486e-03
4.606299102306365967e-02
6.110748276114463806e-02
9.455454349517822266e-02
5.189608931541442871e-01
4.987742868252098560e-04
1.742376625770702958e-04
9.273543953895568848e-03
4.132654517889022827e-02
2.952135354280471802e-02
1.223847549408674240e-02
4.340372979640960693e-03
4.296278639230877161e-04
6.209075450897216797e-03
5.145455244928598404e-03
1.996624469757080078e-01
1.071699336171150208e-01
2.956814598292112350e-03
8.799400329589843750e+00
1.381636261940002441e-01
1.426336616277694702e-01
7.045896723866462708e-03
4.982556998729705811e-01
1.597259426489472389e-03
3.511564806103706360e-02
1.407002657651901245e-01
4.496064037084579468e-02
9.875704348087310791e-02
2.646347135305404663e-02
8.163618040271103382e-04
2.283787121996283531e-03
3.476108424365520477e-03
1.180228404700756073e-02
2.679185755550861359e-02
9.814095497131347656e+00
1.146684866398572922e-02
1.222197246551513672e+01
1.234549004584550858e-02
4.113079514354467392e-03
7.805622369050979614e-02
4.437281563878059387e-02
1.663372367620468140e-01
1.560578867793083191e-02
6.394177079200744629e-01
7.633455395698547363e-01
1.111631863750517368e-04
1.211601853370666504e+00
1.234729657880961895e-03
7.179564982652664185e-02
8.730430901050567627e-02
2.020306326448917389e-02
4.919656552374362946e-03
4.558206722140312195e-02
2.192300371825695038e-02
1.034548971801996231e-02
1.223386302590370178e-01
1.867347210645675659e-02
1.985234953463077545e-02
2.043473359663039446e-04
2.090197056531906128e-03
1.891583553515374660e-03
4.239862391841597855e-05
2.456674538552761078e-02
5.540734529495239258e-01
5.038719973526895046e-04
7.960986346006393433e-03
9.403698146343231201e-03
1.795102958567440510e-03
5.204834043979644775e-02
1.358715700916945934e-03
8.761301040649414062e-01
2.788193225860595703e-01
1.168958395719528198e-01
1.023327698931097984e-03
7.592647522687911987e-02
2.405361890792846680e+00
3.189544007182121277e-02
1.453233533538877964e-03
2.120029926300048828e-02
1.545637845993041992e-02
4.221118986606597900e-01
5.439013615250587463e-02
1.411002874374389648e-02
4.046202078461647034e-02
1.462135016918182373e-01
6.466692686080932617e-02
3.115135133266448975e-01
8.078202605247497559e-02
1.103467792272567749e-01
1.639195159077644348e-02
3.783083334565162659e-02
4.800076410174369812e-02
8.097292855381965637e-03
2.293511992320418358e-03
4.576623439788818359e-02
1.341563300229609013e-03
1.693635940551757812e+01
4.145580530166625977e-01
5.941271185874938965e-01
1.491855218773707747e-04
1.509758234024047852e-01
1.399180106818675995e-02
3.418667183723300695e-04
8.608022332191467285e-02
3.766189888119697571e-02
8.665929436683654785e-01
2.195179648697376251e-02
3.081440227106213570e-03
1.642357558012008667e-03
4.718381911516189575e-02
9.761365130543708801e-03
3.013238310813903809e-02
1.445379018783569336e+00
1.601202189922332764e-01
5.244850516319274902e-01
1.163069810718297958e-02
7.366726174950599670e-03
9.420474171638488770e-01
7.857108712196350098e-01
2.078921508789062500e+01
3.721089661121368408e-02
2.426721900701522827e-01
1.216421369463205338e-02
7.494692504405975342e-02
7.972101680934429169e-03
1.140989642590284348e-02
1.263070255517959595e-01
2.307072877883911133e-01
2.628600597381591797e-02
1.163637340068817139e-01
1.203465554863214493e-02
2.001605555415153503e-02
3.123270347714424133e-02
1.142632216215133667e-03
4.372998606413602829e-03
6.285145878791809082e-02
5.174760008230805397e-04
8.047813922166824341e-02
2.516460120677947998e-01
2.983307838439941406e-01
1.459825783967971802e-01
1.144812628626823425e-01
1.944408267736434937e-01
1.378000855445861816e+00
7.176725193858146667e-04
2.199027128517627716e-02
1.476798355579376221e-01
1.289066713070496917e-04
7.949822582304477692e-03
4.819141328334808350e-02
1.619347214698791504e+00
1.895659975707530975e-02
1.401298027485609055e-02
1.447336748242378235e-02
1.325730681419372559e-01
4.240634292364120483e-02
4.425593093037605286e-02
1.242975741624832153e-01
4.635051265358924866e-02
1.127986907958984375e+00
1.594062335789203644e-02
6.673039868474006653e-03
4.109443351626396179e-02
5.543229579925537109e-01
2.515616081655025482e-02
2.237368524074554443e-01
2.754235453903675079e-02
1.460914354538545012e-04
9.673085808753967285e-02
1.877566874027252197e-01
2.484373003244400024e-02
3.850736916065216064e-01
4.366149008274078369e-02
4.595349542796611786e-03
3.271166980266571045e-02
3.054560394957661629e-03
4.961459711194038391e-02
1.487584691494703293e-02
3.457088395953178406e-02
5.121937952935695648e-03
4.335121251642704010e-03
1.254042983055114746e-01
1.847949981689453125e+01
2.601673128083348274e-03
2.121112309396266937e-03
3.321118187159299850e-03
3.030813671648502350e-02
9.860880527412518859e-05
1.257837414741516113e+00
3.107519261538982391e-02
2.206397533416748047e+00
2.198014855384826660e-01
2.504600770771503448e-02
3.041687014047056437e-04
3.652338683605194092e-01
6.311398744583129883e-01
3.518846817314624786e-03
3.713679034262895584e-03
3.059090115129947662e-02
6.496470450656488538e-05
1.006049960851669312e-01
1.488115289248526096e-03
3.422971963882446289e+00
2.420947998762130737e-01
7.576150819659233093e-03
1.359331421554088593e-02
1.108522154390811920e-02
1.933981105685234070e-02
2.543349983170628548e-03
9.461114555597305298e-02
2.047780528664588928e-02
7.158008962869644165e-02
4.068859387189149857e-03
2.411115169525146484e-01
3.701242094393819571e-04
8.197449892759323120e-02
2.205859310925006866e-02
1.415495127439498901e-01
3.169176634401082993e-03
1.070823520421981812e-02
1.035302039235830307e-02
3.322012349963188171e-02
6.482119858264923096e-02
3.459221124649047852e-02
5.524135008454322815e-02
2.897094935178756714e-02
7.051134705543518066e-01
1.041309005813673139e-04
8.520878106355667114e-02
1.497780717909336090e-02
1.404261589050292969e-01
3.338515520095825195e+00
3.383341059088706970e-02
8.711414411664009094e-03
1.142257750034332275e-01
5.477755330502986908e-03
8.794319583103060722e-04
1.218452334403991699e+00
3.437668830156326294e-02
4.522847943007946014e-03
4.162182658910751343e-02
9.495827369391918182e-03
1.394250750541687012e+00
4.124281927943229675e-03
5.645558703690767288e-03
1.714132905006408691e+00
3.430319204926490784e-02
6.236458420753479004e-01
2.304735826328396797e-03
1.356699038296937943e-03
1.209296286106109619e-02
1.107170339673757553e-02
8.720191195607185364e-03
2.195428609848022461e-01
7.774539589881896973e-01
1.831629276275634766e-01
1.755695790052413940e-02
8.502670563757419586e-03
7.121374830603599548e-03
1.318079011980444193e-04
8.356595411896705627e-03
5.029511928558349609e+00
1.491410374641418457e+00
5.805119872093200684e-04
6.319404393434524536e-02
1.066633500158786774e-02
1.759595354087650776e-03
1.370600163936614990e-01
2.902069687843322754e-02
7.835600990802049637e-04
1.434589736163616180e-02
3.242588043212890625e-02
4.376985505223274231e-02
1.557311415672302246e+00
5.875955522060394287e-02
1.130798935890197754e+00
4.590551853179931641e-01
9.030053764581680298e-02
7.698523402214050293e-01
1.782957434654235840e+00
1.338622625917196274e-02
1.126395072788000107e-02
8.247307687997817993e-02
7.067475467920303345e-03
1.210518553853034973e-01
8.621563911437988281e-01
7.586088776588439941e-02
1.520636957138776779e-02
4.423893094062805176e-01
4.507101606577634811e-03
2.714240550994873047e-02
8.831855375319719315e-04
5.490683317184448242e-01
2.362549072131514549e-03
7.351461797952651978e-03
1.926521509885787964e-01
8.125058375298976898e-04
1.287266518920660019e-02
4.795373976230621338e-02
3.983565606176853180e-03
5.020864605903625488e-01
3.592846915125846863e-03
3.316290210932493210e-03
1.024275273084640503e-02
2.654936630278825760e-03
1.869997126050293446e-03
3.240941464900970459e-01
7.182206492871046066e-03
1.932050473988056183e-02
8.446512743830680847e-03
7.749436888843774796e-03
7.057073060423135757e-03
5.361076444387435913e-03
1.712281070649623871e-02
1.907990127801895142e-01
2.652897965162992477e-03
4.132674075663089752e-04
4.616446793079376221e-03
1.475953221321105957e+00
7.740912842564284801e-04
1.126921549439430237e-02
1.398469954729080200e-01
6.050862744450569153e-02
3.219458833336830139e-02
3.542006760835647583e-02
1.021657139062881470e-01
1.043481230735778809e-01
6.450053479056805372e-05
1.279328670352697372e-02
4.354290664196014404e-03
2.980117453262209892e-03
2.129978872835636139e-02
2.492065355181694031e-02
4.703814908862113953e-02
5.469038337469100952e-02
2.923738956451416016e-02
8.299138280563056469e-04
2.426607906818389893e-02
8.660561405122280121e-03
1.623316556215286255e-01
1.221811957657337189e-02
1.205906718969345093e-01
9.696783381514251232e-04
1.444616913795471191e-01
3.313685010652989149e-04
9.312548488378524780e-02
9.247674047946929932e-02
1.316728889942169189e-01
2.567320875823497772e-02
6.976002454757690430e-01
2.616707468405365944e-03
8.621261455118656158e-03
3.980155568569898605e-03
1.029497012495994568e-02
1.774379797279834747e-02
4.514205828309059143e-02
1.828143489547073841e-03
2.364940404891967773e+00
9.118033200502395630e-02
1.925317198038101196e-02
4.022110462188720703e+00
1.166353321075439453e+01
8.076411671936511993e-03
7.806005305610597134e-04
5.064122378826141357e-04
3.323036804795265198e-02
7.331563625484704971e-03
2.998408861458301544e-02
4.832938194274902344e+00
1.736943086143583059e-04
3.931919097900390625e+00
1.184644103050231934e-01
1.699975505471229553e-02
8.124369196593761444e-04
5.008530337363481522e-03
1.449181079864501953e+01
9.631224822998046875e+01
9.779811096191406250e+01
8.069316744804382324e-01
2.893187713623046875e+01
1.572210907936096191e+00
3.994505310058593750e+02
1.106730747222900391e+01
9.649690246582031250e+01
1.463031768798828125e+01
1.474957275390625000e+02
1.841005706787109375e+01
4.074052810668945312e+01
5.115062594413757324e-01
8.497424125671386719e+00
1.134865875244140625e+02
5.551281738281250000e+01
1.535341644287109375e+02
1.040268478393554688e+02
6.318926811218261719e+00
4.266744995117187500e+01
5.113199234008789062e+00
8.363564491271972656e+00
4.739406967163085938e+01
4.063127994537353516e+00
5.664719343185424805e-01
1.715580596923828125e+02
6.757146606445312500e+02
1.080232910156250000e+03
3.278379821777343750e+02
4.251103878021240234e+00
3.492734909057617188e+00
9.012757301330566406e+00
4.417345886230468750e+02
6.881820201873779297e+00
6.806022644042968750e+00
4.482035040855407715e-01
5.639258027076721191e-02
2.734715223312377930e+00
1.207197036743164062e+02
1.110092285156250000e+03
2.634080123901367188e+01
7.309652566909790039e-01
5.582176513671875000e+02
1.666066741943359375e+01
1.663321990966796875e+02
8.237107849121093750e+01
1.254417991638183594e+01
6.532836556434631348e-01
6.647240600585937500e+02
1.679632873535156250e+02
2.216159439086914062e+01
1.464156818389892578e+01
2.306601333618164062e+01
3.832569360733032227e+00
7.553973674774169922e+00
4.791095733642578125e+00
3.032350838184356689e-01
1.742608261108398438e+01
1.103718505859375000e+03
1.833305511474609375e+02
6.958718872070312500e+02
5.116870880126953125e+00
4.230254745483398438e+01
4.988796710968017578e+00
3.696659469604492188e+01
4.973987579345703125e+01
1.534363281250000000e+03
3.922925109863281250e+02
4.316325759887695312e+01
5.605285614728927612e-02
9.279782104492187500e+01
1.017889022827148438e+00
1.245821685791015625e+02
9.402228355407714844e+00
1.035698318481445312e+01
6.517863869667053223e-01
9.578278541564941406e+00
2.211225128173828125e+02
3.375094604492187500e+01
2.295589447021484375e+01
5.056927680969238281e+00
9.688005447387695312e+00
2.714245986938476562e+01
7.608618259429931641e+00
2.218321037292480469e+01
1.069306060671806335e-01
1.283428955078125000e+01
1.379052448272705078e+01
3.208308696746826172e+00
9.394748687744140625e+00
4.160652160644531250e+01
4.174663543701171875e+01
1.303511619567871094e+01
8.167391967773437500e+01
1.536828613281250000e+02
2.955748558044433594e+00
8.368459472656250000e+02
8.484364151954650879e-01
2.266121978759765625e+02
2.015760183334350586e+00
1.741266441345214844e+01
1.928805470466613770e+00
1.326067199707031250e+02
3.832218551635742188e+01
6.872499847412109375e+01
2.533024549484252930e+00
2.113021728515625000e+03
3.629096984863281250e+02
1.230230927467346191e+00
3.883001208305358887e-01
6.391991577148437500e+02
2.271073150634765625e+02
1.266029477119445801e+00
3.995206069946289062e+01
1.039312057495117188e+02
6.903307342529296875e+01
1.392840385437011719e+01
6.719636535644531250e+01
1.342137718200683594e+01
1.553659057617187500e+02
8.070661621093750000e+03
2.998595886230468750e+02
1.499350738525390625e+02
2.092405796051025391e+00
1.628032836914062500e+02
2.297696495056152344e+01
2.357790708541870117e+00
8.515595092773437500e+02
9.179154968261718750e+01
2.696833801269531250e+02
1.993409538269042969e+01
2.737145721912384033e-01
1.622633361816406250e+01
1.641448616981506348e+00
2.294172525405883789e+00
1.485976338386535645e+00
3.561080322265625000e+02
3.734050292968750000e+02
2.913813781738281250e+02
3.396495056152343750e+01
2.092839717864990234e+00
4.867953491210937500e+02
2.066733551025390625e+01
5.400247802734375000e+02
3.587966918945312500e+01
3.644042968750000000e+02
1.318430662155151367e+00
3.588808822631835938e+01
1.122695800781250000e+03
4.700882732868194580e-01
6.122898559570312500e+02
5.151998901367187500e+01
4.389126598834991455e-01
1.151855545043945312e+02
2.656254577636718750e+01
1.752797126770019531e+00
9.564732909202575684e-01
4.243009567260742188e+00
1.606137394905090332e+00
9.404027709960937500e+02
1.503068084716796875e+02
1.936195983886718750e+02
3.069267654418945312e+01
1.819927978515625000e+02
4.642380905151367188e+01
5.645336151123046875e+01
2.164562530517578125e+02
5.929258422851562500e+02
6.584172725677490234e+00
8.006728172302246094e+00
1.098435058593750000e+03
1.813977003097534180e+00
5.717027187347412109e+00
3.357027282714843750e+02
2.094769096374511719e+01
7.019273757934570312e+00
5.952359771728515625e+01
2.747046947479248047e+00
1.956054496765136719e+01
8.250797271728515625e+00
2.765431594848632812e+01
3.582955322265625000e+02
3.420298099517822266e+00
1.633153808593750000e+04
4.991938591003417969e+00
5.365124344825744629e-01
1.956327438354492188e+01
3.964283447265625000e+02
4.911441802978515625e+01
2.175101757049560547e+00
1.883629913330078125e+02
7.786302089691162109e+00
5.813314819335937500e+01
1.284075164794921875e+02
1.625566959381103516e+00
6.294528198242187500e+01
9.819253087043762207e-01
4.247530460357666016e+00
2.233074188232421875e+00
1.227492809295654297e+01
6.404062271118164062e+00
8.658035278320312500e+00
4.198619842529296875e+01
5.841399002075195312e+01
6.558613777160644531e-01
3.985696029663085938e+01
6.816660766601562500e+02
4.830370426177978516e+00
3.705012893676757812e+01
6.309847354888916016e+00
2.205129861831665039e+00
8.782752752304077148e-01
4.067467041015625000e+03
1.813196563720703125e+01
3.111830139160156250e+02
5.783081531524658203e+00
3.287548828125000000e+02
1.238249540328979492e+00
1.955965118408203125e+02
3.848577392578125000e+03
8.944638073444366455e-02
2.025889873504638672e+00
8.209886474609375000e+02
2.623156070709228516e+00
1.142769165039062500e+03
3.094090461730957031e+00
1.959156990051269531e+01
6.650481224060058594e+00
1.175889682769775391e+01
8.274462074041366577e-02
8.243834495544433594e+00
2.075458765029907227e+00
3.119534912109375000e+02
3.309246826171875000e+01
1.920368957519531250e+01
3.980079412460327148e+00
2.321133422851562500e+01
1.756771659851074219e+01
1.242987632751464844e+00
3.324679260253906250e+02
8.759667205810546875e+01
1.210305404663085938e+01
1.555738544464111328e+01
1.293217163085937500e+02
6.986883544921875000e+01
1.729920196533203125e+02
4.168072044849395752e-01
4.176467773437500000e+03
8.179216384887695312e+00
5.453435134887695312e+01
3.380214691162109375e+01
1.106714725494384766e+00
4.015460510253906250e+02
8.496414184570312500e+01
6.700006723403930664e-01
4.202784118652343750e+02
4.999953842163085938e+01
3.472995281219482422e+00
1.770361572265625000e+03
4.897062301635742188e+01
6.495867919921875000e+01
5.120933914184570312e+01
4.783957214355468750e+02
1.676754455566406250e+02
1.025868911743164062e+02
2.246920394897460938e+01
8.356576538085937500e+02
3.300555050373077393e-01
1.001891040802001953e+01
5.751176757812500000e+02
1.764405632019042969e+01
4.243587036132812500e+02
1.176764011383056641e+00
5.559350252151489258e-01
4.016167068481445312e+01
5.108845710754394531e+00
5.895944118499755859e+00
5.185535430908203125e+01
7.106748819351196289e-01
1.333022499084472656e+01
4.131587505340576172e+00
5.495299339294433594e+00
2.768705749511718750e+01
9.264079332351684570e-01
1.835518240928649902e+00
6.376243896484375000e+02
1.613466674804687500e+03
1.815062642097473145e+00
1.355366668701171875e+02
1.819087982177734375e+01
7.581219673156738281e+00
2.784654296875000000e+03
4.705323219299316406e+00
1.075302810668945312e+02
2.243199157714843750e+01
2.903820228576660156e+01
6.890324096679687500e+02
1.527125644683837891e+01
1.381084289550781250e+02
4.177533264160156250e+02
1.042156600952148438e+02
4.191480636596679688e+01
3.405877380371093750e+02
3.266941070556640625e+01
3.151564598083496094e+00
5.641878128051757812e+01
1.830022811889648438e+01
1.287352561950683594e+01
1.021049682617187500e+03
5.854754028320312500e+02
6.050104980468750000e+02
5.171194458007812500e+02
8.354978561401367188e+00
3.930722236633300781e+00
7.191109657287597656e-01
1.754773521423339844e+01
1.270908832550048828e+01
7.201597690582275391e+00
1.593285679817199707e+00
4.352891921997070312e+00
7.041864991188049316e-01
1.931237030029296875e+02
3.934186935424804688e+01
6.831247711181640625e+01
1.803638763427734375e+02
1.385892105102539062e+01
4.477973556518554688e+01
1.660938644409179688e+01
1.054561901092529297e+01
3.889896869659423828e-01
6.646670410156250000e+03
9.634738769531250000e+02
7.313018035888671875e+01
1.436683959960937500e+02
6.607769012451171875e+01
6.999241333007812500e+02
3.682771682739257812e+01
1.321272754669189453e+01
3.604112243652343750e+01
2.126318693161010742e+00
4.995936965942382812e+01
8.506776123046875000e+02
5.211159515380859375e+01
7.287861824035644531e+00
4.537684917449951172e+00
9.216663360595703125e+01
8.338115844726562500e+02
6.792925262451171875e+01
1.863356399536132812e+01
1.813184547424316406e+01
1.047969758510589600e-01
8.037802577018737793e-02
2.459534835815429688e+01
1.568688869476318359e+01
4.704297065734863281e+00
1.019946479797363281e+01
1.741782226562500000e+02
3.994164276123046875e+01
8.141596984863281250e+01
3.884018421173095703e+00
1.774375915527343750e+00
5.488680362701416016e+00
1.942569351196289062e+01
9.694390258789062500e+02
1.851350307464599609e+00
9.080719757080078125e+01
6.170212626457214355e-01
5.078967094421386719e+00
2.026478946208953857e-01
1.467350864410400391e+01
2.782742919921875000e+03
2.342800781250000000e+04
4.955198764801025391e+00
1.322860107421875000e+02
5.621552276611328125e+01
4.242320537567138672e+00
1.150838775634765625e+02
4.785718688964843750e+02
3.777691602706909180e+00
3.501401185989379883e+00
9.702128410339355469e+00
8.408430480957031250e+01
1.915819740295410156e+01
7.640075206756591797e+00
2.776301574707031250e+02
9.067254638671875000e+02
8.578004837036132812e+00
3.172996520996093750e+00
3.061494112014770508e+00
1.954047546386718750e+02
3.594481945037841797e+00
1.610935020446777344e+01
3.029193725585937500e+02
1.712308692932128906e+01
5.829251098632812500e+02
8.707283325195312500e+02
1.366088714599609375e+02
1.836324930191040039e+00
3.524949264526367188e+01
