5.189930647611618042e-02
2.005724608898162842e-01
5.476577673107385635e-03
2.458409406244754791e-03
2.645879611372947693e-02
3.858926296234130859e+00
1.552927866578102112e-02
3.434899728745222092e-03
9.483040310442447662e-03
4.364278316497802734e-01
1.904310844838619232e-02
3.072855994105339050e-02
6.705827265977859497e-02
2.455819584429264069e-02
2.730024280026555061e-03
2.228516153991222382e-02
2.212498802691698074e-03
1.633287407457828522e-02
4.407826438546180725e-02
8.840045775286853313e-04
3.417302668094635010e-02
4.114733636379241943e-02
1.340971440076828003e-01
1.797669380903244019e-02
1.808220624923706055e+00
1.001159287989139557e-02
5.106362700462341309e-02
7.340345531702041626e-02
1.005330383777618408e-01
4.886725246906280518e-01
7.908942061476409435e-04
2.910597249865531921e-04
1.567118614912033081e-02
4.353334009647369385e-02
3.012261539697647095e-02
1.902977377176284790e-02
5.297963507473468781e-03
4.074345633853226900e-04
8.387258276343345642e-03
5.663173273205757141e-03
1.884676367044448853e-01
9.588422626256942749e-02
5.555489100515842438e-03
6.704336643218994141e+00
1.381539553403854370e-01
1.406645327806472778e-01
1.054265163838863373e-02
4.446411728858947754e-01
1.658050226978957653e-03
4.690355062484741211e-02
1.597742438316345215e-01
5.780881270766258240e-02
9.386923164129257202e-02
3.481347858905792236e-02
9.509039809927344322e-04
2.450357424095273018e-03
4.754824098199605942e-03
1.268747728317975998e-02
3.118137270212173462e-02
1.060406112670898438e+01
1.200744602829217911e-02
9.687943458557128906e+00
1.683613099157810211e-02
8.171917870640754700e-03
1.012190133333206177e-01
4.809567332267761230e-02
2.624792754650115967e-01
2.695358730852603912e-02
7.252978682518005371e-01
5.129673480987548828e-01
1.256259711226448417e-04
1.203461170196533203e+00
2.476193476468324661e-03
1.262197047472000122e-01
7.926639914512634277e-02
1.816543750464916229e-02
7.361518684774637222e-03
5.098810419440269470e-02
2.678234688937664032e-02
1.280443649739027023e-02
1.647772938013076782e-01
2.021125890314579010e-02
2.276409789919853210e-02
2.516400418244302273e-04
2.629539463669061661e-03
2.193939406424760818e-03
5.585229519056156278e-05
2.569934166967868805e-02
6.340642571449279785e-01
5.366081604734063148e-04
1.219163928180932999e-02
8.902356028556823730e-03
2.876327140256762505e-03
4.471175000071525574e-02
2.223741961643099785e-03
9.446963667869567871e-01
2.031211107969284058e-01
1.549178659915924072e-01
9.803930297493934631e-04
1.016607284545898438e-01
2.681402206420898438e+00
5.536493286490440369e-02
2.340714214369654655e-03
1.974085718393325806e-02
1.633374579250812531e-02
4.326918721199035645e-01
4.894945397973060608e-02
1.776110008358955383e-02
5.130262300372123718e-02
1.810725927352905273e-01
6.624101847410202026e-02
2.575069069862365723e-01
5.991695821285247803e-02
1.911454647779464722e-01
1.436644047498703003e-02
4.669687151908874512e-02
4.986269026994705200e-02
1.395080983638763428e-02
4.095761105418205261e-03
3.926610574126243591e-02
2.346480730921030045e-03
2.061423110961914062e+01
4.784798324108123779e-01
7.054845690727233887e-01
2.566281764302402735e-04
1.887845098972320557e-01
1.514908671379089355e-02
4.509777645580470562e-04
9.272883087396621704e-02
3.229174762964248657e-02
7.244092226028442383e-01
2.535942941904067993e-02
4.056460689753293991e-03
1.921694260090589523e-03
4.237608239054679871e-02
1.282798312604427338e-02
3.556066378951072693e-02
1.355551958084106445e+00
2.081172317266464233e-01
6.106549501419067383e-01
1.344764977693557739e-02
8.597258478403091431e-03
1.168452620506286621e+00
6.995960474014282227e-01
2.026079559326171875e+01
5.422507598996162415e-02
3.276681900024414062e-01
2.551981806755065918e-02
1.028345227241516113e-01
1.437749434262514114e-02
1.486212015151977539e-02
1.322222501039505005e-01
2.128134965896606445e-01
4.070080816745758057e-02
1.878813356161117554e-01
1.665245369076728821e-02
2.018904127180576324e-02
3.882488235831260681e-02
1.200978178530931473e-03
5.316364113241434097e-03
7.460205256938934326e-02
7.168797310441732407e-04
1.167308539152145386e-01
2.017744034528732300e-01
3.874343037605285645e-01
1.942469626665115356e-01
1.613996773958206177e-01
2.109926640987396240e-01
1.592638134956359863e+00
1.209513051435351372e-03
3.607231378555297852e-02
1.675123423337936401e-01
2.075651427730917931e-04
8.975913748145103455e-03
4.835612326860427856e-02
1.585978388786315918e+00
2.233444899320602417e-02
1.943541504442691803e-02
1.718536205589771271e-02
1.981723159551620483e-01
4.860885068774223328e-02
4.169330745935440063e-02
1.764945089817047119e-01
6.505392491817474365e-02
1.055616021156311035e+00
1.793636567890644073e-02
7.584254257380962372e-03
2.884324081242084503e-02
4.841505885124206543e-01
3.439986705780029297e-02
2.835382521152496338e-01
2.963158302009105682e-02
1.786850771168246865e-04
9.564235061407089233e-02
1.947966963052749634e-01
3.355799987912178040e-02
3.950738310813903809e-01
3.825727477669715881e-02
7.387413643300533295e-03
5.581935122609138489e-02
3.726959228515625000e-03
6.015160679817199707e-02
1.457977015525102615e-02
4.344586655497550964e-02
7.338936906307935715e-03
6.920514628291130066e-03
1.221411526203155518e-01
1.617157173156738281e+01
3.418367356061935425e-03
2.477168804034590721e-03
3.809259040281176567e-03
3.954656794667243958e-02
1.413415448041632771e-04
1.361721277236938477e+00
2.883096784353256226e-02
1.640053510665893555e+00
2.955300211906433105e-01
1.989634148776531219e-02
4.771362873725593090e-04
5.159572958946228027e-01
7.758362889289855957e-01
4.038215614855289459e-03
5.696333944797515869e-03
2.454997040331363678e-02
6.034766556695103645e-05
1.142826825380325317e-01
1.965641742572188377e-03
3.091152906417846680e+00
1.845527291297912598e-01
9.304668754339218140e-03
1.485843583941459656e-02
1.222223881632089615e-02
2.206835523247718811e-02
2.674353774636983871e-03
8.807856589555740356e-02
2.800536714494228363e-02
7.180573046207427979e-02
3.905644640326499939e-03
3.254297375679016113e-01
4.842204216402024031e-04
1.275817304849624634e-01
2.368758805096149445e-02
1.608164310455322266e-01
4.215779714286327362e-03
1.156276557594537735e-02
1.112147327512502670e-02
3.286070376634597778e-02
7.536885142326354980e-02
3.654026612639427185e-02
5.017299577593803406e-02
3.257758915424346924e-02
7.177917361259460449e-01
1.143240879173390567e-04
1.052329242229461670e-01
2.359319850802421570e-02
1.731756329536437988e-01
3.435198545455932617e+00
6.567317992448806763e-02
1.295151095837354660e-02
9.649130702018737793e-02
7.703050039708614349e-03
1.262364210560917854e-03
1.358785748481750488e+00
4.550777375698089600e-02
4.492586012929677963e-03
6.377328187227249146e-02
8.017856627702713013e-03
1.428369402885437012e+00
3.475181991234421730e-03
7.343214470893144608e-03
3.384864807128906250e+00
4.295418784022331238e-02
6.091250777244567871e-01
2.562179462984204292e-03
9.383308934047818184e-04
1.361107267439365387e-02
1.546185556799173355e-02
1.325221918523311615e-02
3.564251661300659180e-01
5.861431956291198730e-01
1.932742595672607422e-01
1.684343814849853516e-02
1.552083902060985565e-02
1.015979144722223282e-02
2.312050200998783112e-04
1.115425210446119308e-02
5.417133808135986328e+00
2.004836559295654297e+00
1.255701528862118721e-03
5.143804475665092468e-02
1.261108648031949997e-02
3.292990848422050476e-03
1.731719225645065308e-01
3.834657743573188782e-02
1.143445959314703941e-03
1.318101678043603897e-02
3.179790079593658447e-02
5.933981388807296753e-02
1.599558591842651367e+00
6.769944727420806885e-02
1.524276494979858398e+00
4.357955455780029297e-01
1.296490132808685303e-01
9.528679847717285156e-01
1.545725584030151367e+00
2.039367519319057465e-02
1.367226988077163696e-02
9.211370348930358887e-02
1.085434760898351669e-02
1.860762685537338257e-01
1.032043099403381348e+00
8.406098186969757080e-02
2.667816169559955597e-02
4.534011483192443848e-01
6.319296080619096756e-03
3.336716443300247192e-02
1.509548746980726719e-03
6.328946352005004883e-01
2.106941305100917816e-03
9.132536128163337708e-03
2.016850113868713379e-01
8.669882663525640965e-04
1.676709577441215515e-02
6.192200630903244019e-02
4.004885442554950714e-03
8.890421390533447266e-01
4.250430967658758163e-03
5.222625564783811569e-03
1.629380881786346436e-02
4.424769897013902664e-03
1.651371014304459095e-03
4.446233212947845459e-01
1.074688136577606201e-02
2.341609075665473938e-02
9.738134220242500305e-03
1.326317433267831802e-02
9.139034897089004517e-03
8.556541055440902710e-03
2.071002870798110962e-02
1.576238274574279785e-01
3.941902425140142441e-03
4.693627997767180204e-04
5.895379465073347092e-03
1.571536302566528320e+00
8.221888565458357334e-04
1.293265167623758316e-02
2.138651311397552490e-01
1.185987293720245361e-01
3.278915956616401672e-02
3.855548426508903503e-02
1.009968221187591553e-01
1.047655716538429260e-01
9.174537262879312038e-05
1.822713762521743774e-02
7.528750691562891006e-03
4.987700376659631729e-03
2.607922628521919250e-02
2.621430717408657074e-02
4.905191063880920410e-02
8.156142383813858032e-02
3.798041120171546936e-02
9.078349685296416283e-04
5.013971403241157532e-02
1.263730227947235107e-02
2.284413427114486694e-01
1.290394645184278488e-02
1.244294270873069763e-01
1.609106897376477718e-03
2.096136808395385742e-01
4.226836317684501410e-04
6.960229575634002686e-02
1.027251854538917542e-01
3.016542494297027588e-01
3.468890860676765442e-02
7.258801460266113281e-01
3.188221715390682220e-03
1.120833680033683777e-02
6.747293286025524139e-03
8.634356781840324402e-03
2.741396985948085785e-02
4.759226739406585693e-02
2.262170193716883659e-03
1.726342439651489258e+00
1.023588329553604126e-01
1.994810067117214203e-02
4.856932163238525391e+00
1.425945472717285156e+01
9.033135138452053070e-03
1.492031733505427837e-03
5.251778638921678066e-04
5.571600049734115601e-02
1.272372528910636902e-02
3.981577232480049133e-02
4.470459461212158203e+00
2.320680941920727491e-04
4.030187129974365234e+00
2.033180147409439087e-01
1.515356544405221939e-02
1.113848760724067688e-03
5.919926334172487259e-03
1.767253303527832031e+01
8.349438476562500000e+01
7.077320861816406250e+01
5.456550121307373047e-01
2.699776077270507812e+01
1.130415320396423340e+00
3.256272277832031250e+02
1.218111419677734375e+01
1.142134475708007812e+02
1.275363349914550781e+01
1.193408126831054688e+02
1.996236038208007812e+01
3.388269424438476562e+01
5.136141180992126465e-01
7.832773685455322266e+00
1.146593780517578125e+02
4.909353256225585938e+01
2.566108398437500000e+02
8.841783905029296875e+01
6.187783241271972656e+00
2.693016433715820312e+01
5.492104053497314453e+00
7.019360065460205078e+00
3.137060546875000000e+01
3.926814794540405273e+00
7.360883355140686035e-01
1.296490783691406250e+02
5.687738647460937500e+02
8.002297363281250000e+02
2.143798065185546875e+02
3.649550676345825195e+00
3.546684980392456055e+00
6.435325145721435547e+00
3.134269104003906250e+02
6.153091430664062500e+00
7.097408294677734375e+00
5.487878322601318359e-01
7.823866605758666992e-02
2.384702920913696289e+00
1.119897308349609375e+02
1.214143066406250000e+03
2.002931404113769531e+01
6.560537815093994141e-01
4.677047119140625000e+02
1.161975669860839844e+01
1.752592773437500000e+02
1.022022399902343750e+02
6.827266216278076172e+00
7.273575663566589355e-01
5.235522460937500000e+02
1.411849670410156250e+02
1.987938690185546875e+01
1.288791942596435547e+01
3.544562530517578125e+01
3.171333789825439453e+00
5.587028503417968750e+00
5.672528743743896484e+00
4.331449568271636963e-01
1.631917762756347656e+01
8.786809692382812500e+02
1.538462982177734375e+02
5.261645507812500000e+02
5.176614284515380859e+00
4.805096435546875000e+01
5.294097423553466797e+00
1.870647048950195312e+01
5.365913391113281250e+01
1.376074584960937500e+03
5.640939331054687500e+02
1.967211341857910156e+01
6.658125668764114380e-02
6.402109527587890625e+01
1.410233139991760254e+00
1.339701995849609375e+02
8.421563148498535156e+00
8.984330177307128906e+00
6.288681626319885254e-01
7.263792514801025391e+00
1.774304809570312500e+02
2.762281036376953125e+01
2.249832344055175781e+01
4.315027236938476562e+00
8.839569091796875000e+00
2.487942123413085938e+01
1.129883098602294922e+01
1.615718078613281250e+01
1.237839683890342712e-01
1.310304641723632812e+01
1.168114089965820312e+01
3.303263425827026367e+00
1.045275783538818359e+01
4.122656631469726562e+01
5.694791793823242188e+01
1.290622138977050781e+01
1.025731430053710938e+02
8.338676452636718750e+01
3.410107135772705078e+00
1.102839355468750000e+03
1.010348439216613770e+00
1.571804504394531250e+02
1.548867940902709961e+00
2.113711357116699219e+01
2.057056665420532227e+00
1.336728363037109375e+02
2.844291114807128906e+01
5.132675552368164062e+01
2.423254489898681641e+00
1.306373413085937500e+03
3.133828430175781250e+02
9.593602418899536133e-01
3.193277120590209961e-01
4.160953063964843750e+02
1.238000640869140625e+02
1.944903016090393066e+00
3.471707534790039062e+01
1.071942443847656250e+02
4.664382171630859375e+01
1.462693119049072266e+01
7.175987243652343750e+01
1.501215457916259766e+01
1.431317596435546875e+02
6.685354003906250000e+03
2.453710021972656250e+02
1.236671371459960938e+02
2.175019741058349609e+00
1.670767822265625000e+02
2.055770874023437500e+01
2.750036239624023438e+00
6.460301513671875000e+02
7.195524597167968750e+01
2.174178619384765625e+02
1.435889434814453125e+01
3.059494495391845703e-01
1.172493553161621094e+01
1.440169095993041992e+00
3.049576997756958008e+00
2.856441259384155273e+00
2.092731475830078125e+02
2.548459930419921875e+02
3.021935424804687500e+02
3.524170303344726562e+01
1.655282139778137207e+00
4.873046569824218750e+02
1.894307899475097656e+01
4.902980651855468750e+02
3.520877075195312500e+01
3.833759460449218750e+02
1.486460685729980469e+00
2.648720169067382812e+01
1.043051025390625000e+03
5.195276141166687012e-01
3.676523742675781250e+02
5.975383377075195312e+01
4.297638237476348877e-01
1.472622070312500000e+02
2.021110534667968750e+01
1.302150368690490723e+00
8.267881274223327637e-01
3.090850591659545898e+00
1.583754897117614746e+00
6.923730468750000000e+02
1.543716278076171875e+02
2.355126953125000000e+02
2.298762702941894531e+01
1.537024230957031250e+02
3.227540206909179688e+01
4.327631759643554688e+01
1.673872222900390625e+02
5.010133972167968750e+02
6.037894248962402344e+00
9.428980827331542969e+00
8.353680419921875000e+02
1.251070380210876465e+00
5.448370456695556641e+00
2.336140747070312500e+02
1.798946762084960938e+01
9.127497673034667969e+00
5.498081207275390625e+01
3.264217615127563477e+00
1.757675743103027344e+01
5.009222507476806641e+00
2.440284538269042969e+01
3.523320007324218750e+02
2.446092367172241211e+00
1.094334277343750000e+04
4.392838001251220703e+00
8.233944177627563477e-01
1.380624008178710938e+01
2.633056640625000000e+02
4.536045837402343750e+01
1.694809198379516602e+00
1.318607330322265625e+02
7.437748432159423828e+00
6.399462890625000000e+01
9.379186248779296875e+01
1.543206214904785156e+00
5.812668991088867188e+01
8.480985760688781738e-01
3.563251256942749023e+00
1.849386215209960938e+00
1.409617996215820312e+01
5.045695781707763672e+00
5.527036190032958984e+00
3.524046707153320312e+01
7.842218017578125000e+01
6.185672283172607422e-01
2.504352188110351562e+01
5.278505249023437500e+02
5.981202125549316406e+00
2.506247329711914062e+01
9.314489364624023438e+00
2.577369451522827148e+00
1.272551417350769043e+00
2.730510498046875000e+03
1.412198734283447266e+01
1.845767364501953125e+02
6.771898269653320312e+00
3.364110107421875000e+02
1.095542192459106445e+00
1.952815246582031250e+02
3.025231445312500000e+03
1.287190467119216919e-01
2.239569902420043945e+00
4.477286987304687500e+02
2.724977016448974609e+00
7.379046630859375000e+02
3.686185359954833984e+00
1.890972900390625000e+01
4.942993164062500000e+00
1.251699066162109375e+01
1.068913266062736511e-01
7.726034641265869141e+00
1.952610492706298828e+00
2.292471313476562500e+02
2.197687721252441406e+01
2.248769950866699219e+01
3.493063449859619141e+00
1.735756492614746094e+01
1.632519149780273438e+01
9.241163134574890137e-01
3.851679992675781250e+02
5.828514099121093750e+01
1.234813690185546875e+01
1.294235992431640625e+01
1.103026046752929688e+02
6.415038299560546875e+01
1.512172851562500000e+02
4.669604003429412842e-01
2.355417968750000000e+03
7.115060806274414062e+00
4.228842926025390625e+01
3.613586044311523438e+01
1.218118667602539062e+00
2.624156188964843750e+02
7.898627471923828125e+01
7.989503741264343262e-01
2.316971740722656250e+02
5.905137252807617188e+01
4.275609493255615234e+00
1.342449218750000000e+03
4.763878250122070312e+01
7.912635803222656250e+01
3.976113510131835938e+01
4.137588500976562500e+02
1.029843750000000000e+02
9.342147827148437500e+01
2.458392715454101562e+01
4.671230163574218750e+02
2.768504321575164795e-01
8.289850234985351562e+00
9.866103515625000000e+02
2.095729637145996094e+01
3.613666381835937500e+02
1.018787026405334473e+00
3.008720278739929199e-01
2.895125961303710938e+01
7.865757465362548828e+00
6.374997138977050781e+00
4.949036407470703125e+01
6.529277563095092773e-01
8.987710952758789062e+00
2.621848821640014648e+00
5.816888809204101562e+00
2.616487503051757812e+01
1.315930724143981934e+00
1.885540843009948730e+00
5.048509216308593750e+02
1.621811157226562500e+03
3.036268472671508789e+00
1.196015548706054688e+02
1.923300552368164062e+01
8.484183311462402344e+00
2.599148925781250000e+03
4.496663570404052734e+00
8.743505096435546875e+01
1.785595893859863281e+01
2.502596092224121094e+01
7.811655273437500000e+02
1.433126354217529297e+01
1.209379501342773438e+02
3.029104003906250000e+02
9.505346679687500000e+01
4.501724624633789062e+01
3.661031188964843750e+02
2.882585144042968750e+01
4.871974468231201172e+00
7.482176208496093750e+01
1.461132335662841797e+01
1.169536399841308594e+01
1.075312622070312500e+03
5.296378173828125000e+02
4.042232971191406250e+02
7.788989257812500000e+02
6.823119163513183594e+00
4.624319076538085938e+00
8.278015851974487305e-01
1.291863346099853516e+01
1.105277538299560547e+01
6.137970447540283203e+00
1.995215773582458496e+00
4.059118747711181641e+00
1.223271608352661133e+00
1.752053833007812500e+02
3.012255287170410156e+01
4.634463882446289062e+01
2.401205444335937500e+02
1.139389419555664062e+01
5.351737976074218750e+01
2.474851608276367188e+01
1.427962875366210938e+01
5.056780576705932617e-01
5.260637207031250000e+03
1.006754333496093750e+03
5.375508117675781250e+01
1.184050979614257812e+02
5.873370742797851562e+01
5.814881591796875000e+02
4.244267654418945312e+01
7.846899032592773438e+00
2.968973731994628906e+01
1.612880349159240723e+00
5.538909912109375000e+01
8.943278808593750000e+02
5.014970397949218750e+01
6.500267505645751953e+00
4.246543407440185547e+00
1.207252883911132812e+02
9.223047485351562500e+02
6.014101791381835938e+01
1.475060653686523438e+01
1.363923454284667969e+01
1.218616813421249390e-01
8.958508819341659546e-02
2.453759765625000000e+01
1.387776470184326172e+01
5.838746547698974609e+00
1.373097801208496094e+01
1.061818313598632812e+02
3.862909698486328125e+01
6.762729644775390625e+01
3.592914342880249023e+00
1.496214985847473145e+00
7.246543884277343750e+00
1.735663795471191406e+01
8.091747436523437500e+02
2.456460952758789062e+00
7.080942535400390625e+01
5.159919857978820801e-01
6.682474136352539062e+00
2.729738354682922363e-01
1.334290885925292969e+01
2.080846679687500000e+03
2.406836328125000000e+04
4.141763210296630859e+00
1.175941848754882812e+02
3.514487457275390625e+01
4.165413379669189453e+00
1.112528839111328125e+02
3.042002563476562500e+02
3.156419038772583008e+00
3.113890171051025391e+00
1.239016723632812500e+01
8.016240692138671875e+01
1.750717163085937500e+01
4.467107772827148438e+00
2.463415832519531250e+02
1.031868530273437500e+03
9.765349388122558594e+00
3.052987813949584961e+00
3.110490322113037109e+00
1.802420501708984375e+02
2.711753845214843750e+00
1.378738784790039062e+01
2.290523071289062500e+02
2.166518783569335938e+01
3.890372314453125000e+02
1.052920410156250000e+03
1.275789413452148438e+02
1.567965626716613770e+00
3.636234664916992188e+01
