5.226596817374229431e-02
1.525057703256607056e-01
6.479702889919281006e-02
3.863650606945157051e-03
7.185082137584686279e-02
3.094123899936676025e-01
3.465569391846656799e-02
1.103600393980741501e-02
7.357537746429443359e-02
1.191122606396675110e-01
1.964110285043716431e-01
6.886733323335647583e-02
6.957261264324188232e-02
1.532954536378383636e-02
1.874310709536075592e-02
5.112264677882194519e-02
5.256308708339929581e-03
3.219810128211975098e-02
1.806866563856601715e-02
1.469376310706138611e-02
1.144195906817913055e-02
1.141250226646661758e-02
1.928199231624603271e-01
3.512932360172271729e-02
3.517641305923461914e+00
1.281581632792949677e-02
2.893597073853015900e-02
1.417905092239379883e-01
4.217292964458465576e-01
1.160228610038757324e+00
3.802941413596272469e-03
1.230560592375695705e-03
1.078385412693023682e-01
2.175410240888595581e-01
1.500897109508514404e-02
2.744332253932952881e-01
2.001416124403476715e-02
3.563180798664689064e-03
8.616260439157485962e-02
2.797903865575790405e-02
7.972866892814636230e-01
1.483166962862014771e-01
4.489994421601295471e-02
3.315381288528442383e+00
3.246669769287109375e-01
1.387968212366104126e-01
3.047437034547328949e-02
9.964963197708129883e-01
3.385084448382258415e-03
5.005113482475280762e-01
1.621850878000259399e-01
3.535279259085655212e-02
4.638012945652008057e-01
8.652062714099884033e-02
5.370054394006729126e-03
9.009682573378086090e-03
1.242214348167181015e-02
1.659179031848907471e-01
2.353264763951301575e-02
1.336232185363769531e+01
1.541518233716487885e-02
4.463318824768066406e+00
3.000318259000778198e-02
2.490183897316455841e-02
1.438566446304321289e-01
2.371971756219863892e-01
3.357072770595550537e-01
8.304066956043243408e-02
2.825894832611083984e+00
7.949125766754150391e-01
2.887244627345353365e-04
6.716863512992858887e-01
7.544390391558408737e-03
1.098922491073608398e+00
1.316318660974502563e-01
6.425166130065917969e-02
1.722628436982631683e-02
2.269074134528636932e-02
3.425533324480056763e-02
4.498930275440216064e-02
4.819175004959106445e-01
2.599364146590232849e-02
9.576845914125442505e-02
2.108442829921841621e-03
7.064891513437032700e-03
5.918156821280717850e-03
3.254815528634935617e-04
2.837206423282623291e-02
1.003849625587463379e+00
1.605772646144032478e-03
1.858953945338726044e-02
8.552900701761245728e-02
2.020542882382869720e-02
6.030909344553947449e-02
3.697116672992706299e-02
5.388124585151672363e-01
1.834868192672729492e-01
6.912152767181396484e-01
1.581213809549808502e-02
1.667986810207366943e-01
5.780916213989257812e-01
4.483471438288688660e-02
8.161769248545169830e-03
3.723874688148498535e-02
4.325841367244720459e-02
2.649639844894409180e-01
9.564446657896041870e-02
1.070362553000450134e-01
5.939032435417175293e-01
6.249961256980895996e-02
2.056615985929965973e-02
1.827102601528167725e-01
1.862756758928298950e-01
5.119390487670898438e-01
7.965175062417984009e-02
9.051786363124847412e-02
9.795095026493072510e-02
2.383740432560443878e-02
4.700605291873216629e-03
2.705382928252220154e-02
3.904008073732256889e-03
1.948034286499023438e+01
4.558995962142944336e-01
9.693163037300109863e-01
1.432775286957621574e-03
2.669751085340976715e-02
1.714121736586093903e-02
1.193269039504230022e-03
1.758358180522918701e-01
5.245898663997650146e-02
6.110749840736389160e-01
1.904009133577346802e-01
9.372532367706298828e-03
3.211012575775384903e-03
3.006292134523391724e-02
9.485414251685142517e-03
1.969087123870849609e-02
6.887259483337402344e-01
7.845550030469894409e-02
1.030277848243713379e+00
5.617465451359748840e-02
2.938409335911273956e-02
4.651822566986083984e+00
9.233866333961486816e-01
3.807851076126098633e+00
1.164275631308555603e-01
2.927735745906829834e-01
6.149091571569442749e-02
1.125063300132751465e-01
3.123189322650432587e-02
2.387295104563236237e-02
6.561048626899719238e-01
1.117266789078712463e-01
6.834877282381057739e-02
1.974795162677764893e-01
8.216686546802520752e-02
3.039449453353881836e-02
3.970173746347427368e-02
1.905729644931852818e-03
3.925630357116460800e-03
1.712051182985305786e-01
5.505039170384407043e-02
1.045618951320648193e-01
1.079407110810279846e-01
1.207536697387695312e+00
2.077948600053787231e-01
4.539660811424255371e-01
1.787567883729934692e-01
2.727339744567871094e+00
3.412000136449933052e-03
2.462826520204544067e-01
1.444721072912216187e-01
5.255802068859338760e-03
5.786050483584403992e-02
1.065354645252227783e-01
8.372120857238769531e-01
7.740712165832519531e-02
6.032324582338333130e-02
3.418166935443878174e-02
1.043655753135681152e+00
1.275890618562698364e-01
9.246563166379928589e-02
1.461727023124694824e-01
5.507063120603561401e-02
2.139327049255371094e+00
9.506603330373764038e-02
8.533494919538497925e-02
4.853343963623046875e-02
2.433775961399078369e-01
6.838560849428176880e-02
7.509439587593078613e-01
6.159842759370803833e-02
1.786636072210967541e-03
6.372439116239547729e-02
1.593883335590362549e-01
6.179961934685707092e-02
1.059974282979965210e-01
4.154138639569282532e-02
4.187229089438915253e-03
3.077081739902496338e-01
6.827642209827899933e-03
6.584529578685760498e-02
8.656217902898788452e-02
3.921667858958244324e-02
5.789929628372192383e-02
1.203772053122520447e-02
8.680307120084762573e-02
1.044879913330078125e+01
7.623242214322090149e-03
5.636566784232854843e-03
2.085158415138721466e-02
5.206816270947456360e-02
2.360858721658587456e-03
3.452922403812408447e-01
9.199315309524536133e-02
8.389121890068054199e-01
4.540238976478576660e-01
1.350947842001914978e-02
3.931225743144750595e-03
1.290890812873840332e+00
1.213104963302612305e+00
8.165892213582992554e-03
1.561227161437273026e-02
2.317293547093868256e-02
4.629768372979015112e-04
2.140790969133377075e-01
8.223747834563255310e-03
1.572607874870300293e+00
1.582041978836059570e-01
2.840792387723922729e-02
3.078199923038482666e-02
3.355866298079490662e-02
1.319338567554950714e-02
5.973310023546218872e-02
2.545630931854248047e-02
3.462863862514495850e-01
8.361873030662536621e-02
3.537603653967380524e-03
3.029693663120269775e-01
7.465667556971311569e-03
1.871663928031921387e-01
1.359652262181043625e-02
6.841149181127548218e-02
1.123128831386566162e-02
2.471153810620307922e-02
4.387185722589492798e-02
1.706254631280899048e-01
5.095118656754493713e-02
7.627636194229125977e-02
1.815222799777984619e-01
1.082924678921699524e-01
5.399271845817565918e-01
1.709230127744376659e-03
4.507399797439575195e-01
1.693754792213439941e-01
1.614190042018890381e-01
1.985574722290039062e+00
7.883239537477493286e-02
6.099624559283256531e-02
3.034671954810619354e-02
2.181047759950160980e-02
6.949363276362419128e-03
2.158000469207763672e-01
8.037170022726058960e-02
1.787894964218139648e-02
3.260979950428009033e-01
6.692184135317802429e-03
1.256948351860046387e+00
1.270228298380970955e-03
3.794902190566062927e-02
5.670840740203857422e+00
2.064014673233032227e-01
1.099393591284751892e-01
6.430212408304214478e-03
1.796847442165017128e-03
2.360371313989162445e-02
5.603583157062530518e-02
2.803687378764152527e-02
7.749320566654205322e-02
5.816814303398132324e-01
7.527390718460083008e-01
1.354176998138427734e-01
4.397015273571014404e-02
1.685885712504386902e-02
2.281258814036846161e-03
1.634964346885681152e-02
3.232311010360717773e+00
1.332956194877624512e+00
1.345082465559244156e-02
1.255425065755844116e-01
1.598607376217842102e-02
1.014435943216085434e-02
1.915054917335510254e-01
1.944681815803050995e-02
5.826818291097879410e-03
1.445629633963108063e-02
4.361692070960998535e-02
6.299136579036712646e-02
9.751822948455810547e-01
1.605388075113296509e-01
1.686853051185607910e+00
1.891825646162033081e-01
1.933770924806594849e-01
2.241527318954467773e+00
2.863655984401702881e-01
2.637214213609695435e-02
1.044357754290103912e-02
1.071919873356819153e-01
1.552687287330627441e-01
3.956408202648162842e-01
1.114573478698730469e+00
1.880964487791061401e-01
2.280637174844741821e-01
2.109456807374954224e-01
1.200071442872285843e-02
8.357111364603042603e-02
4.174296744167804718e-03
1.082499146461486816e+00
3.091132501140236855e-03
1.278732158243656158e-02
1.348535269498825073e-01
3.988560289144515991e-03
1.648755967617034912e-01
6.942226290702819824e-01
6.068122759461402893e-02
1.952795624732971191e+00
1.079603470861911774e-02
1.335660926997661591e-02
1.963162422180175781e-02
7.144908886402845383e-03
2.104575512930750847e-03
3.506775140762329102e+00
4.455252736806869507e-02
5.058092623949050903e-02
2.417116798460483551e-02
3.187556192278862000e-02
3.160175308585166931e-02
1.903841830790042877e-02
1.087248399853706360e-01
5.372037291526794434e-01
5.984197556972503662e-02
3.608137136325240135e-03
8.822266943752765656e-03
1.786563277244567871e+00
3.445156617090106010e-03
1.464022602885961533e-02
8.805182576179504395e-01
4.458458125591278076e-01
1.140452474355697632e-01
2.959461212158203125e-01
1.261949390172958374e-01
4.579526558518409729e-02
1.002275617793202400e-03
2.163781039416790009e-02
8.333915472030639648e-02
5.323817022144794464e-03
2.486594580113887787e-02
1.231292337179183960e-01
2.262836247682571411e-01
1.174547150731086731e-01
5.025296658277511597e-02
1.591747812926769257e-02
6.463704258203506470e-02
3.663366287946701050e-02
3.414788842201232910e-01
7.906705886125564575e-02
8.059065788984298706e-02
8.752451278269290924e-03
4.084480404853820801e-01
1.382323331199586391e-03
1.256976425647735596e-01
2.037657238543033600e-02
3.490435838699340820e+00
7.905780524015426636e-02
3.525523841381072998e-01
5.561816040426492691e-03
2.120683155953884125e-02
4.385763406753540039e-02
1.921243593096733093e-02
1.091037504374980927e-02
8.343123644590377808e-02
1.234584860503673553e-02
8.319453001022338867e-01
5.545204281806945801e-01
1.095986887812614441e-01
1.444611072540283203e+00
1.374315166473388672e+01
2.548168599605560303e-02
2.361308410763740540e-02
4.459324700292199850e-04
5.240260809659957886e-02
1.274807751178741455e-01
5.401973798871040344e-02
1.007090568542480469e+01
1.386031974107027054e-03
3.118238210678100586e+00
2.217565178871154785e-01
5.516623705625534058e-02
1.283899229019880295e-02
1.307860389351844788e-02
1.636770963668823242e+00
1.823353767395019531e+01
1.932776832580566406e+01
2.745588719844818115e-01
6.057703018188476562e+00
1.567681312561035156e+00
2.953737258911132812e+01
3.701755046844482422e+00
5.543230056762695312e+01
2.514682769775390625e+00
3.463531112670898438e+01
1.279231452941894531e+01
4.008743762969970703e+00
3.150003552436828613e-01
9.291398048400878906e+00
2.684242057800292969e+01
7.154080867767333984e+00
4.877669143676757812e+01
1.706783866882324219e+01
1.928346753120422363e+00
1.993800640106201172e+00
1.423726677894592285e+00
8.390807151794433594e+00
8.646806716918945312e+00
2.013866615295410156e+01
1.016321182250976562e+00
7.067241191864013672e+00
4.497837829589843750e+01
1.902650909423828125e+02
1.283502101898193359e+01
1.791831612586975098e+00
1.257744908332824707e+00
2.342740535736083984e+00
1.461578674316406250e+02
1.038990139961242676e+00
1.815349960327148438e+01
4.632282257080078125e-01
2.901856601238250732e-01
1.892886877059936523e+00
1.307059097290039062e+01
5.636363525390625000e+02
9.964726448059082031e+00
6.115804910659790039e-01
4.007581329345703125e+01
1.110718631744384766e+01
5.138139724731445312e+01
4.314210510253906250e+01
1.051430511474609375e+01
1.070774435997009277e+00
7.639403533935546875e+01
2.800954246520996094e+01
3.910478591918945312e+00
1.031727218627929688e+01
3.382252502441406250e+01
5.569534778594970703e+00
5.073265433311462402e-01
1.288786649703979492e+00
1.049711346626281738e+00
2.604779243469238281e+00
8.462223815917968750e+01
1.835924339294433594e+01
1.033086929321289062e+02
1.196837186813354492e+00
3.932725429534912109e+00
1.408470630645751953e+00
1.816497611999511719e+01
4.765644550323486328e+00
3.199836730957031250e+02
4.022313537597656250e+02
5.025490188598632812e+01
3.601952269673347473e-02
2.871038818359375000e+01
1.335981011390686035e+00
7.550063323974609375e+01
1.178511047363281250e+01
4.719015598297119141e+00
5.871278643608093262e-01
9.992629885673522949e-01
1.330580043792724609e+01
1.505657672882080078e+01
1.300993347167968750e+01
1.554796695709228516e+00
3.614668369293212891e+00
4.029881477355957031e+00
2.457093000411987305e+00
1.858143210411071777e+00
3.379652202129364014e-01
1.394463253021240234e+01
1.481021022796630859e+01
7.654866576194763184e-01
2.458698034286499023e+00
3.879030990600585938e+01
2.330818748474121094e+01
6.676871776580810547e+00
1.171378421783447266e+01
1.425297641754150391e+01
3.125407695770263672e+00
4.489181518554687500e+02
1.883382797241210938e+00
1.184148025512695312e+01
4.492867887020111084e-01
1.166767835617065430e+00
2.094300538301467896e-01
6.136483764648437500e+01
7.072242259979248047e+00
1.324784755706787109e+01
2.420905828475952148e+00
1.228875579833984375e+02
1.313500366210937500e+02
1.216853022575378418e+00
2.126141190528869629e-01
1.789568138122558594e+01
7.236481189727783203e+00
7.056488513946533203e+00
1.615773963928222656e+01
1.142942428588867188e+01
6.120199680328369141e+00
3.048264026641845703e+00
4.859378337860107422e+00
6.441292285919189453e+00
1.018380451202392578e+01
1.116164428710937500e+03
2.078503265380859375e+02
1.738319587707519531e+01
2.540169715881347656e+00
6.013685989379882812e+01
6.162817955017089844e+00
1.703481674194335938e+00
1.457001495361328125e+02
2.893332481384277344e+01
6.959391117095947266e+00
1.394552612304687500e+01
1.407892405986785889e-01
1.223088026046752930e+00
7.182760834693908691e-01
9.473227858543395996e-01
2.762805223464965820e+00
5.674061584472656250e+01
2.298070526123046875e+01
3.470941925048828125e+01
6.727234649658203125e+01
4.123643636703491211e-01
1.461398162841796875e+02
2.703235626220703125e+01
4.822457885742187500e+01
8.386038780212402344e+00
1.598434448242187500e+02
1.459044098854064941e+00
1.048506164550781250e+01
2.010336875915527344e+01
1.750069141387939453e+00
1.371951446533203125e+02
9.214479446411132812e+00
9.059816598892211914e-01
3.491152191162109375e+01
5.478468418121337891e+00
1.092821359634399414e+00
1.086140275001525879e+00
5.033716559410095215e-01
1.337288260459899902e+00
8.783972930908203125e+01
5.243570709228515625e+01
3.278996658325195312e+01
4.828112602233886719e+00
1.642195320129394531e+01
1.648987174034118652e+00
1.251765346527099609e+01
3.052928543090820312e+01
2.134122924804687500e+02
5.152950882911682129e-01
1.167553043365478516e+01
7.014236450195312500e+01
1.317672014236450195e+00
3.992680072784423828e+00
9.930316162109375000e+01
9.672632217407226562e+00
3.062708139419555664e+00
1.285754108428955078e+01
2.784513711929321289e+00
2.507558631896972656e+01
8.889186382293701172e-01
2.826088142395019531e+01
4.787154006958007812e+01
1.430340856313705444e-01
4.704857482910156250e+02
1.218019104003906250e+01
1.095540523529052734e+00
2.607254981994628906e+00
6.145584869384765625e+01
1.227638530731201172e+01
1.341814517974853516e+00
5.358379840850830078e+00
1.189347982406616211e+00
1.155361747741699219e+01
1.295701885223388672e+01
2.260367274284362793e-01
3.742563962936401367e+00
1.365047812461853027e+00
8.712352514266967773e-01
2.964856386184692383e+00
7.001259803771972656e+00
1.816907286643981934e+00
7.070168495178222656e+00
4.442925930023193359e+00
2.562316131591796875e+01
2.991837561130523682e-01
6.441903591156005859e+00
5.483228302001953125e+01
5.189451694488525391e+00
1.617982101440429688e+01
6.298412322998046875e+00
4.339660644531250000e+00
5.812583565711975098e-01
1.569716339111328125e+02
4.445409297943115234e+00
1.536410140991210938e+01
2.294639587402343750e+00
4.421909332275390625e+01
5.867910385131835938e-01
5.485111236572265625e+01
5.016050415039062500e+02
3.914283812046051025e-01
5.160933732986450195e-01
2.690598869323730469e+01
1.100568890571594238e+00
2.333586730957031250e+02
4.036062240600585938e+00
5.003284931182861328e+00
1.043837428092956543e+00
3.991001844406127930e+00
4.400056898593902588e-01
1.315363407135009766e+01
6.087843179702758789e-01
4.350945663452148438e+01
1.731796622276306152e+00
1.990923690795898438e+01
4.223301708698272705e-01
1.086613655090332031e+00
3.779906034469604492e+00
1.127424836158752441e+00
4.316329956054687500e+01
4.313385963439941406e+00
2.243542671203613281e+00
2.516542196273803711e+00
1.185682582855224609e+01
3.284273910522460938e+01
4.414982986450195312e+01
2.756181657314300537e-01
9.327614593505859375e+01
3.486321687698364258e+00
4.114676475524902344e+00
6.482738971710205078e+00
9.988649487495422363e-01
7.048814392089843750e+01
1.612971878051757812e+01
5.544369697570800781e+00
1.124136734008789062e+01
3.659979581832885742e+00
3.119518041610717773e+00
5.500661468505859375e+01
2.295097351074218750e+01
1.480718040466308594e+01
8.671287536621093750e+00
2.700475883483886719e+01
1.276059246063232422e+01
2.385501480102539062e+01
2.926599311828613281e+01
9.916579437255859375e+01
1.431268304586410522e-01
8.364564895629882812e+00
2.893154602050781250e+02
3.549505615234375000e+01
6.796294403076171875e+01
3.682162761688232422e-01
3.778938949108123779e-01
9.240838050842285156e+00
4.551912307739257812e+00
9.681283950805664062e+00
8.743815422058105469e+00
2.529282569885253906e+00
9.783486366271972656e+00
5.001447200775146484e+00
3.984186172485351562e+00
2.202282190322875977e+00
5.169367790222167969e-01
1.919333219528198242e+00
9.870338439941406250e+01
3.881750106811523438e+01
4.003260612487792969e+00
1.031964397430419922e+01
9.422513008117675781e+00
3.561500787734985352e+00
5.016105346679687500e+02
3.313986539840698242e+00
8.905200958251953125e+00
3.563260555267333984e+00
1.825108337402343750e+01
3.039258384704589844e+01
2.808254480361938477e+00
1.371829128265380859e+01
3.227161026000976562e+01
3.115027999877929688e+01
7.381694793701171875e+00
1.015802993774414062e+02
5.129605293273925781e+00
3.703712940216064453e+00
5.645050811767578125e+01
3.369462728500366211e+00
7.907080173492431641e+00
1.237200469970703125e+02
6.082420730590820312e+01
7.553015899658203125e+01
2.819946594238281250e+02
8.777740597724914551e-01
1.938974738121032715e+00
5.573727488517761230e-01
9.925258755683898926e-01
5.733371257781982422e+00
1.351707816123962402e+00
5.691258311271667480e-01
2.213092803955078125e+00
4.882128536701202393e-01
2.774078369140625000e+02
1.305373954772949219e+01
9.366475677490234375e+01
2.313452148437500000e+01
2.132926702499389648e+00
2.217581748962402344e+01
7.225012302398681641e+00
6.998619556427001953e+00
6.767072081565856934e-01
2.857382202148437500e+02
6.024195861816406250e+01
5.794706344604492188e+00
1.522200489044189453e+01
5.218836212158203125e+01
1.929091644287109375e+02
6.196586608886718750e+00
1.093749761581420898e+00
1.776069259643554688e+01
4.909642338752746582e-01
6.785086631774902344e+00
2.138476181030273438e+01
1.854532051086425781e+01
1.025409460067749023e+00
2.238752126693725586e+00
9.287055206298828125e+01
8.659464263916015625e+01
2.714187049865722656e+01
1.455744075775146484e+01
9.171295166015625000e+00
1.970601528882980347e-01
1.156184747815132141e-01
1.411791038513183594e+01
7.074555397033691406e+00
1.792917370796203613e+00
1.281146717071533203e+01
7.073561859130859375e+01
1.106922378540039062e+02
1.427403354644775391e+01
2.340911149978637695e+00
1.262549877166748047e+00
3.687015533447265625e+00
5.975627422332763672e+00
3.701949691772460938e+01
2.069367170333862305e+00
1.536892318725585938e+01
6.838091611862182617e-01
3.687775850296020508e+00
1.484931558370590210e-01
3.246818542480468750e+00
6.890632629394531250e+01
7.880006835937500000e+03
4.593688964843750000e+00
1.333210372924804688e+01
1.823332548141479492e+00
1.693562507629394531e+00
3.419347000122070312e+01
4.739098739624023438e+01
9.167525172233581543e-01
1.121010303497314453e+00
4.383289813995361328e+00
5.131499481201171875e+01
2.574058723449707031e+01
2.384421348571777344e+00
7.615122985839843750e+01
2.469199523925781250e+02
1.746815443038940430e+00
2.868354320526123047e+00
1.892308115959167480e+00
1.682007217407226562e+01
2.918589591979980469e+00
2.726412296295166016e+00
2.879310913085937500e+02
5.275628089904785156e+00
2.772086906433105469e+01
7.208007812500000000e+02
5.308394241333007812e+01
1.428759217262268066e+00
3.741930007934570312e+01
