4.554457962512969971e-02
2.328784465789794922e-01
2.276870757341384888e-01
9.487906470894813538e-03
3.197790384292602539e-01
4.425179958343505859e-01
1.029571890830993652e-01
1.341950334608554840e-02
2.358946949243545532e-01
1.075788959860801697e-01
4.434023797512054443e-01
9.170450270175933838e-02
5.619150400161743164e-02
1.841996423900127411e-02
4.692649468779563904e-02
1.004785969853401184e-01
2.404529601335525513e-02
6.126287207007408142e-02
3.344410285353660583e-02
3.295750916004180908e-02
3.781223297119140625e-02
1.219910103827714920e-02
4.861025512218475342e-01
6.405460089445114136e-02
6.371564388275146484e+00
2.384445257484912872e-02
4.842987284064292908e-02
2.022771984338760376e-01
1.497251987457275391e+00
8.966548442840576172e-01
6.853825412690639496e-03
2.949438756331801414e-03
2.170153260231018066e-01
5.332815051078796387e-01
8.390930481255054474e-03
4.380787909030914307e-01
2.477669157087802887e-02
1.216098386794328690e-02
1.046287789940834045e-01
7.976799458265304565e-02
1.717975974082946777e+00
2.341186106204986572e-01
7.468922436237335205e-02
2.763647794723510742e+00
4.127084016799926758e-01
4.689258933067321777e-01
6.547122448682785034e-02
6.438276767730712891e-01
8.542227558791637421e-03
1.273382663726806641e+00
1.432702988386154175e-01
2.971296012401580811e-02
1.162688255310058594e+00
2.044670283794403076e-01
1.360272895544767380e-02
1.735619455575942993e-02
1.207270007580518723e-02
2.988871932029724121e-01
2.581165172159671783e-02
5.799705982208251953e+00
4.585986211895942688e-02
3.010259389877319336e+00
5.316963791847229004e-02
4.589100182056427002e-02
2.744417488574981689e-01
6.040706634521484375e-01
2.929714024066925049e-01
1.070113778114318848e-01
3.674694299697875977e+00
1.646439671516418457e+00
6.187213584780693054e-04
6.902542710304260254e-01
1.350140944123268127e-02
1.935560703277587891e+00
4.427658319473266602e-01
2.526921331882476807e-01
2.131930738687515259e-02
1.591574028134346008e-02
7.239814847707748413e-02
9.171998500823974609e-02
3.911452293395996094e-01
3.161972761154174805e-02
6.271716952323913574e-02
4.829623270779848099e-03
1.610912568867206573e-02
1.043071225285530090e-02
1.199883176013827324e-03
3.784823790192604065e-02
1.062024235725402832e+00
2.239335095509886742e-03
1.943941041827201843e-02
1.270254701375961304e-01
5.279369279742240906e-02
8.955866843461990356e-02
7.560840249061584473e-02
6.448771953582763672e-01
1.352677345275878906e-01
9.728518128395080566e-01
3.257477656006813049e-02
2.047661393880844116e-01
3.284562528133392334e-01
2.947112172842025757e-02
1.577469334006309509e-02
8.186871558427810669e-02
9.595800191164016724e-02
3.898870050907135010e-01
1.128478273749351501e-01
3.049459755420684814e-01
1.812382936477661133e+00
1.302614957094192505e-01
1.992069557309150696e-02
2.670176327228546143e-01
4.345256388187408447e-01
5.248246192932128906e-01
2.486170530319213867e-01
1.038758084177970886e-01
1.949979513883590698e-01
3.910303488373756409e-02
3.461557673290371895e-03
6.389956176280975342e-02
1.278254855424165726e-02
9.900925636291503906e+00
8.194189667701721191e-01
1.104248285293579102e+00
3.044124925509095192e-03
2.603955566883087158e-02
1.437347754836082458e-02
2.895668847486376762e-03
1.700719892978668213e-01
8.484914898872375488e-02
7.996703982353210449e-01
3.479448556900024414e-01
6.786989513784646988e-03
9.065965190529823303e-03
3.737959265708923340e-02
1.035388931632041931e-02
3.483990952372550964e-02
6.280812621116638184e-01
8.013845235109329224e-02
8.766851425170898438e-01
1.164009422063827515e-01
8.323948830366134644e-02
7.269430637359619141e+00
1.503555893898010254e+00
1.909150481224060059e+00
1.256231963634490967e-01
2.372876256704330444e-01
1.297548264265060425e-01
2.148916870355606079e-01
3.918228298425674438e-02
2.599825896322727203e-02
1.421099305152893066e+00
2.327496111392974854e-01
6.604061275720596313e-02
2.558700740337371826e-01
8.122915029525756836e-02
3.550125658512115479e-02
1.038577258586883545e-01
5.408924072980880737e-03
4.711848217993974686e-03
5.387750864028930664e-01
7.182391732931137085e-02
1.481014043092727661e-01
1.290942728519439697e-01
1.332689404487609863e+00
1.820089668035507202e-01
4.039504826068878174e-01
2.703526914119720459e-01
5.429845809936523438e+00
4.115385003387928009e-03
3.307237327098846436e-01
1.427182853221893311e-01
1.537933852523565292e-02
8.070271462202072144e-02
2.425113469362258911e-01
9.983632564544677734e-01
9.266685694456100464e-02
9.890659898519515991e-02
8.021312206983566284e-02
1.355868101119995117e+00
1.676805466413497925e-01
2.579526305198669434e-01
2.124364376068115234e-01
4.222569987177848816e-02
1.641447186470031738e+00
2.012430429458618164e-01
2.640894651412963867e-01
9.923066198825836182e-02
3.120633363723754883e-01
1.166720613837242126e-01
5.720621943473815918e-01
1.253273636102676392e-01
9.448569267988204956e-03
1.045753881335258484e-01
1.871711164712905884e-01
4.744431003928184509e-02
1.842272877693176270e-01
7.997120171785354614e-02
5.239774938672780991e-03
2.545408308506011963e-01
2.646133117377758026e-02
1.483221948146820068e-01
1.831776648759841919e-01
5.329561606049537659e-02
1.931861788034439087e-01
1.539835892617702484e-02
4.714536294341087341e-02
1.400531959533691406e+01
1.604825817048549652e-02
1.138288248330354691e-02
4.896070435643196106e-02
8.782900124788284302e-02
5.210812203586101532e-03
2.152398228645324707e-01
2.073179632425308228e-01
4.026822149753570557e-01
3.591690957546234131e-01
2.845400571823120117e-02
5.541281774640083313e-03
1.996295690536499023e+00
8.870007991790771484e-01
2.120344899594783783e-02
2.309058979153633118e-02
5.186029523611068726e-02
8.925294969230890274e-04
3.549173474311828613e-01
2.114916406571865082e-02
1.099617362022399902e+00
1.978945881128311157e-01
3.114818222820758820e-02
3.043772280216217041e-02
7.433778792619705200e-02
1.867589913308620453e-02
2.168486565351486206e-01
4.388600215315818787e-02
6.748025417327880859e-01
1.366620659828186035e-01
3.700052853673696518e-03
2.929384708404541016e-01
2.927396818995475769e-02
2.256114631891250610e-01
1.375741697847843170e-02
4.484675079584121704e-02
3.154286742210388184e-02
1.243850290775299072e-01
9.479900449514389038e-02
2.849575877189636230e-01
5.504722520709037781e-02
1.016820371150970459e-01
1.964813619852066040e-01
8.949143439531326294e-02
5.106799602508544922e-01
7.629500702023506165e-03
7.510175108909606934e-01
1.682162582874298096e-01
1.254701167345046997e-01
2.345430612564086914e+00
4.809780418872833252e-02
1.525668501853942871e-01
5.583892017602920532e-02
6.920617073774337769e-02
1.294136140495538712e-02
2.098630070686340332e-01
9.433546662330627441e-02
3.922943398356437683e-02
5.079460740089416504e-01
2.275344170629978180e-02
1.178395748138427734e+00
3.649046644568443298e-03
7.035875320434570312e-02
3.204771757125854492e+00
1.763663589954376221e-01
1.049738451838493347e-01
1.355420053005218506e-02
3.883278695866465569e-03
4.481650143861770630e-02
5.186476930975914001e-02
5.553263053297996521e-02
3.337933123111724854e-02
4.066670835018157959e-01
9.657241702079772949e-01
2.369763851165771484e-01
6.769057363271713257e-02
1.858180202543735504e-02
6.149576976895332336e-03
5.032166466116905212e-02
2.384402513504028320e+00
7.613146305084228516e-01
1.986838877201080322e-02
1.580661237239837646e-01
1.975374296307563782e-02
1.311975996941328049e-02
2.503690719604492188e-01
2.055091597139835358e-02
2.408315800130367279e-02
1.867475360631942749e-02
3.226372599601745605e-02
4.052244499325752258e-02
5.152558088302612305e-01
1.825249344110488892e-01
9.953425526618957520e-01
3.595314919948577881e-01
2.097948193550109863e-01
2.904512882232666016e+00
2.891815900802612305e-01
7.000282406806945801e-02
2.258953824639320374e-02
1.211380958557128906e-01
3.450282514095306396e-01
3.400544822216033936e-01
1.475163817405700684e+00
3.709848523139953613e-01
5.654112696647644043e-01
5.958375334739685059e-01
3.482451289892196655e-02
1.760482192039489746e-01
1.028420496731996536e-02
9.969003796577453613e-01
5.311954766511917114e-03
2.950503677129745483e-02
1.430414766073226929e-01
2.348678745329380035e-02
5.316246151924133301e-01
2.416726350784301758e+00
8.417714387178421021e-02
2.095908403396606445e+00
2.557006478309631348e-02
5.860135331749916077e-02
5.759903416037559509e-02
9.102724492549896240e-03
3.494669217616319656e-03
3.776898622512817383e+00
9.428951144218444824e-02
1.281606107950210571e-01
3.506167232990264893e-02
7.578711211681365967e-02
9.262389689683914185e-02
2.733222208917140961e-02
1.008369401097297668e-01
7.393755912780761719e-01
1.770989894866943359e-01
1.474762242287397385e-02
2.237903699278831482e-02
2.683704853057861328e+00
1.127275172621011734e-02
1.258020941168069839e-02
1.505457282066345215e+00
1.761100888252258301e-01
2.355439513921737671e-01
3.310573101043701172e-01
1.366634815931320190e-01
3.090644814074039459e-02
1.815373077988624573e-03
4.262933507561683655e-02
1.314247995615005493e-01
1.035748422145843506e-02
2.117369882762432098e-02
4.724799394607543945e-01
4.998059868812561035e-01
1.321129053831100464e-01
1.566430628299713135e-01
5.355402082204818726e-02
8.967082202434539795e-02
4.046839848160743713e-02
5.182709097862243652e-01
1.002159267663955688e-01
1.141739636659622192e-01
1.979340985417366028e-02
4.438975155353546143e-01
2.225850010290741920e-03
2.051550745964050293e-01
2.257140539586544037e-02
1.944684863090515137e+00
1.002445816993713379e-01
3.763948082923889160e-01
8.701857179403305054e-03
6.713816523551940918e-02
2.007637917995452881e-01
6.756284087896347046e-02
6.582051049917936325e-03
1.009759008884429932e-01
1.719224639236927032e-02
1.325848937034606934e+00
7.155282497406005859e-01
1.298760920763015747e-01
9.495458006858825684e-01
8.560502052307128906e+00
3.752510249614715576e-02
4.312879219651222229e-02
2.886862028390169144e-03
9.344562143087387085e-02
3.016768693923950195e-01
1.219968870282173157e-01
9.376399993896484375e+00
1.085595786571502686e-02
2.864729166030883789e+00
2.585940659046173096e-01
2.383768707513809204e-01
2.172888629138469696e-02
3.491964191198348999e-02
1.038564801216125488e+00
2.700219726562500000e+01
2.745817756652832031e+01
7.524557113647460938e-01
1.224236106872558594e+01
4.734764099121093750e+00
1.796971511840820312e+01
1.557832837104797363e+00
3.907769775390625000e+01
9.849825501441955566e-01
3.556148147583007812e+01
8.349004745483398438e+00
2.081027269363403320e+00
3.138348758220672607e-01
4.759736537933349609e+00
4.052745437622070312e+01
3.911144733428955078e+00
1.424749946594238281e+01
2.019776725769042969e+01
1.278495788574218750e+00
1.600433707237243652e+00
5.717767477035522461e-01
5.778719902038574219e+00
6.751218795776367188e+00
4.724867630004882812e+01
9.726253151893615723e-01
5.570391178131103516e+00
1.412164020538330078e+01
1.847538146972656250e+02
1.763745307922363281e+01
1.533456444740295410e+00
1.215945959091186523e+00
2.609584331512451172e+00
1.133516540527343750e+02
4.401948153972625732e-01
1.705772018432617188e+01
5.154895186424255371e-01
2.894068360328674316e-01
1.623755812644958496e+00
5.083353042602539062e+00
2.162779693603515625e+02
5.134293556213378906e+00
7.921401858329772949e-01
2.102265930175781250e+01
4.682348728179931641e+00
4.355622482299804688e+01
1.660271072387695312e+01
1.018652439117431641e+01
1.257752180099487305e+00
4.759252166748046875e+01
1.023375892639160156e+01
2.630225419998168945e+00
1.786609458923339844e+01
2.925369453430175781e+01
4.442074775695800781e+00
3.351434767246246338e-01
4.574384987354278564e-01
9.344840645790100098e-01
7.560631036758422852e-01
3.778962326049804688e+01
1.299027919769287109e+01
6.623374938964843750e+01
9.263945817947387695e-01
3.085348606109619141e+00
1.029215455055236816e+00
2.342468643188476562e+01
3.330575942993164062e+00
5.958348846435546875e+01
6.364390945434570312e+01
1.112055740356445312e+02
3.242194280028343201e-02
1.217356300354003906e+01
7.029699683189392090e-01
5.673390579223632812e+01
2.903372955322265625e+01
4.353123664855957031e+00
1.137517690658569336e+00
6.480252742767333984e-01
8.169023513793945312e+00
7.535169601440429688e+00
6.299652099609375000e+00
9.813221096992492676e-01
2.699743986129760742e+00
1.853865742683410645e+00
2.199012041091918945e+00
1.285895705223083496e+00
7.124167680740356445e-01
5.897056102752685547e+00
9.763519287109375000e+00
3.285729587078094482e-01
1.512775063514709473e+00
1.441299057006835938e+01
1.570815467834472656e+01
3.542692661285400391e+00
5.947631359100341797e+00
1.510751152038574219e+01
1.440777540206909180e+00
1.346618347167968750e+02
1.584737658500671387e+00
6.514101028442382812e+00
5.892748236656188965e-01
7.743991017341613770e-01
2.167694121599197388e-01
5.236088943481445312e+01
8.691187858581542969e+00
1.365569591522216797e+01
1.401738286018371582e+00
1.021357421875000000e+02
1.075054702758789062e+02
1.017812609672546387e+00
2.365857809782028198e-01
8.825267791748046875e+00
7.849928379058837891e+00
5.432527542114257812e+00
7.930116653442382812e+00
3.319443941116333008e+00
4.811579227447509766e+00
1.742965817451477051e+00
1.202419281005859375e+00
5.714218616485595703e+00
3.946140050888061523e+00
5.479943237304687500e+02
2.427392272949218750e+02
1.916671371459960938e+01
1.242653369903564453e+00
1.816538810729980469e+01
4.646011352539062500e+00
1.511747241020202637e+00
7.439665985107421875e+01
9.554897308349609375e+00
3.088655471801757812e+00
1.156708431243896484e+01
1.296815872192382812e-01
6.232281327247619629e-01
7.404935956001281738e-01
4.876404702663421631e-01
2.265776395797729492e+00
2.076194190979003906e+01
1.373755645751953125e+01
2.363556671142578125e+01
5.808657073974609375e+01
6.593136191368103027e-01
8.510958862304687500e+01
3.128802299499511719e+01
3.111842727661132812e+01
8.052289962768554688e+00
5.220029449462890625e+01
3.082634210586547852e+00
1.095573139190673828e+01
7.588069438934326172e+00
1.941084027290344238e+00
8.198165893554687500e+01
3.638200759887695312e+00
1.129374146461486816e+00
2.185592842102050781e+01
2.995337724685668945e+00
8.643731474876403809e-01
2.622543096542358398e+00
8.674916625022888184e-01
7.733664512634277344e-01
4.027589416503906250e+01
2.090487861633300781e+01
1.765143585205078125e+01
2.511409759521484375e+00
1.172582244873046875e+01
1.472607731819152832e+00
6.086749553680419922e+00
1.409503364562988281e+01
2.514154510498046875e+02
2.914773821830749512e-01
1.291739273071289062e+01
2.161517143249511719e+01
2.019234180450439453e+00
1.803709626197814941e+00
7.495549774169921875e+01
1.182044029235839844e+01
2.806130170822143555e+00
1.011499214172363281e+01
4.782200813293457031e+00
2.576539421081542969e+01
1.008763551712036133e+00
2.979141807556152344e+01
2.031818580627441406e+01
6.555531919002532959e-02
7.939723968505859375e+01
1.950535011291503906e+01
1.181431651115417480e+00
2.094737768173217773e+00
6.003176879882812500e+01
8.444974899291992188e+00
1.206998109817504883e+00
4.712850570678710938e+00
7.764310240745544434e-01
9.808939933776855469e+00
1.209544944763183594e+01
3.591519594192504883e-01
1.854405403137207031e+00
1.152897357940673828e+00
9.285210371017456055e-01
2.455897092819213867e+00
1.108011531829833984e+01
2.876458406448364258e+00
6.411759853363037109e+00
3.462462186813354492e+00
1.884815406799316406e+01
1.949508339166641235e-01
2.964992523193359375e+00
8.370849609375000000e+01
5.773575305938720703e+00
7.174248218536376953e+00
4.653647422790527344e+00
4.278094291687011719e+00
3.459302186965942383e-01
1.886126136779785156e+01
2.218323469161987305e+00
1.135511398315429688e+01
9.706693887710571289e-01
1.664589500427246094e+01
3.683153390884399414e-01
3.240373992919921875e+01
1.171521530151367188e+02
5.983316302299499512e-01
5.183080434799194336e-01
1.249632358551025391e+01
6.632964015007019043e-01
1.769371490478515625e+02
1.966158032417297363e+00
4.950891017913818359e+00
9.393295049667358398e-01
2.261438608169555664e+00
3.716258406639099121e-01
9.967544555664062500e+00
8.091976046562194824e-01
4.171981048583984375e+01
1.321816086769104004e+00
1.098714733123779297e+01
4.252005219459533691e-01
4.229660928249359131e-01
1.111544728279113770e+00
1.616954326629638672e+00
1.110935020446777344e+01
2.703446626663208008e+00
1.708831310272216797e+00
2.134439229965209961e+00
1.569223403930664062e+01
7.544326305389404297e+00
1.440833854675292969e+01
4.802324473857879639e-01
2.290548706054687500e+01
1.609495878219604492e+00
1.533974409103393555e+00
5.092289447784423828e+00
7.931326031684875488e-01
3.577935028076171875e+01
8.389615058898925781e+00
4.176373004913330078e+00
1.472299671173095703e+01
1.806336522102355957e+00
1.733388066291809082e+00
2.140174102783203125e+01
3.306093978881835938e+01
5.250096797943115234e+00
6.299180984497070312e+00
9.379107475280761719e+00
1.366173362731933594e+01
1.657163238525390625e+01
3.007728385925292969e+01
5.851404571533203125e+01
4.276323616504669189e-01
8.959126472473144531e+00
7.839343261718750000e+01
2.119141197204589844e+01
3.712608337402343750e+01
6.072778105735778809e-01
5.303879380226135254e-01
5.843544006347656250e+00
1.709720134735107422e+00
6.491311550140380859e+00
5.474061012268066406e+00
2.476177930831909180e+00
7.790645122528076172e+00
4.324136257171630859e+00
3.077667474746704102e+00
1.030656814575195312e+00
2.934342026710510254e-01
2.084005117416381836e+00
4.354179382324218750e+01
1.128140449523925781e+01
2.228917598724365234e+00
2.376385927200317383e+00
3.443539142608642578e+00
2.415556430816650391e+00
1.390289764404296875e+02
1.958976387977600098e+00
3.608011722564697266e+00
2.105413913726806641e+00
5.178541183471679688e+00
1.043166828155517578e+01
1.670922279357910156e+00
9.090575218200683594e+00
2.533985519409179688e+01
2.320098114013671875e+01
2.881625652313232422e+00
3.460351562500000000e+01
5.503636360168457031e+00
4.055070400238037109e+00
2.429580116271972656e+01
2.714069366455078125e+00
1.079962730407714844e+01
4.196927261352539062e+01
4.473179244995117188e+01
6.072504043579101562e+01
1.151668853759765625e+02
3.162798643112182617e+00
1.035483360290527344e+00
8.891665935516357422e-01
8.257343173027038574e-01
5.484667778015136719e+00
7.894045114517211914e-01
4.405337870121002197e-01
1.367238044738769531e+00
5.152868032455444336e-01
1.702916717529296875e+02
1.473404407501220703e+01
4.335816574096679688e+01
2.365845680236816406e+01
1.136229515075683594e+00
1.329675674438476562e+01
6.019293785095214844e+00
2.679002046585083008e+00
7.152087688446044922e-01
9.449124908447265625e+01
3.765188980102539062e+01
4.468424320220947266e+00
8.301620483398437500e+00
2.477202224731445312e+01
8.548434448242187500e+01
3.759826898574829102e+00
5.899314284324645996e-01
1.419690132141113281e+01
9.360158443450927734e-01
3.604990243911743164e+00
5.470741748809814453e+00
2.896951484680175781e+01
8.232812285423278809e-01
2.248536109924316406e+00
6.877584838867187500e+01
1.796054458618164062e+01
1.605294418334960938e+01
8.257234573364257812e+00
5.648338317871093750e+00
1.942071020603179932e-01
1.223669573664665222e-01
9.352503776550292969e+00
4.300598144531250000e+00
9.927128553390502930e-01
6.046242713928222656e+00
7.133614349365234375e+01
1.095741882324218750e+02
8.871239662170410156e+00
3.262170791625976562e+00
2.086642503738403320e+00
4.405674934387207031e+00
4.919869899749755859e+00
2.027640342712402344e+01
1.837504625320434570e+00
1.377552318572998047e+01
8.150627613067626953e-01
3.393158912658691406e+00
1.592935919761657715e-01
3.499067783355712891e+00
1.688499832153320312e+01
1.171080322265625000e+03
2.962110280990600586e+00
7.840807914733886719e+00
9.869219660758972168e-01
2.174587488174438477e+00
2.973231697082519531e+01
2.409620857238769531e+01
2.811298668384552002e-01
1.033395767211914062e+00
2.777424812316894531e+00
2.554399490356445312e+01
3.608337020874023438e+01
1.561078667640686035e+00
2.225316429138183594e+01
1.083893127441406250e+02
1.452584028244018555e+00
3.348840236663818359e+00
2.227193117141723633e+00
9.357850074768066406e+00
4.731241226196289062e+00
8.108349800109863281e+00
4.742192382812500000e+02
4.367191791534423828e+00
2.082724189758300781e+01
2.013030548095703125e+02
4.419650650024414062e+01
2.516552448272705078e+00
2.779534149169921875e+01
