9.732268750667572021e-02
2.161688655614852905e-01
4.258632287383079529e-02
4.133795853704214096e-03
5.191474035382270813e-02
1.010415434837341309e+00
2.661097049713134766e-02
1.433624140918254852e-02
5.398729071021080017e-02
2.027737945318222046e-01
1.539164930582046509e-01
8.653750270605087280e-02
1.124875023961067200e-01
2.330944128334522247e-02
1.242483220994472504e-02
5.747181922197341919e-02
3.449139418080449104e-03
3.911721706390380859e-02
3.114287368953227997e-02
9.288524277508258820e-03
1.450234837830066681e-02
1.851398311555385590e-02
2.117820531129837036e-01
3.345012292265892029e-02
5.132648468017578125e+00
1.116312202066183090e-02
4.179571941494941711e-02
2.052097618579864502e-01
3.521711528301239014e-01
1.606419682502746582e+00
3.696494270116090775e-03
1.310036750510334969e-03
7.643381506204605103e-02
1.946140080690383911e-01
2.509976737201213837e-02
2.199000567197799683e-01
1.727425679564476013e-02
1.939799636602401733e-03
6.700460612773895264e-02
2.009912580251693726e-02
5.724964737892150879e-01
1.725194454193115234e-01
3.337371349334716797e-02
4.438921928405761719e+00
2.925813198089599609e-01
1.452265083789825439e-01
2.825331315398216248e-02
1.343306064605712891e+00
2.341941231861710548e-03
3.784203231334686279e-01
1.876673996448516846e-01
6.368198245763778687e-02
3.337725400924682617e-01
7.627619802951812744e-02
3.450993448495864868e-03
4.984723869711160660e-03
7.509157061576843262e-03
1.170099973678588867e-01
2.621099539101123810e-02
2.016368293762207031e+01
1.720347255468368530e-02
7.915416717529296875e+00
2.370114624500274658e-02
2.926891483366489410e-02
1.823754906654357910e-01
2.083345800638198853e-01
4.913984537124633789e-01
7.962835580110549927e-02
2.626475811004638672e+00
9.349589943885803223e-01
3.060410963371396065e-04
8.050043582916259766e-01
5.722256377339363098e-03
1.076687216758728027e+00
1.740861982107162476e-01
3.896010667085647583e-02
1.811953634023666382e-02
4.912504553794860840e-02
3.359078615903854370e-02
2.981484122574329376e-02
5.064621567726135254e-01
3.505150601267814636e-02
1.353000253438949585e-01
2.247973112389445305e-03
5.034426227211952209e-03
5.199967883527278900e-03
2.420291857561096549e-04
3.359210863709449768e-02
1.014095902442932129e+00
1.414201571606099606e-03
1.624055765569210052e-02
7.602778822183609009e-02
1.696129515767097473e-02
6.386418640613555908e-02
2.762062847614288330e-02
8.561819791793823242e-01
2.373593598604202271e-01
6.516417264938354492e-01
8.735653012990951538e-03
1.572164148092269897e-01
1.666056394577026367e+00
8.350958675146102905e-02
5.601758137345314026e-03
3.061478957533836365e-02
5.196009948849678040e-02
2.712262868881225586e-01
7.350795716047286987e-02
9.597486257553100586e-02
6.769686937332153320e-01
1.100884675979614258e-01
2.116114832460880280e-02
2.021524906158447266e-01
1.347334980964660645e-01
7.145201563835144043e-01
3.507339209318161011e-02
1.124110370874404907e-01
9.599642455577850342e-02
2.482477016746997833e-02
8.098130114376544952e-03
2.443486452102661133e-02
3.666320350021123886e-03
6.193997955322265625e+01
5.247982144355773926e-01
1.476833581924438477e+00
9.454346727579832077e-04
6.332042813301086426e-02
1.993024535477161407e-02
7.871142588555812836e-04
1.921029388904571533e-01
6.256435811519622803e-02
9.191481471061706543e-01
1.249260827898979187e-01
8.729552850127220154e-03
2.820774680003523827e-03
3.981737792491912842e-02
9.512863121926784515e-03
2.604050561785697937e-02
1.254402518272399902e+00
1.644733697175979614e-01
1.335027456283569336e+00
4.501971229910850525e-02
2.065277285873889923e-02
3.603243827819824219e+00
1.067665815353393555e+00
7.477118492126464844e+00
1.619710922241210938e-01
3.193472027778625488e-01
6.658203154802322388e-02
2.232767492532730103e-01
4.043940454721450806e-02
2.802672237157821655e-02
6.253370642662048340e-01
1.397380381822586060e-01
8.613752573728561401e-02
2.638535499572753906e-01
7.132943719625473022e-02
3.260210528969764709e-02
4.784751683473587036e-02
1.907448749989271164e-03
4.668624140322208405e-03
2.008001506328582764e-01
2.877996861934661865e-02
1.155572980642318726e-01
1.659069657325744629e-01
1.113663673400878906e+00
3.747465610504150391e-01
4.610026776790618896e-01
2.985388934612274170e-01
2.972321271896362305e+00
4.302701912820339203e-03
2.126910537481307983e-01
1.786934584379196167e-01
3.369015175849199295e-03
3.885317221283912659e-02
1.082009524106979370e-01
1.120430946350097656e+00
5.935270339250564575e-02
4.800698906183242798e-02
3.379746153950691223e-02
1.177434086799621582e+00
1.426070779561996460e-01
6.711068749427795410e-02
1.504808068275451660e-01
5.702422931790351868e-02
2.055377483367919922e+00
8.851886540651321411e-02
3.972559794783592224e-02
3.854472190141677856e-02
4.017483890056610107e-01
5.514986440539360046e-02
8.995271921157836914e-01
5.580821260809898376e-02
8.832314051687717438e-04
6.488599628210067749e-02
1.779946088790893555e-01
8.759848028421401978e-02
1.416374146938323975e-01
4.438634589314460754e-02
6.321776192635297775e-03
3.271553516387939453e-01
4.983668681234121323e-03
5.943161621689796448e-02
6.916619837284088135e-02
4.161822423338890076e-02
4.359119758009910583e-02
1.153892744332551956e-02
9.190145134925842285e-02
1.501623153686523438e+01
7.313096895813941956e-03
4.456070717424154282e-03
1.995167694985866547e-02
6.425467878580093384e-02
1.377801760099828243e-03
7.305457592010498047e-01
8.179418742656707764e-02
1.670482516288757324e+00
7.068884372711181641e-01
2.385514229536056519e-02
1.993857091292738914e-03
1.341128349304199219e+00
1.416381597518920898e+00
6.876724306493997574e-03
1.467506028711795807e-02
2.785831317305564880e-02
3.946331562474370003e-04
2.157379537820816040e-01
4.945453722029924393e-03
2.448610067367553711e+00
1.525155603885650635e-01
2.091365121304988861e-02
3.495432436466217041e-02
3.335513174533843994e-02
2.016439847648143768e-02
3.074924089014530182e-02
3.282531723380088806e-02
2.707653045654296875e-01
9.528400748968124390e-02
5.883716046810150146e-03
3.541890382766723633e-01
3.749713767319917679e-03
2.863979041576385498e-01
2.652911283075809479e-02
1.584945470094680786e-01
1.014492474496364594e-02
1.587118580937385559e-02
3.092426434159278870e-02
1.230146810412406921e-01
5.414867401123046875e-02
7.997813820838928223e-02
1.413073539733886719e-01
1.106667667627334595e-01
9.954895973205566406e-01
8.580094436183571815e-04
4.638367593288421631e-01
1.467334628105163574e-01
1.733038872480392456e-01
2.439672470092773438e+00
9.411944448947906494e-02
3.704347088932991028e-02
4.789240658283233643e-02
1.994488015770912170e-02
5.011776927858591080e-03
5.542538166046142578e-01
9.957648813724517822e-02
1.830554567277431488e-02
3.174317181110382080e-01
5.943068303167819977e-03
1.514533400535583496e+00
1.546445069834589958e-03
2.959666214883327484e-02
7.838937282562255859e+00
2.347408831119537354e-01
1.502244025468826294e-01
6.884424947202205658e-03
2.019208855926990509e-03
2.924811281263828278e-02
4.951230064034461975e-02
2.539644017815589905e-02
1.540801376104354858e-01
6.830735206604003906e-01
6.205208897590637207e-01
1.145151183009147644e-01
4.156127944588661194e-02
1.520809531211853027e-02
1.278167590498924255e-03
1.961233653128147125e-02
5.823746681213378906e+00
2.465267181396484375e+00
1.048797275871038437e-02
1.099242866039276123e-01
2.166720107197761536e-02
1.077011972665786743e-02
3.004381358623504639e-01
3.037562966346740723e-02
4.278158303350210190e-03
1.663813553750514984e-02
3.730655089020729065e-02
6.871876865625381470e-02
1.706580281257629395e+00
2.122406959533691406e-01
2.649723768234252930e+00
2.395089119672775269e-01
2.549155652523040771e-01
2.189449548721313477e+00
5.445634722709655762e-01
2.563552558422088623e-02
1.051752548664808273e-02
1.793857514858245850e-01
1.492401212453842163e-01
3.501847386360168457e-01
1.505225300788879395e+00
1.866757869720458984e-01
1.436818391084671021e-01
3.027910888195037842e-01
1.471712067723274231e-02
8.062067627906799316e-02
3.721104469150304794e-03
1.722583055496215820e+00
2.319561317563056946e-03
1.146814506500959396e-02
1.922794729471206665e-01
2.331014024093747139e-03
9.888876974582672119e-02
4.968647062778472900e-01
5.335994809865951538e-02
3.488177537918090820e+00
8.812231011688709259e-03
1.043419446796178818e-02
2.413718588650226593e-02
8.974556811153888702e-03
2.805969677865505219e-03
2.837949991226196289e+00
3.740946948528289795e-02
4.912695661187171936e-02
1.987302675843238831e-02
3.039751574397087097e-02
2.995177172124385834e-02
1.897758804261684418e-02
1.364157795906066895e-01
4.853307306766510010e-01
5.350437387824058533e-02
1.861106837168335915e-03
8.129592984914779663e-03
1.684791088104248047e+00
2.453741151839494705e-03
2.218577265739440918e-02
6.442403197288513184e-01
6.868938803672790527e-01
6.448617577552795410e-02
2.473958283662796021e-01
1.763853132724761963e-01
7.596968114376068115e-02
6.057210266590118408e-04
2.012245729565620422e-02
6.986577808856964111e-02
4.727038089185953140e-03
2.870101667940616608e-02
1.112355217337608337e-01
1.526989042758941650e-01
2.045453339815139771e-01
5.353042855858802795e-02
1.155733596533536911e-02
7.050948590040206909e-02
4.059297591447830200e-02
4.779285788536071777e-01
5.090940371155738831e-02
1.016455814242362976e-01
5.805565975606441498e-03
4.914799034595489502e-01
1.196723314933478832e-03
1.301936209201812744e-01
2.863707393407821655e-02
5.125211238861083984e+00
8.564259856939315796e-02
5.046443343162536621e-01
5.651171784847974777e-03
1.699475385248661041e-02
2.688975445926189423e-02
1.668248884379863739e-02
1.744999177753925323e-02
8.615790307521820068e-02
1.224452815949916840e-02
7.650160789489746094e-01
5.907798409461975098e-01
1.036368161439895630e-01
3.240987539291381836e+00
1.714574241638183594e+01
2.036380395293235779e-02
1.605550013482570648e-02
4.667724424507468939e-04
8.203090727329254150e-02
5.708201229572296143e-02
5.649711564183235168e-02
1.432016944885253906e+01
1.151514938101172447e-03
5.042148590087890625e+00
2.581348419189453125e-01
3.173036500811576843e-02
1.048395782709121704e-02
1.203737594187259674e-02
5.510654926300048828e+00
3.131245613098144531e+01
3.550943756103515625e+01
3.434761166572570801e-01
8.824613571166992188e+00
2.601685523986816406e+00
8.532181549072265625e+01
8.976624488830566406e+00
9.908666992187500000e+01
6.799813270568847656e+00
6.393494033813476562e+01
2.176260757446289062e+01
9.374122619628906250e+00
6.985206007957458496e-01
1.617844390869140625e+01
3.207904815673828125e+01
1.338010120391845703e+01
1.340824127197265625e+02
2.411101341247558594e+01
3.073582887649536133e+00
4.731209278106689453e+00
3.485139131546020508e+00
1.583537864685058594e+01
1.757811927795410156e+01
2.666224288940429688e+01
1.643051147460937500e+00
1.889976310729980469e+01
1.815834808349609375e+02
3.671242065429687500e+02
3.413121795654296875e+01
2.632207632064819336e+00
2.416320085525512695e+00
3.444341421127319336e+00
3.252501220703125000e+02
2.423472166061401367e+00
2.367279815673828125e+01
5.828957557678222656e-01
2.503504753112792969e-01
2.505689144134521484e+00
3.079890823364257812e+01
1.198594970703125000e+03
2.003984260559082031e+01
6.330747008323669434e-01
9.549459075927734375e+01
1.686615180969238281e+01
1.213430480957031250e+02
1.215911788940429688e+02
1.559753990173339844e+01
1.662057280540466309e+00
1.885157470703125000e+02
5.072208023071289062e+01
8.039422988891601562e+00
1.462781715393066406e+01
7.362474822998046875e+01
5.484246730804443359e+00
8.976103663444519043e-01
2.086683273315429688e+00
1.514170646667480469e+00
4.821392536163330078e+00
2.087895355224609375e+02
3.994695663452148438e+01
2.078029479980468750e+02
1.967781305313110352e+00
9.563745498657226562e+00
2.737219572067260742e+00
2.227124214172363281e+01
1.146271705627441406e+01
8.231285400390625000e+02
1.344761962890625000e+03
5.248642730712890625e+01
7.228294759988784790e-02
4.613449096679687500e+01
1.634166836738586426e+00
1.207953033447265625e+02
1.379134941101074219e+01
7.757725238800048828e+00
5.679867267608642578e-01
2.209130764007568359e+00
3.215459442138671875e+01
2.245009803771972656e+01
2.197626876831054688e+01
2.661077976226806641e+00
8.832582473754882812e+00
1.131443405151367188e+01
5.673095703125000000e+00
2.961978197097778320e+00
3.170990943908691406e-01
2.922367668151855469e+01
1.823195457458496094e+01
1.407749056816101074e+00
3.498474359512329102e+00
9.098511505126953125e+01
4.802185440063476562e+01
1.613500404357910156e+01
3.053892326354980469e+01
2.538555908203125000e+01
5.241225719451904297e+00
1.265750732421875000e+03
2.345734357833862305e+00
2.499881553649902344e+01
7.500717043876647949e-01
3.317184686660766602e+00
3.061823546886444092e-01
8.601027679443359375e+01
1.628676605224609375e+01
2.405376243591308594e+01
3.749492406845092773e+00
2.809283447265625000e+02
4.188359985351562500e+02
2.926722526550292969e+00
1.895257681608200073e-01
4.805216979980468750e+01
1.666305923461914062e+01
1.102534580230712891e+01
2.951506423950195312e+01
3.226579284667968750e+01
1.187338638305664062e+01
6.461967945098876953e+00
1.596013259887695312e+01
1.142682170867919922e+01
2.154119300842285156e+01
5.215996582031250000e+03
3.013064880371093750e+02
3.132956504821777344e+01
3.211982965469360352e+00
1.707781982421875000e+02
9.614954948425292969e+00
1.996620178222656250e+00
2.952449035644531250e+02
9.970627593994140625e+01
2.429611968994140625e+01
1.499131965637207031e+01
1.640853732824325562e-01
3.321079730987548828e+00
1.059806227684020996e+00
1.434934854507446289e+00
4.951971054077148438e+00
1.360143890380859375e+02
5.760499954223632812e+01
8.666333770751953125e+01
7.367601776123046875e+01
5.722194910049438477e-01
3.629071044921875000e+02
3.091164588928222656e+01
1.127253799438476562e+02
1.724513244628906250e+01
2.644754028320312500e+02
1.683272838592529297e+00
2.962248802185058594e+01
7.660315704345703125e+01
1.697017669677734375e+00
2.955440673828125000e+02
2.829912567138671875e+01
1.064041614532470703e+00
9.286235809326171875e+01
7.422271251678466797e+00
1.510856389999389648e+00
1.147980093955993652e+00
8.323220014572143555e-01
1.615561723709106445e+00
2.503198242187500000e+02
1.029935607910156250e+02
8.323902130126953125e+01
1.127183628082275391e+01
3.044882202148437500e+01
3.932341337203979492e+00
2.593918991088867188e+01
8.894070434570312500e+01
3.514943237304687500e+02
1.244459033012390137e+00
1.439509201049804688e+01
2.256739349365234375e+02
2.017127513885498047e+00
5.736675262451171875e+00
1.687537994384765625e+02
1.607624244689941406e+01
5.026638984680175781e+00
2.288084411621093750e+01
3.435991287231445312e+00
3.024554634094238281e+01
1.791705131530761719e+00
3.959258270263671875e+01
8.919539642333984375e+01
2.328449636697769165e-01
1.677063232421875000e+03
1.512304782867431641e+01
1.506857633590698242e+00
5.344575405120849609e+00
1.209606170654296875e+02
1.973453903198242188e+01
1.818866252899169922e+00
1.376862144470214844e+01
2.623278856277465820e+00
2.622410011291503906e+01
2.245161247253417969e+01
4.272493124008178711e-01
1.307091808319091797e+01
1.890849232673645020e+00
1.226375818252563477e+00
3.827948570251464844e+00
8.784915924072265625e+00
2.120649814605712891e+00
8.533964157104492188e+00
8.659281730651855469e+00
5.080620956420898438e+01
4.551242887973785400e-01
8.773750305175781250e+00
1.052757186889648438e+02
7.596890926361083984e+00
2.592743682861328125e+01
1.356672668457031250e+01
6.243768692016601562e+00
1.191824793815612793e+00
5.689849243164062500e+02
1.274588775634765625e+01
3.922951126098632812e+01
5.695381164550781250e+00
1.502413177490234375e+02
9.676329493522644043e-01
1.010846405029296875e+02
1.457025146484375000e+03
3.274332284927368164e-01
7.553066611289978027e-01
9.520751190185546875e+01
1.967830300331115723e+00
3.606940307617187500e+02
5.746119499206542969e+00
8.255177497863769531e+00
1.844766020774841309e+00
7.690128326416015625e+00
5.969990491867065430e-01
1.837130165100097656e+01
9.918909072875976562e-01
7.411230468750000000e+01
4.116965293884277344e+00
3.693300628662109375e+01
8.892461061477661133e-01
4.173204421997070312e+00
9.450994491577148438e+00
1.351765394210815430e+00
1.393732757568359375e+02
1.139615440368652344e+01
6.236610889434814453e+00
3.792915105819702148e+00
2.233555793762207031e+01
6.413524627685546875e+01
7.279149627685546875e+01
3.739823698997497559e-01
2.815545043945312500e+02
5.336221694946289062e+00
1.263621616363525391e+01
1.998468017578125000e+01
1.857128381729125977e+00
1.440280303955078125e+02
3.364530944824218750e+01
4.637177944183349609e+00
2.300244140625000000e+01
6.988108634948730469e+00
3.525908946990966797e+00
1.499596099853515625e+02
3.238853073120117188e+01
3.240049743652343750e+01
1.884441947937011719e+01
9.487297058105468750e+01
2.670023155212402344e+01
5.248755264282226562e+01
3.537911987304687500e+01
1.495306091308593750e+02
1.708109974861145020e-01
1.087541675567626953e+01
8.424058227539062500e+02
5.705868148803710938e+01
1.261916656494140625e+02
6.892958283424377441e-01
3.842883706092834473e-01
1.846087265014648438e+01
8.723166465759277344e+00
1.361063289642333984e+01
1.464594554901123047e+01
2.722246408462524414e+00
1.447274780273437500e+01
6.070019245147705078e+00
4.766159534454345703e+00
7.249660491943359375e+00
8.803639411926269531e-01
2.877079010009765625e+00
2.470972137451171875e+02
1.403001098632812500e+02
5.137563228607177734e+00
2.788476943969726562e+01
1.915167045593261719e+01
5.770929813385009766e+00
1.759447998046875000e+03
5.276322841644287109e+00
2.591136932373046875e+01
8.077651023864746094e+00
3.060045242309570312e+01
8.446074676513671875e+01
6.822556972503662109e+00
3.436470413208007812e+01
4.576066207885742188e+01
5.338607788085937500e+01
1.995968246459960938e+01
2.867880249023437500e+02
6.478809833526611328e+00
5.836580753326416016e+00
1.084018249511718750e+02
7.898382663726806641e+00
1.240324878692626953e+01
2.706112365722656250e+02
1.370531921386718750e+02
1.393055572509765625e+02
6.542764892578125000e+02
1.402164340019226074e+00
4.230807304382324219e+00
6.858050823211669922e-01
2.225312471389770508e+00
1.254315757751464844e+01
2.455921173095703125e+00
8.115321993827819824e-01
3.997698545455932617e+00
8.577260375022888184e-01
3.934256591796875000e+02
2.326033401489257812e+01
1.709385223388671875e+02
7.421337127685546875e+01
4.475057601928710938e+00
4.176897811889648438e+01
1.412231063842773438e+01
1.906024360656738281e+01
1.255697369575500488e+00
1.061462524414062500e+03
1.343881835937500000e+02
1.119847297668457031e+01
2.566186714172363281e+01
8.655120849609375000e+01
4.825614013671875000e+02
1.341053390502929688e+01
2.369182586669921875e+00
2.525576591491699219e+01
8.763723969459533691e-01
1.597851467132568359e+01
1.033737869262695312e+02
2.341555213928222656e+01
2.518973588943481445e+00
3.108523607254028320e+00
1.274925231933593750e+02
3.140955505371093750e+02
3.625106811523437500e+01
2.726411437988281250e+01
1.723580169677734375e+01
2.794102132320404053e-01
1.316398978233337402e-01
2.159808540344238281e+01
1.109772586822509766e+01
3.302188873291015625e+00
2.166168594360351562e+01
1.181820602416992188e+02
1.160062408447265625e+02
3.125105285644531250e+01
3.169933557510375977e+00
2.020421266555786133e+00
4.245697021484375000e+00
8.589013099670410156e+00
1.155326004028320312e+02
2.988999605178833008e+00
2.782793235778808594e+01
5.902927517890930176e-01
6.717310905456542969e+00
1.860830783843994141e-01
5.135376930236816406e+00
2.183655242919921875e+02
2.392994140625000000e+04
8.014183998107910156e+00
3.067631912231445312e+01
4.295164585113525391e+00
2.860649585723876953e+00
5.428958129882812500e+01
1.499382324218750000e+02
1.636849284172058105e+00
2.347687005996704102e+00
9.477403640747070312e+00
7.653553771972656250e+01
3.903215408325195312e+01
4.578057765960693359e+00
1.545307159423828125e+02
5.366678466796875000e+02
3.278198719024658203e+00
3.278437614440917969e+00
3.012285947799682617e+00
5.203091430664062500e+01
2.546925783157348633e+00
3.748105287551879883e+00
4.878273010253906250e+02
1.509769916534423828e+01
7.349009704589843750e+01
1.277848510742187500e+03
5.746143722534179688e+01
1.480134606361389160e+00
5.779272079467773438e+01
