1.111446470022201538e-01
2.740345299243927002e-01
2.566655725240707397e-02
3.304971382021903992e-03
3.248728066682815552e-02
1.827780127525329590e+00
2.373874373733997345e-02
1.395605225116014481e-02
3.315881639719009399e-02
2.228951752185821533e-01
1.071077361702919006e-01
5.819854140281677246e-02
1.426419466733932495e-01
2.710848487913608551e-02
8.295166306197643280e-03
6.237724423408508301e-02
3.420325694605708122e-03
2.778044529259204865e-02
4.201896116137504578e-02
5.668544210493564606e-03
1.819054968655109406e-02
2.714051678776741028e-02
1.346590667963027954e-01
2.208654209971427917e-02
3.787708520889282227e+00
1.088912226259708405e-02
4.648210480809211731e-02
1.574253141880035400e-01
1.678936630487442017e-01
1.161840200424194336e+00
3.082383656874299049e-03
1.032085740007460117e-03
3.743381798267364502e-02
1.093901544809341431e-01
2.590324357151985168e-02
1.128358542919158936e-01
1.371216215193271637e-02
9.961264440789818764e-04
3.399355337023735046e-02
1.464210357517004013e-02
3.087804615497589111e-01
1.278260350227355957e-01
2.116566896438598633e-02
3.790436744689941406e+00
2.448082864284515381e-01
1.176501736044883728e-01
1.982488296926021576e-02
9.162126779556274414e-01
1.976098865270614624e-03
1.936655491590499878e-01
1.427990496158599854e-01
9.431324899196624756e-02
2.088972330093383789e-01
5.655241012573242188e-02
3.019060008227825165e-03
4.395543597638607025e-03
6.178451701998710632e-03
5.689699202775955200e-02
3.100780770182609558e-02
1.976118278503417969e+01
1.408316101878881454e-02
7.959112167358398438e+00
1.548260916024446487e-02
2.384726703166961670e-02
1.516947001218795776e-01
1.402951329946517944e-01
5.234171748161315918e-01
5.710324645042419434e-02
1.265458583831787109e+00
7.492241859436035156e-01
2.686684310901910067e-04
6.852626204490661621e-01
5.227496381849050522e-03
4.273598194122314453e-01
9.622568637132644653e-02
2.558178454637527466e-02
1.469810772687196732e-02
5.334991216659545898e-02
3.185974806547164917e-02
1.787592284381389618e-02
4.305108189582824707e-01
2.993563748896121979e-02
1.109137684106826782e-01
1.134429126977920532e-03
4.390752874314785004e-03
5.651770159602165222e-03
1.648378383833914995e-04
2.495319396257400513e-02
1.032012701034545898e+00
1.026697689667344093e-03
1.722739450633525848e-02
4.286785796284675598e-02
9.770408272743225098e-03
4.923914000391960144e-02
1.564573310315608978e-02
1.077208876609802246e+00
2.109805643558502197e-01
4.515095353126525879e-01
4.693147260695695877e-03
1.462455689907073975e-01
2.086577415466308594e+00
8.141861855983734131e-02
5.018580704927444458e-03
2.779760584235191345e-02
2.914412505924701691e-02
2.362114638090133667e-01
6.971520930528640747e-02
4.542700201272964478e-02
2.626212537288665771e-01
1.335294246673583984e-01
2.650802023708820343e-02
1.796957403421401978e-01
7.893536239862442017e-02
4.669152796268463135e-01
2.133839763700962067e-02
7.636554539203643799e-02
6.967444717884063721e-02
2.830027043819427490e-02
7.962854579091072083e-03
3.223984315991401672e-02
3.254866925999522209e-03
5.397240829467773438e+01
4.171966314315795898e-01
1.049579501152038574e+00
7.262156577780842781e-04
1.405980736017227173e-01
1.908218488097190857e-02
8.188260835595428944e-04
2.056604474782943726e-01
4.864061623811721802e-02
8.685554862022399902e-01
6.567508727312088013e-02
8.942313492298126221e-03
2.644497668370604515e-03
3.903867676854133606e-02
1.261675264686346054e-02
2.902636304497718811e-02
1.251127481460571289e+00
1.594024151563644409e-01
1.194458723068237305e+00
2.847108431160449982e-02
1.382788177579641342e-02
1.783214449882507324e+00
7.613139152526855469e-01
7.800819396972656250e+00
1.234352141618728638e-01
4.309544861316680908e-01
6.614984571933746338e-02
2.133371531963348389e-01
3.869672492146492004e-02
2.135651186108589172e-02
3.638742268085479736e-01
1.768971085548400879e-01
6.899366527795791626e-02
2.747719287872314453e-01
6.073427200317382812e-02
2.826051600277423859e-02
4.419326782226562500e-02
1.705814502201974392e-03
4.485511220991611481e-03
1.437509059906005859e-01
9.261461906135082245e-03
9.425757080316543579e-02
1.418144255876541138e-01
1.061666846275329590e+00
3.173356652259826660e-01
3.162364363670349121e-01
2.659526765346527100e-01
2.596817255020141602e+00
3.715751692652702332e-03
1.452471017837524414e-01
2.116839736700057983e-01
1.515919575467705727e-03
1.856764778494834900e-02
5.849396809935569763e-02
1.216007590293884277e+00
3.502113372087478638e-02
5.032706633210182190e-02
3.148605674505233765e-02
7.030198574066162109e-01
1.176883876323699951e-01
6.538692116737365723e-02
1.814561337232589722e-01
5.956514552235603333e-02
1.209732294082641602e+00
6.305937469005584717e-02
2.438711747527122498e-02
2.900958620011806488e-02
4.525620341300964355e-01
3.432190045714378357e-02
6.411033272743225098e-01
4.043008387088775635e-02
5.278126918710768223e-04
6.816011667251586914e-02
1.437186747789382935e-01
6.813629716634750366e-02
2.238651365041732788e-01
4.255521669983863831e-02
7.327401079237461090e-03
2.758469879627227783e-01
4.482197109609842300e-03
6.890638917684555054e-02
3.958749026060104370e-02
5.224029347300529480e-02
2.156403101980686188e-02
1.342177577316761017e-02
9.800671041011810303e-02
1.230667304992675781e+01
4.458319395780563354e-03
3.197229932993650436e-03
1.026837248355150223e-02
5.315569415688514709e-02
6.985769723542034626e-04
1.151394844055175781e+00
3.903088718652725220e-02
2.170418739318847656e+00
6.168970465660095215e-01
2.316996268928050995e-02
1.060689217410981655e-03
9.356657862663269043e-01
1.133715271949768066e+00
4.407645668834447861e-03
1.379582099616527557e-02
2.693770080804824829e-02
1.773648837115615606e-04
1.979356855154037476e-01
2.916553290560841560e-03
1.810122609138488770e+00
9.308528155088424683e-02
1.434977632015943527e-02
2.681638486683368683e-02
2.569476515054702759e-02
1.768884621560573578e-02
1.289791800081729889e-02
5.059040710330009460e-02
2.025692164897918701e-01
7.618147879838943481e-02
5.447846371680498123e-03
3.056030273437500000e-01
1.611428102478384972e-03
2.980292737483978271e-01
2.883725240826606750e-02
2.219155281782150269e-01
7.475549355149269104e-03
1.196273788809776306e-02
2.330709621310234070e-02
7.826062291860580444e-02
5.141323059797286987e-02
6.136364862322807312e-02
1.136357635259628296e-01
7.818626612424850464e-02
9.796555638313293457e-01
4.683451261371374130e-04
2.871104180812835693e-01
8.881580084562301636e-02
1.876544058322906494e-01
2.512113809585571289e+00
1.141522377729415894e-01
2.449302747845649719e-02
6.045015901327133179e-02
1.184771396219730377e-02
3.791022580116987228e-03
6.877738237380981445e-01
9.175633639097213745e-02
1.082355994731187820e-02
3.383608758449554443e-01
4.679484758526086807e-03
1.518560767173767090e+00
1.792659983038902283e-03
1.678795181214809418e-02
6.234940052032470703e+00
1.686298102140426636e-01
2.313615232706069946e-01
5.012025590986013412e-03
1.991439843550324440e-03
3.030414693057537079e-02
3.248140215873718262e-02
1.994980312883853912e-02
2.762115895748138428e-01
5.184189081192016602e-01
4.710856676101684570e-01
7.539970427751541138e-02
2.770985662937164307e-02
1.710427924990653992e-02
9.445933974348008633e-04
1.697430387139320374e-02
5.382548332214355469e+00
2.183324098587036133e+00
6.791262887418270111e-03
7.648644596338272095e-02
2.329655736684799194e-02
7.369347382336854935e-03
3.043538928031921387e-01
3.238268569111824036e-02
2.909102942794561386e-03
1.486591994762420654e-02
3.165461495518684387e-02
7.795131951570510864e-02
1.575086951255798340e+00
1.752043962478637695e-01
3.182566642761230469e+00
2.065219730138778687e-01
2.381524741649627686e-01
1.612133741378784180e+00
8.423823118209838867e-01
2.354675158858299255e-02
1.297090481966733932e-02
2.307289540767669678e-01
6.213108077645301819e-02
2.264591902494430542e-01
1.280257105827331543e+00
1.635733544826507568e-01
6.919232755899429321e-02
2.398057132959365845e-01
1.257108245044946671e-02
6.802919507026672363e-02
3.144380636513233185e-03
1.309757232666015625e+00
2.468691673129796982e-03
1.378852780908346176e-02
1.791561543941497803e-01
1.892853062599897385e-03
4.343530535697937012e-02
2.668469250202178955e-01
2.794088236987590790e-02
3.606868267059326172e+00
6.654917728155851364e-03
6.238013040274381638e-03
2.925668470561504364e-02
8.742303587496280670e-03
1.881043659523129463e-03
1.904423952102661133e+00
2.242316678166389465e-02
3.634057193994522095e-02
1.587111130356788635e-02
2.619011886417865753e-02
3.026811592280864716e-02
1.976160518825054169e-02
6.995041668415069580e-02
3.149555921554565430e-01
2.956444025039672852e-02
9.347676532343029976e-04
8.258332498371601105e-03
1.135610222816467285e+00
1.463307184167206287e-03
1.789354160428047180e-02
3.764146864414215088e-01
5.448681712150573730e-01
4.580855742096900940e-02
1.260022521018981934e-01
1.785539686679840088e-01
9.625273942947387695e-02
3.766384324990212917e-04
2.454587444663047791e-02
4.516620561480522156e-02
4.777409601956605911e-03
3.179896995425224304e-02
5.888618528842926025e-02
1.061154901981353760e-01
1.682648658752441406e-01
3.789284080266952515e-02
5.792870651930570602e-03
8.929561078548431396e-02
2.676898613572120667e-02
4.133383929729461670e-01
3.367488086223602295e-02
1.200124397873878479e-01
3.534742165356874466e-03
3.746535778045654297e-01
1.100197667255997658e-03
7.977011054754257202e-02
4.094340652227401733e-02
2.938573837280273438e+00
7.766620814800262451e-02
5.121378302574157715e-01
4.859359934926033020e-03
1.319796685129404068e-02
1.392700150609016418e-02
1.096587534993886948e-02
2.270173653960227966e-02
6.278271973133087158e-02
8.923750370740890503e-03
8.187675476074218750e-01
3.836962580680847168e-01
5.927190184593200684e-02
3.770775318145751953e+00
1.652399253845214844e+01
1.623367518186569214e-02
9.776261635124683380e-03
3.807301400229334831e-04
8.533849567174911499e-02
3.980177268385887146e-02
5.007957294583320618e-02
8.364352226257324219e+00
6.421516300179064274e-04
4.283012866973876953e+00
2.813167572021484375e-01
2.174368686974048615e-02
6.014622747898101807e-03
1.015578117221593857e-02
9.275837898254394531e+00
4.151448059082031250e+01
3.565794372558593750e+01
2.734769880771636963e-01
1.037374877929687500e+01
1.962503552436828613e+00
1.773292388916015625e+02
1.169760894775390625e+01
9.943844604492187500e+01
9.003919601440429688e+00
7.160718536376953125e+01
1.805434417724609375e+01
1.155868434906005859e+01
7.859759330749511719e-01
1.741183853149414062e+01
4.767001724243164062e+01
1.929831695556640625e+01
1.851915588378906250e+02
2.047373580932617188e+01
4.347531318664550781e+00
6.496557712554931641e+00
5.565725803375244141e+00
1.027642917633056641e+01
1.588350582122802734e+01
1.595474910736083984e+01
1.526918292045593262e+00
2.887417793273925781e+01
2.606033935546875000e+02
3.238980712890625000e+02
4.976206970214843750e+01
2.349410772323608398e+00
2.892158269882202148e+00
2.596210479736328125e+00
2.865797119140625000e+02
2.867476701736450195e+00
1.228531932830810547e+01
6.173208951950073242e-01
1.669505387544631958e-01
2.461205959320068359e+00
4.783397293090820312e+01
1.209182861328125000e+03
1.875772285461425781e+01
5.378503799438476562e-01
1.485428009033203125e+02
1.369995784759521484e+01
1.342705230712890625e+02
1.190570755004882812e+02
1.152491760253906250e+01
1.549513816833496094e+00
2.374593505859375000e+02
5.359766006469726562e+01
1.296062469482421875e+01
1.674291610717773438e+01
6.188138198852539062e+01
4.428584098815917969e+00
1.696457624435424805e+00
2.811017751693725586e+00
1.273538708686828613e+00
5.745788097381591797e+00
3.944747924804687500e+02
5.329262161254882812e+01
2.699888305664062500e+02
1.921673655509948730e+00
1.386638355255126953e+01
3.022656917572021484e+00
1.559847354888916016e+01
2.452642059326171875e+01
9.575454711914062500e+02
1.069586181640625000e+03
2.283794593811035156e+01
8.984981477260589600e-02
3.281460189819335938e+01
1.576891660690307617e+00
7.176404571533203125e+01
9.071072578430175781e+00
9.194494247436523438e+00
4.595185816287994385e-01
2.811651706695556641e+00
5.119505691528320312e+01
2.302903747558593750e+01
2.093341636657714844e+01
2.842968225479125977e+00
1.063510990142822266e+01
1.336810207366943359e+01
1.039868927001953125e+01
4.635522842407226562e+00
2.012991160154342651e-01
2.268540382385253906e+01
1.996581649780273438e+01
1.688125133514404297e+00
4.089801788330078125e+00
7.889025878906250000e+01
4.400330734252929688e+01
1.832341003417968750e+01
4.819603729248046875e+01
3.014750480651855469e+01
4.868881702423095703e+00
1.564036499023437500e+03
1.912409067153930664e+00
3.647722244262695312e+01
7.724556326866149902e-01
5.121851444244384766e+00
5.750784277915954590e-01
7.704678344726562500e+01
1.915178108215332031e+01
2.470968437194824219e+01
4.724781990051269531e+00
2.892911987304687500e+02
3.106328735351562500e+02
2.195250988006591797e+00
1.752170026302337646e-01
7.348809814453125000e+01
2.421195983886718750e+01
9.169272422790527344e+00
3.050401687622070312e+01
4.629723739624023438e+01
1.589980506896972656e+01
7.310191631317138672e+00
2.907674217224121094e+01
1.447837734222412109e+01
3.453681182861328125e+01
5.349037597656250000e+03
1.961472778320312500e+02
4.115588378906250000e+01
2.840673685073852539e+00
2.251752929687500000e+02
1.035123920440673828e+01
2.212806940078735352e+00
3.586240539550781250e+02
8.288402557373046875e+01
4.079138946533203125e+01
9.426373481750488281e+00
2.371081262826919556e-01
5.874019622802734375e+00
1.019251704216003418e+00
2.343096256256103516e+00
5.527532100677490234e+00
1.441357574462890625e+02
5.114976882934570312e+01
1.399509277343750000e+02
4.654259109497070312e+01
7.009469866752624512e-01
3.389657592773437500e+02
1.847983360290527344e+01
1.564811553955078125e+02
1.988684463500976562e+01
3.389830627441406250e+02
1.271843791007995605e+00
2.890740585327148438e+01
1.479308776855468750e+02
9.294425249099731445e-01
2.544482116699218750e+02
5.653318023681640625e+01
7.903675436973571777e-01
1.287685394287109375e+02
9.914508819580078125e+00
1.580634117126464844e+00
8.808603882789611816e-01
1.024733304977416992e+00
1.035683274269104004e+00
2.944673767089843750e+02
1.087987518310546875e+02
1.161780700683593750e+02
1.195834445953369141e+01
5.183809661865234375e+01
5.683818817138671875e+00
2.841318321228027344e+01
9.869542694091796875e+01
4.057781066894531250e+02
1.906380414962768555e+00
1.328155803680419922e+01
2.951190795898437500e+02
1.625878930091857910e+00
4.809408664703369141e+00
1.136096038818359375e+02
1.774523925781250000e+01
5.483552932739257812e+00
2.784123802185058594e+01
2.644490718841552734e+00
2.152014541625976562e+01
2.676028013229370117e+00
3.810119628906250000e+01
1.105761795043945312e+02
3.333388566970825195e-01
2.700763916015625000e+03
1.158985042572021484e+01
1.606276392936706543e+00
7.184256076812744141e+00
1.324880828857421875e+02
1.894527053833007812e+01
1.725931763648986816e+00
1.931100654602050781e+01
3.319166898727416992e+00
3.537824249267578125e+01
2.683604812622070312e+01
4.670082926750183105e-01
2.401232910156250000e+01
1.636071205139160156e+00
1.287340879440307617e+00
3.302010536193847656e+00
9.623027801513671875e+00
2.732357978820800781e+00
6.548501968383789062e+00
1.693013000488281250e+01
5.075705337524414062e+01
5.924721360206604004e-01
1.027027130126953125e+01
1.314099273681640625e+02
5.771832466125488281e+00
2.025181198120117188e+01
1.312164402008056641e+01
3.789512395858764648e+00
1.427371621131896973e+00
1.126526855468750000e+03
1.264027500152587891e+01
7.037757873535156250e+01
7.155036926269531250e+00
2.088664093017578125e+02
9.192198514938354492e-01
1.021216201782226562e+02
1.811527099609375000e+03
1.957186907529830933e-01
1.170382261276245117e+00
1.536711425781250000e+02
1.752469658851623535e+00
3.314341430664062500e+02
4.396770477294921875e+00
8.530230522155761719e+00
1.697498917579650879e+00
9.689991950988769531e+00
3.289793729782104492e-01
1.380937671661376953e+01
1.054495692253112793e+00
8.505518341064453125e+01
7.011329174041748047e+00
4.259321212768554688e+01
1.314844250679016113e+00
5.869562149047851562e+00
1.159642314910888672e+01
8.716611862182617188e-01
2.505130310058593750e+02
1.713325119018554688e+01
7.737764358520507812e+00
5.157523632049560547e+00
3.107255172729492188e+01
7.969415283203125000e+01
9.908908081054687500e+01
3.444224596023559570e-01
4.393882446289062500e+02
6.820223331451416016e+00
1.821266937255859375e+01
2.412277030944824219e+01
2.231165885925292969e+00
1.252317276000976562e+02
4.569721984863281250e+01
2.699762821197509766e+00
3.941730880737304688e+01
1.124640941619873047e+01
3.269711971282958984e+00
2.685272216796875000e+02
2.105148887634277344e+01
4.306204223632812500e+01
2.124942779541015625e+01
1.790345306396484375e+02
3.173783493041992188e+01
7.698398590087890625e+01
2.198238372802734375e+01
1.641170959472656250e+02
1.975188106298446655e-01
7.066484928131103516e+00
8.395786132812500000e+02
4.587472915649414062e+01
1.123367843627929688e+02
5.558754801750183105e-01
2.920807898044586182e-01
2.312458419799804688e+01
8.526194572448730469e+00
1.036720371246337891e+01
2.465263557434082031e+01
1.757906913757324219e+00
1.126983165740966797e+01
4.397539138793945312e+00
3.697596073150634766e+00
1.168716049194335938e+01
1.275890946388244629e+00
2.105136632919311523e+00
2.679969787597656250e+02
2.671413879394531250e+02
3.717353105545043945e+00
4.725017547607421875e+01
2.257110595703125000e+01
5.983067512512207031e+00
2.299334472656250000e+03
4.308391094207763672e+00
4.039664459228515625e+01
9.902975082397460938e+00
2.371362876892089844e+01
1.663459167480468750e+02
8.068790435791015625e+00
5.123156356811523438e+01
7.934387207031250000e+01
4.527730560302734375e+01
2.437787055969238281e+01
3.354562988281250000e+02
7.343776226043701172e+00
6.116945266723632812e+00
1.222920150756835938e+02
1.198721218109130859e+01
9.208123207092285156e+00
3.606249084472656250e+02
2.039688720703125000e+02
1.713861083984375000e+02
6.501656494140625000e+02
1.507973790168762207e+00
4.998157501220703125e+00
7.651110887527465820e-01
4.459903240203857422e+00
1.112941360473632812e+01
3.752569198608398438e+00
1.078168272972106934e+00
4.069099903106689453e+00
1.117274165153503418e+00
2.579260253906250000e+02
1.901878929138183594e+01
1.200474548339843750e+02
1.264323501586914062e+02
5.502759456634521484e+00
3.911770629882812500e+01
2.312463951110839844e+01
2.018108367919921875e+01
8.869907259941101074e-01
1.682549194335937500e+03
1.942274932861328125e+02
1.344152927398681641e+01
5.231667709350585938e+01
6.859047698974609375e+01
5.822031250000000000e+02
2.203504562377929688e+01
2.190129995346069336e+00
2.135633087158203125e+01
7.391531467437744141e-01
2.393852806091308594e+01
2.663667602539062500e+02
1.942724037170410156e+01
3.266127347946166992e+00
2.943675279617309570e+00
1.033659057617187500e+02
5.189451293945312500e+02
4.106528854370117188e+01
2.000813293457031250e+01
1.990308570861816406e+01
2.965916693210601807e-01
1.124427765607833862e-01
2.216403579711914062e+01
1.133225250244140625e+01
4.123454093933105469e+00
1.811036491394042969e+01
8.901924133300781250e+01
7.604258728027343750e+01
3.419147872924804688e+01
2.099387407302856445e+00
1.570209383964538574e+00
5.010354042053222656e+00
6.871121883392333984e+00
1.795527038574218750e+02
3.023362874984741211e+00
3.804806518554687500e+01
4.049438834190368652e-01
5.515734195709228516e+00
2.352600395679473877e-01
5.535765647888183594e+00
4.158354492187500000e+02
2.230420117187500000e+04
6.557820796966552734e+00
4.132013702392578125e+01
7.334991455078125000e+00
3.329236745834350586e+00
5.679123306274414062e+01
1.811156463623046875e+02
1.466359138488769531e+00
2.410538911819458008e+00
9.740347862243652344e+00
7.414786529541015625e+01
2.810177803039550781e+01
4.418914318084716797e+00
1.511205444335937500e+02
6.931288452148437500e+02
4.408369064331054688e+00
2.877883195877075195e+00
2.966674566268920898e+00
6.396635055541992188e+01
1.795177578926086426e+00
3.520809650421142578e+00
2.953971252441406250e+02
1.719366264343261719e+01
9.287879180908203125e+01
1.256056274414062500e+03
6.101351547241210938e+01
1.016209721565246582e+00
6.043187713623046875e+01
