2.275440841913223267e-02
1.112680733203887939e-01
5.867278669029474258e-03
1.614356762729585171e-03
4.199682548642158508e-02
4.859755039215087891e+00
1.547170151025056839e-02
3.347055986523628235e-03
4.981135949492454529e-03
5.177642703056335449e-01
6.663923151791095734e-03
1.399200782179832458e-02
4.856142774224281311e-02
1.291765645146369934e-02
1.179372193291783333e-03
1.079522166401147842e-02
2.340007806196808815e-03
3.391420934349298477e-03
1.819509454071521759e-02
4.904338275082409382e-04
1.208176463842391968e-01
1.921625994145870209e-02
2.249018549919128418e-01
3.702562674880027771e-02
9.267902374267578125e-01
1.201732642948627472e-02
3.942416608333587646e-02
2.253490127623081207e-02
8.926210552453994751e-02
9.860286116600036621e-01
5.100337439216673374e-04
1.161924519692547619e-04
6.520380266010761261e-03
2.244019135832786560e-02
6.828446686267852783e-02
8.105969056487083435e-03
6.705849897116422653e-03
4.238447581883519888e-04
8.626969531178474426e-03
5.271843634545803070e-03
2.358244359493255615e-01
8.445244282484054565e-02
1.578938332386314869e-03
1.387268638610839844e+01
2.008362710475921631e-01
6.505997478961944580e-02
5.082583054900169373e-03
3.525404930114746094e-01
3.415644867345690727e-03
9.122407995164394379e-03
1.420587748289108276e-01
2.933919988572597504e-02
1.025895178318023682e-01
3.581429645419120789e-02
3.974268620368093252e-04
1.911512459628283978e-03
3.983920440077781677e-03
1.020687818527221680e-02
2.100169286131858826e-02
6.663669586181640625e+00
1.157146878540515900e-02
1.136779308319091797e+01
1.255392096936702728e-02
2.158740535378456116e-03
1.310140192508697510e-01
1.664544455707073212e-02
1.528088301420211792e-01
9.979497641324996948e-03
5.666483640670776367e-01
6.883940100669860840e-01
1.406636874889954925e-04
1.221161007881164551e+00
8.999896235764026642e-04
2.274634130299091339e-02
6.287243962287902832e-02
4.273971170186996460e-02
6.511419545859098434e-03
4.285311326384544373e-02
3.078931011259555817e-02
1.305746100842952728e-02
5.249798670411109924e-02
1.795470342040061951e-02
1.762711070477962494e-02
2.435086062178015709e-04
2.999300369992852211e-03
1.241585938259959221e-03
2.398402466496918350e-05
3.286773338913917542e-02
5.596179366111755371e-01
9.283622493967413902e-04
7.446163333952426910e-03
7.329791784286499023e-03
1.234001014381647110e-03
8.030334115028381348e-02
4.255955573171377182e-04
6.074235439300537109e-01
4.893991649150848389e-01
5.263297259807586670e-02
1.377808977849781513e-03
4.876101389527320862e-02
1.981247305870056152e+00
4.631453379988670349e-02
1.147102098912000656e-03
1.570758409798145294e-02
1.215128600597381592e-02
5.294208526611328125e-01
9.549228847026824951e-02
1.489909552037715912e-02
2.891022153198719025e-02
1.016295403242111206e-01
1.198763474822044373e-01
3.323692381381988525e-01
4.280344769358634949e-02
4.722803831100463867e-02
1.414437033236026764e-02
3.731749951839447021e-02
5.420044064521789551e-02
4.687327891588211060e-03
2.641284139826893806e-03
5.641643702983856201e-02
6.411551148630678654e-04
7.057665348052978516e+00
4.651555418968200684e-01
3.303550779819488525e-01
1.332759129581972957e-04
1.657472997903823853e-01
1.355005800724029541e-02
5.604582256637513638e-04
5.623380094766616821e-02
5.842101946473121643e-02
1.415357470512390137e+00
4.357407614588737488e-02
2.910500159487128258e-03
9.537075529806315899e-04
3.919309377670288086e-02
2.099557965993881226e-02
4.350584372878074646e-02
2.635200738906860352e+00
1.392836719751358032e-01
3.570311367511749268e-01
1.881792396306991577e-02
8.373395539820194244e-03
7.246179580688476562e-01
6.020696163177490234e-01
2.199067306518554688e+01
2.094043791294097900e-02
2.583438754081726074e-01
7.129621226340532303e-03
4.192410409450531006e-02
8.573199622333049774e-03
1.559704821556806564e-02
7.061422616243362427e-02
9.499607235193252563e-02
1.544252131134271622e-02
8.148393034934997559e-02
9.590473026037216187e-03
1.116667874157428741e-02
3.145579621195793152e-02
1.750220661051571369e-03
4.452362190932035446e-03
3.620157763361930847e-02
3.813989751506596804e-04
1.597291678190231323e-01
3.519968390464782715e-01
2.824900746345520020e-01
9.061915427446365356e-02
1.183848753571510315e-01
1.651770025491714478e-01
9.715304970741271973e-01
2.746698737610131502e-04
1.898290961980819702e-02
1.292194426059722900e-01
6.023663445375859737e-05
1.704870536923408508e-02
3.188167884945869446e-02
1.742872238159179688e+00
1.817357353866100311e-02
9.060338139533996582e-03
1.127482671290636063e-02
8.415187895298004150e-02
4.264415800571441650e-02
3.353976458311080933e-02
1.385173648595809937e-01
4.235941544175148010e-02
1.849061608314514160e+00
9.872657246887683868e-03
5.443912465125322342e-03
6.389241665601730347e-02
2.567552626132965088e-01
2.376666292548179626e-02
1.441800296306610107e-01
1.917977631092071533e-02
2.666501095518469810e-04
8.801193535327911377e-02
3.709908425807952881e-01
1.234652567654848099e-02
2.135199308395385742e-01
6.397189199924468994e-02
4.274424631148576736e-03
2.665812149643898010e-02
2.626786008477210999e-03
2.946312539279460907e-02
1.186422817409038544e-02
1.784738153219223022e-02
7.596270646899938583e-03
1.382776885293424129e-03
1.750940531492233276e-01
1.008920001983642578e+01
7.430950179696083069e-03
2.772628562524914742e-03
5.285450723022222519e-03
3.703516349196434021e-02
1.269874628633260727e-04
7.275185585021972656e-01
2.281468361616134644e-02
2.936774253845214844e+00
7.140195369720458984e-02
1.535742729902267456e-02
4.879609623458236456e-04
6.297842860221862793e-01
2.494911104440689087e-01
1.178455911576747894e-02
1.281821168959140778e-03
2.384225837886333466e-02
9.460840374231338501e-05
2.875053323805332184e-02
7.156300125643610954e-04
4.209562778472900391e+00
2.823100984096527100e-01
7.224106695502996445e-03
1.685108616948127747e-02
9.868332184851169586e-03
2.126309461891651154e-02
1.944112940691411495e-03
2.295489907264709473e-01
1.571156829595565796e-02
1.510669887065887451e-01
3.873964771628379822e-03
1.114443838596343994e-01
3.708980511873960495e-04
2.672415040433406830e-02
5.277509242296218872e-02
1.716711670160293579e-01
3.086931770667433739e-03
7.339017465710639954e-03
6.628030911087989807e-03
3.009244427084922791e-02
9.042230993509292603e-02
3.086063452064990997e-02
9.007341414690017700e-02
3.030374273657798767e-02
1.281025290489196777e+00
4.395165888126939535e-05
4.295860230922698975e-02
1.539159100502729416e-02
2.659544944763183594e-01
3.194091558456420898e+00
1.355628855526447296e-02
1.472536195069551468e-02
2.036998420953750610e-01
2.543742768466472626e-03
4.581414686981588602e-04
9.637023210525512695e-01
2.170747518539428711e-02
3.024052362889051437e-03
1.913281530141830444e-02
1.191491819918155670e-02
1.765532255172729492e+00
6.447799503803253174e-03
7.684449665248394012e-03
1.486654043197631836e+00
3.288221731781959534e-02
4.546087980270385742e-01
2.536245854571461678e-03
1.468087662942707539e-03
1.761965639889240265e-02
5.822874139994382858e-03
8.621886372566223145e-03
2.123593986034393311e-01
1.545622348785400391e+00
1.187544614076614380e-01
8.546513505280017853e-03
5.310696084052324295e-03
1.005030795931816101e-02
1.395879371557384729e-04
3.356080735102295876e-03
4.164942264556884766e+00
1.179059863090515137e+00
4.168385348748415709e-04
6.115798652172088623e-02
1.150857843458652496e-02
9.476973209530115128e-04
5.724977701902389526e-02
1.621625199913978577e-02
6.594547885470092297e-04
1.820310391485691071e-02
1.964939571917057037e-02
4.738943278789520264e-02
2.374161243438720703e+00
3.857987746596336365e-02
4.497009813785552979e-01
6.484596729278564453e-01
8.571573346853256226e-02
8.398188352584838867e-01
2.055511713027954102e+00
5.946021527051925659e-03
3.641207888722419739e-02
3.133534267544746399e-02
4.367818124592304230e-03
8.416385948657989502e-02
5.448353886604309082e-01
2.893341891467571259e-02
7.095448207110166550e-03
1.388427466154098511e-01
2.253864426165819168e-03
2.642172947525978088e-02
6.832471699453890324e-04
4.214889705181121826e-01
1.858351519331336021e-03
3.379062516614794731e-03
3.297201991081237793e-01
1.107825199142098427e-03
6.754085421562194824e-03
2.677133493125438690e-02
5.196408368647098541e-03
2.559236884117126465e-01
6.057626567780971527e-03
3.826225409284234047e-03
4.237164277583360672e-03
1.985701266676187515e-03
4.683585371822118759e-03
2.339842021465301514e-01
3.565863007679581642e-03
8.648321032524108887e-03
5.307278595864772797e-03
1.394945196807384491e-02
2.713376190513372421e-03
4.087562672793865204e-03
2.128794416785240173e-02
2.341880202293395996e-01
1.065104617737233639e-03
5.485570873133838177e-04
4.231549333781003952e-03
1.691299200057983398e+00
9.174248552881181240e-04
1.155791990458965302e-02
1.375760734081268311e-01
1.842452771961688995e-02
4.121555387973785400e-02
2.432330697774887085e-02
8.506115525960922241e-02
2.029682546854019165e-01
5.413859980762936175e-05
1.238621678203344345e-02
3.330741543322801590e-03
1.198014244437217712e-03
1.632033288478851318e-02
2.228397689759731293e-02
3.740701451897621155e-02
3.263359144330024719e-02
1.463290490210056305e-02
1.035178545862436295e-03
1.440898329019546509e-02
5.234925076365470886e-03
8.314188569784164429e-02
2.157642506062984467e-02
6.800732016563415527e-02
1.297180773690342903e-03
8.307239413261413574e-02
2.465719881001859903e-04
2.511311769485473633e-01
1.336062997579574585e-01
3.234967216849327087e-02
1.488837879151105881e-02
5.003265142440795898e-01
1.412730314768850803e-03
8.455249480903148651e-03
3.856781171634793282e-03
1.758911833167076111e-02
1.942673325538635254e-02
4.523979127407073975e-02
8.872436010278761387e-04
4.163714885711669922e+00
9.526234120130538940e-02
1.473334711045026779e-02
4.111098766326904297e+00
8.227956771850585938e+00
8.663820102810859680e-03
4.058825143147259951e-04
4.800386086571961641e-04
3.441592305898666382e-02
2.881512045860290527e-03
1.609918847680091858e-02
8.353681564331054688e+00
1.735469559207558632e-04
3.799751043319702148e+00
9.008739143610000610e-02
2.396107465028762817e-02
3.134047437924891710e-04
2.197571564465761185e-03
6.902546405792236328e+00
1.227662582397460938e+02
1.295600891113281250e+02
8.516641855239868164e-01
4.596326446533203125e+01
2.471457481384277344e+00
6.463068237304687500e+02
9.977054595947265625e+00
8.457157897949218750e+01
7.701210498809814453e+00
2.826822204589843750e+02
1.574735450744628906e+01
1.091570510864257812e+02
7.810882925987243652e-01
2.684658813476562500e+01
1.144743957519531250e+02
1.467136077880859375e+02
1.725071716308593750e+02
1.447584686279296875e+02
8.224676132202148438e+00
9.274748229980468750e+01
3.908919095993041992e+00
9.506039619445800781e+00
6.540556335449218750e+01
2.965576171875000000e+00
4.594216644763946533e-01
2.842199401855468750e+02
4.642323303222656250e+02
1.762454956054687500e+03
5.355831909179687500e+02
1.172651004791259766e+01
4.108926773071289062e+00
1.622243690490722656e+01
3.265570678710937500e+02
2.196441459655761719e+01
1.708885574340820312e+01
1.179450869560241699e+00
6.398522853851318359e-02
6.354288578033447266e+00
1.307355499267578125e+02
1.136363769531250000e+03
1.862796211242675781e+01
9.667576551437377930e-01
4.548006591796875000e+02
4.432157135009765625e+01
9.451309967041015625e+01
1.012621765136718750e+02
2.328005218505859375e+01
8.409401774406433105e-01
1.037231201171875000e+03
3.038211669921875000e+02
4.088239669799804688e+01
1.217174339294433594e+01
2.443098640441894531e+01
4.972597122192382812e+00
1.164181900024414062e+01
4.227371692657470703e+00
3.697550594806671143e-01
1.594611263275146484e+01
2.501385986328125000e+03
6.715222778320312500e+02
5.211285400390625000e+02
1.620527076721191406e+01
5.660406875610351562e+01
3.819184780120849609e+00
1.149721527099609375e+02
5.156161117553710938e+01
4.894791015625000000e+03
2.118445129394531250e+02
8.931703948974609375e+01
7.727522403001785278e-02
3.319329833984375000e+02
2.481861352920532227e+00
2.011903839111328125e+02
6.166723728179931641e+00
1.254400634765625000e+01
1.896449208259582520e+00
9.771467208862304688e+00
3.088045043945312500e+02
3.018773269653320312e+01
3.550012588500976562e+01
7.249280929565429688e+00
1.160688686370849609e+01
3.389163208007812500e+01
7.693970680236816406e+00
1.933481025695800781e+01
1.118941456079483032e-01
1.533143997192382812e+01
1.963145256042480469e+01
2.498550653457641602e+00
2.779609680175781250e+01
4.719353103637695312e+01
4.227320861816406250e+01
2.014981842041015625e+01
6.817391967773437500e+01
7.133505859375000000e+02
2.620992898941040039e+00
4.238925170898437500e+02
3.994423449039459229e-01
7.026337890625000000e+02
3.003111362457275391e+00
1.996631622314453125e+01
4.823458671569824219e+00
1.022811203002929688e+02
6.062684249877929688e+01
1.671932983398437500e+02
2.501165866851806641e+00
5.850118652343750000e+03
5.014553222656250000e+02
1.210973620414733887e+00
8.024759888648986816e-01
1.921262084960937500e+03
1.895122070312500000e+02
1.545582652091979980e+00
3.176524734497070312e+01
1.217668685913085938e+02
1.380466613769531250e+02
1.375807476043701172e+01
1.131120834350585938e+02
9.348972320556640625e+00
2.936667175292968750e+02
4.898055175781250000e+03
6.080364990234375000e+02
1.798504791259765625e+02
6.093612670898437500e+00
5.993594970703125000e+02
4.389003372192382812e+01
2.918516159057617188e+00
7.125220947265625000e+02
1.254581375122070312e+02
7.540291748046875000e+02
4.075077056884765625e+01
4.963872730731964111e-01
4.383242416381835938e+01
2.334478855133056641e+00
2.916511774063110352e+00
6.324337124824523926e-01
9.062568969726562500e+02
7.184437255859375000e+02
2.983416442871093750e+02
5.616107940673828125e+01
2.554578304290771484e+00
7.677997436523437500e+02
2.322161293029785156e+01
9.075733032226562500e+02
4.254972076416015625e+01
7.874451293945312500e+02
1.418386220932006836e+00
1.229265899658203125e+02
2.205310546875000000e+03
5.636690258979797363e-01
8.254345092773437500e+02
3.344939804077148438e+01
4.769577980041503906e-01
1.416706542968750000e+02
6.438638305664062500e+01
2.036923170089721680e+00
7.591714262962341309e-01
6.662752151489257812e+00
3.774302482604980469e+00
1.233806518554687500e+03
1.833085327148437500e+02
1.790595397949218750e+02
6.085414886474609375e+01
2.943369750976562500e+02
1.213630142211914062e+02
1.161017532348632812e+02
4.072639160156250000e+02
2.741134521484375000e+03
2.513953018188476562e+01
1.288949871063232422e+01
2.624048828125000000e+03
4.033288955688476562e+00
7.421675205230712891e+00
4.844648742675781250e+02
2.162899780273437500e+01
1.029548645019531250e+01
6.278395080566406250e+01
4.923300266265869141e+00
2.319390869140625000e+01
2.113590812683105469e+01
4.213799667358398438e+01
3.514018249511718750e+02
8.300784111022949219e+00
2.682309765625000000e+04
4.271878719329833984e+00
6.884174346923828125e-01
3.164166259765625000e+01
1.044483886718750000e+03
6.332744216918945312e+01
9.026106834411621094e+00
3.939785461425781250e+02
1.319942760467529297e+01
5.502970123291015625e+01
2.545302429199218750e+02
1.918539047241210938e+00
1.055933609008789062e+02
1.619610548019409180e+00
1.394386386871337891e+01
5.355937480926513672e+00
3.368781280517578125e+01
1.610984230041503906e+01
6.399425983428955078e+00
4.088193893432617188e+01
4.336504745483398438e+01
1.159062385559082031e+00
1.321903533935546875e+02
4.842297668457031250e+02
1.024856281280517578e+01
5.445488739013671875e+01
1.017505741119384766e+01
6.913701534271240234e+00
1.026031374931335449e+00
5.939049316406250000e+03
1.869272613525390625e+01
6.633365478515625000e+02
2.854026317596435547e+00
2.448478698730468750e+02
1.735844492912292480e+00
2.670286865234375000e+02
4.131185546875000000e+03
2.278128862380981445e-01
2.178086996078491211e+00
1.829584472656250000e+03
3.518088340759277344e+00
1.239790039062500000e+03
4.119029521942138672e+00
3.780271530151367188e+01
1.361587142944335938e+01
1.402450561523437500e+01
4.668018594384193420e-02
1.371465778350830078e+01
3.655171155929565430e+00
9.150915527343750000e+02
9.042608642578125000e+01
1.175790405273437500e+01
6.040330410003662109e+00
3.146782302856445312e+01
1.887701606750488281e+01
2.201256990432739258e+00
6.387990722656250000e+02
1.532421112060546875e+02
1.443544769287109375e+01
2.492995071411132812e+01
1.833369293212890625e+02
1.134739303588867188e+02
1.809752807617187500e+02
8.061162829399108887e-01
1.062019433593750000e+04
1.348063850402832031e+01
8.521923065185546875e+01
2.008412361145019531e+01
5.935649871826171875e-01
1.301449829101562500e+03
1.637907867431640625e+02
7.660375237464904785e-01
1.277783325195312500e+03
5.518087005615234375e+01
8.523831367492675781e+00
5.843812011718750000e+03
5.884856033325195312e+01
8.348765563964843750e+01
6.615587615966796875e+01
8.703563842773437500e+02
3.018733825683593750e+02
4.126893310546875000e+02
4.456923294067382812e+01
3.078917480468750000e+03
6.232382059097290039e-01
2.599954605102539062e+01
4.902637023925781250e+02
1.157670211791992188e+01
4.443105468750000000e+02
1.074089050292968750e+00
1.847080469131469727e+00
8.816330718994140625e+01
4.865202903747558594e+00
1.312566471099853516e+01
1.704313201904296875e+02
9.519725441932678223e-01
2.163516235351562500e+01
8.991166114807128906e+00
5.834424018859863281e+00
4.799534225463867188e+01
1.343932151794433594e+00
1.081152915954589844e+00
2.994696350097656250e+02
1.157570312500000000e+03
6.291841506958007812e+00
1.726595001220703125e+02
2.430834579467773438e+01
1.152475833892822266e+01
2.137813964843750000e+03
3.458814144134521484e+00
3.451876220703125000e+02
4.964355468750000000e+01
3.023777389526367188e+01
1.410409790039062500e+03
3.971506118774414062e+01
2.313695983886718750e+02
7.427525634765625000e+02
2.005442504882812500e+02
6.880014801025390625e+01
3.403696899414062500e+02
4.784251403808593750e+01
2.366240739822387695e+00
4.946484756469726562e+01
2.545479011535644531e+01
6.324809551239013672e+00
1.290058349609375000e+03
4.782545471191406250e+02
1.038455566406250000e+03
2.759017028808593750e+02
1.141119766235351562e+01
2.923580646514892578e+00
5.549275279045104980e-01
3.829414749145507812e+01
1.419599056243896484e+01
9.241371154785156250e+00
1.197649002075195312e+00
1.802345275878906250e+01
5.103849768638610840e-01
9.135037231445312500e+01
3.798649215698242188e+01
9.677061462402343750e+01
1.149191513061523438e+02
2.786532974243164062e+01
6.576759338378906250e+01
1.385864639282226562e+01
7.342123985290527344e+00
3.193818628787994385e-01
1.112999511718750000e+04
3.167199707031250000e+03
2.252911834716796875e+02
1.836828460693359375e+02
1.246345138549804688e+02
1.192058593750000000e+03
2.551292800903320312e+01
4.785409545898437500e+01
1.793799209594726562e+01
2.951684474945068359e+00
7.260797119140625000e+01
1.660079711914062500e+03
8.900540161132812500e+01
7.440258026123046875e+00
1.195009326934814453e+01
1.862625274658203125e+02
4.969346008300781250e+02
1.160053558349609375e+02
1.008375263214111328e+01
2.223740196228027344e+01
1.152368262410163879e-01
1.053914129734039307e-01
4.034677505493164062e+01
4.023243713378906250e+01
5.248236656188964844e+00
2.244535064697265625e+01
2.669515380859375000e+02
5.528310775756835938e+01
1.327878112792968750e+02
1.086658382415771484e+01
2.136605024337768555e+00
1.539278888702392578e+01
4.790030288696289062e+01
1.453881225585937500e+03
2.135454177856445312e+00
1.432893676757812500e+02
1.301074147224426270e+00
4.011012554168701172e+00
2.536114454269409180e-01
1.257647132873535156e+01
5.632983398437500000e+03
3.076307031250000000e+04
6.855649471282958984e+00
8.266401672363281250e+01
1.063041305541992188e+02
4.631753444671630859e+00
1.437693481445312500e+02
7.775118408203125000e+02
8.145475387573242188e+00
5.792845726013183594e+00
3.317972898483276367e+00
8.582469177246093750e+01
3.644949722290039062e+01
2.510878944396972656e+01
3.709998168945312500e+02
6.148278808593750000e+02
4.449039936065673828e+00
5.079972743988037109e+00
4.407719135284423828e+00
3.128981628417968750e+02
9.394391059875488281e+00
3.206097030639648438e+01
3.397236938476562500e+02
1.785346984863281250e+01
9.847111206054687500e+02
1.242700927734375000e+03
2.676011352539062500e+02
1.662974834442138672e+00
2.630278968811035156e+01
