1.591159403324127197e-01
9.669104218482971191e-01
6.220774650573730469e-01
5.108756944537162781e-02
1.283672928810119629e+00
3.547740459442138672e+00
2.544162273406982422e-01
7.710666209459304810e-02
2.068737983703613281e+00
2.231774330139160156e-01
8.232810497283935547e-01
5.411735177040100098e-01
1.103406250476837158e-01
9.094028174877166748e-02
1.283010691404342651e-01
3.948644995689392090e-01
3.703889250755310059e-01
2.408290058374404907e-01
6.862232089042663574e-02
1.633303761482238770e-01
5.531474947929382324e-01
1.020008921623229980e-01
2.211663007736206055e+00
1.148807629942893982e-01
1.572103881835937500e+01
2.198138236999511719e-01
3.133661448955535889e-01
6.195272207260131836e-01
3.195278644561767578e+00
2.610148191452026367e+00
7.055903971195220947e-02
2.994337491691112518e-02
5.589432716369628906e-01
2.291352510452270508e+00
3.926951065659523010e-02
6.067559123039245605e-01
5.952098220586776733e-02
9.141983836889266968e-02
1.698232144117355347e-01
3.390489816665649414e-01
6.078252315521240234e+00
2.600951433181762695e+00
2.745338082313537598e-01
2.748516082763671875e+00
5.524384379386901855e-01
1.655729651451110840e+00
3.593613803386688232e-01
3.861231803894042969e-01
4.533466696739196777e-02
1.543522238731384277e+00
7.604503035545349121e-01
1.303426474332809448e-01
1.153518080711364746e+00
7.063136696815490723e-01
2.263938933610916138e-01
4.168678820133209229e-02
2.776561304926872253e-02
5.710422992706298828e-01
1.486417204141616821e-01
2.629613399505615234e+00
1.970645934343338013e-01
1.777777910232543945e+00
1.650134325027465820e-01
1.914258301258087158e-01
7.609997987747192383e-01
2.103653430938720703e+00
4.360283017158508301e-01
4.753497838973999023e-01
2.685528039932250977e+00
2.859537839889526367e+00
5.387435667216777802e-03
7.810906171798706055e-01
1.061801239848136902e-01
4.306631088256835938e+00
2.301548719406127930e+00
7.273238897323608398e-01
9.258197247982025146e-02
1.555213332176208496e-01
2.963660955429077148e-01
2.164596170186996460e-01
4.337964355945587158e-01
7.393898069858551025e-02
3.035242855548858643e-01
9.867551177740097046e-02
1.297440975904464722e-01
1.463055759668350220e-01
1.321243029087781906e-02
3.674596548080444336e-01
5.372368693351745605e-01
1.491914410144090652e-02
1.978165656328201294e-01
4.054514467716217041e-01
2.022272050380706787e-01
2.731170356273651123e-01
3.282287716865539551e-01
1.364470243453979492e+00
1.181526407599449158e-01
1.691095829010009766e+00
9.727114439010620117e-02
3.644847273826599121e-01
1.232679843902587891e+00
1.885603666305541992e-01
3.709506988525390625e-02
6.434254050254821777e-01
2.191155999898910522e-01
4.572824239730834961e-01
1.544529646635055542e-01
7.089509367942810059e-01
3.813608884811401367e+00
9.729520678520202637e-01
6.048494577407836914e-02
1.073778390884399414e+00
1.583546638488769531e+00
6.836785078048706055e-01
5.320885777473449707e-01
2.002123296260833740e-01
4.531267881393432617e-01
7.930038869380950928e-02
2.930456772446632385e-02
2.949336469173431396e-01
4.852618649601936340e-02
9.869973182678222656e+00
1.590264916419982910e+00
2.040153741836547852e+00
3.413549438118934631e-02
4.997491091489791870e-02
6.472305953502655029e-02
1.818305626511573792e-02
6.117833256721496582e-01
2.566868960857391357e-01
5.428624749183654785e-01
5.735946893692016602e-01
1.915536262094974518e-02
1.213014423847198486e-01
1.692836880683898926e-01
5.339108780026435852e-02
7.406377792358398438e-02
7.153881788253784180e-01
2.257318496704101562e-01
2.168159246444702148e+00
7.636237144470214844e-01
6.968021392822265625e-01
4.230861663818359375e+00
1.033249616622924805e+00
7.573570609092712402e-01
2.991492748260498047e-01
3.260657787322998047e-01
7.719289660453796387e-01
1.207753419876098633e+00
2.027490586042404175e-01
5.492882803082466125e-02
2.928303956985473633e+00
5.796144604682922363e-01
1.405142545700073242e-01
2.881032824516296387e-01
2.010017037391662598e-01
9.384898096323013306e-02
7.065168023109436035e-01
1.097332909703254700e-01
3.153680637478828430e-02
4.527635097503662109e+00
8.949849754571914673e-02
3.864338099956512451e-01
3.346234858036041260e-01
8.802332878112792969e-01
4.113352000713348389e-01
3.947973251342773438e-01
5.470051765441894531e-01
7.747244834899902344e+00
3.722972795367240906e-02
5.378416776657104492e-01
5.917320251464843750e-01
8.336325734853744507e-02
1.048451587557792664e-01
5.079995989799499512e-01
1.523764610290527344e+00
2.120679914951324463e-01
1.993161886930465698e-01
2.829830348491668701e-01
2.727512359619140625e+00
1.805727481842041016e-01
2.391051292419433594e+00
7.824134230613708496e-01
8.435251563787460327e-02
1.031479477882385254e+00
6.942372322082519531e-01
2.156150192022323608e-01
3.547531068325042725e-01
8.123868703842163086e-01
3.383760452270507812e-01
7.731441259384155273e-01
5.688368082046508789e-01
1.096701547503471375e-01
2.291617542505264282e-01
4.588123559951782227e-01
1.267745941877365112e-01
1.126606106758117676e+00
4.716085195541381836e-01
5.171436443924903870e-02
5.330476164817810059e-01
1.278663873672485352e-01
1.673855781555175781e-01
1.015956163406372070e+00
1.459922492504119873e-01
1.151223659515380859e+00
3.033859468996524811e-02
7.581195980310440063e-02
1.690685653686523438e+01
8.014657348394393921e-02
6.199432909488677979e-02
1.358960717916488647e-01
3.731437325477600098e-01
3.373822197318077087e-02
4.171257615089416504e-01
1.383370161056518555e+00
7.437698841094970703e-01
1.004516601562500000e+00
1.715480834245681763e-01
1.692944206297397614e-02
9.784256219863891602e-01
4.813563227653503418e-01
1.848205775022506714e-01
7.935947179794311523e-02
3.097787499427795410e-01
3.290645778179168701e-02
7.188659906387329102e-01
1.048643812537193298e-01
2.901336431503295898e+00
3.660721182823181152e-01
5.625225231051445007e-02
8.866392821073532104e-02
3.812507987022399902e-01
1.379808485507965088e-01
6.877319812774658203e-01
4.718085229396820068e-01
8.382773995399475098e-01
2.151808440685272217e-01
3.609429299831390381e-02
1.558254361152648926e-01
4.353955388069152832e-01
1.079247713088989258e+00
5.176068469882011414e-02
8.093774318695068359e-02
1.522064805030822754e-01
4.414888620376586914e-01
1.757162660360336304e-01
5.142647027969360352e-01
7.345522940158843994e-02
2.440641969442367554e-01
2.863959670066833496e-01
1.700448542833328247e-01
9.681307077407836914e-01
1.177716404199600220e-01
1.036163449287414551e+00
1.542694270610809326e-01
2.149214893579483032e-01
2.897763013839721680e+00
6.679860502481460571e-02
2.118626385927200317e-01
4.327806234359741211e-01
2.074981927871704102e-01
1.155638247728347778e-01
6.963601112365722656e-01
2.737015187740325928e-01
5.314266681671142578e-01
8.209299445152282715e-01
3.937473893165588379e-01
1.426737666130065918e+00
4.266000166535377502e-02
1.395270973443984985e-01
1.690529584884643555e+00
2.457965910434722900e-01
2.263016253709793091e-01
6.603894382715225220e-02
2.025354206562042236e-01
1.190719380974769592e-01
9.232977777719497681e-02
3.152164220809936523e-01
1.614353358745574951e-01
3.530200421810150146e-01
6.658411622047424316e-01
4.912831187248229980e-01
1.864535212516784668e-01
4.726131260395050049e-02
4.362672567367553711e-02
3.588161468505859375e-01
1.995872855186462402e+00
1.196994066238403320e+00
9.177596122026443481e-02
2.269397526979446411e-01
4.989695176482200623e-02
5.364798754453659058e-02
6.700998544692993164e-01
4.080159962177276611e-02
1.034195050597190857e-01
6.800174713134765625e-02
1.529953181743621826e-01
5.365398526191711426e-02
1.869432181119918823e-01
3.166404366493225098e-01
1.259918689727783203e+00
1.295592665672302246e+00
3.506003320217132568e-01
1.882915854454040527e+00
6.144738197326660156e-01
3.688158392906188965e-01
1.825186461210250854e-01
6.031284332275390625e-01
6.122539639472961426e-01
2.478320896625518799e-01
3.019349336624145508e+00
2.042016744613647461e+00
1.255749225616455078e+00
3.545965909957885742e+00
5.901109576225280762e-01
2.067492157220840454e-01
4.080222174525260925e-02
1.022838950157165527e+00
4.497865214943885803e-02
1.210607141256332397e-01
1.872505843639373779e-01
2.510161101818084717e-01
2.943335533142089844e+00
9.216023445129394531e+00
4.014341831207275391e-01
9.229209423065185547e-01
2.278285324573516846e-01
3.274838328361511230e-01
3.855813443660736084e-01
1.924024373292922974e-01
2.647239342331886292e-02
3.070961475372314453e+00
3.902557790279388428e-01
3.247700631618499756e-01
8.426117897033691406e-02
1.689692586660385132e-01
7.917048931121826172e-01
1.437599360942840576e-01
1.858409792184829712e-01
1.656587958335876465e+00
1.218759536743164062e+00
4.454818367958068848e-02
9.045702219009399414e-02
3.348474740982055664e+00
2.270239293575286865e-01
8.781222999095916748e-02
2.862632274627685547e+00
1.724132597446441650e-01
5.315920710563659668e-01
2.862716913223266602e-01
6.698219180107116699e-01
4.922094568610191345e-02
6.834528408944606781e-03
1.704264581203460693e-01
4.513392746448516846e-01
7.983110845088958740e-02
1.111168786883354187e-01
1.412289500236511230e+00
9.179966449737548828e-01
6.882382631301879883e-01
5.595054626464843750e-01
1.503683626651763916e-01
2.858473062515258789e-01
1.615995168685913086e-01
7.819719314575195312e-01
1.281712502241134644e-01
4.049941897392272949e-01
9.029072523117065430e-02
5.067134499549865723e-01
2.396104484796524048e-02
5.489273071289062500e-01
1.339137852191925049e-01
1.263659596443176270e+00
5.162851810455322266e-01
5.849850773811340332e-01
7.782203704118728638e-02
7.325863838195800781e-01
1.518752455711364746e+00
3.226942121982574463e-01
1.571095362305641174e-02
3.225857615470886230e-01
2.500638067722320557e-01
1.180412292480468750e+00
1.385815382003784180e+00
3.052906990051269531e-01
2.047064065933227539e+00
2.473424434661865234e+00
1.539728939533233643e-01
2.946578860282897949e-01
1.130183711647987366e-01
3.463767468929290771e-01
9.820966720581054688e-01
1.438234895467758179e-01
4.958360195159912109e+00
4.578771591186523438e-01
9.047412872314453125e+00
1.665279388427734375e+00
7.981946468353271484e-01
5.344082042574882507e-02
2.853330075740814209e-01
1.721525311470031738e+00
2.868620109558105469e+01
1.494187355041503906e+01
7.624264955520629883e-01
1.332220840454101562e+01
2.056434249877929688e+01
8.305243492126464844e+00
1.175342559814453125e+00
2.997809410095214844e+01
1.283007860183715820e+00
2.467943382263183594e+01
5.382159233093261719e+00
1.474131941795349121e+00
8.744508028030395508e-01
1.357855677604675293e+00
1.165250682830810547e+01
3.668984174728393555e+00
2.369945049285888672e+00
2.821255445480346680e+00
1.714142084121704102e+00
2.755532979965209961e+00
1.052683949470520020e+00
1.693107032775878906e+01
2.880949735641479492e+00
6.548101806640625000e+01
3.668508291244506836e+00
5.605531692504882812e+00
4.976960659027099609e+00
3.418373489379882812e+01
3.397669219970703125e+01
1.727840662002563477e+00
8.524817824363708496e-01
5.441328048706054688e+00
4.439072418212890625e+01
5.734176039695739746e-01
6.525391578674316406e+00
5.580173134803771973e-01
4.202219545841217041e-01
1.454101800918579102e+00
3.504840135574340820e+00
4.566292572021484375e+01
1.117898654937744141e+01
1.151815533638000488e+00
1.546140670776367188e+01
3.480966806411743164e+00
1.046167373657226562e+01
1.016385364532470703e+01
3.606065988540649414e+00
1.285737633705139160e+00
1.992176628112792969e+01
1.011574745178222656e+01
3.041794061660766602e+00
1.215488910675048828e+01
1.886759376525878906e+01
3.041398048400878906e+00
1.929001808166503906e-01
2.725100219249725342e-01
1.317613959312438965e+00
6.593257784843444824e-01
1.569499588012695312e+01
3.704660654067993164e+00
2.722042846679687500e+01
1.267286419868469238e+00
2.389568805694580078e+00
1.753484845161437988e+00
1.968069839477539062e+01
2.938239574432373047e+00
9.025142669677734375e+00
9.661796569824218750e+00
7.246045684814453125e+01
2.678819000720977783e-02
4.972399234771728516e+00
8.337772488594055176e-01
2.637752151489257812e+01
2.903004837036132812e+01
3.705291748046875000e+00
2.008917093276977539e+00
1.503767848014831543e+00
3.330171823501586914e+00
2.968449831008911133e+00
3.290682554244995117e+00
5.826950073242187500e-01
5.792235851287841797e+00
2.513932466506958008e+00
2.833092689514160156e+00
1.328228831291198730e+00
6.166989803314208984e-01
6.031020641326904297e+00
3.119093656539916992e+00
1.784495711326599121e-01
3.678897142410278320e+00
5.024248600006103516e+00
4.604355812072753906e+00
2.698997259140014648e+00
5.271963596343994141e+00
2.773871231079101562e+01
5.042922496795654297e-01
2.243278884887695312e+01
1.258098602294921875e+00
2.874808073043823242e+00
2.720789909362792969e+00
3.102952957153320312e+00
4.145699441432952881e-01
2.983209419250488281e+01
3.683110713958740234e+00
3.778696775436401367e+00
8.884713649749755859e-01
1.503530788421630859e+01
5.432289505004882812e+01
3.256107568740844727e+00
5.262310504913330078e-01
8.214408874511718750e+00
8.920218467712402344e+00
3.980716705322265625e+00
5.267690181732177734e+00
1.481542587280273438e+00
2.804635286331176758e+00
1.065426111221313477e+00
7.468459606170654297e-01
5.968803405761718750e+00
7.951300144195556641e-01
1.966838531494140625e+02
7.308496093750000000e+01
2.545460700988769531e+01
6.771648526191711426e-01
2.201459646224975586e+00
2.219523429870605469e+00
9.841029644012451172e-01
2.229047203063964844e+01
4.741373538970947266e+00
1.188215970993041992e+00
6.125321865081787109e+00
2.117965519428253174e-01
6.502329111099243164e-01
2.220797538757324219e+00
6.943303942680358887e-01
4.805212914943695068e-01
4.370256423950195312e+00
2.446836709976196289e+00
1.873785972595214844e+01
2.068170356750488281e+01
3.840692043304443359e+00
2.934657669067382812e+01
8.032944679260253906e+00
8.580402374267578125e+00
6.805558204650878906e+00
5.947393894195556641e+00
6.981451511383056641e+00
1.327343463897705078e+01
3.511894941329956055e+00
8.985818028450012207e-01
2.721500205993652344e+01
2.150567054748535156e+00
1.413799881935119629e+00
5.785681247711181641e+00
1.806614041328430176e+00
8.327014446258544922e-01
8.244809150695800781e+00
2.271279811859130859e+00
4.214374721050262451e-01
1.576655864715576172e+01
2.573485851287841797e+00
9.170188903808593750e+00
1.660557866096496582e+00
3.319654941558837891e+00
2.327155828475952148e+00
4.716904640197753906e+00
6.126759052276611328e+00
9.569821929931640625e+01
5.687749981880187988e-01
7.253604888916015625e+00
1.033366775512695312e+01
1.587074995040893555e+00
5.154763460159301758e-01
1.556092739105224609e+01
1.249581432342529297e+01
2.082483291625976562e+00
5.516686916351318359e+00
5.647037506103515625e+00
1.998074531555175781e+01
8.459064364433288574e-01
2.640958213806152344e+01
9.394435882568359375e+00
1.089700534939765930e-01
1.630946922302246094e+01
2.093876838684082031e+01
4.872950017452239990e-01
3.911173582077026367e+00
1.861666297912597656e+01
4.072527408599853516e+00
2.808373689651489258e+00
4.410463333129882812e+00
1.073766827583312988e+00
2.877191543579101562e+00
1.015193080902099609e+01
1.169110059738159180e+00
7.516335010528564453e+00
2.615862369537353516e+00
8.542867302894592285e-01
4.068376541137695312e+00
3.544442892074584961e+00
1.701139688491821289e+00
1.165532684326171875e+01
1.925259351730346680e+00
6.704370021820068359e+00
1.708181649446487427e-01
9.355875253677368164e-01
7.815008544921875000e+01
3.093418836593627930e+00
2.101399183273315430e+00
2.517645359039306641e+00
4.574671268463134766e+00
4.513373374938964844e-01
4.000583648681640625e+00
8.770212173461914062e+00
1.323924064636230469e+01
2.181133270263671875e+00
3.605416059494018555e+00
3.503887653350830078e-01
4.992017745971679688e+00
8.591577529907226562e+00
1.650016903877258301e+00
6.728114485740661621e-01
6.025787353515625000e+00
8.745244145393371582e-01
3.337643051147460938e+01
8.441586494445800781e-01
2.610225677490234375e+01
1.933759689331054688e+00
1.015818357467651367e+00
5.863447189331054688e-01
4.782333850860595703e+00
1.840032458305358887e+00
2.418693161010742188e+01
4.719556808471679688e+00
2.709610223770141602e+00
7.547263503074645996e-01
5.116407871246337891e-01
4.499750435352325439e-01
6.849003314971923828e+00
7.675154685974121094e+00
2.098143577575683594e+00
1.229114055633544922e+00
1.222268581390380859e+00
8.301535606384277344e+00
2.030140399932861328e+00
2.908674716949462891e+00
1.235963344573974609e+00
7.044492244720458984e+00
8.667824864387512207e-01
1.422634005546569824e+00
6.863703250885009766e+00
1.749642491340637207e+00
1.159802436828613281e+01
2.657326459884643555e+00
1.532878637313842773e+00
2.176997756958007812e+01
9.084927439689636230e-01
4.670414030551910400e-01
1.343474006652832031e+01
6.109751701354980469e+00
3.904995918273925781e+00
3.879946470260620117e+00
3.504309892654418945e+00
1.112313652038574219e+01
7.165187358856201172e+00
1.744927215576171875e+01
1.090520858764648438e+01
1.217139482498168945e+00
2.841772317886352539e+00
1.103240108489990234e+01
4.942735671997070312e+00
7.802634716033935547e+00
8.265150785446166992e-01
2.586380958557128906e+00
1.450918078422546387e+00
8.451409339904785156e-01
5.086765766143798828e+00
4.841440200805664062e+00
1.648858904838562012e+00
5.633924484252929688e+00
2.690803766250610352e+00
2.160259485244750977e+00
1.681507825851440430e+00
1.578763425350189209e-01
6.649456024169921875e+00
1.953477287292480469e+01
6.240490436553955078e+00
1.632589578628540039e+00
8.782761693000793457e-01
1.081741809844970703e+00
9.829246997833251953e-01
1.738501548767089844e+01
9.205627441406250000e-01
1.006278276443481445e+00
1.459812402725219727e+00
3.398097038269042969e+00
2.984035253524780273e+00
6.539970040321350098e-01
4.765010833740234375e+00
1.806341171264648438e+01
1.106813621520996094e+01
2.184358119964599609e+00
9.622242927551269531e+00
4.164145946502685547e+00
5.907207489013671875e+00
6.975193500518798828e+00
3.138646125793457031e+00
6.053085327148437500e+00
5.024390697479248047e+00
2.703835678100585938e+01
3.404256057739257812e+01
1.360919475555419922e+01
2.623571205139160156e+01
2.556041717529296875e+00
5.370772480964660645e-01
5.349907875061035156e-01
5.798678874969482422e+00
5.421252846717834473e-01
5.012100934982299805e-01
8.063176274299621582e-01
1.106396436691284180e+00
4.429563522338867188e+01
2.479230690002441406e+01
9.999211311340332031e+00
8.198957443237304688e+00
1.937980055809020996e+00
5.149231910705566406e+00
3.889740705490112305e+00
4.344709396362304688e+00
8.759451508522033691e-01
2.372211647033691406e+01
1.652633666992187500e+01
2.373749017715454102e+00
1.558442234992980957e+00
4.720875263214111328e+00
3.426549530029296875e+01
1.703008055686950684e+00
4.345743954181671143e-01
1.015175151824951172e+01
4.689492225646972656e+00
8.524390459060668945e-01
1.401702404022216797e+00
2.284421920776367188e+01
1.795872688293457031e+00
2.006893396377563477e+00
3.381331634521484375e+01
5.410744190216064453e+00
3.488735914230346680e+00
3.651602029800415039e+00
6.408149242401123047e+00
3.556988239288330078e-01
9.931811690330505371e-02
4.804358959197998047e+00
2.461121559143066406e+00
1.306281089782714844e+00
5.533415794372558594e+00
2.710194206237792969e+01
2.641604995727539062e+01
7.378695964813232422e+00
2.833815574645996094e+00
1.586522817611694336e+00
3.321630477905273438e+00
2.701810121536254883e+00
5.524824142456054688e+00
9.185401201248168945e-01
7.146381378173828125e+00
6.317582726478576660e-01
5.740719795227050781e+00
4.814180135726928711e-01
2.920716524124145508e+00
4.777218818664550781e+00
5.194507980346679688e+01
5.332696914672851562e+00
6.736902713775634766e+00
1.084111452102661133e+00
6.879888534545898438e+00
1.181772994995117188e+01
8.221330642700195312e+00
1.414037346839904785e-01
3.127938270568847656e+00
4.282515048980712891e+00
8.551923751831054688e+00
3.377187347412109375e+01
2.183273077011108398e+00
6.420308113098144531e+00
1.548697376251220703e+01
3.269645452499389648e+00
5.436417102813720703e+00
1.909988164901733398e+00
3.563811540603637695e+00
8.962275505065917969e+00
2.535265922546386719e+00
1.037794723510742188e+02
7.266962051391601562e+00
2.728588485717773438e+01
4.033327102661132812e+01
1.083516120910644531e+01
1.280270814895629883e+00
9.031447410583496094e+00
