5.221968516707420349e-02
1.710663735866546631e-01
7.879667729139328003e-02
4.135146271437406540e-03
1.024115830659866333e-01
3.390879631042480469e-01
5.372428521513938904e-02
1.034658495336771011e-02
7.588420063257217407e-02
1.346527934074401855e-01
2.134674787521362305e-01
7.048363238573074341e-02
7.171657681465148926e-02
1.413282193243503571e-02
2.131008356809616089e-02
5.218509584665298462e-02
5.454576108604669571e-03
3.274920210242271423e-02
1.728910580277442932e-02
1.483074482530355453e-02
1.466178521513938904e-02
1.119812205433845520e-02
1.957850754261016846e-01
3.785243257880210876e-02
4.316919326782226562e+00
1.423868257552385330e-02
2.809349447488784790e-02
1.552930921316146851e-01
4.444088935852050781e-01
1.050175666809082031e+00
4.077021963894367218e-03
1.363995834253728390e-03
1.258528530597686768e-01
2.419835329055786133e-01
1.454059127718210220e-02
3.068293631076812744e-01
1.901875622570514679e-02
3.855051007121801376e-03
7.513523101806640625e-02
3.500983119010925293e-02
7.239670753479003906e-01
1.830058842897415161e-01
5.239307880401611328e-02
3.299063205718994141e+00
3.026001751422882080e-01
1.846220493316650391e-01
3.447603806853294373e-02
8.606395721435546875e-01
3.819524543359875679e-03
5.972248315811157227e-01
1.613589376211166382e-01
3.410484269261360168e-02
5.694534778594970703e-01
1.096361652016639709e-01
6.198739632964134216e-03
9.346517734229564667e-03
1.158152148127555847e-02
1.961697041988372803e-01
2.472694963216781616e-02
1.090082263946533203e+01
1.716430671513080597e-02
3.809234857559204102e+00
3.041579201817512512e-02
2.688389457762241364e-02
1.472622603178024292e-01
2.622327804565429688e-01
3.627729117870330811e-01
8.771909028291702271e-02
2.891530036926269531e+00
7.661089301109313965e-01
3.466468187980353832e-04
6.443582177162170410e-01
7.273028139024972916e-03
1.188679218292236328e+00
1.677668690681457520e-01
6.668842583894729614e-02
1.852915249764919281e-02
2.132238261401653290e-02
3.738168627023696899e-02
4.493230953812599182e-02
3.937224745750427246e-01
2.594532258808612823e-02
8.311595767736434937e-02
1.966119976714253426e-03
6.446348503232002258e-03
6.192373111844062805e-03
3.796929086092859507e-04
2.812353894114494324e-02
9.986869692802429199e-01
1.675322069786489010e-03
1.740477606654167175e-02
1.076544076204299927e-01
2.298895083367824554e-02
6.282835453748703003e-02
4.157448932528495789e-02
6.181344985961914062e-01
1.462260633707046509e-01
6.584480404853820801e-01
1.876483298838138580e-02
1.666880249977111816e-01
5.512334704399108887e-01
3.947350010275840759e-02
8.617764338850975037e-03
3.680758550763130188e-02
5.080305412411689758e-02
2.469148933887481689e-01
8.934499323368072510e-02
1.261077076196670532e-01
8.636219501495361328e-01
6.106596067547798157e-02
1.901441253721714020e-02
1.950715631246566772e-01
1.907826811075210571e-01
4.743151664733886719e-01
9.600731730461120605e-02
7.043743878602981567e-02
8.475273102521896362e-02
2.557748556137084961e-02
4.895245190709829330e-03
2.763848006725311279e-02
4.642973653972148895e-03
1.963385009765625000e+01
4.570619165897369385e-01
9.491603970527648926e-01
1.420202548615634441e-03
2.108243294060230255e-02
1.729120872914791107e-02
1.200947794131934643e-03
1.716030538082122803e-01
5.980673432350158691e-02
6.975960135459899902e-01
1.979811489582061768e-01
8.895807899534702301e-03
4.449399653822183609e-03
2.881021052598953247e-02
9.949672035872936249e-03
2.157987281680107117e-02
8.929709196090698242e-01
7.441388070583343506e-02
1.050223112106323242e+00
7.774110883474349976e-02
3.487579524517059326e-02
5.879665374755859375e+00
1.013770818710327148e+00
2.394891262054443359e+00
1.148473247885704041e-01
2.799117565155029297e-01
6.020284444093704224e-02
1.232198849320411682e-01
2.870089374482631683e-02
2.399909496307373047e-02
9.044171571731567383e-01
1.181759908795356750e-01
6.711340695619583130e-02
2.149132341146469116e-01
7.519821077585220337e-02
3.311794251203536987e-02
4.633284360170364380e-02
2.486539306119084358e-03
3.800149774178862572e-03
1.875388026237487793e-01
5.285168811678886414e-02
1.174905374646186829e-01
1.338301002979278564e-01
1.267425060272216797e+00
1.706142723560333252e-01
4.663707613945007324e-01
1.932378858327865601e-01
2.894874572753906250e+00
3.144881455227732658e-03
2.257992327213287354e-01
1.444565951824188232e-01
7.851526141166687012e-03
5.867017433047294617e-02
1.266817450523376465e-01
9.482987523078918457e-01
7.606311142444610596e-02
7.046980410814285278e-02
3.413449972867965698e-02
1.230092763900756836e+00
1.219556778669357300e-01
8.637095242738723755e-02
1.492701768875122070e-01
5.681052803993225098e-02
2.077412366867065430e+00
1.166937649250030518e-01
9.945806860923767090e-02
4.964625090360641479e-02
2.487218976020812988e-01
7.506692409515380859e-02
6.204411387443542480e-01
5.486256256699562073e-02
2.330811694264411926e-03
6.525576114654541016e-02
1.505592018365859985e-01
6.337227672338485718e-02
1.244956031441688538e-01
5.555761978030204773e-02
3.653369611129164696e-03
2.769568562507629395e-01
8.364895358681678772e-03
7.169923931360244751e-02
8.149129152297973633e-02
3.762735053896903992e-02
6.739976257085800171e-02
1.170089375227689743e-02
7.399606704711914062e-02
1.184937095642089844e+01
9.361053816974163055e-03
6.069139577448368073e-03
2.522008121013641357e-02
4.890293627977371216e-02
2.471263986080884933e-03
2.918588221073150635e-01
1.036964356899261475e-01
7.608401179313659668e-01
3.903759121894836426e-01
1.510453876107931137e-02
4.265510477125644684e-03
1.314961910247802734e+00
1.015270113945007324e+00
7.228837814182043076e-03
1.498185750097036362e-02
2.705832570791244507e-02
4.782847827300429344e-04
2.187034636735916138e-01
7.970452308654785156e-03
1.417878031730651855e+00
1.775683313608169556e-01
2.744236215949058533e-02
2.328067645430564880e-02
4.021375253796577454e-02
1.209293399006128311e-02
7.545128464698791504e-02
2.470028214156627655e-02
3.498123884201049805e-01
7.771212607622146606e-02
3.842336591333150864e-03
3.208569884300231934e-01
9.850302711129188538e-03
1.558984518051147461e-01
1.381732895970344543e-02
5.610945448279380798e-02
1.096082013100385666e-02
3.015597164630889893e-02
4.652345925569534302e-02
1.651941388845443726e-01
5.094386264681816101e-02
8.856797218322753906e-02
1.582160145044326782e-01
1.084598004817962646e-01
5.524857640266418457e-01
2.265584655106067657e-03
4.834462404251098633e-01
1.758937388658523560e-01
1.387196779251098633e-01
2.083515405654907227e+00
6.004334241151809692e-02
7.537706196308135986e-02
2.879016660153865814e-02
2.745761163532733917e-02
7.248408626765012741e-03
2.247887104749679565e-01
7.843576371669769287e-02
2.365523949265480042e-02
3.184112012386322021e-01
7.416475564241409302e-03
1.366064310073852539e+00
1.342948293313384056e-03
4.401858150959014893e-02
5.591540336608886719e+00
1.671018600463867188e-01
7.024144381284713745e-02
6.776337511837482452e-03
1.927606295794248581e-03
2.115516550838947296e-02
5.687362700700759888e-02
2.854834869503974915e-02
7.123576104640960693e-02
5.799053907394409180e-01
6.917328238487243652e-01
1.404537111520767212e-01
4.626031592488288879e-02
1.805295795202255249e-02
2.197521273046731949e-03
1.735435612499713898e-02
3.662374496459960938e+00
1.267935276031494141e+00
1.299161650240421295e-02
1.542916595935821533e-01
1.684878021478652954e-02
9.991853497922420502e-03
1.989889144897460938e-01
1.958190090954303741e-02
6.862881127744913101e-03
1.443618256598711014e-02
3.595796599984169006e-02
5.861394107341766357e-02
8.334770202636718750e-01
1.755012124776840210e-01
1.460104465484619141e+00
1.818927079439163208e-01
1.645511686801910400e-01
2.041056156158447266e+00
2.985268235206604004e-01
3.193084895610809326e-02
1.108262129127979279e-02
1.071816086769104004e-01
1.518691182136535645e-01
3.958877623081207275e-01
1.387503027915954590e+00
1.876497268676757812e-01
2.691156268119812012e-01
2.753999829292297363e-01
1.576326414942741394e-02
7.987352460622787476e-02
4.059806466102600098e-03
1.013540983200073242e+00
3.235176904127001762e-03
1.256765425205230713e-02
1.398293673992156982e-01
5.187703762203454971e-03
1.810211092233657837e-01
9.203083515167236328e-01
5.603056773543357849e-02
2.251702070236206055e+00
1.349094510078430176e-02
2.042493410408496857e-02
1.929287426173686981e-02
7.833658717572689056e-03
2.381749683991074562e-03
3.196760654449462891e+00
5.250521004199981689e-02
6.078116223216056824e-02
2.182199247181415558e-02
3.321942687034606934e-02
3.742294758558273315e-02
2.051989361643791199e-02
1.109769865870475769e-01
5.312070846557617188e-01
6.992115080356597900e-02
4.780875518918037415e-03
9.121342562139034271e-03
1.807207942008972168e+00
4.026187118142843246e-03
1.248202379792928696e-02
9.470974206924438477e-01
4.097411632537841797e-01
1.320072114467620850e-01
3.033574521541595459e-01
1.419551819562911987e-01
3.527301922440528870e-02
1.151994336396455765e-03
2.159192040562629700e-02
8.403908461332321167e-02
4.970575217157602310e-03
2.179290726780891418e-02
1.733421683311462402e-01
2.307964563369750977e-01
1.253134906291961670e-01
5.315827950835227966e-02
2.325952798128128052e-02
6.234301999211311340e-02
3.833251819014549255e-02
4.910219907760620117e-01
8.445256948471069336e-02
8.287362009286880493e-02
8.397053927183151245e-03
4.288110136985778809e-01
1.033411943353712559e-03
1.294417679309844971e-01
2.262349426746368408e-02
3.351539373397827148e+00
7.150333374738693237e-02
3.621166944503784180e-01
6.571003235876560211e-03
2.782431989908218384e-02
6.573471426963806152e-02
2.738120406866073608e-02
7.970684207975864410e-03
7.933139801025390625e-02
1.262591872364282608e-02
9.183177947998046875e-01
5.900843739509582520e-01
1.128171384334564209e-01
1.565802216529846191e+00
1.343689918518066406e+01
2.583437599241733551e-02
2.559269778430461884e-02
6.357632228173315525e-04
5.860210582613945007e-02
1.270176917314529419e-01
7.354033738374710083e-02
1.209299850463867188e+01
1.747352886013686657e-03
3.102211952209472656e+00
2.243756204843521118e-01
6.489271670579910278e-02
1.480780076235532761e-02
1.544938515871763229e-02
1.637974262237548828e+00
2.108452606201171875e+01
2.070976066589355469e+01
3.274915814399719238e-01
7.806602001190185547e+00
2.238843441009521484e+00
3.384465026855468750e+01
2.945797920227050781e+00
5.295907211303710938e+01
2.495101451873779297e+00
3.391406250000000000e+01
1.243929481506347656e+01
3.785153865814208984e+00
3.075632750988006592e-01
8.791293144226074219e+00
2.813398361206054688e+01
5.564710617065429688e+00
4.115150070190429688e+01
1.633862113952636719e+01
1.795696020126342773e+00
2.398181438446044922e+00
1.292322635650634766e+00
7.913267612457275391e+00
8.144586563110351562e+00
2.801081275939941406e+01
1.085318565368652344e+00
6.830751895904541016e+00
3.793040847778320312e+01
1.765868530273437500e+02
1.281655120849609375e+01
1.882300734519958496e+00
1.236339211463928223e+00
2.418948650360107422e+00
1.281950988769531250e+02
9.559799432754516602e-01
1.910612678527832031e+01
4.620164930820465088e-01
2.655386328697204590e-01
1.616569161415100098e+00
1.327009963989257812e+01
3.938930664062500000e+02
1.073588275909423828e+01
7.183731794357299805e-01
3.828833007812500000e+01
9.186368942260742188e+00
5.955076599121093750e+01
4.028181838989257812e+01
1.140719318389892578e+01
1.135940313339233398e+00
7.196053314208984375e+01
2.641523742675781250e+01
3.582529783248901367e+00
1.291247558593750000e+01
3.632738113403320312e+01
5.435454368591308594e+00
4.186980724334716797e-01
1.030834436416625977e+00
1.045890927314758301e+00
2.585696458816528320e+00
7.146862030029296875e+01
1.642293930053710938e+01
8.482342529296875000e+01
1.175954937934875488e+00
3.883149862289428711e+00
1.317804574966430664e+00
1.910228347778320312e+01
4.969112396240234375e+00
2.631263122558593750e+02
2.900838012695312500e+02
5.370007705688476562e+01
3.765976056456565857e-02
2.804738616943359375e+01
1.195373058319091797e+00
7.186109161376953125e+01
1.478625011444091797e+01
3.844236612319946289e+00
7.468501925468444824e-01
9.032172560691833496e-01
1.307385730743408203e+01
1.408854961395263672e+01
1.005332565307617188e+01
1.412507653236389160e+00
3.264814615249633789e+00
3.183408021926879883e+00
1.824857234954833984e+00
1.846745848655700684e+00
3.902835249900817871e-01
1.254846382141113281e+01
1.375948238372802734e+01
6.599525213241577148e-01
2.491993665695190430e+00
3.727787780761718750e+01
2.034616661071777344e+01
6.390100955963134766e+00
1.058410167694091797e+01
1.695560264587402344e+01
2.612755775451660156e+00
3.639449768066406250e+02
1.988691091537475586e+00
1.150822544097900391e+01
5.183308720588684082e-01
1.014643192291259766e+00
1.885994821786880493e-01
4.966608428955078125e+01
7.952073097229003906e+00
1.167585277557373047e+01
2.185474395751953125e+00
1.248893127441406250e+02
1.483569793701171875e+02
1.191587686538696289e+00
2.199673056602478027e-01
1.603026008605957031e+01
6.531250000000000000e+00
6.608603954315185547e+00
1.493580436706542969e+01
7.690957069396972656e+00
4.650827884674072266e+00
2.867346763610839844e+00
4.196405887603759766e+00
6.027445793151855469e+00
8.048568725585937500e+00
1.246357055664062500e+03
2.272947387695312500e+02
1.688053894042968750e+01
2.085836648941040039e+00
4.354319381713867188e+01
6.224921703338623047e+00
1.465568542480468750e+00
1.446157226562500000e+02
2.918556213378906250e+01
6.202792167663574219e+00
1.256986713409423828e+01
1.404823362827301025e-01
1.277978777885437012e+00
7.045999765396118164e-01
8.815331459045410156e-01
2.595954895019531250e+00
7.003314208984375000e+01
2.424935531616210938e+01
3.387798690795898438e+01
8.702256774902343750e+01
4.395436942577362061e-01
1.479250183105468750e+02
2.988515853881835938e+01
3.081207847595214844e+01
7.748227596282958984e+00
1.350361328125000000e+02
1.531736612319946289e+00
1.011603641510009766e+01
1.606388282775878906e+01
1.845868110656738281e+00
1.512395629882812500e+02
7.344246387481689453e+00
9.526239037513732910e-01
3.339883041381835938e+01
4.791897773742675781e+00
1.162556171417236328e+00
1.295536756515502930e+00
6.131519675254821777e-01
1.296507239341735840e+00
7.698842620849609375e+01
4.260840606689453125e+01
3.012045669555664062e+01
5.311847686767578125e+00
1.627215576171875000e+01
1.397012591361999512e+00
1.192261123657226562e+01
2.887492752075195312e+01
2.197875823974609375e+02
4.070373475551605225e-01
1.046589756011962891e+01
6.164953613281250000e+01
1.698118567466735840e+00
3.249273061752319336e+00
1.064496536254882812e+02
1.111800384521484375e+01
2.557737827301025391e+00
1.438269996643066406e+01
2.578595876693725586e+00
2.692526435852050781e+01
8.957691192626953125e-01
2.572945785522460938e+01
4.319052505493164062e+01
1.467189788818359375e-01
3.454642639160156250e+02
1.413726139068603516e+01
1.073337316513061523e+00
2.264523983001708984e+00
6.242203140258789062e+01
1.217944717407226562e+01
1.107067465782165527e+00
4.359721183776855469e+00
1.143339872360229492e+00
1.048555660247802734e+01
1.172371673583984375e+01
2.786568105220794678e-01
3.989116191864013672e+00
1.828466176986694336e+00
8.725376725196838379e-01
2.725826978683471680e+00
7.810521125793457031e+00
1.753895759582519531e+00
6.581080436706542969e+00
4.235450744628906250e+00
2.543056678771972656e+01
2.792018055915832520e-01
4.972097873687744141e+00
6.398215103149414062e+01
5.731430530548095703e+00
1.523609638214111328e+01
6.691817760467529297e+00
3.897931814193725586e+00
4.751359224319458008e-01
1.118541717529296875e+02
3.724395990371704102e+00
1.601407051086425781e+01
1.767006039619445801e+00
3.562740325927734375e+01
5.754100084304809570e-01
4.967522811889648438e+01
3.561628723144531250e+02
3.775339722633361816e-01
4.833658337593078613e-01
2.392149734497070312e+01
9.933766126632690430e-01
2.348997650146484375e+02
3.399419546127319336e+00
4.715359210968017578e+00
1.084569454193115234e+00
3.653264045715332031e+00
3.310568034648895264e-01
1.367057323455810547e+01
5.736870169639587402e-01
4.437472152709960938e+01
1.703092098236083984e+00
1.761127090454101562e+01
3.411266505718231201e-01
9.608295559883117676e-01
3.590395450592041016e+00
1.406906008720397949e+00
2.887890052795410156e+01
3.921661376953125000e+00
2.004926681518554688e+00
2.216127634048461914e+00
1.217227745056152344e+01
2.737278747558593750e+01
3.416440200805664062e+01
2.752489149570465088e-01
8.960263061523437500e+01
2.696623325347900391e+00
3.435515880584716797e+00
6.892273426055908203e+00
9.909873008728027344e-01
6.656651306152343750e+01
1.557686996459960938e+01
4.770455837249755859e+00
1.155120182037353516e+01
2.801054477691650391e+00
3.070361137390136719e+00
4.426535797119140625e+01
2.729403686523437500e+01
1.127620697021484375e+01
9.126026153564453125e+00
2.136010360717773438e+01
1.464754486083984375e+01
2.337046432495117188e+01
3.120724296569824219e+01
9.763075256347656250e+01
1.439424157142639160e-01
9.376688003540039062e+00
2.657162170410156250e+02
2.779786682128906250e+01
4.812160110473632812e+01
3.931521177291870117e-01
3.652068674564361572e-01
8.021798133850097656e+00
4.220117568969726562e+00
9.131732940673828125e+00
8.869427680969238281e+00
2.713313102722167969e+00
8.600223541259765625e+00
4.749692916870117188e+00
3.920504093170166016e+00
1.992484688758850098e+00
3.764830529689788818e-01
1.839110612869262695e+00
1.041947937011718750e+02
3.332371139526367188e+01
3.533896446228027344e+00
9.152679443359375000e+00
8.282892227172851562e+00
3.679939270019531250e+00
4.275116271972656250e+02
3.086608171463012695e+00
7.777924537658691406e+00
3.326657295227050781e+00
1.283264636993408203e+01
2.280469512939453125e+01
2.551778793334960938e+00
1.429414272308349609e+01
2.918597984313964844e+01
2.863033103942871094e+01
5.247581958770751953e+00
8.151802062988281250e+01
5.626016139984130859e+00
4.101605892181396484e+00
5.174591827392578125e+01
3.193475723266601562e+00
7.527484416961669922e+00
1.105793457031250000e+02
7.098925018310546875e+01
6.868915557861328125e+01
2.674665527343750000e+02
1.197187542915344238e+00
2.091017723083496094e+00
5.408785939216613770e-01
7.974588274955749512e-01
5.470298767089843750e+00
1.271659970283508301e+00
5.083984136581420898e-01
2.230222463607788086e+00
5.141660571098327637e-01
2.549021453857421875e+02
1.558516883850097656e+01
8.325434112548828125e+01
2.750300598144531250e+01
2.107250690460205078e+00
2.682364463806152344e+01
6.402828693389892578e+00
6.655351638793945312e+00
7.170257568359375000e-01
2.273359375000000000e+02
5.910988235473632812e+01
6.136120796203613281e+00
1.108020019531250000e+01
4.781745147705078125e+01
2.102589874267578125e+02
6.277628421783447266e+00
1.082245349884033203e+00
1.744413185119628906e+01
5.525402426719665527e-01
6.540599822998046875e+00
1.610188865661621094e+01
1.928523254394531250e+01
9.892952442169189453e-01
2.048675537109375000e+00
9.557167053222656250e+01
7.084647369384765625e+01
2.933910560607910156e+01
1.394633102416992188e+01
1.013620090484619141e+01
1.718176305294036865e-01
1.262239068746566772e-01
1.320767879486083984e+01
7.169406414031982422e+00
1.474125623703002930e+00
1.105751705169677734e+01
9.045481109619140625e+01
1.003092346191406250e+02
1.482504749298095703e+01
2.478159666061401367e+00
1.807921171188354492e+00
3.790501832962036133e+00
6.294067382812500000e+00
4.226443099975585938e+01
2.063594818115234375e+00
1.654146575927734375e+01
6.243835687637329102e-01
3.744078874588012695e+00
1.043604612350463867e-01
3.014568567276000977e+00
6.532003784179687500e+01
6.285671386718750000e+03
4.271447181701660156e+00
1.273293399810791016e+01
1.847430706024169922e+00
1.925824284553527832e+00
3.760625076293945312e+01
5.135321807861328125e+01
7.059758305549621582e-01
1.050433278083801270e+00
4.328314304351806641e+00
5.140608978271484375e+01
2.846741485595703125e+01
2.155775070190429688e+00
7.646080017089843750e+01
2.285554656982421875e+02
1.549115300178527832e+00
2.884520292282104492e+00
2.143558263778686523e+00
1.659216499328613281e+01
2.985002040863037109e+00
4.044215202331542969e+00
4.047896118164062500e+02
5.053285121917724609e+00
2.780213546752929688e+01
6.566468505859375000e+02
5.353777313232421875e+01
1.664502620697021484e+00
3.793470382690429688e+01
