3.502451628446578979e-02
2.631379067897796631e-01
1.989831328392028809e-01
8.465831167995929718e-03
4.179465472698211670e-01
4.407244920730590820e-01
9.194140136241912842e-02
1.189723890274763107e-02
3.067696690559387207e-01
9.246917814016342163e-02
4.242900609970092773e-01
1.085359007120132446e-01
3.845960646867752075e-02
1.675010658800601959e-02
4.302661120891571045e-02
1.140920817852020264e-01
3.439476713538169861e-02
6.368488818407058716e-02
2.630934119224548340e-02
3.210415318608283997e-02
5.229421332478523254e-02
1.133595872670412064e-02
5.181708931922912598e-01
4.453979432582855225e-02
7.153063774108886719e+00
2.317050471901893616e-02
5.598962679505348206e-02
1.642583757638931274e-01
2.134185314178466797e+00
7.968456745147705078e-01
6.739354226738214493e-03
3.660211805254220963e-03
2.254374325275421143e-01
5.789955854415893555e-01
7.185929920524358749e-03
3.569947481155395508e-01
1.890435814857482910e-02
1.648569479584693909e-02
8.935845643281936646e-02
1.034729778766632080e-01
2.329808712005615234e+00
2.771072387695312500e-01
7.394018024206161499e-02
1.994409441947937012e+00
3.854617476463317871e-01
5.873016119003295898e-01
5.061232671141624451e-02
4.268766939640045166e-01
8.461577817797660828e-03
1.109950661659240723e+00
1.649963110685348511e-01
2.233578450977802277e-02
7.831057310104370117e-01
2.524650394916534424e-01
1.606413722038269043e-02
1.580221764743328094e-02
9.295232594013214111e-03
2.744470536708831787e-01
2.542502433061599731e-02
3.194373607635498047e+00
4.908863455057144165e-02
1.927885770797729492e+00
6.492102146148681641e-02
5.174662917852401733e-02
2.723951935768127441e-01
6.616185903549194336e-01
2.296254038810729980e-01
1.082072928547859192e-01
2.972575902938842773e+00
1.352472066879272461e+00
5.512168863788247108e-04
7.213689684867858887e-01
1.366802025586366653e-02
2.433043003082275391e+00
5.904285907745361328e-01
2.644324600696563721e-01
2.079245448112487793e-02
1.477747689932584763e-02
7.243260741233825684e-02
9.195753931999206543e-02
3.304028511047363281e-01
2.526728436350822449e-02
5.073240399360656738e-02
5.584942176938056946e-03
1.878386177122592926e-02
1.227409578859806061e-02
1.410490833222866058e-03
3.628409653902053833e-02
1.067824244499206543e+00
2.268596319481730461e-03
2.170300856232643127e-02
1.030046269297599792e-01
5.346829816699028015e-02
7.261864840984344482e-02
6.623342633247375488e-02
6.138458847999572754e-01
8.390164375305175781e-02
1.041787624359130859e+00
2.917646616697311401e-02
1.640399992465972900e-01
3.402250707149505615e-01
2.428021095693111420e-02
1.419774629175662994e-02
1.278025358915328979e-01
7.468330860137939453e-02
3.330679237842559814e-01
9.107289463281631470e-02
2.451597750186920166e-01
1.900963544845581055e+00
1.700202077627182007e-01
1.981093175709247589e-02
3.399676382541656494e-01
4.591896831989288330e-01
3.554627299308776855e-01
2.748179137706756592e-01
9.545775502920150757e-02
2.156799137592315674e-01
3.216999396681785583e-02
2.611256670206785202e-03
7.450470328330993652e-02
1.402733288705348969e-02
5.862321376800537109e+00
8.301153182983398438e-01
1.124853014945983887e+00
3.446438349783420563e-03
2.338037267327308655e-02
1.425654347985982895e-02
3.561709774658083916e-03
1.282053887844085693e-01
7.195638865232467651e-02
6.631723642349243164e-01
2.787646353244781494e-01
4.347266163676977158e-03
1.083144359290599823e-02
3.593516722321510315e-02
9.461661800742149353e-03
3.335869312286376953e-02
3.905285596847534180e-01
6.314934790134429932e-02
8.552681803703308105e-01
1.248922199010848999e-01
9.992659091949462891e-02
6.436153411865234375e+00
9.281308054924011230e-01
1.225204467773437500e+00
1.032570004463195801e-01
2.089279443025588989e-01
1.414687931537628174e-01
2.640503048896789551e-01
4.066374525427818298e-02
2.056927792727947235e-02
1.799847364425659180e+00
2.550249099731445312e-01
5.891551822423934937e-02
1.691927909851074219e-01
6.814482808113098145e-02
3.198913484811782837e-02
1.103608831763267517e-01
6.042457651346921921e-03
5.148177035152912140e-03
7.691209316253662109e-01
5.878585949540138245e-02
1.325419098138809204e-01
1.210204288363456726e-01
1.002954363822937012e+00
1.399832665920257568e-01
2.885476946830749512e-01
2.117723822593688965e-01
5.128160476684570312e+00
3.975957632064819336e-03
2.894837260246276855e-01
1.053423732519149780e-01
1.911560818552970886e-02
6.875944137573242188e-02
2.696276009082794189e-01
8.485571742057800293e-01
8.091763406991958618e-02
7.671480625867843628e-02
8.996088802814483643e-02
1.278601169586181641e+00
1.231255605816841125e-01
3.557007312774658203e-01
1.952587813138961792e-01
3.037484735250473022e-02
1.258520960807800293e+00
2.188611328601837158e-01
2.152121961116790771e-01
1.286238431930541992e-01
2.515955865383148193e-01
1.185469105839729309e-01
4.609920978546142578e-01
1.331763863563537598e-01
1.288837008178234100e-02
9.357713907957077026e-02
1.743484586477279663e-01
3.725696727633476257e-02
2.119072377681732178e-01
8.517795056104660034e-02
6.081265863031148911e-03
2.173515558242797852e-01
3.132568299770355225e-02
1.546480506658554077e-01
2.191032171249389648e-01
5.364920198917388916e-02
2.711656391620635986e-01
1.303612813353538513e-02
3.698094189167022705e-02
1.136180496215820312e+01
1.469012722373008728e-02
9.334252215921878815e-03
3.954592719674110413e-02
6.970068812370300293e-02
5.521647166460752487e-03
1.790015846490859985e-01
2.239142358303070068e-01
2.350473552942276001e-01
2.882685661315917969e-01
3.238090872764587402e-02
4.957485478371381760e-03
1.698568582534790039e+00
8.279267549514770508e-01
2.687395550310611725e-02
2.446608059108257294e-02
5.577240511775016785e-02
1.216602278873324394e-03
3.065066337585449219e-01
1.948647201061248779e-02
1.074230074882507324e+00
1.695067733526229858e-01
2.407521754503250122e-02
2.427211962640285492e-02
7.327616214752197266e-02
1.752346009016036987e-02
1.956705152988433838e-01
5.315200611948966980e-02
7.093020677566528320e-01
9.048158675432205200e-02
3.875490976497530937e-03
1.955753713846206665e-01
4.647850245237350464e-02
2.790854871273040771e-01
1.141922548413276672e-02
2.537351474165916443e-02
3.002754226326942444e-02
1.587274670600891113e-01
8.829855918884277344e-02
2.440313845872879028e-01
3.875258937478065491e-02
8.708389103412628174e-02
1.741082370281219482e-01
7.043978571891784668e-02
4.622842371463775635e-01
8.277753368020057678e-03
6.107640266418457031e-01
1.197514310479164124e-01
7.635680586099624634e-02
1.942890167236328125e+00
3.293261677026748657e-02
1.463997513055801392e-01
6.803288310766220093e-02
6.935567408800125122e-02
1.261298079043626785e-02
1.959122270345687866e-01
9.126313030719757080e-02
4.893531277775764465e-02
4.407762885093688965e-01
2.809779532253742218e-02
1.010283350944519043e+00
4.499130882322788239e-03
5.642715841531753540e-02
2.146594285964965820e+00
1.621482670307159424e-01
1.081622615456581116e-01
1.605019532144069672e-02
5.059497896581888199e-03
4.281758517026901245e-02
3.850846365094184875e-02
6.569311767816543579e-02
2.380754053592681885e-02
2.934240400791168213e-01
6.709921956062316895e-01
2.141487747430801392e-01
6.190225481986999512e-02
1.322164386510848999e-02
4.971689078956842422e-03
5.309321358799934387e-02
1.713073730468750000e+00
5.294415950775146484e-01
1.489639654755592346e-02
1.519217193126678467e-01
1.792474649846553802e-02
1.228895317763090134e-02
2.040705382823944092e-01
1.651578210294246674e-02
2.450151927769184113e-02
1.327489223331212997e-02
2.932379394769668579e-02
2.890210412442684174e-02
2.875984311103820801e-01
1.667042523622512817e-01
8.796209096908569336e-01
4.258420467376708984e-01
1.898201406002044678e-01
2.168872833251953125e+00
2.177802771329879761e-01
9.497795253992080688e-02
2.881283313035964966e-02
1.090619862079620361e-01
3.268851339817047119e-01
2.266693413257598877e-01
1.439181327819824219e+00
4.782362580299377441e-01
6.230047345161437988e-01
8.758634924888610840e-01
4.952652752399444580e-02
1.277678161859512329e-01
1.135789882391691208e-02
7.733004093170166016e-01
5.392013117671012878e-03
3.358877077698707581e-02
8.218910545110702515e-02
3.429604321718215942e-02
8.430782556533813477e-01
3.168376922607421875e+00
6.735163927078247070e-02
1.251939177513122559e+00
3.316701203584671021e-02
6.652320921421051025e-02
7.255599647760391235e-02
9.819177910685539246e-03
3.725905437022447586e-03
3.030943632125854492e+00
1.152672469615936279e-01
1.243731379508972168e-01
2.341590076684951782e-02
8.425703644752502441e-02
1.126082763075828552e-01
2.731511369347572327e-02
8.936613053083419800e-02
7.259912490844726562e-01
1.909872144460678101e-01
1.785218156874179840e-02
2.121589332818984985e-02
2.238963603973388672e+00
1.578248105943202972e-02
1.182776037603616714e-02
1.498531818389892578e+00
9.379413723945617676e-02
2.105454951524734497e-01
2.572499513626098633e-01
1.637128144502639771e-01
2.244526892900466919e-02
1.510286703705787659e-03
4.240767657756805420e-02
1.440747827291488647e-01
1.285230834037065506e-02
1.631175167858600616e-02
6.948215365409851074e-01
5.393894314765930176e-01
1.170703247189521790e-01
1.729273051023483276e-01
5.096112564206123352e-02
7.149199396371841431e-02
3.118075616657733917e-02
3.733835220336914062e-01
8.724034577608108521e-02
1.257963627576828003e-01
2.090128324925899506e-02
2.975272238254547119e-01
2.621380612254142761e-03
1.924739480018615723e-01
1.988870650529861450e-02
1.258615374565124512e+00
1.045753359794616699e-01
3.216424286365509033e-01
9.522176347672939301e-03
6.860466301441192627e-02
2.512000203132629395e-01
8.358615636825561523e-02
4.924442153424024582e-03
9.833832830190658569e-02
1.883730292320251465e-02
9.586525559425354004e-01
7.481476068496704102e-01
1.155092343688011169e-01
8.471857309341430664e-01
5.891151905059814453e+00
3.496553003787994385e-02
3.969219699501991272e-02
4.941257648169994354e-03
9.383717179298400879e-02
3.669115304946899414e-01
9.919844567775726318e-02
6.467095851898193359e+00
1.826413162052631378e-02
3.208858728408813477e+00
2.686060667037963867e-01
2.664709091186523438e-01
1.819988526403903961e-02
4.464173689484596252e-02
7.257245182991027832e-01
2.586146354675292969e+01
1.912273979187011719e+01
5.751940011978149414e-01
1.266979217529296875e+01
4.967079639434814453e+00
1.126068592071533203e+01
9.805130362510681152e-01
2.764485549926757812e+01
7.047112584114074707e-01
2.847875213623046875e+01
6.772001743316650391e+00
1.380489587783813477e+00
2.958478927612304688e-01
2.741939544677734375e+00
3.318891906738281250e+01
2.701503038406372070e+00
6.441374301910400391e+00
1.142712402343750000e+01
8.785154223442077637e-01
1.317043900489807129e+00
3.930841982364654541e-01
4.772890090942382812e+00
3.806504964828491211e+00
5.868972396850585938e+01
7.756761908531188965e-01
4.800103187561035156e+00
6.652791023254394531e+00
1.504679412841796875e+02
1.863787651062011719e+01
9.571531414985656738e-01
9.414753317832946777e-01
2.804775953292846680e+00
9.137023162841796875e+01
3.640672564506530762e-01
1.202758979797363281e+01
3.789941966533660889e-01
2.885198593139648438e-01
1.275124311447143555e+00
4.232417106628417969e+00
1.561744842529296875e+02
3.795144796371459961e+00
6.764901876449584961e-01
1.475852489471435547e+01
3.348904132843017578e+00
2.948567199707031250e+01
8.324707031250000000e+00
7.060830593109130859e+00
9.746896624565124512e-01
3.128968811035156250e+01
7.591540336608886719e+00
1.855434894561767578e+00
1.117996692657470703e+01
2.809100532531738281e+01
2.689455032348632812e+00
2.550758421421051025e-01
3.019448816776275635e-01
7.553828358650207520e-01
4.768710732460021973e-01
2.191099739074707031e+01
7.843723297119140625e+00
4.068369674682617188e+01
8.960961699485778809e-01
2.452792882919311523e+00
7.646257877349853516e-01
2.036442756652832031e+01
2.697511672973632812e+00
2.798761367797851562e+01
2.898990440368652344e+01
9.118634033203125000e+01
1.884634979069232941e-02
9.386391639709472656e+00
4.730496406555175781e-01
5.189823532104492188e+01
3.463718414306640625e+01
3.300680875778198242e+00
1.146230459213256836e+00
5.426341295242309570e-01
4.826370716094970703e+00
4.733117103576660156e+00
4.795663356781005859e+00
5.754544734954833984e-01
2.253417491912841797e+00
1.142459869384765625e+00
2.010890007019042969e+00
1.040356993675231934e+00
6.196782588958740234e-01
3.804833889007568359e+00
8.149652481079101562e+00
1.919646263122558594e-01
1.330782771110534668e+00
7.640237331390380859e+00
1.090528106689453125e+01
2.187600612640380859e+00
3.671059608459472656e+00
1.442226791381835938e+01
7.002462744712829590e-01
7.378170013427734375e+01
1.069492220878601074e+00
3.689266204833984375e+00
7.122570872306823730e-01
7.024053931236267090e-01
1.926227957010269165e-01
5.497499084472656250e+01
5.250761985778808594e+00
9.714085578918457031e+00
9.296343326568603516e-01
5.560935974121093750e+01
8.282223510742187500e+01
9.305229187011718750e-01
2.389924526214599609e-01
8.508376121520996094e+00
7.245863914489746094e+00
3.304340600967407227e+00
5.915743827819824219e+00
2.181260585784912109e+00
3.852554798126220703e+00
1.107367396354675293e+00
6.376768350601196289e-01
5.183945655822753906e+00
2.130275726318359375e+00
3.370964965820312500e+02
2.000419769287109375e+02
2.041592407226562500e+01
8.250543475151062012e-01
1.014533233642578125e+01
3.933708667755126953e+00
1.366229414939880371e+00
3.974578094482421875e+01
5.489340782165527344e+00
1.953296542167663574e+00
8.498935699462890625e+00
9.468441456556320190e-02
4.017720222473144531e-01
7.563093304634094238e-01
3.551269471645355225e-01
1.344644665718078613e+00
9.243279457092285156e+00
6.973659992218017578e+00
2.221058654785156250e+01
3.766916656494140625e+01
7.781674265861511230e-01
6.641135406494140625e+01
1.785539817810058594e+01
2.245841789245605469e+01
6.686647415161132812e+00
3.446979522705078125e+01
3.050854206085205078e+00
1.143069934844970703e+01
5.509611606597900391e+00
1.319525837898254395e+00
7.031652832031250000e+01
2.317192554473876953e+00
1.108801484107971191e+00
1.259903049468994141e+01
2.089455127716064453e+00
6.328114271163940430e-01
2.637307405471801758e+00
7.369666695594787598e-01
6.711771488189697266e-01
2.904727935791015625e+01
1.120925426483154297e+01
1.163764190673828125e+01
1.752344250679016113e+00
7.018341064453125000e+00
1.241699934005737305e+00
3.993672132492065430e+00
7.629117488861083984e+00
2.187641601562500000e+02
2.324253171682357788e-01
1.090895080566406250e+01
1.112942123413085938e+01
1.898728370666503906e+00
1.052429795265197754e+00
5.148601150512695312e+01
1.034499740600585938e+01
2.488336324691772461e+00
6.654156684875488281e+00
4.575311183929443359e+00
2.207064628601074219e+01
7.874311208724975586e-01
2.521340942382812500e+01
1.247627639770507812e+01
3.828874602913856506e-02
4.317661666870117188e+01
2.101999282836914062e+01
7.914238572120666504e-01
2.375368356704711914e+00
4.006186676025390625e+01
6.099213600158691406e+00
1.095623612403869629e+00
3.960807561874389648e+00
5.992558002471923828e-01
6.781245231628417969e+00
1.098433685302734375e+01
3.552881479263305664e-01
1.759865641593933105e+00
9.026300311088562012e-01
8.538632988929748535e-01
2.101762771606445312e+00
8.094820976257324219e+00
2.871994495391845703e+00
5.129724025726318359e+00
2.830002784729003906e+00
1.543442821502685547e+01
1.363559365272521973e-01
2.116876602172851562e+00
6.972342681884765625e+01
4.184683799743652344e+00
3.658435821533203125e+00
2.820068359375000000e+00
2.954902172088623047e+00
2.679638266563415527e-01
7.622637748718261719e+00
1.722208738327026367e+00
7.785971641540527344e+00
6.975226998329162598e-01
8.841638565063476562e+00
2.912589907646179199e-01
1.979825973510742188e+01
8.020419311523437500e+01
5.477985143661499023e-01
4.968812465667724609e-01
8.178848266601562500e+00
5.108672380447387695e-01
9.966230773925781250e+01
1.056803822517395020e+00
6.201111793518066406e+00
8.493998646736145020e-01
1.485261797904968262e+00
2.838537991046905518e-01
5.900696754455566406e+00
6.998577117919921875e-01
2.928796005249023438e+01
1.392980217933654785e+00
7.092209339141845703e+00
3.047403693199157715e-01
3.427498042583465576e-01
5.728902816772460938e-01
1.889522790908813477e+00
8.074771881103515625e+00
1.859803080558776855e+00
1.064186930656433105e+00
1.386661648750305176e+00
1.412119579315185547e+01
3.535771608352661133e+00
7.591145992279052734e+00
4.782935380935668945e-01
1.142764472961425781e+01
1.127193927764892578e+00
1.109197139739990234e+00
5.068626403808593750e+00
5.244811773300170898e-01
1.993269348144531250e+01
4.851256370544433594e+00
2.171191930770874023e+00
1.449132061004638672e+01
1.109993577003479004e+00
1.026954412460327148e+00
1.465997219085693359e+01
2.105487251281738281e+01
3.095867156982421875e+00
4.175302028656005859e+00
6.734793186187744141e+00
1.291750621795654297e+01
1.164389228820800781e+01
2.149855041503906250e+01
4.143432617187500000e+01
4.759936034679412842e-01
6.010550975799560547e+00
4.201220321655273438e+01
1.626302528381347656e+01
2.651909828186035156e+01
6.114619970321655273e-01
5.373564958572387695e-01
3.545701742172241211e+00
1.034160733222961426e+00
5.928563594818115234e+00
3.428290605545043945e+00
1.869675397872924805e+00
5.494931697845458984e+00
2.960155487060546875e+00
2.213304519653320312e+00
7.481181621551513672e-01
1.335204094648361206e-01
1.769141554832458496e+00
3.211283874511718750e+01
6.544462203979492188e+00
1.201126098632812500e+00
1.432357788085937500e+00
1.869086146354675293e+00
1.549525380134582520e+00
6.259857940673828125e+01
1.256815552711486816e+00
1.778200626373291016e+00
1.203793168067932129e+00
3.469253778457641602e+00
7.192822933197021484e+00
9.445139765739440918e-01
7.216183662414550781e+00
2.437282562255859375e+01
1.888070678710937500e+01
2.054245710372924805e+00
1.986781692504882812e+01
3.759971618652343750e+00
4.713727951049804688e+00
1.625707435607910156e+01
2.237578868865966797e+00
7.904066085815429688e+00
2.267424392700195312e+01
3.586112213134765625e+01
5.231217575073242188e+01
7.007961273193359375e+01
5.855241775512695312e+00
7.951369285583496094e-01
5.335752367973327637e-01
5.479582548141479492e-01
4.621561527252197266e+00
5.538408756256103516e-01
3.218827545642852783e-01
6.554353237152099609e-01
4.247532188892364502e-01
1.413697509765625000e+02
1.504546356201171875e+01
2.206436538696289062e+01
1.578288173675537109e+01
9.715437293052673340e-01
7.717383384704589844e+00
4.657028198242187500e+00
1.972553730010986328e+00
5.515199303627014160e-01
5.697122192382812500e+01
3.274584197998046875e+01
2.872394800186157227e+00
3.632503986358642578e+00
1.458319187164306641e+01
5.039794921875000000e+01
2.642670392990112305e+00
4.158746600151062012e-01
1.193413543701171875e+01
8.963685631752014160e-01
2.499460458755493164e+00
2.543151378631591797e+00
2.466171836853027344e+01
7.130632400512695312e-01
1.703566193580627441e+00
5.588046264648437500e+01
9.240276336669921875e+00
9.133227348327636719e+00
6.093693733215332031e+00
5.093676567077636719e+00
1.644032895565032959e-01
8.313839137554168701e-02
5.806617736816406250e+00
3.202551364898681641e+00
8.618553280830383301e-01
3.872890233993530273e+00
5.524415969848632812e+01
8.378269195556640625e+01
6.151907444000244141e+00
2.488485336303710938e+00
1.567426800727844238e+00
2.983853578567504883e+00
3.256392002105712891e+00
1.021440410614013672e+01
1.467778086662292480e+00
1.187738132476806641e+01
5.625767707824707031e-01
2.525415897369384766e+00
1.637241989374160767e-01
2.923668861389160156e+00
7.593620300292968750e+00
4.362914428710937500e+02
2.724376201629638672e+00
6.674285411834716797e+00
7.376592755317687988e-01
1.711699604988098145e+00
2.069044303894042969e+01
1.497497367858886719e+01
1.490060389041900635e-01
1.079923629760742188e+00
2.112362146377563477e+00
1.228083229064941406e+01
3.910466003417968750e+01
1.343894720077514648e+00
1.322978687286376953e+01
6.908029937744140625e+01
1.374841213226318359e+00
2.701512575149536133e+00
1.536537766456604004e+00
6.102844238281250000e+00
5.588583946228027344e+00
6.647272586822509766e+00
3.836043395996093750e+02
3.513406038284301758e+00
2.068727111816406250e+01
9.899741363525390625e+01
2.876922035217285156e+01
1.988880872726440430e+00
1.916857337951660156e+01
