1.248307451605796814e-01
2.442993968725204468e-01
3.213510662317276001e-02
4.157142713665962219e-03
3.967752307653427124e-02
1.943692207336425781e+00
2.678195759654045105e-02
1.329307816922664642e-02
3.934414684772491455e-02
2.516060769557952881e-01
1.208370923995971680e-01
7.250961661338806152e-02
1.232530921697616577e-01
2.275922521948814392e-02
8.794559165835380554e-03
5.199555307626724243e-02
3.358462825417518616e-03
2.696261741220951080e-02
4.419814422726631165e-02
5.234595388174057007e-03
1.907262019813060760e-02
2.260961942374706268e-02
1.578507870435714722e-01
2.634971216320991516e-02
5.071668148040771484e+00
1.184553373605012894e-02
5.098808184266090393e-02
2.010007053613662720e-01
1.924578398466110229e-01
1.239739894866943359e+00
3.021947806701064110e-03
1.002983655780553818e-03
4.236373677849769592e-02
1.288904249668121338e-01
2.592562884092330933e-02
1.272712945938110352e-01
1.356397662311792374e-02
1.110452110879123211e-03
3.352992981672286987e-02
1.602355204522609711e-02
3.595576882362365723e-01
1.689829081296920776e-01
2.304368838667869568e-02
3.812962532043457031e+00
3.405371606349945068e-01
1.308123320341110229e-01
2.580325864255428314e-02
1.051845431327819824e+00
2.209842903539538383e-03
1.888361871242523193e-01
1.684978902339935303e-01
1.230778694152832031e-01
2.514222264289855957e-01
5.725694447755813599e-02
3.926540259271860123e-03
5.011708009988069534e-03
5.876339506357908249e-03
6.931902468204498291e-02
3.417422994971275330e-02
1.980729675292968750e+01
1.442601159214973450e-02
8.495119094848632812e+00
1.731181703507900238e-02
2.548726461827754974e-02
1.441109627485275269e-01
1.850605159997940063e-01
4.753068089485168457e-01
6.476137042045593262e-02
1.441564559936523438e+00
9.533953666687011719e-01
2.817772619891911745e-04
7.413520812988281250e-01
6.144986487925052643e-03
5.738666057586669922e-01
1.111393794417381287e-01
3.383133560419082642e-02
1.414736546576023102e-02
5.357860401272773743e-02
3.301364555954933167e-02
1.609522849321365356e-02
3.851569592952728271e-01
2.941462583839893341e-02
1.262705326080322266e-01
1.177633414044976234e-03
4.265274852514266968e-03
6.517178378999233246e-03
1.834371214499697089e-04
3.570846095681190491e-02
9.195774793624877930e-01
1.327813952229917049e-03
1.860040426254272461e-02
4.587749019265174866e-02
1.031828485429286957e-02
4.616246744990348816e-02
1.343919523060321808e-02
1.076114535331726074e+00
2.177340239286422729e-01
5.388364195823669434e-01
5.000671837478876114e-03
1.584560722112655640e-01
3.040606498718261719e+00
9.981222450733184814e-02
5.446550436317920685e-03
2.910070680081844330e-02
3.264987841248512268e-02
2.497477531433105469e-01
7.436850666999816895e-02
5.157604068517684937e-02
3.430911898612976074e-01
1.988595873117446899e-01
2.438434958457946777e-02
2.166603058576583862e-01
9.439016133546829224e-02
4.559684991836547852e-01
2.961664646863937378e-02
9.361906349658966064e-02
7.387010753154754639e-02
3.079433925449848175e-02
8.011394180357456207e-03
2.688143961131572723e-02
3.496401011943817139e-03
6.504595947265625000e+01
4.772818982601165771e-01
1.349819064140319824e+00
8.286539814434945583e-04
1.375120878219604492e-01
2.377326413989067078e-02
7.903377409093081951e-04
2.107000648975372314e-01
5.274397134780883789e-02
8.899624347686767578e-01
7.013382762670516968e-02
9.760206565260887146e-03
2.642821054905653000e-03
5.470171570777893066e-02
1.150432135909795761e-02
2.728311158716678619e-02
1.510805130004882812e+00
2.177958339452743530e-01
1.074071288108825684e+00
3.466080874204635620e-02
1.355457585304975510e-02
1.858552336692810059e+00
8.639172315597534180e-01
7.689468383789062500e+00
1.381857097148895264e-01
4.182302951812744141e-01
6.936588883399963379e-02
2.245948165655136108e-01
4.368085786700248718e-02
2.200944349169731140e-02
5.323527455329895020e-01
2.058042436838150024e-01
7.827581465244293213e-02
3.064132630825042725e-01
6.210134550929069519e-02
2.939577400684356689e-02
5.194125697016716003e-02
1.919076195918023586e-03
6.038825493305921555e-03
1.510721743106842041e-01
1.025836449116468430e-02
9.570863842964172363e-02
1.483980715274810791e-01
1.126610636711120605e+00
3.009304106235504150e-01
3.654792010784149170e-01
2.824839055538177490e-01
2.706211805343627930e+00
3.758574835956096649e-03
1.326825171709060669e-01
2.409881055355072021e-01
1.548394444398581982e-03
2.225231379270553589e-02
6.965156644582748413e-02
1.503201723098754883e+00
3.858131170272827148e-02
4.802564904093742371e-02
3.541354835033416748e-02
7.695593833923339844e-01
1.373344063758850098e-01
7.211841642856597900e-02
1.808758825063705444e-01
7.504296302795410156e-02
1.205788969993591309e+00
7.578875124454498291e-02
2.400704845786094666e-02
3.003248199820518494e-02
4.696267545223236084e-01
3.550055995583534241e-02
8.477321863174438477e-01
5.272244662046432495e-02
6.006073672324419022e-04
7.389027625322341919e-02
1.503265649080276489e-01
6.933280825614929199e-02
2.370476424694061279e-01
4.733225330710411072e-02
8.695979602634906769e-03
2.892561852931976318e-01
4.969940055161714554e-03
7.920522987842559814e-02
5.023869872093200684e-02
6.101266667246818542e-02
2.553935721516609192e-02
1.221167203038930893e-02
1.104240491986274719e-01
1.287522029876708984e+01
5.922312382608652115e-03
3.896641312167048454e-03
1.132295560091733932e-02
5.855795741081237793e-02
6.828911718912422657e-04
1.310412406921386719e+00
5.115188285708427429e-02
2.211333751678466797e+00
7.091534733772277832e-01
2.611264213919639587e-02
1.296837464906275272e-03
8.207065463066101074e-01
1.060727596282958984e+00
5.814744625240564346e-03
1.360860653221607208e-02
3.437798470258712769e-02
1.993733458220958710e-04
2.554283738136291504e-01
3.020773641765117645e-03
2.463698863983154297e+00
1.357104331254959106e-01
1.403333432972431183e-02
2.711030840873718262e-02
2.506750263273715973e-02
2.310010045766830444e-02
1.598092913627624512e-02
4.124831035733222961e-02
2.190522253513336182e-01
7.687140256166458130e-02
6.137422285974025726e-03
3.727629184722900391e-01
1.744998269714415073e-03
2.913014888763427734e-01
3.606487438082695007e-02
2.229117304086685181e-01
7.879543118178844452e-03
1.474285591393709183e-02
2.163351327180862427e-02
7.987783104181289673e-02
5.114594474434852600e-02
6.424459815025329590e-02
1.081972867250442505e-01
6.364352256059646606e-02
1.061302304267883301e+00
4.666865570470690727e-04
3.051643967628479004e-01
1.040170192718505859e-01
1.913068443536758423e-01
3.061155080795288086e+00
1.327246576547622681e-01
2.018431946635246277e-02
6.544020026922225952e-02
1.296464726328849792e-02
4.195677116513252258e-03
7.314183115959167480e-01
9.426961839199066162e-02
1.479472219944000244e-02
3.842359781265258789e-01
5.173346493393182755e-03
2.046218633651733398e+00
2.365117892622947693e-03
1.982222683727741241e-02
6.934515953063964844e+00
1.758004575967788696e-01
2.433771044015884399e-01
5.433774553239345551e-03
2.718257019296288490e-03
3.602810204029083252e-02
3.498119488358497620e-02
1.915301568806171417e-02
2.520390748977661133e-01
6.880956292152404785e-01
5.314671993255615234e-01
7.965794205665588379e-02
2.910568937659263611e-02
1.722060889005661011e-02
9.304420673288404942e-04
2.004644460976123810e-02
5.492039203643798828e+00
2.387240648269653320e+00
7.712683174759149551e-03
9.140779078006744385e-02
2.772653661668300629e-02
8.098338730633258820e-03
3.613670468330383301e-01
3.243704512715339661e-02
3.136886749416589737e-03
1.630280911922454834e-02
3.442787006497383118e-02
8.287567645311355591e-02
1.767253041267395020e+00
1.952898800373077393e-01
3.676218986511230469e+00
2.438252121210098267e-01
2.702312469482421875e-01
1.729714870452880859e+00
7.848554253578186035e-01
2.474130317568778992e-02
1.696878485381603241e-02
2.371447235345840454e-01
6.829206645488739014e-02
2.257819920778274536e-01
1.323011279106140137e+00
1.739634722471237183e-01
6.823178380727767944e-02
2.872113883495330811e-01
1.545043196529150009e-02
6.800690293312072754e-02
3.447661176323890686e-03
1.459273219108581543e+00
2.380844904109835625e-03
1.144741661846637726e-02
2.019907087087631226e-01
2.033358905464410782e-03
5.706184729933738708e-02
2.881695330142974854e-01
3.140042349696159363e-02
3.440312147140502930e+00
6.701202131807804108e-03
6.738178431987762451e-03
3.054038435220718384e-02
8.399973623454570770e-03
2.337263431400060654e-03
1.876872420310974121e+00
2.406769990921020508e-02
3.916567936539649963e-02
1.841414161026477814e-02
2.359380014240741730e-02
3.300945088267326355e-02
1.799532957375049591e-02
7.237158715724945068e-02
3.346116244792938232e-01
3.773989155888557434e-02
8.557352703064680099e-04
7.760893087834119797e-03
1.176510930061340332e+00
1.779371057637035847e-03
2.273316681385040283e-02
4.301545321941375732e-01
5.668138265609741211e-01
4.744631052017211914e-02
1.403417438268661499e-01
2.159542441368103027e-01
9.132416546344757080e-02
3.502466424833983183e-04
2.317760884761810303e-02
4.609088227152824402e-02
5.060938186943531036e-03
3.163397312164306641e-02
6.819252669811248779e-02
1.240344867110252380e-01
2.096537649631500244e-01
4.637850075960159302e-02
5.777472164481878281e-03
8.222398906946182251e-02
3.526729345321655273e-02
4.793386757373809814e-01
3.201349824666976929e-02
1.416773200035095215e-01
3.518328303471207619e-03
4.204551279544830322e-01
1.276504830457270145e-03
9.337352961301803589e-02
4.721187055110931396e-02
3.539327621459960938e+00
8.005752414464950562e-02
5.937690734863281250e-01
5.692575592547655106e-03
1.520821917802095413e-02
1.382689271122217178e-02
1.216631941497325897e-02
2.435184270143508911e-02
7.353225350379943848e-02
1.037170272320508957e-02
9.374327659606933594e-01
3.981088995933532715e-01
7.877572625875473022e-02
4.988709449768066406e+00
1.606902313232421875e+01
1.771645620465278625e-02
1.087012514472007751e-02
4.138457879889756441e-04
7.351695001125335693e-02
3.650816529989242554e-02
6.095321476459503174e-02
9.315540313720703125e+00
8.035646169446408749e-04
4.721263408660888672e+00
2.666894495487213135e-01
2.421005256474018097e-02
7.146067451685667038e-03
1.099064573645591736e-02
1.199987125396728516e+01
4.085708236694335938e+01
5.305996322631835938e+01
3.654373288154602051e-01
1.359831333160400391e+01
2.138606309890747070e+00
1.886988525390625000e+02
1.119785881042480469e+01
1.151260910034179688e+02
1.020109176635742188e+01
7.773297882080078125e+01
2.238131141662597656e+01
1.046901416778564453e+01
7.127004265785217285e-01
1.677159500122070312e+01
4.211900329589843750e+01
2.042728805541992188e+01
1.617839355468750000e+02
2.219892311096191406e+01
4.135606765747070312e+00
7.447083950042724609e+00
5.117438316345214844e+00
1.223327827453613281e+01
2.116150856018066406e+01
2.019135475158691406e+01
1.746541738510131836e+00
3.265173721313476562e+01
3.179952087402343750e+02
3.798670349121093750e+02
5.778671264648437500e+01
2.890985250473022461e+00
2.707839488983154297e+00
3.112877845764160156e+00
3.472677917480468750e+02
2.776659488677978516e+00
1.392013454437255859e+01
5.580181479454040527e-01
1.822476834058761597e-01
2.304451942443847656e+00
5.964451980590820312e+01
1.500176147460937500e+03
2.241067314147949219e+01
5.588973164558410645e-01
1.492293853759765625e+02
1.894415092468261719e+01
1.510345306396484375e+02
1.553863525390625000e+02
1.602978706359863281e+01
1.813277006149291992e+00
2.344730682373046875e+02
5.548799514770507812e+01
1.699834251403808594e+01
1.923473930358886719e+01
6.706803131103515625e+01
5.380318164825439453e+00
2.139318704605102539e+00
2.573512077331542969e+00
1.378964185714721680e+00
6.371245384216308594e+00
4.291828308105468750e+02
4.664143371582031250e+01
2.836189575195312500e+02
2.245040178298950195e+00
1.459284400939941406e+01
3.186506986618041992e+00
2.258784866333007812e+01
2.367263603210449219e+01
1.186011718750000000e+03
1.143261840820312500e+03
3.505971908569335938e+01
8.914931863546371460e-02
4.131574249267578125e+01
1.727000355720520020e+00
9.797879791259765625e+01
1.006155300140380859e+01
1.205102634429931641e+01
4.580761790275573730e-01
3.115872144699096680e+00
5.420460510253906250e+01
2.382007980346679688e+01
2.110919189453125000e+01
3.120741367340087891e+00
1.456983661651611328e+01
1.472794723510742188e+01
9.803088188171386719e+00
5.659420967102050781e+00
2.266643196344375610e-01
3.017447090148925781e+01
1.813789749145507812e+01
2.129098176956176758e+00
5.051517963409423828e+00
8.503320312500000000e+01
4.908808898925781250e+01
1.832013511657714844e+01
4.309813308715820312e+01
3.344688034057617188e+01
5.154258728027343750e+00
1.727184570312500000e+03
2.248154163360595703e+00
4.318096160888671875e+01
1.174907088279724121e+00
6.688347339630126953e+00
6.355895996093750000e-01
8.553013610839843750e+01
1.783677101135253906e+01
2.614447212219238281e+01
4.671314239501953125e+00
3.389586486816406250e+02
3.757482299804687500e+02
3.462016820907592773e+00
1.703865677118301392e-01
8.609349060058593750e+01
3.043602752685546875e+01
8.515175819396972656e+00
4.435739517211914062e+01
5.004422378540039062e+01
1.567157363891601562e+01
9.895571708679199219e+00
3.311646270751953125e+01
1.205556678771972656e+01
3.610539245605468750e+01
7.147510253906250000e+03
2.116899261474609375e+02
5.118215560913085938e+01
2.858249902725219727e+00
2.373273620605468750e+02
1.375767421722412109e+01
2.322973728179931641e+00
4.469443664550781250e+02
9.990577697753906250e+01
4.669230270385742188e+01
1.148606681823730469e+01
2.614230215549468994e-01
5.651742458343505859e+00
1.368716239929199219e+00
1.999668359756469727e+00
5.220705032348632812e+00
1.690010223388671875e+02
6.958638763427734375e+01
1.199727706909179688e+02
5.680268859863281250e+01
7.606644630432128906e-01
4.019104003906250000e+02
2.260626792907714844e+01
1.428606567382812500e+02
2.203699111938476562e+01
3.274720764160156250e+02
1.401833415031433105e+00
2.969239234924316406e+01
1.834565734863281250e+02
9.213064312934875488e-01
3.218416748046875000e+02
6.558742523193359375e+01
9.421086907386779785e-01
1.569647369384765625e+02
1.046478462219238281e+01
1.591115832328796387e+00
1.055769324302673340e+00
1.241285920143127441e+00
1.382405400276184082e+00
3.172125549316406250e+02
1.284917907714843750e+02
1.137784805297851562e+02
1.183092880249023438e+01
5.591130065917968750e+01
5.476136684417724609e+00
3.530742645263671875e+01
9.251170349121093750e+01
4.216502075195312500e+02
1.923968195915222168e+00
1.186768341064453125e+01
3.790224304199218750e+02
1.777510046958923340e+00
5.650595664978027344e+00
1.425315399169921875e+02
2.225930404663085938e+01
5.473982810974121094e+00
3.256159591674804688e+01
3.096259117126464844e+00
2.376841545104980469e+01
3.155182838439941406e+00
4.721847534179687500e+01
1.205552978515625000e+02
4.615387916564941406e-01
2.857991210937500000e+03
1.421172809600830078e+01
1.532564282417297363e+00
7.636156082153320312e+00
1.272154922485351562e+02
2.066802406311035156e+01
2.232092142105102539e+00
2.559591674804687500e+01
3.827632188796997070e+00
4.181851196289062500e+01
2.967576026916503906e+01
5.492060780525207520e-01
2.854705238342285156e+01
1.910450816154479980e+00
1.523904085159301758e+00
4.088046073913574219e+00
1.061721324920654297e+01
3.185346126556396484e+00
7.462537765502929688e+00
1.708067321777343750e+01
6.111822509765625000e+01
6.364474296569824219e-01
1.187136745452880859e+01
1.401814727783203125e+02
7.597791194915771484e+00
2.703474044799804688e+01
1.257917022705078125e+01
4.247194290161132812e+00
1.311049580574035645e+00
1.169832397460937500e+03
1.565533638000488281e+01
7.804994201660156250e+01
7.389708042144775391e+00
2.352214508056640625e+02
1.242538571357727051e+00
9.754679870605468750e+01
1.886923828125000000e+03
2.577698230743408203e-01
1.187558770179748535e+00
2.026133117675781250e+02
1.852998614311218262e+00
4.559521484375000000e+02
4.157762527465820312e+00
1.182676601409912109e+01
2.278910160064697266e+00
9.675076484680175781e+00
3.526037633419036865e-01
1.515789985656738281e+01
1.342743873596191406e+00
1.009350433349609375e+02
6.292034149169921875e+00
5.021650314331054688e+01
1.406159877777099609e+00
6.551955699920654297e+00
1.455210399627685547e+01
9.520583152770996094e-01
2.420596923828125000e+02
2.053437805175781250e+01
7.989345073699951172e+00
5.436732292175292969e+00
3.657350158691406250e+01
7.660063934326171875e+01
8.938904571533203125e+01
3.568471074104309082e-01
5.061281738281250000e+02
6.249612808227539062e+00
1.503778171539306641e+01
2.729239082336425781e+01
2.081099510192871094e+00
1.496168365478515625e+02
5.241761016845703125e+01
2.855910062789916992e+00
4.975001525878906250e+01
1.436197280883789062e+01
2.812143564224243164e+00
3.137834167480468750e+02
2.326469802856445312e+01
4.907202529907226562e+01
2.196430587768554688e+01
2.056679382324218750e+02
4.661838531494140625e+01
8.516622161865234375e+01
2.395254325866699219e+01
2.114866180419921875e+02
2.337168306112289429e-01
9.406356811523437500e+00
1.059912841796875000e+03
4.768017959594726562e+01
1.277547531127929688e+02
7.250798940658569336e-01
4.282227158546447754e-01
2.842511558532714844e+01
9.765365600585937500e+00
1.092423343658447266e+01
2.567630386352539062e+01
2.362540483474731445e+00
1.300019073486328125e+01
5.097504615783691406e+00
3.961123943328857422e+00
1.362373256683349609e+01
1.378610730171203613e+00
2.463439464569091797e+00
3.162554626464843750e+02
3.133722229003906250e+02
4.377235412597656250e+00
5.267311096191406250e+01
2.686856460571289062e+01
6.632685184478759766e+00
2.784379638671875000e+03
4.685687065124511719e+00
4.097551727294921875e+01
1.090408039093017578e+01
2.485074615478515625e+01
1.827514495849609375e+02
8.965825080871582031e+00
6.404255676269531250e+01
9.395967864990234375e+01
5.691637420654296875e+01
2.805256271362304688e+01
4.027118835449218750e+02
8.217940330505371094e+00
6.975060462951660156e+00
1.685796051025390625e+02
1.254165649414062500e+01
9.952826499938964844e+00
3.727137451171875000e+02
1.936120147705078125e+02
1.987738342285156250e+02
6.656347045898437500e+02
1.920296788215637207e+00
5.694415569305419922e+00
8.323921561241149902e-01
5.383959293365478516e+00
1.237342834472656250e+01
3.410246610641479492e+00
1.006153464317321777e+00
4.517336845397949219e+00
1.303109645843505859e+00
3.292531127929687500e+02
2.314083862304687500e+01
1.353007049560546875e+02
1.448358001708984375e+02
6.088422775268554688e+00
4.755967330932617188e+01
2.280993270874023438e+01
2.051695060729980469e+01
1.128270983695983887e+00
1.823241699218750000e+03
2.036115722656250000e+02
1.443050193786621094e+01
5.869316864013671875e+01
7.280899047851562500e+01
6.954734497070312500e+02
2.269409751892089844e+01
2.425446748733520508e+00
2.260520172119140625e+01
1.103336095809936523e+00
2.252385902404785156e+01
2.498259124755859375e+02
2.097088241577148438e+01
4.081906795501708984e+00
3.879340648651123047e+00
1.228257522583007812e+02
5.667139892578125000e+02
4.517361831665039062e+01
2.332221794128417969e+01
2.386349678039550781e+01
2.885895967483520508e-01
9.805937111377716064e-02
2.492928504943847656e+01
1.180711746215820312e+01
4.708617687225341797e+00
2.110464286804199219e+01
1.065080413818359375e+02
8.926403045654296875e+01
3.894220352172851562e+01
2.511074304580688477e+00
1.736153364181518555e+00
5.079099655151367188e+00
8.565498352050781250e+00
2.011407012939453125e+02
2.837253332138061523e+00
4.741112518310546875e+01
4.527077674865722656e-01
6.725395202636718750e+00
2.573598027229309082e-01
5.585267543792724609e+00
4.945567626953125000e+02
2.503597070312500000e+04
6.611195564270019531e+00
4.991075897216796875e+01
7.807091712951660156e+00
3.596959590911865234e+00
5.896043395996093750e+01
2.233348693847656250e+02
1.638217210769653320e+00
2.779083728790283203e+00
1.134360313415527344e+01
8.887100982666015625e+01
3.121287536621093750e+01
6.068248748779296875e+00
1.917883605957031250e+02
7.684440307617187500e+02
5.048381328582763672e+00
3.388391256332397461e+00
2.521708726882934570e+00
6.119643783569335938e+01
2.006522417068481445e+00
4.505118370056152344e+00
3.817824401855468750e+02
1.891079330444335938e+01
1.070062561035156250e+02
1.159936279296875000e+03
6.558623504638671875e+01
1.385002970695495605e+00
5.991057586669921875e+01
