1.082712188363075256e-01
2.354884743690490723e-01
2.917360141873359680e-02
3.433908801525831223e-03
3.000602126121520996e-02
1.400978922843933105e+00
2.205863967537879944e-02
1.059566996991634369e-02
3.886299207806587219e-02
2.194399684667587280e-01
1.093098595738410950e-01
6.228191405534744263e-02
1.045863553881645203e-01
2.428415417671203613e-02
9.200920350849628448e-03
5.656052753329277039e-02
3.128815442323684692e-03
2.845386229455471039e-02
3.577879071235656738e-02
7.133378647267818451e-03
1.412682514637708664e-02
2.399575337767601013e-02
1.664490848779678345e-01
2.144641242921352386e-02
3.766446352005004883e+00
1.049340516328811646e-02
3.729917481541633606e-02
1.892884373664855957e-01
2.319068014621734619e-01
1.435771226882934570e+00
2.884452696889638901e-03
1.286233193241059780e-03
4.920779541134834290e-02
1.223290339112281799e-01
2.237928658723831177e-02
1.379981935024261475e-01
1.388612017035484314e-02
1.187012996524572372e-03
3.740671277046203613e-02
1.602113805711269379e-02
3.896379768848419189e-01
1.381917595863342285e-01
2.589470334351062775e-02
4.069152355194091797e+00
2.507971227169036865e-01
1.236205771565437317e-01
2.162759378552436829e-02
1.078081846237182617e+00
2.122744452208280563e-03
2.031226754188537598e-01
1.486891359090805054e-01
7.938306778669357300e-02
2.276233881711959839e-01
5.726103857159614563e-02
3.483698237687349319e-03
4.295955412089824677e-03
6.006646435707807541e-03
8.929952979087829590e-02
2.503808587789535522e-02
1.654697990417480469e+01
1.459441147744655609e-02
6.684224605560302734e+00
1.912622526288032532e-02
2.993324026465415955e-02
1.413550227880477905e-01
1.692388355731964111e-01
5.236833691596984863e-01
6.074849516153335571e-02
1.631334304809570312e+00
6.610979437828063965e-01
2.490444458089768887e-04
7.127847075462341309e-01
5.196708254516124725e-03
5.976068973541259766e-01
1.102425977587699890e-01
2.654297463595867157e-02
1.353649701923131943e-02
4.300640523433685303e-02
2.984492480754852295e-02
2.027416415512561798e-02
5.139221549034118652e-01
2.871511690318584442e-02
1.100086048245429993e-01
1.312396372668445110e-03
4.054745659232139587e-03
5.229291506111621857e-03
1.727108465274795890e-04
2.361071482300758362e-02
1.006180405616760254e+00
1.418097293935716152e-03
1.855845563113689423e-02
4.720806702971458435e-02
1.072033308446407318e-02
4.221630841493606567e-02
2.042005583643913269e-02
8.546497821807861328e-01
2.038615792989730835e-01
5.331883430480957031e-01
6.327645387500524521e-03
1.505934000015258789e-01
1.785232901573181152e+00
8.367185294628143311e-02
4.782136529684066772e-03
2.799445949494838715e-02
3.209625557065010071e-02
2.251957058906555176e-01
6.160242483019828796e-02
5.709596350789070129e-02
4.009155035018920898e-01
1.121545508503913879e-01
2.464963495731353760e-02
1.743799448013305664e-01
8.051562309265136719e-02
4.315786659717559814e-01
2.940804138779640198e-02
8.430019766092300415e-02
7.864397764205932617e-02
2.489859797060489655e-02
7.735297083854675293e-03
2.480184100568294525e-02
3.278829623013734818e-03
5.936695861816406250e+01
4.629786312580108643e-01
1.245483994483947754e+00
6.950264214538037777e-04
9.453576803207397461e-02
1.795931905508041382e-02
8.403178071603178978e-04
2.088174670934677124e-01
5.210387706756591797e-02
8.479374051094055176e-01
8.820753544569015503e-02
1.012885291129350662e-02
2.665204461663961411e-03
4.185989499092102051e-02
1.105523388832807541e-02
2.610668540000915527e-02
1.213234186172485352e+00
1.561867594718933105e-01
1.274123668670654297e+00
3.044495172798633575e-02
1.340274233371019363e-02
2.254600763320922852e+00
7.829891443252563477e-01
8.641285896301269531e+00
1.277956217527389526e-01
4.267655014991760254e-01
6.886073201894760132e-02
1.991864740848541260e-01
3.654296696186065674e-02
2.274543046951293945e-02
4.547756612300872803e-01
1.585370898246765137e-01
7.358556985855102539e-02
2.342875152826309204e-01
6.274665147066116333e-02
3.091839514672756195e-02
4.359926655888557434e-02
1.741558429785072803e-03
4.763099830597639084e-03
1.616835892200469971e-01
1.188816502690315247e-02
8.781095594167709351e-02
1.662393510341644287e-01
9.270524978637695312e-01
3.258184194564819336e-01
3.866325020790100098e-01
2.376315295696258545e-01
2.963030338287353516e+00
3.754728939384222031e-03
1.719466745853424072e-01
1.712948828935623169e-01
2.170029096305370331e-03
2.141550555825233459e-02
6.284152716398239136e-02
1.297002434730529785e+00
3.859587758779525757e-02
4.922939836978912354e-02
2.947594225406646729e-02
8.243500590324401855e-01
1.228549703955650330e-01
7.378755509853363037e-02
1.730717420578002930e-01
5.288579687476158142e-02
1.301346540451049805e+00
7.760497927665710449e-02
2.496742829680442810e-02
3.222121670842170715e-02
3.450546562671661377e-01
3.792633488774299622e-02
7.906917929649353027e-01
4.913115128874778748e-02
6.952319527044892311e-04
6.777372211217880249e-02
1.777779608964920044e-01
8.886205404996871948e-02
1.638023853302001953e-01
3.863358497619628906e-02
6.321276072412729263e-03
2.651216685771942139e-01
4.549895413219928741e-03
5.804429948329925537e-02
5.661279335618019104e-02
5.321864411234855652e-02
3.087954968214035034e-02
1.116081234067678452e-02
9.242278337478637695e-02
1.299601078033447266e+01
5.226995330303907394e-03
3.651089966297149658e-03
1.244131382554769516e-02
5.074455961585044861e-02
8.761236676946282387e-04
1.027724623680114746e+00
5.187081918120384216e-02
1.418806910514831543e+00
7.464193701744079590e-01
2.083630301058292389e-02
1.235116505995392799e-03
9.942833185195922852e-01
1.165792226791381836e+00
5.747825838625431061e-03
1.399435661733150482e-02
2.120814099907875061e-02
2.296544262208044529e-04
2.053317427635192871e-01
3.333013504743576050e-03
2.382977962493896484e+00
1.018448621034622192e-01
1.690719276666641235e-02
3.345995768904685974e-02
2.997779846191406250e-02
1.841173321008682251e-02
1.784406229853630066e-02
3.573686257004737854e-02
2.205079793930053711e-01
7.968667894601821899e-02
5.051981192082166672e-03
3.284205198287963867e-01
2.018292434513568878e-03
3.110534548759460449e-01
2.952282503247261047e-02
1.769660115242004395e-01
6.771295797079801559e-03
1.290676463395357132e-02
2.844971790909767151e-02
9.423777461051940918e-02
5.114901810884475708e-02
6.482997536659240723e-02
1.098666936159133911e-01
8.670544624328613281e-02
8.663557171821594238e-01
4.933610907755792141e-04
3.040673434734344482e-01
9.044466912746429443e-02
1.535912901163101196e-01
2.058092117309570312e+00
1.032852604985237122e-01
2.219571918249130249e-02
5.382473766803741455e-02
1.561405882239341736e-02
4.131462424993515015e-03
5.802534222602844238e-01
8.302994072437286377e-02
1.233666297048330307e-02
3.170526325702667236e-01
4.390568472445011139e-03
1.571714401245117188e+00
1.661847112700343132e-03
2.242376096546649933e-02
7.275716304779052734e+00
1.953467577695846558e-01
2.124042361974716187e-01
5.381717812269926071e-03
2.162337070330977440e-03
2.737025916576385498e-02
3.306474536657333374e-02
2.077932655811309814e-02
2.455543279647827148e-01
6.553807258605957031e-01
5.050500631332397461e-01
6.089987605810165405e-02
3.345218673348426819e-02
1.810468174517154694e-02
7.922752993181347847e-04
1.866506412625312805e-02
5.012838363647460938e+00
2.139270305633544922e+00
8.867559954524040222e-03
6.959871202707290649e-02
2.329745702445507050e-02
8.607082068920135498e-03
2.872467339038848877e-01
3.214668855071067810e-02
3.419231390580534935e-03
1.575016975402832031e-02
3.398109599947929382e-02
7.182675600051879883e-02
1.655951619148254395e+00
2.051387578248977661e-01
3.391500234603881836e+00
2.543370425701141357e-01
2.298394590616226196e-01
1.978528380393981934e+00
6.841660737991333008e-01
2.436378225684165955e-02
1.367206778377294540e-02
1.798301041126251221e-01
8.002763986587524414e-02
2.557983100414276123e-01
1.268736124038696289e+00
1.631933152675628662e-01
8.030521869659423828e-02
2.365637570619583130e-01
1.265230961143970490e-02
7.686068117618560791e-02
3.285203827545046806e-03
1.402168989181518555e+00
2.364113228395581245e-03
1.077806763350963593e-02
1.662737131118774414e-01
1.952456426806747913e-03
6.285529583692550659e-02
3.379163444042205811e-01
3.944290429353713989e-02
3.184610843658447266e+00
7.470855955034494400e-03
8.089774288237094879e-03
2.888161875307559967e-02
6.243830546736717224e-03
2.353869145736098289e-03
2.250494003295898438e+00
2.738582715392112732e-02
4.200655966997146606e-02
1.783304847776889801e-02
2.691188827157020569e-02
2.852899208664894104e-02
1.696573570370674133e-02
8.059711754322052002e-02
3.414207398891448975e-01
4.435490816831588745e-02
1.216583768837153912e-03
8.252982050180435181e-03
1.387091398239135742e+00
1.682273694314062595e-03
1.813515461981296539e-02
4.729069769382476807e-01
6.395842432975769043e-01
5.354940891265869141e-02
1.891065388917922974e-01
1.685956865549087524e-01
8.124948292970657349e-02
4.131535242777317762e-04
1.721348427236080170e-02
4.896956682205200195e-02
4.238906316459178925e-03
3.099810332059860229e-02
7.120363414287567139e-02
1.088742241263389587e-01
2.069184780120849609e-01
4.591933637857437134e-02
6.231971550732851028e-03
7.656539231538772583e-02
3.721099346876144409e-02
4.882331490516662598e-01
3.931899741291999817e-02
9.729953855276107788e-02
4.718892741948366165e-03
4.550700187683105469e-01
1.210072659887373447e-03
8.729286491870880127e-02
3.186071291565895081e-02
3.947847604751586914e+00
7.345643639564514160e-02
4.599446654319763184e-01
5.610310006886720657e-03
1.463230513036251068e-02
1.822754554450511932e-02
1.096468791365623474e-02
2.020231634378433228e-02
7.495179027318954468e-02
1.042633689939975739e-02
8.224120140075683594e-01
4.217257797718048096e-01
7.829993218183517456e-02
3.566341400146484375e+00
1.709112167358398438e+01
1.802775263786315918e-02
1.010134164243936539e-02
3.190829884260892868e-04
7.744241505861282349e-02
4.403428360819816589e-02
4.331789538264274597e-02
1.114613437652587891e+01
7.980255759321153164e-04
3.902766942977905273e+00
2.199024856090545654e-01
1.968930847942829132e-02
8.559854701161384583e-03
1.011013053357601166e-02
7.608290195465087891e+00
3.524145126342773438e+01
3.294912338256835938e+01
2.881384789943695068e-01
7.662328720092773438e+00
2.189867973327636719e+00
1.218119354248046875e+02
8.617913246154785156e+00
8.943589782714843750e+01
8.733041763305664062e+00
5.800718688964843750e+01
1.761142158508300781e+01
8.527959823608398438e+00
7.591019272804260254e-01
1.539550781250000000e+01
3.829698562622070312e+01
1.518399333953857422e+01
1.338946380615234375e+02
2.211584663391113281e+01
3.400220632553100586e+00
4.931066036224365234e+00
4.374726772308349609e+00
1.117397117614746094e+01
1.443894100189208984e+01
1.759846115112304688e+01
1.464272618293762207e+00
2.021247863769531250e+01
2.182116851806640625e+02
3.537266845703125000e+02
4.235665130615234375e+01
2.109821081161499023e+00
2.666138172149658203e+00
2.903271913528442383e+00
2.724328918457031250e+02
2.360493898391723633e+00
1.459243297576904297e+01
5.187494158744812012e-01
1.754637211561203003e-01
1.796979904174804688e+00
4.211892318725585938e+01
1.265751342773437500e+03
1.762124252319335938e+01
5.333148241043090820e-01
1.236337661743164062e+02
1.572816181182861328e+01
1.272548675537109375e+02
1.103320617675781250e+02
1.387289142608642578e+01
1.644921064376831055e+00
1.711639709472656250e+02
4.053716659545898438e+01
1.044865226745605469e+01
1.257075977325439453e+01
6.450669860839843750e+01
5.568052291870117188e+00
1.253169178962707520e+00
2.074100732803344727e+00
1.425872921943664551e+00
4.573115348815917969e+00
2.503682861328125000e+02
4.440465164184570312e+01
2.084881896972656250e+02
1.870893120765686035e+00
1.365491104125976562e+01
2.576159477233886719e+00
1.802073287963867188e+01
1.631685638427734375e+01
7.862238769531250000e+02
1.252624267578125000e+03
2.721146774291992188e+01
7.382716238498687744e-02
3.809495544433593750e+01
1.473787307739257812e+00
8.584544372558593750e+01
9.780554771423339844e+00
7.978529453277587891e+00
4.317357242107391357e-01
2.136586189270019531e+00
3.338895034790039062e+01
2.264822959899902344e+01
2.409140014648437500e+01
2.387415885925292969e+00
8.450205802917480469e+00
1.134605312347412109e+01
6.877588272094726562e+00
3.786551952362060547e+00
2.085344940423965454e-01
2.271609687805175781e+01
1.818555450439453125e+01
1.821195125579833984e+00
4.367686271667480469e+00
8.075457763671875000e+01
4.909746551513671875e+01
1.522231006622314453e+01
3.726303863525390625e+01
2.364410018920898438e+01
4.851995468139648438e+00
1.386882446289062500e+03
2.065631628036499023e+00
3.087311935424804688e+01
6.989833712577819824e-01
3.778845071792602539e+00
4.019142985343933105e-01
8.156285095214843750e+01
1.497542285919189453e+01
2.242004776000976562e+01
3.783828258514404297e+00
2.809946594238281250e+02
3.555647277832031250e+02
2.575623989105224609e+00
1.642033755779266357e-01
6.100129699707031250e+01
1.656611633300781250e+01
8.125243186950683594e+00
3.562128067016601562e+01
3.614918136596679688e+01
1.393694782257080078e+01
7.337379932403564453e+00
2.020149993896484375e+01
1.243754005432128906e+01
2.914770507812500000e+01
5.242862304687500000e+03
2.182493591308593750e+02
3.172070884704589844e+01
2.544617652893066406e+00
1.881609191894531250e+02
9.026638984680175781e+00
2.213594436645507812e+00
2.983864746093750000e+02
9.758541870117187500e+01
3.333514022827148438e+01
1.303528118133544922e+01
2.344041764736175537e-01
4.993292808532714844e+00
1.214641213417053223e+00
1.867467880249023438e+00
4.973402023315429688e+00
1.367370605468750000e+02
5.065995788574218750e+01
1.119479751586914062e+02
5.291395187377929688e+01
5.608637928962707520e-01
3.482664184570312500e+02
1.981516075134277344e+01
1.476703186035156250e+02
1.702472496032714844e+01
3.546530456542968750e+02
1.345704793930053711e+00
2.757775497436523438e+01
1.012915878295898438e+02
1.096635580062866211e+00
2.979568176269531250e+02
4.042539215087890625e+01
8.787550926208496094e-01
9.219287872314453125e+01
7.741821765899658203e+00
1.589996457099914551e+00
9.810245633125305176e-01
8.579880595207214355e-01
1.287095308303833008e+00
2.719304809570312500e+02
1.045964660644531250e+02
8.582710266113281250e+01
1.205931186676025391e+01
3.630799484252929688e+01
4.110528945922851562e+00
2.959409713745117188e+01
8.231532287597656250e+01
4.099237670898437500e+02
1.518102169036865234e+00
1.454730606079101562e+01
2.464399108886718750e+02
2.093511581420898438e+00
4.295640468597412109e+00
1.166324996948242188e+02
1.771802139282226562e+01
4.442717552185058594e+00
2.720906639099121094e+01
2.689394712448120117e+00
2.093898773193359375e+01
2.056977748870849609e+00
4.611090469360351562e+01
1.002015304565429688e+02
2.788515090942382812e-01
2.061594726562500000e+03
1.382256984710693359e+01
1.277163267135620117e+00
6.599039554595947266e+00
1.035530700683593750e+02
1.776429557800292969e+01
1.818290710449218750e+00
1.707439422607421875e+01
3.209610939025878906e+00
3.050584983825683594e+01
2.632634925842285156e+01
5.177675485610961914e-01
1.760505294799804688e+01
1.437409996986389160e+00
1.163258671760559082e+00
3.471787452697753906e+00
7.859520435333251953e+00
2.062066316604614258e+00
7.780595302581787109e+00
1.274037933349609375e+01
5.451258850097656250e+01
4.609127044677734375e-01
8.880924224853515625e+00
1.179141235351562500e+02
6.008448123931884766e+00
2.374049949645996094e+01
1.230227565765380859e+01
4.698208332061767578e+00
1.196211576461791992e+00
8.040147705078125000e+02
1.170150852203369141e+01
4.046450424194335938e+01
7.078276157379150391e+00
1.682792205810546875e+02
9.555840492248535156e-01
8.871739959716796875e+01
1.619473388671875000e+03
2.573137879371643066e-01
9.188014268875122070e-01
1.007982559204101562e+02
1.672187805175781250e+00
3.022121276855468750e+02
4.082842350006103516e+00
9.512331008911132812e+00
1.414611101150512695e+00
8.760087013244628906e+00
4.463370442390441895e-01
1.536355590820312500e+01
9.958577752113342285e-01
7.275048065185546875e+01
5.625832557678222656e+00
4.060074234008789062e+01
9.789121747016906738e-01
5.064766883850097656e+00
1.087085628509521484e+01
9.021868705749511719e-01
2.176843719482421875e+02
1.352010345458984375e+01
6.634379863739013672e+00
4.018308639526367188e+00
2.689090347290039062e+01
8.098764801025390625e+01
8.902195739746093750e+01
3.335655927658081055e-01
3.766140747070312500e+02
5.332522869110107422e+00
1.481784534454345703e+01
1.965452766418457031e+01
1.585852026939392090e+00
1.148830413818359375e+02
3.297928619384765625e+01
2.825405359268188477e+00
2.572761154174804688e+01
9.423171043395996094e+00
2.828543186187744141e+00
1.973369293212890625e+02
2.395416450500488281e+01
3.661459350585937500e+01
1.845851707458496094e+01
1.251953125000000000e+02
2.890257453918457031e+01
6.639957427978515625e+01
2.195988082885742188e+01
1.601146392822265625e+02
2.021630704402923584e-01
8.045401573181152344e+00
1.008831237792968750e+03
4.974113464355468750e+01
1.147750167846679688e+02
5.677692890167236328e-01
3.426255285739898682e-01
1.768623352050781250e+01
8.525948524475097656e+00
1.211910820007324219e+01
1.995065116882324219e+01
2.286087512969970703e+00
1.117040252685546875e+01
3.704576730728149414e+00
4.145045280456542969e+00
1.214095783233642578e+01
8.968286514282226562e-01
2.539551019668579102e+00
2.469775390625000000e+02
1.863588256835937500e+02
4.395950317382812500e+00
2.920785140991210938e+01
2.246697044372558594e+01
5.435188770294189453e+00
1.999023925781250000e+03
4.932683944702148438e+00
3.458697128295898438e+01
8.875226020812988281e+00
2.599252891540527344e+01
1.276183700561523438e+02
6.971131801605224609e+00
4.960557937622070312e+01
7.069842529296875000e+01
6.111822509765625000e+01
2.212467575073242188e+01
3.423475341796875000e+02
7.121524333953857422e+00
6.623863220214843750e+00
1.544458465576171875e+02
8.707023620605468750e+00
8.758549690246582031e+00
3.014123840332031250e+02
1.551069793701171875e+02
1.444771881103515625e+02
5.716742553710937500e+02
1.311300277709960938e+00
4.321240901947021484e+00
7.382529377937316895e-01
3.080032587051391602e+00
1.105989551544189453e+01
3.437983512878417969e+00
7.806456089019775391e-01
3.749014616012573242e+00
9.400956630706787109e-01
2.965133972167968750e+02
2.057039833068847656e+01
1.477465362548828125e+02
9.217630767822265625e+01
5.046945095062255859e+00
4.205227661132812500e+01
1.808961105346679688e+01
1.457675838470458984e+01
1.044704198837280273e+00
1.405191772460937500e+03
1.829063720703125000e+02
1.265059757232666016e+01
3.416829299926757812e+01
8.388794708251953125e+01
5.420290527343750000e+02
1.453382015228271484e+01
2.040976047515869141e+00
2.032856941223144531e+01
8.522184491157531738e-01
1.976439285278320312e+01
1.814500122070312500e+02
1.961386299133300781e+01
3.118906974792480469e+00
2.992331266403198242e+00
1.189349136352539062e+02
4.738087768554687500e+02
4.130942916870117188e+01
2.787432098388671875e+01
1.665496063232421875e+01
2.665094137191772461e-01
1.056866422295570374e-01
1.747273254394531250e+01
1.047355556488037109e+01
3.309046745300292969e+00
2.120597839355468750e+01
8.973899078369140625e+01
8.866339111328125000e+01
3.599471664428710938e+01
2.439667224884033203e+00
1.400811553001403809e+00
4.706803321838378906e+00
8.081927299499511719e+00
1.588068084716796875e+02
2.902744054794311523e+00
2.617163276672363281e+01
5.135894417762756348e-01
6.335529804229736328e+00
2.009148597717285156e-01
4.626002311706542969e+00
2.775619812011718750e+02
2.360493359375000000e+04
7.157416343688964844e+00
3.737597656250000000e+01
5.669032573699951172e+00
3.031133890151977539e+00
5.341839218139648438e+01
1.201266479492187500e+02
1.494027972221374512e+00
2.761510848999023438e+00
9.079121589660644531e+00
8.038157653808593750e+01
2.759436798095703125e+01
4.784754753112792969e+00
1.465543975830078125e+02
6.003552246093750000e+02
4.493932247161865234e+00
2.463945627212524414e+00
2.210858821868896484e+00
5.689133071899414062e+01
2.083848476409912109e+00
3.025767326354980469e+00
3.688154602050781250e+02
1.527902126312255859e+01
7.648479461669921875e+01
1.038338256835937500e+03
4.417029571533203125e+01
1.391911149024963379e+00
5.318473052978515625e+01
