2.427999675273895264e-02
1.338379085063934326e-01
5.233467090874910355e-03
2.001126529648900032e-03
3.129217028617858887e-02
5.294926166534423828e+00
1.875593699514865875e-02
1.987521070986986160e-03
6.035549566149711609e-03
4.784182012081146240e-01
8.842786774039268494e-03
2.113136649131774902e-02
4.739842936396598816e-02
1.669584214687347412e-02
1.554499962367117405e-03
1.508341450244188309e-02
1.575913047417998314e-03
7.063554134219884872e-03
1.807393133640289307e-02
6.773533532395958900e-04
5.869783461093902588e-02
2.390775270760059357e-02
1.534620225429534912e-01
2.498895116150379181e-02
1.127050518989562988e+00
9.553215466439723969e-03
4.411741718649864197e-02
4.896309971809387207e-02
7.567261904478073120e-02
7.359623312950134277e-01
5.133742815814912319e-04
1.287963241338729858e-04
7.214419543743133545e-03
2.834760025143623352e-02
3.685506805777549744e-02
1.095422543585300446e-02
5.339282099157571793e-03
3.504927444737404585e-04
6.715558003634214401e-03
5.530825350433588028e-03
1.909249275922775269e-01
7.894861698150634766e-02
2.670611254870891571e-03
8.040185928344726562e+00
1.386278420686721802e-01
1.174699813127517700e-01
7.678072899580001831e-03
3.905171751976013184e-01
2.230193000286817551e-03
1.943929493427276611e-02
1.280727684497833252e-01
4.943063110113143921e-02
9.114214777946472168e-02
3.627273067831993103e-02
4.796349967364221811e-04
1.718479557894170284e-03
3.591479966416954994e-03
8.656651712954044342e-03
2.317890338599681854e-02
8.648858070373535156e+00
1.087311562150716782e-02
9.855330467224121094e+00
1.354722213000059128e-02
3.131421515718102455e-03
7.886493951082229614e-02
2.211387827992439270e-02
1.499534845352172852e-01
1.361979171633720398e-02
6.608577966690063477e-01
5.967607498168945312e-01
9.256957855541259050e-05
1.181392908096313477e+00
1.375143532641232014e-03
5.479922518134117126e-02
7.368581742048263550e-02
2.249540202319622040e-02
4.426150117069482803e-03
4.308640584349632263e-02
2.780522219836711884e-02
1.133519690483808517e-02
9.564364701509475708e-02
1.290323212742805481e-02
1.861074008047580719e-02
1.630297920200973749e-04
1.813474809750914574e-03
1.510629546828567982e-03
3.948881931137293577e-05
1.970000378787517548e-02
5.651215910911560059e-01
6.800894043408334255e-04
9.499179199337959290e-03
8.880118839442729950e-03
1.557861338369548321e-03
4.856256395578384399e-02
1.100737601518630981e-03
8.725398182868957520e-01
3.597096502780914307e-01
7.716330885887145996e-02
1.124711357988417149e-03
7.049331068992614746e-02
2.184209346771240234e+00
3.503584861755371094e-02
1.392400590702891350e-03
1.975532062351703644e-02
1.617586985230445862e-02
4.062104225158691406e-01
4.799954965710639954e-02
1.158838253468275070e-02
3.638064861297607422e-02
1.539481729269027710e-01
9.861159324645996094e-02
3.293178975582122803e-01
5.612051859498023987e-02
6.339001655578613281e-02
1.368062384426593781e-02
3.577757999300956726e-02
3.584107384085655212e-02
8.247486315667629242e-03
3.409043420106172562e-03
5.675804987549781799e-02
9.686200646683573723e-04
1.267316055297851562e+01
4.825910031795501709e-01
3.678025305271148682e-01
1.488834968768060207e-04
1.534691601991653442e-01
1.174621377140283585e-02
3.861959557980298996e-04
7.966811954975128174e-02
4.608912393450737000e-02
9.076984524726867676e-01
2.234432287514209747e-02
2.622318221256136894e-03
1.307110884226858616e-03
4.892316833138465881e-02
1.202996261417865753e-02
3.517623245716094971e-02
1.768927812576293945e+00
1.699349731206893921e-01
4.509218037128448486e-01
1.094979234039783478e-02
7.044828496873378754e-03
8.662229776382446289e-01
6.163830757141113281e-01
2.555317878723144531e+01
2.898087725043296814e-02
1.846180558204650879e-01
1.154590584337711334e-02
5.661896243691444397e-02
8.484210819005966187e-03
1.105072163045406342e-02
8.121328800916671753e-02
1.495697349309921265e-01
2.403855510056018829e-02
1.045109555125236511e-01
1.122667826712131500e-02
1.870633102953433990e-02
3.806255012750625610e-02
1.319944509305059910e-03
5.011721979826688766e-03
5.185870081186294556e-02
3.497339785099029541e-04
1.021871939301490784e-01
2.740952372550964355e-01
2.955880761146545410e-01
1.176602989435195923e-01
1.101581230759620667e-01
1.705627739429473877e-01
1.100982904434204102e+00
5.410409648902714252e-04
1.838024146854877472e-02
1.272059828042984009e-01
1.081542286556214094e-04
7.724736817181110382e-03
3.269027546048164368e-02
1.924286246299743652e+00
2.162780985236167908e-02
1.118944864720106125e-02
1.118706353008747101e-02
9.849657118320465088e-02
3.050005808472633362e-02
4.091073572635650635e-02
1.507733315229415894e-01
4.241073876619338989e-02
1.348192214965820312e+00
1.414080988615751266e-02
4.972488153725862503e-03
4.457284137606620789e-02
3.686189353466033936e-01
3.202961385250091553e-02
1.604171246290206909e-01
2.389693818986415863e-02
1.835655712056905031e-04
1.660052984952926636e-01
2.030715495347976685e-01
2.586838044226169586e-02
3.123160302639007568e-01
4.742693901062011719e-02
3.857500152662396431e-03
2.404224127531051636e-02
2.542595611885190010e-03
3.728518262505531311e-02
1.313112583011388779e-02
2.313801087439060211e-02
4.546074196696281433e-03
3.756145248189568520e-03
1.687366217374801636e-01
1.337407970428466797e+01
3.590418258681893349e-03
2.099887235090136528e-03
3.546360880136489868e-03
2.961005084216594696e-02
1.021189673338085413e-04
1.297414541244506836e+00
2.716091275215148926e-02
1.770046949386596680e+00
1.572363227605819702e-01
2.202614583075046539e-02
4.941872903145849705e-04
2.884199023246765137e-01
4.739525616168975830e-01
5.194260738790035248e-03
2.130519133061170578e-03
2.137675508856773376e-02
6.966020737309008837e-05
6.205222383141517639e-02
1.100711990147829056e-03
3.579095125198364258e+00
2.825999855995178223e-01
7.007866632193326950e-03
1.498148590326309204e-02
9.593491442501544952e-03
2.211477421224117279e-02
2.645926782861351967e-03
1.396833509206771851e-01
1.429601944983005524e-02
7.039900869131088257e-02
3.235289594158530235e-03
2.144474089145660400e-01
3.576565359253436327e-04
6.423690915107727051e-02
3.588777780532836914e-02
1.576689630746841431e-01
2.704598708078265190e-03
1.346657332032918930e-02
9.628463536500930786e-03
3.164128214120864868e-02
6.809215992689132690e-02
2.980633452534675598e-02
5.942110344767570496e-02
3.044850006699562073e-02
7.726187705993652344e-01
7.391130202449858189e-05
5.140766501426696777e-02
1.239483710378408432e-02
2.006689161062240601e-01
2.958573579788208008e+00
2.139264345169067383e-02
1.044805534183979034e-02
8.497673273086547852e-02
4.671436268836259842e-03
6.386204622685909271e-04
1.382865548133850098e+00
3.336191549897193909e-02
4.019203130155801773e-03
2.912820875644683838e-02
1.253556273877620697e-02
1.502156019210815430e+00
5.152420606464147568e-03
5.250461865216493607e-03
1.741650938987731934e+00
3.482158854603767395e-02
5.373127460479736328e-01
2.058197744190692902e-03
1.223062863573431969e-03
1.445795129984617233e-02
8.249563165009021759e-03
9.051865898072719574e-03
3.115289211273193359e-01
8.753184080123901367e-01
1.376346647739410400e-01
1.010340359061956406e-02
6.875599734485149384e-03
8.879521861672401428e-03
1.603827404323965311e-04
5.253822542726993561e-03
4.976021289825439453e+00
1.319822192192077637e+00
4.452939610928297043e-04
5.662336200475692749e-02
8.670341223478317261e-03
1.638248097151517868e-03
9.666819125413894653e-02
2.780411392450332642e-02
5.178941646590828896e-04
1.288749743252992630e-02
3.077656216919422150e-02
3.840620443224906921e-02
1.865945219993591309e+00
4.450502991676330566e-02
8.172875642776489258e-01
5.088512301445007324e-01
7.097363471984863281e-02
7.038515210151672363e-01
1.332934141159057617e+00
1.110662333667278290e-02
2.000174485146999359e-02
5.470408871769905090e-02
7.743977475911378860e-03
1.158365309238433838e-01
7.124582529067993164e-01
5.332978069782257080e-02
1.219112239778041840e-02
4.096073508262634277e-01
4.200978204607963562e-03
2.980455756187438965e-02
8.088655886240303516e-04
4.109511971473693848e-01
2.292562741786241531e-03
5.355933215469121933e-03
2.037535458803176880e-01
8.731354610063135624e-04
1.008518971502780914e-02
4.992431029677391052e-02
4.198923707008361816e-03
3.710723817348480225e-01
4.233818035572767258e-03
3.869703738018870354e-03
7.238699588924646378e-03
2.410529647022485733e-03
2.957913093268871307e-03
2.037718743085861206e-01
5.849292036145925522e-03
1.311858370900154114e-02
7.703505456447601318e-03
7.086471188813447952e-03
4.321279004216194153e-03
4.644921980798244476e-03
1.784836873412132263e-02
1.377711296081542969e-01
1.962110400199890137e-03
6.018928834237158298e-04
3.718220628798007965e-03
1.949866175651550293e+00
9.320708340965211391e-04
1.096786186099052429e-02
1.464792042970657349e-01
3.701100498437881470e-02
3.353210166096687317e-02
3.042326308786869049e-02
8.245728909969329834e-02
1.724701970815658569e-01
7.693472434766590595e-05
1.141803804785013199e-02
3.739610780030488968e-03
1.935833715833723545e-03
2.083352208137512207e-02
1.658247970044612885e-02
3.529662638902664185e-02
5.550352111458778381e-02
2.292764000594615936e-02
8.633652469143271446e-04
1.878926716744899750e-02
8.160313591361045837e-03
1.651405394077301025e-01
1.200288347899913788e-02
7.210829108953475952e-02
1.110571203753352165e-03
1.123537793755531311e-01
3.208776179235428572e-04
1.086682155728340149e-01
1.178704351186752319e-01
6.441383063793182373e-02
1.764100976288318634e-02
6.964623332023620605e-01
1.861098804511129856e-03
7.736831903457641602e-03
4.630962852388620377e-03
1.528416760265827179e-02
2.133973129093647003e-02
4.326588287949562073e-02
1.430289936251938343e-03
2.707422018051147461e+00
8.664919435977935791e-02
1.870425604283809662e-02
4.632734775543212891e+00
8.322587966918945312e+00
6.240330636501312256e-03
8.202043827623128891e-04
4.801214963663369417e-04
2.581542544066905975e-02
5.781095940619707108e-03
2.584011852741241455e-02
4.922881603240966797e+00
1.528738794149830937e-04
3.724740028381347656e+00
1.070657595992088318e-01
1.658281870186328888e-02
5.751817370764911175e-04
3.506221342831850052e-03
9.400845527648925781e+00
9.975763702392578125e+01
1.177823486328125000e+02
7.804851531982421875e-01
3.768508529663085938e+01
2.078088521957397461e+00
4.563293151855468750e+02
8.916116714477539062e+00
9.013520812988281250e+01
1.194140720367431641e+01
1.638674926757812500e+02
1.511961555480957031e+01
6.699554443359375000e+01
4.562563896179199219e-01
9.369251251220703125e+00
1.244326171875000000e+02
6.589025878906250000e+01
1.529113159179687500e+02
1.142893905639648438e+02
7.655540943145751953e+00
5.580202102661132812e+01
3.773723125457763672e+00
8.077507972717285156e+00
4.684024810791015625e+01
2.326655149459838867e+00
4.266319870948791504e-01
2.023699951171875000e+02
6.345046386718750000e+02
8.708022460937500000e+02
3.629964294433593750e+02
6.952449798583984375e+00
2.772781610488891602e+00
1.033804130554199219e+01
3.390646972656250000e+02
1.197489833831787109e+01
1.022292137145996094e+01
6.837513446807861328e-01
5.151417478919029236e-02
3.342897415161132812e+00
1.257047271728515625e+02
9.486636962890625000e+02
1.963814353942871094e+01
8.532075881958007812e-01
4.289367065429687500e+02
2.405848884582519531e+01
1.307514495849609375e+02
9.431424713134765625e+01
1.356437873840332031e+01
5.944977998733520508e-01
5.362059326171875000e+02
1.731521148681640625e+02
3.376408004760742188e+01
1.033758068084716797e+01
2.531892395019531250e+01
3.114361763000488281e+00
6.994819641113281250e+00
5.623102188110351562e+00
2.733918726444244385e-01
1.874663925170898438e+01
1.089678100585937500e+03
2.909072875976562500e+02
4.605201721191406250e+02
6.991809368133544922e+00
4.048144912719726562e+01
5.108764648437500000e+00
3.283195877075195312e+01
4.882868957519531250e+01
1.878258422851562500e+03
3.204605407714843750e+02
4.122897338867187500e+01
4.729978740215301514e-02
1.259186019897460938e+02
1.117829799652099609e+00
1.587059020996093750e+02
7.016757488250732422e+00
8.898721694946289062e+00
8.564189076423645020e-01
9.223897933959960938e+00
2.695812683105468750e+02
3.097173309326171875e+01
2.670023918151855469e+01
4.572421550750732422e+00
7.387893676757812500e+00
2.846172142028808594e+01
5.520605087280273438e+00
2.809645080566406250e+01
7.142987847328186035e-02
9.545113563537597656e+00
1.866724205017089844e+01
3.698644638061523438e+00
1.325132274627685547e+01
4.416245269775390625e+01
3.828442382812500000e+01
1.323660182952880859e+01
8.940524291992187500e+01
2.159883728027343750e+02
3.048848390579223633e+00
5.936195068359375000e+02
5.645857453346252441e-01
2.691878356933593750e+02
2.506020545959472656e+00
1.828520774841308594e+01
2.850573301315307617e+00
1.163744583129882812e+02
3.930761337280273438e+01
9.137942504882812500e+01
1.730773687362670898e+00
2.561944335937500000e+03
3.604863281250000000e+02
1.066562414169311523e+00
4.042873382568359375e-01
9.981478881835937500e+02
2.235389099121093750e+02
1.025957345962524414e+00
3.035899543762207031e+01
9.374214172363281250e+01
7.179646301269531250e+01
1.345057868957519531e+01
9.007187652587890625e+01
1.318747520446777344e+01
1.447619323730468750e+02
5.733526855468750000e+03
3.459472351074218750e+02
1.053966217041015625e+02
2.719179630279541016e+00
1.859815521240234375e+02
2.054214859008789062e+01
2.516295909881591797e+00
7.061019287109375000e+02
8.759007263183593750e+01
3.667123413085937500e+02
2.513979339599609375e+01
2.925022244453430176e-01
2.047271537780761719e+01
2.057132482528686523e+00
2.116372585296630859e+00
1.137286663055419922e+00
3.845368957519531250e+02
5.380184326171875000e+02
3.212084960937500000e+02
2.575334930419921875e+01
2.489530324935913086e+00
5.147429199218750000e+02
1.851817512512207031e+01
7.524305419921875000e+02
3.099243736267089844e+01
3.887603454589843750e+02
1.581163167953491211e+00
3.937276077270507812e+01
1.665149658203125000e+03
4.252469539642333984e-01
5.066970825195312500e+02
3.388900375366210938e+01
4.415100514888763428e-01
1.300674896240234375e+02
2.773967170715332031e+01
1.813446164131164551e+00
7.858400940895080566e-01
5.151628971099853516e+00
2.132324934005737305e+00
1.182853515625000000e+03
1.012447509765625000e+02
1.759467315673828125e+02
3.550281524658203125e+01
2.203362884521484375e+02
5.642956924438476562e+01
5.855278396606445312e+01
2.819259643554687500e+02
9.097067260742187500e+02
8.973565101623535156e+00
6.639954090118408203e+00
1.590111816406250000e+03
1.973483681678771973e+00
6.120247840881347656e+00
3.180061340332031250e+02
2.265180969238281250e+01
8.247591018676757812e+00
6.892755889892578125e+01
2.371447324752807617e+00
1.520085048675537109e+01
9.712123870849609375e+00
2.288955116271972656e+01
3.302983703613281250e+02
5.145277976989746094e+00
1.789383593750000000e+04
4.857117176055908203e+00
3.876681327819824219e-01
2.217387199401855469e+01
4.365415954589843750e+02
5.059605789184570312e+01
2.907825946807861328e+00
2.541192474365234375e+02
8.816347122192382812e+00
6.026232910156250000e+01
1.373764190673828125e+02
1.968615055084228516e+00
6.730177307128906250e+01
9.581697583198547363e-01
4.858073711395263672e+00
2.811711072921752930e+00
1.090636062622070312e+01
8.680593490600585938e+00
7.301461696624755859e+00
4.235069274902343750e+01
4.485828399658203125e+01
8.798440098762512207e-01
5.723902893066406250e+01
4.768543395996093750e+02
4.894742488861083984e+00
3.141268348693847656e+01
6.355704784393310547e+00
2.948686599731445312e+00
8.655359148979187012e-01
4.497550781250000000e+03
1.523798179626464844e+01
3.053904113769531250e+02
5.099347114562988281e+00
2.612360534667968750e+02
1.435586571693420410e+00
1.515395050048828125e+02
3.868042236328125000e+03
1.457706093788146973e-01
1.577963113784790039e+00
8.312233276367187500e+02
3.101362466812133789e+00
9.703630371093750000e+02
2.860648870468139648e+00
2.837884521484375000e+01
7.897192478179931641e+00
1.356114864349365234e+01
7.179564982652664185e-02
8.989363670349121094e+00
2.651522397994995117e+00
4.021101379394531250e+02
5.140346527099609375e+01
1.634635925292968750e+01
3.424945831298828125e+00
2.168508911132812500e+01
1.895616722106933594e+01
1.392864704132080078e+00
4.534323425292968750e+02
1.327343139648437500e+02
1.254073524475097656e+01
1.571855449676513672e+01
1.326289215087890625e+02
7.133168792724609375e+01
1.784263610839843750e+02
5.094149708747863770e-01
5.519544921875000000e+03
8.436146736145019531e+00
5.827897262573242188e+01
2.693148040771484375e+01
7.697889208793640137e-01
4.528446350097656250e+02
9.884868621826171875e+01
6.662343740463256836e-01
6.479972534179687500e+02
4.770180511474609375e+01
4.929206848144531250e+00
1.710048950195312500e+03
6.890895843505859375e+01
5.078304290771484375e+01
6.188430404663085938e+01
6.267630004882812500e+02
1.808831329345703125e+02
1.546193084716796875e+02
2.942310142517089844e+01
1.073013305664062500e+03
3.724571764469146729e-01
1.174240684509277344e+01
5.706600341796875000e+02
1.362234210968017578e+01
4.047888183593750000e+02
1.031563401222229004e+00
5.564528703689575195e-01
6.029593276977539062e+01
4.097727298736572266e+00
5.567225456237792969e+00
1.001233901977539062e+02
6.024281978607177734e-01
1.489353561401367188e+01
3.140789747238159180e+00
6.540871143341064453e+00
2.370814514160156250e+01
1.187718272209167480e+00
1.019271492958068848e+00
5.711582031250000000e+02
1.424985839843750000e+03
2.428861856460571289e+00
1.747146606445312500e+02
1.452832221984863281e+01
6.720822334289550781e+00
2.067704589843750000e+03
4.290228843688964844e+00
1.105224609375000000e+02
2.575994491577148438e+01
3.406268692016601562e+01
1.017514282226562500e+03
2.017287254333496094e+01
1.239438934326171875e+02
4.875438232421875000e+02
1.132996673583984375e+02
3.590511322021484375e+01
3.241203918457031250e+02
3.224399948120117188e+01
2.707037687301635742e+00
5.708703994750976562e+01
1.885210037231445312e+01
1.365457916259765625e+01
1.171713134765625000e+03
5.866781616210937500e+02
5.797160034179687500e+02
4.511748962402343750e+02
1.352781581878662109e+01
4.212535381317138672e+00
7.804921269416809082e-01
2.454117202758789062e+01
1.180908012390136719e+01
8.457951545715332031e+00
1.412405729293823242e+00
4.814551353454589844e+00
6.042615771293640137e-01
1.399624633789062500e+02
4.664307785034179688e+01
6.936919403076171875e+01
1.196514129638671875e+02
1.818989181518554688e+01
5.108584594726562500e+01
1.703185462951660156e+01
8.507716178894042969e+00
3.118556737899780273e-01
4.997447753906250000e+03
1.262604125976562500e+03
7.806028747558593750e+01
1.469148864746093750e+02
6.418520355224609375e+01
5.230836181640625000e+02
3.103783988952636719e+01
1.667223167419433594e+01
1.986433029174804688e+01
2.263313770294189453e+00
5.965771865844726562e+01
9.212221679687500000e+02
7.239297485351562500e+01
9.245611190795898438e+00
4.845682144165039062e+00
1.203419876098632812e+02
6.036494750976562500e+02
6.101421356201171875e+01
1.513594341278076172e+01
1.415912342071533203e+01
8.894465863704681396e-02
1.224850565195083618e-01
2.133747291564941406e+01
1.757733535766601562e+01
4.205811977386474609e+00
1.148453807830810547e+01
1.374560241699218750e+02
3.488300704956054688e+01
1.004159545898437500e+02
4.900574207305908203e+00
1.764984607696533203e+00
6.039652824401855469e+00
2.434274864196777344e+01
1.104562988281250000e+03
1.534622192382812500e+00
7.309018707275390625e+01
7.750654816627502441e-01
4.211462497711181641e+00
2.260513603687286377e-01
1.366699790954589844e+01
3.749835937500000000e+03
2.209888671875000000e+04
4.265716552734375000e+00
9.203049468994140625e+01
5.471117782592773438e+01
3.785536527633666992e+00
1.361248931884765625e+02
6.328334350585937500e+02
4.482078075408935547e+00
3.858687639236450195e+00
9.099602699279785156e+00
7.009719085693359375e+01
2.204720687866210938e+01
1.052227497100830078e+01
2.746027221679687500e+02
6.061230468750000000e+02
5.073523044586181641e+00
4.262799739837646484e+00
2.647310972213745117e+00
1.738553466796875000e+02
5.887485980987548828e+00
1.924045372009277344e+01
2.108045959472656250e+02
1.614436149597167969e+01
5.740902099609375000e+02
9.785647583007812500e+02
1.325466613769531250e+02
1.948246121406555176e+00
2.669711303710937500e+01
