3.493258357048034668e-02
1.805215477943420410e-01
6.743601057678461075e-03
2.451117150485515594e-03
2.803349867463111877e-02
5.678178310394287109e+00
2.401405572891235352e-02
3.040570532903075218e-03
9.656409732997417450e-03
4.289011657238006592e-01
1.534572988748550415e-02
3.464179113507270813e-02
6.367047876119613647e-02
2.966285496950149536e-02
2.494856482371687889e-03
1.589998602867126465e-02
2.254157792776823044e-03
1.214943733066320419e-02
3.302861005067825317e-02
1.028959522955119610e-03
5.274105444550514221e-02
4.903531819581985474e-02
1.592436283826828003e-01
2.161983959376811981e-02
1.724455237388610840e+00
1.165356393903493881e-02
5.274429917335510254e-02
9.363447129726409912e-02
9.642125666141510010e-02
7.278072834014892578e-01
9.838463738560676575e-04
2.403420512564480305e-04
9.965403005480766296e-03
4.859601333737373352e-02
3.175562620162963867e-02
1.371392142027616501e-02
5.704175680875778198e-03
5.180317675694823265e-04
9.352536872029304504e-03
6.078769918531179428e-03
1.825598627328872681e-01
1.373849511146545410e-01
4.629258532077074051e-03
9.351054191589355469e+00
1.527551561594009399e-01
1.515178382396697998e-01
1.067845709621906281e-02
6.096146702766418457e-01
2.242277609184384346e-03
3.816909343004226685e-02
1.312333345413208008e-01
6.888702511787414551e-02
1.035799309611320496e-01
3.570807725191116333e-02
1.067583449184894562e-03
3.464151639491319656e-03
5.179747007787227631e-03
1.407740730792284012e-02
3.354860842227935791e-02
9.584136009216308594e+00
1.722459308803081512e-02
1.269362354278564453e+01
1.464277412742376328e-02
7.188681978732347488e-03
1.028314828872680664e-01
4.757861047983169556e-02
2.043371051549911499e-01
2.165693230926990509e-02
8.374954462051391602e-01
6.962980031967163086e-01
1.883011718746274710e-04
1.337398290634155273e+00
1.778184552676975727e-03
9.314264357089996338e-02
8.569629490375518799e-02
2.212598733603954315e-02
7.104070857167243958e-03
6.836304813623428345e-02
2.487349323928356171e-02
1.325146015733480453e-02
1.445934325456619263e-01
2.221239544451236725e-02
2.516042441129684448e-02
2.733197179622948170e-04
3.138809464871883392e-03
2.261754823848605156e-03
6.339695391943678260e-05
3.197911381721496582e-02
5.904035568237304688e-01
8.359145722351968288e-04
1.347915828227996826e-02
1.028123870491981506e-02
2.907334826886653900e-03
6.390387564897537231e-02
1.763930195011198521e-03
9.903171658515930176e-01
3.415578901767730713e-01
1.562344133853912354e-01
1.413624500855803490e-03
9.452420473098754883e-02
2.254291296005249023e+00
4.968315735459327698e-02
2.132844878360629082e-03
2.850853838026523590e-02
1.956602931022644043e-02
4.650518894195556641e-01
5.113935098052024841e-02
1.605764217674732208e-02
4.169757291674613953e-02
1.455877125263214111e-01
9.110543131828308105e-02
3.268446624279022217e-01
8.916286379098892212e-02
1.336521357297897339e-01
1.871252618730068207e-02
6.089329719543457031e-02
5.244090408086776733e-02
1.096182316541671753e-02
3.712076926603913307e-03
5.084065347909927368e-02
2.198367146775126457e-03
1.983607673645019531e+01
4.932467341423034668e-01
6.615319252014160156e-01
2.190391678595915437e-04
2.098747193813323975e-01
2.162410877645015717e-02
6.468052160926163197e-04
1.107205003499984741e-01
4.120028764009475708e-02
1.173407316207885742e+00
3.029786236584186554e-02
3.992602229118347168e-03
2.601169515401124954e-03
6.413701176643371582e-02
1.565515995025634766e-02
4.770622402429580688e-02
1.749325990676879883e+00
2.117017358541488647e-01
6.845457553863525391e-01
1.134866848587989807e-02
9.479156695306301117e-03
8.637149333953857422e-01
7.979917526245117188e-01
2.912675476074218750e+01
4.690206423401832581e-02
2.769374549388885498e-01
2.164206281304359436e-02
7.547120004892349243e-02
1.075694989413022995e-02
1.560074463486671448e-02
1.217624098062515259e-01
2.425508648157119751e-01
2.861637249588966370e-02
1.562054604291915894e-01
1.622472889721393585e-02
2.582571096718311310e-02
4.170607402920722961e-02
1.663749222643673420e-03
6.966765504330396652e-03
8.096165210008621216e-02
6.373525247909128666e-04
1.146606504917144775e-01
2.323916256427764893e-01
4.418689310550689697e-01
2.143290340900421143e-01
1.336738765239715576e-01
2.967720627784729004e-01
1.718305826187133789e+00
1.238099648617208004e-03
2.890679053962230682e-02
2.297608107328414917e-01
1.980583328986540437e-04
1.061121188104152679e-02
5.460447072982788086e-02
2.079160451889038086e+00
2.330786176025867462e-02
1.930854655802249908e-02
1.851713098585605621e-02
1.555410176515579224e-01
5.375298485159873962e-02
5.493872985243797302e-02
1.299876719713211060e-01
6.965491920709609985e-02
1.053227066993713379e+00
2.165485732257366180e-02
6.960403174161911011e-03
4.168549552559852600e-02
6.382220387458801270e-01
3.342241048812866211e-02
2.423308342695236206e-01
3.351550176739692688e-02
2.126025356119498610e-04
1.180729717016220093e-01
2.646557390689849854e-01
4.399385303258895874e-02
4.220278263092041016e-01
5.281689390540122986e-02
6.281325593590736389e-03
3.677080944180488586e-02
3.744251793250441551e-03
5.367824435234069824e-02
1.857285574078559875e-02
3.907904401421546936e-02
6.865038070827722549e-03
6.208051461726427078e-03
1.667914837598800659e-01
1.786678886413574219e+01
4.235253669321537018e-03
2.858361462131142616e-03
4.731383640319108963e-03
5.173140764236450195e-02
1.409792894264683127e-04
1.301962733268737793e+00
3.154592216014862061e-02
2.751761436462402344e+00
2.910993397235870361e-01
3.181909769773483276e-02
5.415558698587119579e-04
4.276652634143829346e-01
6.211390495300292969e-01
4.969823639839887619e-03
4.918664228171110153e-03
3.134248033165931702e-02
9.612164285499602556e-05
1.187598183751106262e-01
2.158908406272530556e-03
3.778558015823364258e+00
2.368720769882202148e-01
1.034929882735013962e-02
2.199519053101539612e-02
1.575644873082637787e-02
2.695632539689540863e-02
3.249687142670154572e-03
1.200319603085517883e-01
2.761418186128139496e-02
9.540644288063049316e-02
6.516966968774795532e-03
3.007242381572723389e-01
4.902505315840244293e-04
1.136839166283607483e-01
3.160514682531356812e-02
2.090917080640792847e-01
4.966450389474630356e-03
1.383120473474264145e-02
1.316926255822181702e-02
3.382399678230285645e-02
8.720040321350097656e-02
4.135017096996307373e-02
8.632028847932815552e-02
4.455825313925743103e-02
7.575929164886474609e-01
1.331385865341871977e-04
1.162560284137725830e-01
2.307013049721717834e-02
2.245283126831054688e-01
3.182757139205932617e+00
4.341169819235801697e-02
1.168003957718610764e-02
1.299262642860412598e-01
8.216496556997299194e-03
1.178423874080181122e-03
1.609456777572631836e+00
4.728428274393081665e-02
5.389041732996702194e-03
4.432121664285659790e-02
1.343361474573612213e-02
1.481035590171813965e+00
5.043508484959602356e-03
8.921984583139419556e-03
2.333337306976318359e+00
4.318284243345260620e-02
8.568595051765441895e-01
3.064833115786314011e-03
1.727856462821364403e-03
1.319020334631204605e-02
1.632890291512012482e-02
1.258536335080862045e-02
3.494200706481933594e-01
8.206754326820373535e-01
1.832370460033416748e-01
1.653325930237770081e-02
1.395130809396505356e-02
1.407495047897100449e-02
2.382205129833891988e-04
1.069669146090745926e-02
5.856821537017822266e+00
2.027760267257690430e+00
1.173628610558807850e-03
6.844463944435119629e-02
1.563620194792747498e-02
2.411678200587630272e-03
1.903134584426879883e-01
4.500815272331237793e-02
1.005106954835355282e-03
1.626754552125930786e-02
3.015575557947158813e-02
5.201274901628494263e-02
1.858811378479003906e+00
6.877562403678894043e-02
1.237523555755615234e+00
5.129103064537048340e-01
1.201783120632171631e-01
8.795450925827026367e-01
2.148925781250000000e+00
1.641963794827461243e-02
1.749784313142299652e-02
9.225762635469436646e-02
1.135245710611343384e-02
1.467413157224655151e-01
9.811227321624755859e-01
9.079625457525253296e-02
1.663354970514774323e-02
4.258193373680114746e-01
6.086139474064111710e-03
3.452241048216819763e-02
1.245670020580291748e-03
7.144078016281127930e-01
3.167833667248487473e-03
9.962447918951511383e-03
2.392919659614562988e-01
1.235651434399187565e-03
1.374527346342802048e-02
6.262739747762680054e-02
6.417573895305395126e-03
6.823038458824157715e-01
5.411431659013032913e-03
5.581262987107038498e-03
1.197859458625316620e-02
3.631944302469491959e-03
2.463655080646276474e-03
3.828115165233612061e-01
1.016929186880588531e-02
2.231049910187721252e-02
1.237087044864892960e-02
1.274299714714288712e-02
8.720121346414089203e-03
7.859230972826480865e-03
1.780597679316997528e-02
1.635584831237792969e-01
3.573495429009199142e-03
5.456506041809916496e-04
8.500217460095882416e-03
1.779417395591735840e+00
1.099513843655586243e-03
1.215097308158874512e-02
1.799124628305435181e-01
8.386388421058654785e-02
3.804324567317962646e-02
4.303621500730514526e-02
1.169857606291770935e-01
1.016745939850807190e-01
1.112858080887235701e-04
1.872737519443035126e-02
6.377042271196842194e-03
4.141261335462331772e-03
3.151238709688186646e-02
3.004975803196430206e-02
6.086416915059089661e-02
9.159678220748901367e-02
3.490871191024780273e-02
1.047195168212056160e-03
3.362879529595375061e-02
1.145427953451871872e-02
2.183019667863845825e-01
1.506331842392683029e-02
1.317803263664245605e-01
1.473803305998444557e-03
2.094461768865585327e-01
4.506031109485775232e-04
9.512654691934585571e-02
1.100769490003585815e-01
1.577321439981460571e-01
3.119249641895294189e-02
7.110669612884521484e-01
3.732116427272558212e-03
1.264805160462856293e-02
6.646412424743175507e-03
1.421760953962802887e-02
3.312760218977928162e-02
6.332538276910781860e-02
2.033531432971358299e-03
3.051687717437744141e+00
1.092957630753517151e-01
2.341171540319919586e-02
4.415220737457275391e+00
1.150779819488525391e+01
9.058838710188865662e-03
1.216276898048818111e-03
6.515537388622760773e-04
5.011023208498954773e-02
8.356953971087932587e-03
3.530941903591156006e-02
6.480830669403076172e+00
2.632430987432599068e-04
3.995618820190429688e+00
1.950370520353317261e-01
1.938007958233356476e-02
1.126426155678927898e-03
6.643671542406082153e-03
1.540151023864746094e+01
8.966114044189453125e+01
8.851000976562500000e+01
6.845849752426147461e-01
2.973561286926269531e+01
1.796289920806884766e+00
4.108454284667968750e+02
1.090128517150878906e+01
9.435153961181640625e+01
1.399046134948730469e+01
1.334835968017578125e+02
1.955154228210449219e+01
4.465928649902343750e+01
6.093358993530273438e-01
9.347273826599121094e+00
9.851736450195312500e+01
6.212156295776367188e+01
2.039000244140625000e+02
9.978042602539062500e+01
7.722161769866943359e+00
4.347656250000000000e+01
6.360383987426757812e+00
8.866003036499023438e+00
3.943902587890625000e+01
3.848758697509765625e+00
6.734600067138671875e-01
1.351350097656250000e+02
7.024846801757812500e+02
9.263919067382812500e+02
3.152233886718750000e+02
6.432093143463134766e+00
4.017693042755126953e+00
6.337111473083496094e+00
3.302292175292968750e+02
7.176074981689453125e+00
6.261404991149902344e+00
5.659769773483276367e-01
6.585675477981567383e-02
3.451957464218139648e+00
1.280741882324218750e+02
9.499750976562500000e+02
2.559666061401367188e+01
8.203354477882385254e-01
5.478722534179687500e+02
1.736044120788574219e+01
1.411112670898437500e+02
9.236646270751953125e+01
1.199721431732177734e+01
8.738127350807189941e-01
6.478832397460937500e+02
1.442019500732421875e+02
2.444854927062988281e+01
1.266756248474121094e+01
2.790081024169921875e+01
3.908700942993164062e+00
9.428749084472656250e+00
5.673315525054931641e+00
3.879032135009765625e-01
1.817265319824218750e+01
9.810133056640625000e+02
2.150533905029296875e+02
5.793929443359375000e+02
5.542520999908447266e+00
5.529257202148437500e+01
6.167338371276855469e+00
2.893851280212402344e+01
5.289078140258789062e+01
1.342592529296875000e+03
4.148024902343750000e+02
3.334197616577148438e+01
7.426979392766952515e-02
8.030323791503906250e+01
1.008952498435974121e+00
1.264381942749023438e+02
8.377264022827148438e+00
1.080483150482177734e+01
8.742363452911376953e-01
1.195067501068115234e+01
1.914418945312500000e+02
3.307021713256835938e+01
2.881282997131347656e+01
5.188718318939208984e+00
9.332900047302246094e+00
3.206350326538085938e+01
9.260135650634765625e+00
2.299574470520019531e+01
1.148710399866104126e-01
1.227586460113525391e+01
1.492441368103027344e+01
3.962876558303833008e+00
1.019663238525390625e+01
4.003316497802734375e+01
4.887372970581054688e+01
1.474207305908203125e+01
9.500643157958984375e+01
1.255310821533203125e+02
4.049542427062988281e+00
8.276423950195312500e+02
8.376945257186889648e-01
1.974637298583984375e+02
2.065658092498779297e+00
2.204790115356445312e+01
2.406452417373657227e+00
1.323091735839843750e+02
4.069678497314453125e+01
6.241375732421875000e+01
2.167617797851562500e+00
1.773398071289062500e+03
2.987297058105468750e+02
1.024693846702575684e+00
4.067423939704895020e-01
6.097143554687500000e+02
1.973558502197265625e+02
1.368993163108825684e+00
3.703649139404296875e+01
1.014081573486328125e+02
5.389773559570312500e+01
1.447499465942382812e+01
7.163057708740234375e+01
1.416954803466796875e+01
1.687602386474609375e+02
7.126322265625000000e+03
2.657010192871093750e+02
1.555821685791015625e+02
2.253736257553100586e+00
2.027227172851562500e+02
2.216824722290039062e+01
3.012256860733032227e+00
7.877290649414062500e+02
8.416425323486328125e+01
2.825830383300781250e+02
2.004144668579101562e+01
3.197849094867706299e-01
2.003013610839843750e+01
2.034136772155761719e+00
3.133438587188720703e+00
2.257282018661499023e+00
3.256908874511718750e+02
3.564746398925781250e+02
2.898372802734375000e+02
2.798633956909179688e+01
2.270613670349121094e+00
3.788171691894531250e+02
1.906838417053222656e+01
7.292667846679687500e+02
3.803652572631835938e+01
3.497213745117187500e+02
1.965955495834350586e+00
3.170362854003906250e+01
1.060077514648437500e+03
5.171896815299987793e-01
4.718832397460937500e+02
4.916574478149414062e+01
4.671297371387481689e-01
1.382235260009765625e+02
2.443829727172851562e+01
2.026918172836303711e+00
9.623582363128662109e-01
5.073493957519531250e+00
1.870959401130676270e+00
9.743458251953125000e+02
1.490884094238281250e+02
1.809733734130859375e+02
2.890942573547363281e+01
2.057497558593750000e+02
6.065801620483398438e+01
5.835992431640625000e+01
2.800253295898437500e+02
5.891288452148437500e+02
7.341292381286621094e+00
1.080696487426757812e+01
1.024213378906250000e+03
1.592799663543701172e+00
5.483184814453125000e+00
2.576506958007812500e+02
2.617206954956054688e+01
7.243619441986083984e+00
5.572924041748046875e+01
3.014474868774414062e+00
1.662754440307617188e+01
7.477970600128173828e+00
2.755100059509277344e+01
2.821790771484375000e+02
4.408722877502441406e+00
1.279294140625000000e+04
5.215138435363769531e+00
6.254148483276367188e-01
1.899871253967285156e+01
3.635365295410156250e+02
4.764635086059570312e+01
2.108607292175292969e+00
1.707693939208984375e+02
7.670359611511230469e+00
5.397095489501953125e+01
1.389130706787109375e+02
2.326023817062377930e+00
6.249821853637695312e+01
9.499105215072631836e-01
4.101501464843750000e+00
2.159621953964233398e+00
1.067992496490478516e+01
5.949164390563964844e+00
8.575291633605957031e+00
4.099127960205078125e+01
5.480928039550781250e+01
7.897571325302124023e-01
3.966844558715820312e+01
5.638107910156250000e+02
6.271450996398925781e+00
3.033828735351562500e+01
9.058643341064453125e+00
2.817355871200561523e+00
1.254877209663391113e+00
4.160645507812500000e+03
1.792885017395019531e+01
3.050229492187500000e+02
6.720170974731445312e+00
3.957174682617187500e+02
1.380774021148681641e+00
1.687025451660156250e+02
2.679148437500000000e+03
1.090297698974609375e-01
2.022907733917236328e+00
6.535671386718750000e+02
3.185021162033081055e+00
8.501848754882812500e+02
3.851849555969238281e+00
2.022110748291015625e+01
5.430213451385498047e+00
1.156937599182128906e+01
1.249013617634773254e-01
9.828050613403320312e+00
2.095760583877563477e+00
3.421123657226562500e+02
3.476773452758789062e+01
2.221332931518554688e+01
5.522101879119873047e+00
2.848303794860839844e+01
1.813448715209960938e+01
1.237940907478332520e+00
3.544256591796875000e+02
8.800667572021484375e+01
1.427365207672119141e+01
1.677412223815917969e+01
1.181960372924804688e+02
7.522203063964843750e+01
1.644967041015625000e+02
4.792712032794952393e-01
3.483338623046875000e+03
9.442545890808105469e+00
6.779884338378906250e+01
3.321256637573242188e+01
1.396291375160217285e+00
4.374150695800781250e+02
1.003083267211914062e+02
8.141967654228210449e-01
3.399575195312500000e+02
4.216344070434570312e+01
4.232498645782470703e+00
1.530995483398437500e+03
5.708649444580078125e+01
6.754067230224609375e+01
5.122689819335937500e+01
4.567954101562500000e+02
1.442041473388671875e+02
9.962634277343750000e+01
2.723637771606445312e+01
6.187308959960937500e+02
3.822623789310455322e-01
1.203344631195068359e+01
6.570223999023437500e+02
1.768768692016601562e+01
5.144526367187500000e+02
1.398326873779296875e+00
5.728784799575805664e-01
3.427820968627929688e+01
6.916161537170410156e+00
6.138619422912597656e+00
5.916766357421875000e+01
7.638900279998779297e-01
1.170566272735595703e+01
3.377213239669799805e+00
6.753066062927246094e+00
3.447774887084960938e+01
1.437470078468322754e+00
1.635587215423583984e+00
6.486124267578125000e+02
1.646692016601562500e+03
3.186519861221313477e+00
1.386550445556640625e+02
1.986550140380859375e+01
7.523743152618408203e+00
2.722950927734375000e+03
5.684668064117431641e+00
9.377884674072265625e+01
2.492148208618164062e+01
2.520724296569824219e+01
5.959045410156250000e+02
1.585929584503173828e+01
1.394683380126953125e+02
3.764289855957031250e+02
9.534516906738281250e+01
4.917889785766601562e+01
3.342212829589843750e+02
2.967051124572753906e+01
3.084874153137207031e+00
6.813082885742187500e+01
1.534280490875244141e+01
1.667687034606933594e+01
1.088492431640625000e+03
5.558131713867187500e+02
5.662896118164062500e+02
4.520144958496093750e+02
7.770056724548339844e+00
3.864115715026855469e+00
8.957033157348632812e-01
1.825830268859863281e+01
1.534738540649414062e+01
8.796656608581542969e+00
2.023264884948730469e+00
4.803191184997558594e+00
9.858911633491516113e-01
1.486235656738281250e+02
4.105585098266601562e+01
7.007165527343750000e+01
1.770443420410156250e+02
1.538108253479003906e+01
5.917644119262695312e+01
1.903493499755859375e+01
9.968001365661621094e+00
3.855541348457336426e-01
5.850843750000000000e+03
1.147023071289062500e+03
8.382908630371093750e+01
1.489050445556640625e+02
7.268851470947265625e+01
6.528286132812500000e+02
4.124438095092773438e+01
1.152904224395751953e+01
3.299187469482421875e+01
2.121112823486328125e+00
5.123006057739257812e+01
1.128925170898437500e+03
5.031706237792968750e+01
9.047807693481445312e+00
3.638096570968627930e+00
1.051684494018554688e+02
8.053873291015625000e+02
6.417758178710937500e+01
2.015455055236816406e+01
1.810125541687011719e+01
1.035074219107627869e-01
1.135553270578384399e-01
2.927162551879882812e+01
1.800719070434570312e+01
5.681966781616210938e+00
1.220984172821044922e+01
1.445451965332031250e+02
3.934656906127929688e+01
1.086254043579101562e+02
4.309419631958007812e+00
1.789496302604675293e+00
5.795265674591064453e+00
1.930742454528808594e+01
9.819484252929687500e+02
2.126319169998168945e+00
7.963846588134765625e+01
6.643087863922119141e-01
6.341037750244140625e+00
2.302075028419494629e-01
1.260221862792968750e+01
2.464864746093750000e+03
1.679960546875000000e+04
4.649064540863037109e+00
1.081252746582031250e+02
5.340451431274414062e+01
6.127527713775634766e+00
1.313180389404296875e+02
4.101765747070312500e+02
5.412644386291503906e+00
4.802500724792480469e+00
9.485544204711914062e+00
9.455534362792968750e+01
2.000445938110351562e+01
7.296478271484375000e+00
2.683085937500000000e+02
8.343715820312500000e+02
7.902234554290771484e+00
3.695982217788696289e+00
3.901011466979980469e+00
2.040846557617187500e+02
2.930591106414794922e+00
1.402031326293945312e+01
2.974535827636718750e+02
2.181574249267578125e+01
4.772069091796875000e+02
1.009240234375000000e+03
1.309193267822265625e+02
1.895054578781127930e+00
3.496729278564453125e+01
