2.768616937100887299e-02
8.780886232852935791e-02
6.430457811802625656e-03
1.599608454853296280e-03
4.447561502456665039e-02
5.551868915557861328e+00
2.107426151633262634e-02
4.207148682326078415e-03
5.462478380650281906e-03
6.379793882369995117e-01
6.367207039147615433e-03
1.518154796212911606e-02
5.576270073652267456e-02
1.552032865583896637e-02
1.482023275457322598e-03
1.338983885943889618e-02
3.287178231403231621e-03
3.634960623458027840e-03
2.443151548504829407e-02
6.156198214739561081e-04
1.533148586750030518e-01
2.293965965509414673e-02
2.424183636903762817e-01
5.170119926333427429e-02
9.108878374099731445e-01
1.593524217605590820e-02
4.409518837928771973e-02
2.982273325324058533e-02
8.431129902601242065e-02
8.951748013496398926e-01
6.078688311390578747e-04
1.459645718568935990e-04
7.193235680460929871e-03
2.217764966189861298e-02
6.636667996644973755e-02
6.471270229667425156e-03
6.927576847374439240e-03
6.782793207094073296e-04
8.040775544941425323e-03
6.680983584374189377e-03
2.228074818849563599e-01
7.785282284021377563e-02
1.705982955172657967e-03
1.611129379272460938e+01
1.616251170635223389e-01
8.019080758094787598e-02
5.223977845162153244e-03
3.741177320480346680e-01
4.393458366394042969e-03
1.080654188990592957e-02
1.712716072797775269e-01
3.207254409790039062e-02
1.180081591010093689e-01
4.008449614048004150e-02
5.222182371653616428e-04
2.521460875868797302e-03
4.757468122988939285e-03
1.322889048606157303e-02
2.094648964703083038e-02
6.047514438629150391e+00
1.367344986647367477e-02
1.199190330505371094e+01
1.158188004046678543e-02
3.186036366969347000e-03
1.148475408554077148e-01
2.038516849279403687e-02
1.457336097955703735e-01
8.143858984112739563e-03
5.537534356117248535e-01
5.144042968750000000e-01
2.075267402688041329e-04
1.442052245140075684e+00
1.056977198459208012e-03
2.567188069224357605e-02
7.030718773603439331e-02
5.047275125980377197e-02
8.312005549669265747e-03
4.727730527520179749e-02
3.795615211129188538e-02
1.528482418507337570e-02
5.711589753627777100e-02
1.996175944805145264e-02
1.498885266482830048e-02
3.461631713435053825e-04
3.378331195563077927e-03
1.613248605281114578e-03
3.858134732581675053e-05
4.683906212449073792e-02
5.767322778701782227e-01
1.062507508322596550e-03
8.098786696791648865e-03
8.060011081397533417e-03
1.653719344176352024e-03
9.247092157602310181e-02
4.897512262687087059e-04
6.035958528518676758e-01
5.285982489585876465e-01
4.769853875041007996e-02
1.792206196114420891e-03
6.269912421703338623e-02
1.843066692352294922e+00
4.566413909196853638e-02
1.335562788881361485e-03
1.602469943463802338e-02
1.401171740144491196e-02
4.621967673301696777e-01
1.015368998050689697e-01
1.346006989479064941e-02
3.346104919910430908e-02
1.095564961433410645e-01
1.280996352434158325e-01
3.812388181686401367e-01
4.067126289010047913e-02
5.521207675337791443e-02
1.635977253317832947e-02
4.692196100950241089e-02
7.425479590892791748e-02
6.296433508396148682e-03
3.977850079536437988e-03
6.611604243516921997e-02
8.112256182357668877e-04
7.743156433105468750e+00
4.667500853538513184e-01
2.967928647994995117e-01
1.864975638454779983e-04
2.163323312997817993e-01
1.603059098124504089e-02
8.713657152839004993e-04
6.508763879537582397e-02
6.172085553407669067e-02
1.226826906204223633e+00
4.470806196331977844e-02
3.568555461242794991e-03
1.467711757868528366e-03
4.065026342868804932e-02
2.507968060672283173e-02
4.673317074775695801e-02
2.848474025726318359e+00
1.597097665071487427e-01
3.673784732818603516e-01
1.916283182799816132e-02
1.040669716894626617e-02
6.070014834403991699e-01
5.642284154891967773e-01
2.204802703857421875e+01
2.691702730953693390e-02
2.525530159473419189e-01
6.107326596975326538e-03
4.895279183983802795e-02
1.015338953584432602e-02
1.785216480493545532e-02
9.037407487630844116e-02
1.016550287604331970e-01
2.223207801580429077e-02
6.950011104345321655e-02
1.092442497611045837e-02
1.407812535762786865e-02
3.461286053061485291e-02
2.319458639249205589e-03
4.952273331582546234e-03
4.053433239459991455e-02
3.674032632261514664e-04
1.528775095939636230e-01
3.833919763565063477e-01
2.604152560234069824e-01
9.195372462272644043e-02
1.546064317226409912e-01
1.844844073057174683e-01
1.009689092636108398e+00
2.688024542294442654e-04
1.966867223381996155e-02
1.277733892202377319e-01
1.070150683517567813e-04
1.761062629520893097e-02
4.202255606651306152e-02
1.799478292465209961e+00
2.224316447973251343e-02
1.179566234350204468e-02
1.199731044471263885e-02
8.675643801689147949e-02
5.399739742279052734e-02
3.861938416957855225e-02
1.256673485040664673e-01
3.974463045597076416e-02
1.748538732528686523e+00
1.171078439801931381e-02
6.781241390854120255e-03
5.855022370815277100e-02
2.505536079406738281e-01
2.691525593400001526e-02
1.668388545513153076e-01
2.773822098970413208e-02
3.507650981191545725e-04
1.022724285721778870e-01
4.274323284626007080e-01
1.376271247863769531e-02
2.275365740060806274e-01
6.033774465322494507e-02
4.235631320625543594e-03
2.483681775629520416e-02
2.837412059307098389e-03
3.186731413006782532e-02
1.293192990124225616e-02
2.489364705979824066e-02
8.841425180435180664e-03
1.964729046449065208e-03
2.160576283931732178e-01
1.231456851959228516e+01
9.432530030608177185e-03
3.811248345300555229e-03
7.629696745425462723e-03
4.058851674199104309e-02
1.345340278930962086e-04
7.255055904388427734e-01
2.304027229547500610e-02
2.677384138107299805e+00
5.914209038019180298e-02
1.873828656971454620e-02
5.985722527839243412e-04
6.231701970100402832e-01
2.733683586120605469e-01
1.429009716957807541e-02
1.493248855695128441e-03
2.593621984124183655e-02
1.361041649943217635e-04
3.867085278034210205e-02
9.382302523590624332e-04
3.603450298309326172e+00
3.336478769779205322e-01
7.702069357037544250e-03
1.923886500298976898e-02
1.303860917687416077e-02
2.901187539100646973e-02
2.778181573376059532e-03
2.317771017551422119e-01
1.657624915242195129e-02
1.542139053344726562e-01
5.127079319208860397e-03
1.299267560243606567e-01
3.848306660074740648e-04
3.048649057745933533e-02
6.175412237644195557e-02
1.868173331022262573e-01
3.637573681771755219e-03
9.839393198490142822e-03
9.120111353695392609e-03
3.144679963588714600e-02
1.098180338740348816e-01
2.580724097788333893e-02
1.035245507955551147e-01
3.067088313400745392e-02
1.493183970451354980e+00
4.627642556442879140e-05
6.172524392604827881e-02
1.679665595293045044e-02
2.914624512195587158e-01
3.023633480072021484e+00
2.207572944462299347e-02
1.842281967401504517e-02
2.734454870223999023e-01
3.762056818231940269e-03
5.955078522674739361e-04
9.096106886863708496e-01
2.763731405138969421e-02
4.985562991350889206e-03
2.327196858823299408e-02
1.058645825833082199e-02
1.726226806640625000e+00
8.805023506283760071e-03
1.016950514167547226e-02
1.515284776687622070e+00
4.482737183570861816e-02
5.514368414878845215e-01
4.282413516193628311e-03
2.076794859021902084e-03
1.582121104001998901e-02
5.442290101200342178e-03
1.016583014279603958e-02
2.611422836780548096e-01
1.922524333000183105e+00
1.382250934839248657e-01
9.501529857516288757e-03
4.885451402515172958e-03
1.116044539958238602e-02
2.141688746633008122e-04
3.911642357707023621e-03
3.889256715774536133e+00
1.074248194694519043e+00
5.481640691868960857e-04
6.290861964225769043e-02
1.366914808750152588e-02
1.125728711485862732e-03
6.765573471784591675e-02
2.305065654218196869e-02
1.037576817907392979e-03
2.119297161698341370e-02
1.937351934611797333e-02
4.755329713225364685e-02
2.003984212875366211e+00
4.358509927988052368e-02
4.573518037796020508e-01
7.463358640670776367e-01
8.846513181924819946e-02
8.466991782188415527e-01
1.909012198448181152e+00
7.573181763291358948e-03
4.848401248455047607e-02
3.006751649081707001e-02
5.973656196147203445e-03
1.037049591541290283e-01
5.441219210624694824e-01
2.886621840298175812e-02
7.960774004459381104e-03
1.532984524965286255e-01
2.922747051343321800e-03
3.225469961762428284e-02
8.226767531596124172e-04
4.718643426895141602e-01
2.327932743355631828e-03
3.967117518186569214e-03
3.199937343597412109e-01
1.474355813115835190e-03
7.718694861978292465e-03
2.357127517461776733e-02
5.296675488352775574e-03
2.648319005966186523e-01
6.737182382494211197e-03
4.412688314914703369e-03
5.545077379792928696e-03
2.589843934401869774e-03
6.242383737117052078e-03
2.619323730468750000e-01
3.781165229156613350e-03
9.928416460752487183e-03
7.001149933785200119e-03
1.705086044967174530e-02
2.567866817116737366e-03
4.637689795345067978e-03
2.833126299083232880e-02
2.317647784948348999e-01
1.332552055828273296e-03
7.914016023278236389e-04
4.657850600779056549e-03
1.278357863426208496e+00
1.164866378530859947e-03
1.456210855394601822e-02
1.309814453125000000e-01
2.045472897589206696e-02
5.126282572746276855e-02
3.438067436218261719e-02
8.127523213624954224e-02
2.449945211410522461e-01
7.837449811631813645e-05
1.570754684507846832e-02
3.887165570631623268e-03
1.258146250620484352e-03
1.988068409264087677e-02
2.195214107632637024e-02
3.998944163322448730e-02
4.549028724431991577e-02
1.839966513216495514e-02
1.062950934283435345e-03
1.497395802289247513e-02
6.267903838306665421e-03
9.743629395961761475e-02
2.573024109005928040e-02
6.657488644123077393e-02
2.128738909959793091e-03
7.719039171934127808e-02
3.657261549960821867e-04
2.892116308212280273e-01
1.401742547750473022e-01
2.727788127958774567e-02
1.945432648062705994e-02
6.599007844924926758e-01
1.651883707381784916e-03
9.256728924810886383e-03
4.439631476998329163e-03
2.001375146210193634e-02
2.270180732011795044e-02
5.406247451901435852e-02
9.999064495787024498e-04
3.964930295944213867e+00
1.021741405129432678e-01
2.133379876613616943e-02
4.283644676208496094e+00
7.531234264373779297e+00
1.055585127323865891e-02
5.812978488393127918e-04
5.441397079266607761e-04
3.029899671673774719e-02
3.371938597410917282e-03
2.562460675835609436e-02
7.083110332489013672e+00
2.419779484625905752e-04
3.814742088317871094e+00
9.168618917465209961e-02
2.467828989028930664e-02
4.620333493221551180e-04
3.047149861231446266e-03
6.622722148895263672e+00
8.874841308593750000e+01
1.021039886474609375e+02
7.212878465652465820e-01
3.627603149414062500e+01
2.865859031677246094e+00
5.572241210937500000e+02
8.970240592956542969e+00
7.002996826171875000e+01
8.282218933105468750e+00
1.880476379394531250e+02
1.412226676940917969e+01
9.277698516845703125e+01
7.398316264152526855e-01
2.492168998718261719e+01
9.944968414306640625e+01
1.415825195312500000e+02
1.677502288818359375e+02
1.329076690673828125e+02
8.248696327209472656e+00
8.921121978759765625e+01
4.230366706848144531e+00
6.864848613739013672e+00
6.334918975830078125e+01
2.893109321594238281e+00
5.919913649559020996e-01
2.457063293457031250e+02
4.005323486328125000e+02
1.674818359375000000e+03
3.438764648437500000e+02
1.146709632873535156e+01
5.512704372406005859e+00
1.458080387115478516e+01
2.280307617187500000e+02
1.654556465148925781e+01
1.174229431152343750e+01
8.881355524063110352e-01
8.233572542667388916e-02
5.356425285339355469e+00
9.843509674072265625e+01
1.019385437011718750e+03
1.442729663848876953e+01
9.105141758918762207e-01
4.231773986816406250e+02
2.915901374816894531e+01
8.282022094726562500e+01
8.866871643066406250e+01
2.161096191406250000e+01
8.929583430290222168e-01
7.893586425781250000e+02
2.910599060058593750e+02
4.001793289184570312e+01
1.297198867797851562e+01
1.857600593566894531e+01
5.480831623077392578e+00
1.312001705169677734e+01
4.320278167724609375e+00
4.552801549434661865e-01
1.425857353210449219e+01
1.631554931640625000e+03
7.423461303710937500e+02
4.759785766601562500e+02
1.230229282379150391e+01
5.182923889160156250e+01
3.003912448883056641e+00
9.841970062255859375e+01
4.484303665161132812e+01
3.110897216796875000e+03
1.560031585693359375e+02
5.862287902832031250e+01
8.910622447729110718e-02
3.770699462890625000e+02
2.386370420455932617e+00
1.819390869140625000e+02
6.243817329406738281e+00
1.382269763946533203e+01
1.945597052574157715e+00
1.037216091156005859e+01
2.668616943359375000e+02
3.094001960754394531e+01
3.564493179321289062e+01
6.451910495758056641e+00
9.942072868347167969e+00
4.400106430053710938e+01
6.564845085144042969e+00
2.138615798950195312e+01
1.426810622215270996e-01
1.591718482971191406e+01
1.816017913818359375e+01
2.364341259002685547e+00
2.276901245117187500e+01
3.749320983886718750e+01
3.554193496704101562e+01
1.588658905029296875e+01
5.900076675415039062e+01
6.160974731445312500e+02
2.717768430709838867e+00
3.101622009277343750e+02
3.902093470096588135e-01
6.422347412109375000e+02
3.067805528640747070e+00
1.793805122375488281e+01
4.724857330322265625e+00
9.982068634033203125e+01
5.582072830200195312e+01
1.378493957519531250e+02
2.471209049224853516e+00
4.040986083984375000e+03
3.994451904296875000e+02
1.199759244918823242e+00
8.491169214248657227e-01
1.569178222656250000e+03
1.231102523803710938e+02
1.626984715461730957e+00
2.856106185913085938e+01
9.836401367187500000e+01
1.486784210205078125e+02
1.509912872314453125e+01
1.081844253540039062e+02
9.830370903015136719e+00
2.543299407958984375e+02
3.933967773437500000e+03
5.040208435058593750e+02
1.414122924804687500e+02
6.785721778869628906e+00
5.327048339843750000e+02
3.952113342285156250e+01
3.628167390823364258e+00
5.563169555664062500e+02
1.056276016235351562e+02
5.412224731445312500e+02
3.645273971557617188e+01
5.874245166778564453e-01
4.677357101440429688e+01
1.990721464157104492e+00
2.852863550186157227e+00
5.950462222099304199e-01
7.160783691406250000e+02
7.199973144531250000e+02
2.275518646240234375e+02
4.886240386962890625e+01
3.072916269302368164e+00
5.201067504882812500e+02
1.945081138610839844e+01
9.199706420898437500e+02
4.360995483398437500e+01
4.449084167480468750e+02
1.103289961814880371e+00
1.172295989990234375e+02
1.708093872070312500e+03
6.117674708366394043e-01
6.958861083984375000e+02
3.313110351562500000e+01
6.969742178916931152e-01
1.106936111450195312e+02
5.446732711791992188e+01
2.296395540237426758e+00
7.928169965744018555e-01
6.784070014953613281e+00
3.243340492248535156e+00
1.028974975585937500e+03
1.492243347167968750e+02
1.159110260009765625e+02
5.649954605102539062e+01
2.107035064697265625e+02
1.115340805053710938e+02
1.218506240844726562e+02
3.921099853515625000e+02
2.448426269531250000e+03
1.828400802612304688e+01
1.156323528289794922e+01
1.864794555664062500e+03
4.242597579956054688e+00
6.535423278808593750e+00
4.697567443847656250e+02
1.816696357727050781e+01
9.907778739929199219e+00
6.673454284667968750e+01
4.056995391845703125e+00
1.579662227630615234e+01
2.303765487670898438e+01
3.604857254028320312e+01
2.814716796875000000e+02
7.396010875701904297e+00
1.950327929687500000e+04
3.914285182952880859e+00
8.074418902397155762e-01
3.038601303100585938e+01
8.946665649414062500e+02
5.467393493652343750e+01
9.318827629089355469e+00
3.695726318359375000e+02
1.138464736938476562e+01
6.093475341796875000e+01
2.117813873291015625e+02
1.938372254371643066e+00
7.938334655761718750e+01
1.462747693061828613e+00
1.376851272583007812e+01
3.982473850250244141e+00
2.330908775329589844e+01
1.686227226257324219e+01
6.339612960815429688e+00
3.716960525512695312e+01
4.689638900756835938e+01
1.135482549667358398e+00
1.252907409667968750e+02
4.306329650878906250e+02
1.040602302551269531e+01
5.882746124267578125e+01
1.097400951385498047e+01
7.276702404022216797e+00
1.022454738616943359e+00
4.872575195312500000e+03
1.442197608947753906e+01
5.378814697265625000e+02
2.478976964950561523e+00
2.236485137939453125e+02
1.290264606475830078e+00
2.352885284423828125e+02
2.850078857421875000e+03
2.212568968534469604e-01
2.013264179229736328e+00
1.309194580078125000e+03
3.625350475311279297e+00
8.438438720703125000e+02
3.568079471588134766e+00
3.027226829528808594e+01
1.442361259460449219e+01
1.302634334564208984e+01
4.452262818813323975e-02
1.701963615417480469e+01
3.906929254531860352e+00
7.718033447265625000e+02
6.182540130615234375e+01
9.581417083740234375e+00
6.031836032867431641e+00
3.382481384277343750e+01
1.803308868408203125e+01
1.494530439376831055e+00
4.653597717285156250e+02
1.473877410888671875e+02
1.421402835845947266e+01
2.543733406066894531e+01
1.878437500000000000e+02
1.106657485961914062e+02
1.542650909423828125e+02
9.382876753807067871e-01
6.771303222656250000e+03
1.214836978912353516e+01
6.531589508056640625e+01
2.134819984436035156e+01
4.478049278259277344e-01
1.250017456054687500e+03
1.137972564697265625e+02
9.433273673057556152e-01
8.613348999023437500e+02
7.012878417968750000e+01
8.708667755126953125e+00
5.186349121093750000e+03
6.206231689453125000e+01
6.588737487792968750e+01
5.153953552246093750e+01
7.405659790039062500e+02
2.519943237304687500e+02
3.606424560546875000e+02
3.285257720947265625e+01
2.287183593750000000e+03
6.888490915298461914e-01
2.949126243591308594e+01
3.680549316406250000e+02
1.172214317321777344e+01
4.190237731933593750e+02
1.393093466758728027e+00
1.922897219657897949e+00
6.367493057250976562e+01
4.194420337677001953e+00
1.388211631774902344e+01
1.583350677490234375e+02
1.128861427307128906e+00
1.860510444641113281e+01
8.212298393249511719e+00
5.155852317810058594e+00
4.089027404785156250e+01
1.412760734558105469e+00
9.496751427650451660e-01
2.394040527343750000e+02
8.442741088867187500e+02
5.563223361968994141e+00
1.607631530761718750e+02
1.856030273437500000e+01
1.161442470550537109e+01
1.757915893554687500e+03
3.677847385406494141e+00
3.970736694335937500e+02
4.292982482910156250e+01
2.699351310729980469e+01
9.678381347656250000e+02
3.254297637939453125e+01
2.199578552246093750e+02
6.710043945312500000e+02
1.796680755615234375e+02
6.344516754150390625e+01
2.350413818359375000e+02
3.642790222167968750e+01
2.402895212173461914e+00
4.232748794555664062e+01
1.970630073547363281e+01
6.839701175689697266e+00
9.940284423828125000e+02
4.045599670410156250e+02
8.373425292968750000e+02
2.170865783691406250e+02
1.116074943542480469e+01
3.033053636550903320e+00
6.810514926910400391e-01
3.472722625732421875e+01
1.518410873413085938e+01
8.464202880859375000e+00
1.220127940177917480e+00
1.817760086059570312e+01
5.498333573341369629e-01
8.833069610595703125e+01
3.016915512084960938e+01
7.381143188476562500e+01
1.053411026000976562e+02
2.547257041931152344e+01
5.774016571044921875e+01
1.321769905090332031e+01
7.206864833831787109e+00
3.122870624065399170e-01
9.599963867187500000e+03
2.657286621093750000e+03
2.340225830078125000e+02
1.998735046386718750e+02
1.090679244995117188e+02
9.294684448242187500e+02
2.170732688903808594e+01
4.768454360961914062e+01
1.602731323242187500e+01
3.299503803253173828e+00
6.562950134277343750e+01
1.365108764648437500e+03
6.668819427490234375e+01
8.186095237731933594e+00
1.099457073211669922e+01
1.668584747314453125e+02
4.586976318359375000e+02
1.198565826416015625e+02
1.006317996978759766e+01
1.577291297912597656e+01
1.303374767303466797e-01
1.271284818649291992e-01
4.397852325439453125e+01
4.152010345458984375e+01
4.785810947418212891e+00
2.330804252624511719e+01
2.219054107666015625e+02
4.813776779174804688e+01
1.539653320312500000e+02
1.201266670227050781e+01
1.949941635131835938e+00
1.336875820159912109e+01
4.034272384643554688e+01
1.216187255859375000e+03
2.419310092926025391e+00
1.223410034179687500e+02
1.451979517936706543e+00
2.968400955200195312e+00
2.927433550357818604e-01
1.068264675140380859e+01
4.456817382812500000e+03
1.860394726562500000e+04
8.015834808349609375e+00
9.255927276611328125e+01
8.454045104980468750e+01
4.141837120056152344e+00
1.205225372314453125e+02
5.209953613281250000e+02
8.923973083496093750e+00
5.560538291931152344e+00
2.781074285507202148e+00
6.995010375976562500e+01
2.910774612426757812e+01
2.611529731750488281e+01
2.688781433105468750e+02
4.678988037109375000e+02
4.755647659301757812e+00
5.668910980224609375e+00
4.822009086608886719e+00
2.043885040283203125e+02
1.018231391906738281e+01
3.180259895324707031e+01
2.327267150878906250e+02
1.614076423645019531e+01
7.140059814453125000e+02
7.911459350585937500e+02
2.009337310791015625e+02
1.581460118293762207e+00
2.415346717834472656e+01
