3.887159526348114014e-01
8.590528368949890137e-01
5.569139719009399414e-01
1.057958528399467468e-01
2.063234567642211914e+00
1.978174209594726562e+00
3.503269553184509277e-01
1.816873848438262939e-01
9.800906181335449219e-01
3.665853738784790039e-01
9.757928252220153809e-01
2.906872332096099854e-01
2.681655883789062500e-01
1.028135940432548523e-01
1.667392551898956299e-01
5.877922177314758301e-01
3.085199892520904541e-01
3.371442854404449463e-01
7.179566472768783569e-02
2.844558954238891602e-01
1.204846143722534180e+00
7.752771377563476562e-01
1.320512294769287109e+00
3.072054982185363770e-01
6.167367458343505859e+00
2.870081961154937744e-01
2.559126913547515869e-01
1.245679974555969238e+00
9.019555449485778809e-01
2.427426576614379883e+00
2.177573591470718384e-01
1.148821860551834106e-01
5.276445746421813965e-01
1.868080973625183105e+00
2.256098538637161255e-01
3.137870430946350098e-01
4.993733391165733337e-02
8.407076448202133179e-02
1.522728800773620605e-01
6.743248701095581055e-01
1.676650285720825195e+00
3.063948154449462891e+00
2.717546224594116211e-01
2.713006258010864258e+00
5.128124952316284180e-01
1.126657724380493164e+00
1.141533374786376953e+00
3.869712054729461670e-01
7.648467272520065308e-02
3.219188690185546875e+00
8.024114370346069336e-01
1.217001900076866150e-01
1.599885106086730957e+00
4.721506536006927490e-01
5.783454179763793945e-01
7.757963240146636963e-02
1.280748397111892700e-01
3.731378316879272461e-01
3.336202204227447510e-01
2.299648523330688477e+00
3.049841821193695068e-01
1.105710268020629883e+00
2.490584105253219604e-01
1.836529374122619629e-01
6.633768081665039062e-01
2.306732892990112305e+00
6.485583186149597168e-01
4.841394424438476562e-01
1.180434584617614746e+00
2.985321521759033203e+00
2.413724921643733978e-02
4.668619930744171143e-01
3.039677441120147705e-01
1.537116646766662598e+00
2.352892398834228516e+00
8.436557650566101074e-01
3.827023208141326904e-01
4.874799549579620361e-01
2.383014559745788574e-01
2.799286246299743652e-01
4.644875228404998779e-01
1.811934858560562134e-01
2.725683450698852539e-01
3.575007319450378418e-01
2.095037698745727539e-01
2.975577414035797119e-01
6.956692039966583252e-02
7.275434136390686035e-01
2.325292229652404785e-01
6.392001360654830933e-02
1.910729259252548218e-01
8.489664196968078613e-01
2.599617838859558105e-01
6.843854188919067383e-01
3.221497237682342529e-01
1.612690091133117676e+00
1.798972487449645996e-01
8.459416031837463379e-01
2.567136883735656738e-01
1.951338946819305420e-01
8.288310170173645020e-01
4.558429419994354248e-01
7.574512809514999390e-02
3.458934128284454346e-01
5.030395984649658203e-01
4.117746949195861816e-01
1.634392142295837402e-01
9.587038755416870117e-01
2.958898782730102539e+00
5.769231319427490234e-01
1.110569164156913757e-01
9.758834838867187500e-01
7.935379147529602051e-01
5.404610633850097656e-01
4.771950244903564453e-01
2.288546860218048096e-01
8.484885692596435547e-01
1.904045790433883667e-01
2.207604050636291504e-01
8.067033290863037109e-01
1.086116209626197815e-01
5.009892463684082031e+00
1.555898189544677734e+00
1.502928018569946289e+00
1.176241785287857056e-01
7.224801182746887207e-02
1.317352801561355591e-01
5.940061062574386597e-02
1.729121327400207520e+00
2.846400439739227295e-01
2.390345185995101929e-01
2.977910637855529785e-01
4.279297962784767151e-02
3.217131495475769043e-01
3.874614238739013672e-01
2.417739182710647583e-01
6.372338533401489258e-02
1.425535917282104492e+00
1.861907094717025757e-01
1.637272119522094727e+00
8.705473542213439941e-01
9.393037557601928711e-01
1.847548723220825195e+00
1.505020141601562500e+00
2.442461401224136353e-01
4.943382740020751953e-01
2.801710665225982666e-01
5.199611186981201172e-01
1.450028896331787109e+00
2.684023082256317139e-01
6.484457105398178101e-02
1.167098879814147949e+00
2.812195420265197754e-01
2.255173027515411377e-01
3.396697938442230225e-01
3.699295818805694580e-01
3.398191332817077637e-01
1.231859326362609863e+00
4.157993197441101074e-01
8.464848250150680542e-02
2.648579835891723633e+00
2.109581530094146729e-01
5.044489502906799316e-01
4.867569804191589355e-01
2.701908648014068604e-01
2.807078957557678223e-01
5.657795667648315430e-01
5.476729869842529297e-01
2.201722621917724609e+00
9.875765442848205566e-02
8.857356905937194824e-01
1.310670614242553711e+00
2.945357561111450195e-01
1.640355587005615234e-01
4.867697656154632568e-01
9.886240363121032715e-01
7.285228371620178223e-01
6.754468083381652832e-01
1.915712058544158936e-01
1.935224771499633789e+00
1.575686335563659668e-01
2.187585830688476562e+00
1.138332843780517578e+00
2.112326025962829590e-01
9.490773677825927734e-01
8.466271162033081055e-01
3.992216289043426514e-01
3.511382341384887695e-01
1.609649658203125000e+00
4.756362438201904297e-01
6.888710856437683105e-01
2.546183168888092041e-01
1.724093556404113770e-01
3.793330192565917969e-01
4.221588969230651855e-01
3.643815219402313232e-01
1.295413732528686523e+00
4.374387562274932861e-01
1.418184936046600342e-01
5.002170801162719727e-01
2.006759494543075562e-01
1.579412072896957397e-01
6.300215125083923340e-01
3.528569638729095459e-01
7.515304684638977051e-01
3.251250460743904114e-02
7.728095352649688721e-02
3.652299642562866211e+00
1.698289662599563599e-01
2.276443541049957275e-01
2.252445071935653687e-01
3.090488612651824951e-01
1.490961611270904541e-01
3.665810227394104004e-01
1.519406914710998535e+00
1.336890339851379395e+00
1.010359406471252441e+00
4.403886795043945312e-01
9.915287792682647705e-02
6.618062257766723633e-01
2.442454695701599121e-01
2.651091516017913818e-01
1.939091980457305908e-01
5.802360177040100098e-01
1.007036715745925903e-01
6.303377151489257812e-01
2.104737758636474609e-01
1.613262176513671875e+00
3.755263686180114746e-01
2.101401388645172119e-01
1.016715392470359802e-01
1.028922557830810547e+00
2.872297763824462891e-01
8.986707329750061035e-01
5.864664912223815918e-01
3.459065258502960205e-01
1.370262950658798218e-01
8.246009796857833862e-02
2.883595228195190430e-01
3.585766851902008057e-01
7.324630618095397949e-01
1.630166471004486084e-01
1.152464747428894043e-01
3.025299012660980225e-01
2.977149486541748047e-01
2.230253368616104126e-01
3.065123260021209717e-01
2.342136353254318237e-01
4.592517316341400146e-01
2.314301282167434692e-01
3.463018834590911865e-01
1.187791466712951660e+00
2.635698318481445312e-01
5.511767864227294922e-01
3.162058293819427490e-01
5.910631418228149414e-01
1.470880150794982910e+00
1.026520282030105591e-01
1.417971700429916382e-01
8.384188413619995117e-01
3.095515668392181396e-01
4.335843920707702637e-01
6.997036933898925781e-01
3.492573201656341553e-01
7.677989006042480469e-01
5.223715901374816895e-01
1.575625061988830566e+00
2.333188295364379883e+00
6.282311677932739258e-02
1.258113980293273926e-01
4.204143881797790527e-01
3.609566092491149902e-01
2.260302752256393433e-01
1.864621043205261230e-01
8.141458034515380859e-01
2.174724042415618896e-01
1.430652588605880737e-01
3.072748482227325439e-01
2.455837279558181763e-01
4.145111441612243652e-01
4.486975967884063721e-01
5.209914445877075195e-01
2.326503247022628784e-01
9.709274023771286011e-02
6.463827192783355713e-02
3.373638391494750977e-01
3.490097522735595703e+00
1.052281618118286133e+00
2.439901679754257202e-01
3.719704449176788330e-01
1.252206414937973022e-01
1.530690640211105347e-01
1.023674130439758301e+00
6.360770761966705322e-02
1.103722006082534790e-01
4.519132077693939209e-01
3.252571225166320801e-01
7.512785494327545166e-02
9.767842292785644531e-02
2.000394761562347412e-01
9.513100385665893555e-01
8.332279920578002930e-01
3.625855147838592529e-01
5.803302526473999023e-01
5.707107186317443848e-01
5.387278199195861816e-01
2.404632419347763062e-01
9.178899526596069336e-01
3.668683171272277832e-01
2.162599116563796997e-01
1.878123402595520020e+00
1.073046565055847168e+00
6.450376510620117188e-01
1.909667491912841797e+00
9.272584319114685059e-01
1.150738820433616638e-01
6.915687024593353271e-02
1.090962529182434082e+00
1.025667265057563782e-01
1.736140698194503784e-01
3.054013848304748535e-01
1.594699770212173462e-01
1.650239229202270508e+00
6.820571899414062500e+00
5.439656376838684082e-01
1.391196489334106445e+00
2.144897580146789551e-01
8.191271424293518066e-01
3.110265731811523438e-01
2.490589171648025513e-01
5.658650770783424377e-02
8.453158140182495117e-01
2.901932299137115479e-01
7.575210332870483398e-01
3.625535964965820312e-01
1.247515752911567688e-01
5.091179609298706055e-01
1.559194773435592651e-01
2.678905725479125977e-01
1.640325427055358887e+00
2.141072511672973633e+00
9.219049662351608276e-02
3.401837050914764404e-01
2.297221422195434570e+00
2.710366249084472656e-01
1.552806496620178223e-01
8.770092129707336426e-01
4.407221376895904541e-01
4.477257430553436279e-01
3.363838493824005127e-01
1.244750976562500000e+00
1.721303761005401611e-01
7.837933301925659180e-02
4.022794663906097412e-01
5.813374519348144531e-01
3.152817189693450928e-01
2.880832552909851074e-01
1.235071182250976562e+00
5.525729656219482422e-01
1.240282058715820312e+00
5.412145256996154785e-01
1.308542788028717041e-01
3.657370805740356445e-01
2.839005887508392334e-01
8.121438026428222656e-01
1.075651496648788452e-01
9.754187464714050293e-01
9.374217689037322998e-02
5.196623206138610840e-01
5.346926674246788025e-02
8.598675727844238281e-01
8.615671396255493164e-01
6.415212154388427734e-01
4.053534567356109619e-01
4.516524970531463623e-01
2.588322758674621582e-01
7.978771924972534180e-01
1.724115729331970215e+00
6.394597887992858887e-01
1.826703175902366638e-02
2.810244560241699219e-01
2.498887181282043457e-01
7.202004790306091309e-01
6.930614113807678223e-01
2.584914863109588623e-01
1.342728376388549805e+00
7.595878243446350098e-01
3.473536670207977295e-01
1.135723352432250977e+00
6.396182179450988770e-01
9.267009496688842773e-01
7.827638387680053711e-01
1.618628203868865967e-01
1.290926098823547363e+00
6.570508480072021484e-01
3.124596834182739258e+00
1.633343577384948730e+00
1.145711779594421387e+00
1.305045187473297119e-01
4.251732826232910156e-01
1.658774256706237793e+00
5.912688255310058594e+00
3.223879337310791016e+00
6.744079589843750000e-01
7.341618061065673828e+00
6.642848491668701172e+00
2.400662899017333984e+00
8.010261058807373047e-01
4.247394084930419922e+00
1.368602514266967773e+00
7.226961135864257812e+00
9.598923921585083008e-01
1.189027428627014160e+00
4.503752291202545166e-01
4.307509362697601318e-01
3.522372007369995117e+00
1.332243919372558594e+00
1.148378491401672363e+00
4.287594556808471680e-01
1.209992885589599609e+00
2.878225564956665039e+00
2.555508852005004883e+00
6.353577136993408203e+00
1.831255912780761719e+00
1.573559570312500000e+01
1.946745991706848145e+00
1.222565054893493652e+00
5.043032646179199219e+00
4.155686378479003906e+00
1.084622383117675781e+01
1.425488591194152832e+00
5.908303856849670410e-01
2.069348335266113281e+00
7.848217964172363281e+00
1.011654973030090332e+00
1.421892166137695312e+00
1.907377094030380249e-01
2.061933428049087524e-01
6.109043955802917480e-01
2.878671884536743164e+00
4.361730575561523438e+00
1.001942634582519531e+01
8.075177073478698730e-01
8.688855171203613281e+00
2.766073942184448242e+00
2.776984453201293945e+00
8.767034530639648438e+00
1.494684457778930664e+00
6.720789670944213867e-01
1.568342590332031250e+01
4.633235931396484375e+00
6.799438595771789551e-01
8.552103996276855469e+00
2.789094686508178711e+00
2.398957967758178711e+00
1.548846513032913208e-01
3.449219465255737305e-01
8.944751024246215820e-01
7.968361973762512207e-01
9.143733024597167969e+00
1.554191708564758301e+00
6.041746139526367188e+00
9.021696448326110840e-01
7.102054357528686523e-01
1.933607816696166992e+00
7.967336654663085938e+00
1.703607797622680664e+00
2.673579931259155273e+00
3.599793195724487305e+00
1.925889015197753906e+01
5.061713233590126038e-02
1.958126068115234375e+00
1.262688875198364258e+00
4.210356235504150391e+00
8.574506759643554688e+00
2.862948417663574219e+00
2.122187137603759766e+00
1.643732190132141113e+00
1.297509551048278809e+00
1.822047114372253418e+00
1.515437960624694824e+00
5.889002680778503418e-01
1.532381057739257812e+00
2.258633852005004883e+00
1.016443490982055664e+00
8.298741579055786133e-01
4.179021716117858887e-01
3.594389438629150391e+00
9.557718038558959961e-01
2.767122983932495117e-01
1.137555122375488281e+00
3.437624931335449219e+00
1.107772350311279297e+00
2.571979999542236328e+00
1.878899455070495605e+00
1.198966217041015625e+01
6.901916861534118652e-01
4.866736888885498047e+00
1.104489564895629883e+00
7.412053346633911133e-01
1.230245828628540039e+00
2.206310272216796875e+00
2.978878021240234375e-01
2.566932201385498047e+00
2.969279527664184570e+00
1.520831346511840820e+00
5.703052878379821777e-01
4.526887893676757812e+00
1.334201526641845703e+01
1.798815011978149414e+00
4.817534387111663818e-01
3.367869615554809570e+00
2.101475000381469727e+00
1.799541473388671875e+00
1.892794132232666016e+00
9.589792490005493164e-01
2.690816402435302734e+00
1.028574705123901367e+00
1.097042083740234375e+00
3.673763036727905273e+00
3.851233422756195068e-01
3.251513290405273438e+01
1.241340732574462891e+01
8.988497734069824219e+00
5.927453041076660156e-01
4.788204133510589600e-01
6.097333431243896484e-01
3.015338778495788574e-01
8.569521903991699219e+00
1.699993848800659180e+00
5.452148318290710449e-01
1.173622488975524902e+00
1.771265566349029541e-01
9.250069856643676758e-01
2.031230688095092773e+00
9.612135291099548340e-01
1.529200077056884766e-01
4.603987216949462891e+00
5.615893602371215820e-01
4.438609600067138672e+00
5.516364574432373047e+00
2.430104732513427734e+00
6.271643161773681641e+00
5.305778026580810547e+00
8.457450866699218750e-01
2.469545364379882812e+00
9.379954934120178223e-01
1.872259736061096191e+00
5.946164131164550781e+00
1.046879410743713379e+00
2.761012017726898193e-01
4.151840686798095703e+00
1.158431053161621094e+00
1.080723524093627930e+00
1.320135235786437988e+00
1.489133358001708984e+00
1.996498584747314453e+00
5.106326103210449219e+00
2.431763648986816406e+00
3.172276020050048828e-01
5.236545085906982422e+00
1.203996896743774414e+00
3.170633316040039062e+00
1.391576766967773438e+00
9.147084951400756836e-01
8.505814671516418457e-01
2.838997125625610352e+00
2.432245016098022461e+00
9.627968788146972656e+00
4.242881536483764648e-01
4.262585163116455078e+00
5.844527244567871094e+00
1.237683534622192383e+00
5.298028588294982910e-01
3.268549919128417969e+00
4.113718986511230469e+00
3.472570180892944336e+00
4.154617309570312500e+00
1.133513808250427246e+00
7.340354919433593750e+00
4.283830225467681885e-01
9.964508056640625000e+00
3.933286666870117188e+00
4.940304458141326904e-01
4.193281173706054688e+00
4.189148902893066406e+00
7.453365921974182129e-01
1.735581398010253906e+00
1.086336898803710938e+01
2.100508213043212891e+00
2.102165222167968750e+00
6.438580751419067383e-01
6.697215437889099121e-01
1.158536791801452637e+00
2.217118024826049805e+00
1.637738585472106934e+00
5.960963249206542969e+00
2.047597885131835938e+00
5.641462802886962891e-01
1.899098157882690430e+00
1.510392308235168457e+00
6.247392296791076660e-01
3.090308666229248047e+00
1.501992106437683105e+00
1.679352641105651855e+00
1.111549064517021179e-01
2.808183729648590088e-01
1.028237915039062500e+01
1.123312830924987793e+00
1.010864734649658203e+00
1.279660105705261230e+00
1.535671830177307129e+00
6.461810469627380371e-01
2.040801525115966797e+00
7.353008747100830078e+00
6.835529327392578125e+00
2.125296115875244141e+00
2.038252830505371094e+00
5.515688061714172363e-01
1.991546154022216797e+00
1.057610154151916504e+00
1.458684086799621582e+00
6.618490219116210938e-01
2.980035066604614258e+00
4.294539690017700195e-01
4.391234874725341797e+00
7.910380959510803223e-01
7.919407367706298828e+00
1.121209502220153809e+00
1.406346440315246582e+00
3.205132484436035156e-01
3.508614540100097656e+00
1.236709475517272949e+00
6.548097133636474609e+00
2.840429306030273438e+00
1.048764109611511230e+00
2.214811444282531738e-01
2.793233394622802734e-01
8.074390888214111328e-01
2.251058101654052734e+00
2.357148885726928711e+00
1.321567416191101074e+00
5.177810192108154297e-01
1.170864820480346680e+00
1.600432515144348145e+00
1.242797493934631348e+00
9.397755265235900879e-01
1.165305852890014648e+00
2.892850875854492188e+00
5.885283946990966797e-01
1.232591748237609863e+00
4.035557746887207031e+00
1.240272402763366699e+00
3.115665197372436523e+00
2.401642560958862305e+00
1.582001447677612305e+00
6.963064670562744141e+00
5.040604472160339355e-01
2.775815427303314209e-01
5.146494865417480469e+00
1.493840456008911133e+00
2.451344490051269531e+00
2.233681678771972656e+00
1.247561812400817871e+00
3.263689994812011719e+00
1.947602391242980957e+00
1.117194461822509766e+01
5.757523059844970703e+00
4.465457797050476074e-01
5.046339631080627441e-01
1.235551238059997559e+00
2.164560079574584961e+00
1.297831654548645020e+00
9.088455438613891602e-01
1.791854619979858398e+00
1.049838304519653320e+00
5.076248049736022949e-01
1.238347887992858887e+00
1.633655548095703125e+00
1.200914263725280762e+00
2.049157142639160156e+00
1.515788078308105469e+00
9.786013364791870117e-01
9.378178119659423828e-01
1.301072984933853149e-01
2.119307041168212891e+00
1.160837078094482422e+01
2.887060403823852539e+00
1.160611033439636230e+00
8.848745822906494141e-01
7.724019885063171387e-01
8.723517060279846191e-01
3.600159168243408203e+00
3.229224979877471924e-01
3.918948173522949219e-01
2.439340353012084961e+00
1.455988049507141113e+00
4.143508374691009521e-01
2.811203896999359131e-01
1.129587888717651367e+00
3.587902307510375977e+00
2.595604181289672852e+00
1.242781519889831543e+00
2.260698795318603516e+00
1.875945091247558594e+00
3.054581880569458008e+00
1.838561773300170898e+00
2.277486085891723633e+00
2.044112920761108398e+00
9.910201430320739746e-01
9.318718910217285156e+00
3.569794416427612305e+00
2.289367914199829102e+00
7.991840839385986328e+00
2.787124872207641602e+00
2.673626244068145752e-01
4.162167310714721680e-01
3.024754762649536133e+00
4.125330150127410889e-01
5.394392609596252441e-01
7.729239463806152344e-01
5.451178550720214844e-01
7.959347248077392578e+00
1.745154380798339844e+01
2.143803358078002930e+00
5.158482074737548828e+00
8.602015972137451172e-01
3.443942785263061523e+00
1.248995423316955566e+00
1.248549580574035645e+00
3.265814781188964844e-01
3.597059011459350586e+00
1.648817539215087891e+00
2.343068361282348633e+00
1.218016266822814941e+00
8.664276003837585449e-01
4.406109809875488281e+00
7.188270092010498047e-01
6.525242924690246582e-01
4.678217887878417969e+00
6.691415309906005859e+00
6.053537130355834961e-01
1.957426309585571289e+00
7.582208633422851562e+00
7.807693481445312500e-01
9.275910854339599609e-01
3.396884918212890625e+00
1.952527403831481934e+00
9.619444012641906738e-01
1.612750411033630371e+00
4.085530281066894531e+00
5.661313533782958984e-01
3.405345976352691650e-01
3.143307924270629883e+00
1.650393366813659668e+00
1.523119091987609863e+00
1.953287363052368164e+00
8.549687385559082031e+00
3.710902214050292969e+00
4.521626472473144531e+00
1.865493416786193848e+00
7.423236370086669922e-01
1.680089116096496582e+00
1.132381319999694824e+00
2.225018501281738281e+00
3.922844529151916504e-01
4.310062408447265625e+00
4.069362282752990723e-01
2.669110059738159180e+00
2.193920314311981201e-01
2.620969772338867188e+00
7.014647483825683594e+00
5.415142059326171875e+00
2.056351184844970703e+00
2.398063898086547852e+00
1.215579152107238770e+00
3.409083127975463867e+00
5.307590484619140625e+00
3.889422178268432617e+00
6.540401279926300049e-02
1.320344924926757812e+00
1.211881875991821289e+00
3.477638244628906250e+00
4.360622406005859375e+00
8.606018424034118652e-01
3.106275081634521484e+00
2.833967685699462891e+00
1.709205865859985352e+00
4.742692470550537109e+00
2.628503561019897461e+00
3.296799898147583008e+00
3.047749996185302734e+00
6.430314779281616211e-01
5.481432914733886719e+00
3.325986623764038086e+00
7.365790843963623047e+00
8.169830322265625000e+00
4.534096240997314453e+00
6.139147877693176270e-01
2.220762729644775391e+00
