8.162814378738403320e-02
1.994648128747940063e-01
4.922807216644287109e-02
3.369187237694859505e-03
5.264603719115257263e-02
7.007485628128051758e-01
2.751505188643932343e-02
1.108404342085123062e-02
6.084828078746795654e-02
1.540840119123458862e-01
1.749505847692489624e-01
6.577309221029281616e-02
8.952376246452331543e-02
1.531429681926965714e-02
1.476607285439968109e-02
5.349341779947280884e-02
3.606504760682582855e-03
2.598796039819717407e-02
2.639887854456901550e-02
1.012259535491466522e-02
1.424955669790506363e-02
1.419712975621223450e-02
1.618259549140930176e-01
2.689757756888866425e-02
3.815702438354492188e+00
8.798136375844478607e-03
3.599523380398750305e-02
1.709238588809967041e-01
2.499790191650390625e-01
1.188128471374511719e+00
3.031638218089938164e-03
1.029762555845081806e-03
6.346914172172546387e-02
1.972065567970275879e-01
1.686113327741622925e-02
2.128981053829193115e-01
1.747015491127967834e-02
1.714341458864510059e-03
5.378240719437599182e-02
2.108021080493927002e-02
5.354065299034118652e-01
1.628479808568954468e-01
3.374956548213958740e-02
3.953801631927490234e+00
2.471505999565124512e-01
1.228765547275543213e-01
2.308478206396102905e-02
1.214239835739135742e+00
2.420594217255711555e-03
3.888764381408691406e-01
1.303389668464660645e-01
5.716840177774429321e-02
3.681999742984771729e-01
6.274446845054626465e-02
3.567252308130264282e-03
6.310647819191217422e-03
7.216195110231637955e-03
1.158820018172264099e-01
2.060564421117305756e-02
1.641399192810058594e+01
1.607733406126499176e-02
6.286842823028564453e+00
1.624703407287597656e-02
2.254396677017211914e-02
1.551368236541748047e-01
1.896867007017135620e-01
4.121780693531036377e-01
6.639679521322250366e-02
1.932631969451904297e+00
7.432965040206909180e-01
2.936635864898562431e-04
5.628506541252136230e-01
5.036534275859594345e-03
8.061057329177856445e-01
1.362354010343551636e-01
4.192326590418815613e-02
1.397880353033542633e-02
3.740886226296424866e-02
2.756480127573013306e-02
2.957602962851524353e-02
3.773800432682037354e-01
3.000731579959392548e-02
1.037421524524688721e-01
1.693295431323349476e-03
5.166306160390377045e-03
5.299360956996679306e-03
2.241621259599924088e-04
2.653877995908260345e-02
8.317850232124328613e-01
1.504151266999542713e-03
1.540334522724151611e-02
6.839743256568908691e-02
1.426492724567651749e-02
4.716807231307029724e-02
2.457929588854312897e-02
6.952965855598449707e-01
1.947898119688034058e-01
4.932557642459869385e-01
9.108933620154857635e-03
1.703932434320449829e-01
1.251535654067993164e+00
5.885783210396766663e-02
5.582977086305618286e-03
2.673720940947532654e-02
4.951088130474090576e-02
2.778294980525970459e-01
6.839278340339660645e-02
8.558089286088943481e-02
5.299378037452697754e-01
7.185523957014083862e-02
1.893641799688339233e-02
1.548294275999069214e-01
1.194825246930122375e-01
6.195579171180725098e-01
4.399488866329193115e-02
8.800056576728820801e-02
7.524110376834869385e-02
2.377098612487316132e-02
6.577696185559034348e-03
2.141866087913513184e-02
2.552216174080967903e-03
3.756953811645507812e+01
4.327344596385955811e-01
9.597157239913940430e-01
9.669149294495582581e-04
4.648606106638908386e-02
1.785465888679027557e-02
8.036179351620376110e-04
1.833803057670593262e-01
4.861177131533622742e-02
6.810975670814514160e-01
1.295088678598403931e-01
8.367002010345458984e-03
2.755418187007308006e-03
3.340439870953559875e-02
7.889058440923690796e-03
2.117888443171977997e-02
9.016730189323425293e-01
1.107529178261756897e-01
9.573931694030761719e-01
4.962712526321411133e-02
1.821300201117992401e-02
2.929859161376953125e+00
9.959037303924560547e-01
4.649081230163574219e+00
1.134378835558891296e-01
2.539944648742675781e-01
6.282640993595123291e-02
1.657908558845520020e-01
3.364237770438194275e-02
2.241793461143970490e-02
5.211530923843383789e-01
1.348527669906616211e-01
6.573893129825592041e-02
2.282289117574691772e-01
6.915688514709472656e-02
2.546412311494350433e-02
3.912675753235816956e-02
1.910606632009148598e-03
3.765220753848552704e-03
1.601158082485198975e-01
3.037737496197223663e-02
8.344564586877822876e-02
1.377142965793609619e-01
1.168571233749389648e+00
2.796131074428558350e-01
3.726750314235687256e-01
2.466701716184616089e-01
2.337397813796997070e+00
3.864711849018931389e-03
2.274715900421142578e-01
1.918796300888061523e-01
2.844921546056866646e-03
3.140018880367279053e-02
8.511834591627120972e-02
1.005852580070495605e+00
4.850943759083747864e-02
5.246004834771156311e-02
3.516505286097526550e-02
9.261230826377868652e-01
1.210058331489562988e-01
6.262018531560897827e-02
1.494084000587463379e-01
5.892110988497734070e-02
1.770369052886962891e+00
9.178797900676727295e-02
4.130942746996879578e-02
3.453599289059638977e-02
3.254144787788391113e-01
4.711263999342918396e-02
9.770026206970214844e-01
4.857592657208442688e-02
8.360146312043070793e-04
5.494876578450202942e-02
1.470456272363662720e-01
5.884684249758720398e-02
1.167165264487266541e-01
4.306131973862648010e-02
4.747424740344285965e-03
2.738952636718750000e-01
5.572822410613298416e-03
5.573204904794692993e-02
6.434547901153564453e-02
4.295104369521141052e-02
3.739864006638526917e-02
1.055249944329261780e-02
9.227479994297027588e-02
1.041865921020507812e+01
7.038834504783153534e-03
3.790359245613217354e-03
1.969403959810733795e-02
5.089537426829338074e-02
1.339434762485325336e-03
6.004454493522644043e-01
7.103701680898666382e-02
1.481305003166198730e+00
5.194184780120849609e-01
1.811498217284679413e-02
2.022536238655447960e-03
1.015748977661132812e+00
1.062993288040161133e+00
4.737334791570901871e-03
1.511277351528406143e-02
2.281174063682556152e-02
3.080407332163304090e-04
1.735428571701049805e-01
4.934045951813459396e-03
1.434561133384704590e+00
1.202257126569747925e-01
2.008355222642421722e-02
2.506591938436031342e-02
3.088938817381858826e-02
1.774659007787704468e-02
3.331721946597099304e-02
2.887984178960323334e-02
2.358662337064743042e-01
9.715855121612548828e-02
3.609038656577467918e-03
2.462369501590728760e-01
2.984957071021199226e-03
2.339927405118942261e-01
2.077687531709671021e-02
1.296173632144927979e-01
9.339371696114540100e-03
1.531434804201126099e-02
2.785574272274971008e-02
1.072137355804443359e-01
4.819001257419586182e-02
5.892283841967582703e-02
1.133103817701339722e-01
8.528654277324676514e-02
8.220040202140808105e-01
8.862169925123453140e-04
3.834454715251922607e-01
1.328558474779129028e-01
1.535602211952209473e-01
2.301440238952636719e+00
8.549948036670684814e-02
3.875267505645751953e-02
4.397364333271980286e-02
1.627281308174133301e-02
5.107261240482330322e-03
3.257881999015808105e-01
6.310598552227020264e-02
1.514717936515808105e-02
3.444001078605651855e-01
5.556996446102857590e-03
1.382477283477783203e+00
1.299072988331317902e-03
2.275272086262702942e-02
5.399346828460693359e+00
2.082286775112152100e-01
9.659509360790252686e-02
5.087784025818109512e-03
1.988834002986550331e-03
2.552196010947227478e-02
4.064251109957695007e-02
2.286756224930286407e-02
1.444558501243591309e-01
5.854926705360412598e-01
5.686659216880798340e-01
9.754706919193267822e-02
3.223728388547897339e-02
1.223945524543523788e-02
1.230558264069259167e-03
1.603808440268039703e-02
3.616770505905151367e+00
1.968022704124450684e+00
1.156085822731256485e-02
1.002555713057518005e-01
1.576900854706764221e-02
1.107764989137649536e-02
2.640847563743591309e-01
1.967251859605312347e-02
4.726677667349576950e-03
1.666442491114139557e-02
2.962690033018589020e-02
5.499164760112762451e-02
1.169183135032653809e+00
1.516494750976562500e-01
2.198382377624511719e+00
1.890932321548461914e-01
2.087942957878112793e-01
1.605066299438476562e+00
4.118173122406005859e-01
2.223380096256732941e-02
8.642615750432014465e-03
1.763131171464920044e-01
1.412419527769088745e-01
2.942118942737579346e-01
1.346351742744445801e+00
1.594765037298202515e-01
1.215470209717750549e-01
1.916875243186950684e-01
1.202843710780143738e-02
8.019831776618957520e-02
3.893134882673621178e-03
1.147595524787902832e+00
2.053226111456751823e-03
1.267755962908267975e-02
1.648204773664474487e-01
2.481843810528516769e-03
8.290405571460723877e-02
4.071924388408660889e-01
4.686804860830307007e-02
3.205959081649780273e+00
7.259120699018239975e-03
9.067529812455177307e-03
1.971040666103363037e-02
7.429320830851793289e-03
2.271410776302218437e-03
3.142820119857788086e+00
2.701348811388015747e-02
4.074400290846824646e-02
2.273846790194511414e-02
2.655500732362270355e-02
2.706516534090042114e-02
1.595724746584892273e-02
1.097461879253387451e-01
4.195717871189117432e-01
4.643466323614120483e-02
1.772705349139869213e-03
7.527074310928583145e-03
1.306151866912841797e+00
2.338602440431714058e-03
1.507454924285411835e-02
5.970764160156250000e-01
5.963835716247558594e-01
6.442294269800186157e-02
2.119227200746536255e-01
1.474717557430267334e-01
7.405362278223037720e-02
5.169201176613569260e-04
1.868804544210433960e-02
6.406705826520919800e-02
4.095370415598154068e-03
2.004096284508705139e-02
1.045132502913475037e-01
1.346872150897979736e-01
1.580072492361068726e-01
4.430124163627624512e-02
1.085247471928596497e-02
6.792880594730377197e-02
3.126990050077438354e-02
4.152263402938842773e-01
5.100083351135253906e-02
9.010039269924163818e-02
5.600914359092712402e-03
3.804359138011932373e-01
1.045156852342188358e-03
1.117149069905281067e-01
2.916796691715717316e-02
3.875914096832275391e+00
7.123922556638717651e-02
3.705233335494995117e-01
5.299414042383432388e-03
1.574763841927051544e-02
2.188778109848499298e-02
1.897276937961578369e-02
1.226268801838159561e-02
5.856950581073760986e-02
1.039461605250835419e-02
6.866164207458496094e-01
5.543880462646484375e-01
9.550523757934570312e-02
2.274989366531372070e+00
1.347934627532958984e+01
1.989182643592357635e-02
1.461620349436998367e-02
4.330202064011245966e-04
6.397149711847305298e-02
5.896949768066406250e-02
5.318991094827651978e-02
1.175974845886230469e+01
1.156265498138964176e-03
2.981044769287109375e+00
1.984262466430664062e-01
3.022619523108005524e-02
1.171333622187376022e-02
1.240290701389312744e-02
3.643140077590942383e+00
2.391379356384277344e+01
2.985640907287597656e+01
2.387337386608123779e-01
7.661313056945800781e+00
2.122676849365234375e+00
6.433902740478515625e+01
5.581145763397216797e+00
8.428610229492187500e+01
4.794178962707519531e+00
5.444739913940429688e+01
1.666199874877929688e+01
6.760206222534179688e+00
4.178805351257324219e-01
1.505136489868164062e+01
2.875247573852539062e+01
1.119911670684814453e+01
7.861672210693359375e+01
1.998445701599121094e+01
2.660817384719848633e+00
3.593056201934814453e+00
2.567377328872680664e+00
1.116688156127929688e+01
1.196716117858886719e+01
1.867691993713378906e+01
1.134115338325500488e+00
1.468148040771484375e+01
1.147825088500976562e+02
2.231775360107421875e+02
1.905708503723144531e+01
1.851609945297241211e+00
1.622552394866943359e+00
2.440590620040893555e+00
2.572685241699218750e+02
1.420853137969970703e+00
1.808818054199218750e+01
5.307411551475524902e-01
1.944630444049835205e-01
1.971081137657165527e+00
2.137842941284179688e+01
8.191152343750000000e+02
1.601720237731933594e+01
5.544087886810302734e-01
7.824684906005859375e+01
1.311876296997070312e+01
8.687587738037109375e+01
7.846538543701171875e+01
1.346104049682617188e+01
1.481176853179931641e+00
1.525763549804687500e+02
3.142148399353027344e+01
6.743771076202392578e+00
1.346494102478027344e+01
4.840329360961914062e+01
4.979106426239013672e+00
8.132973313331604004e-01
1.442763447761535645e+00
1.337321996688842773e+00
3.562826395034790039e+00
1.417198486328125000e+02
3.376464462280273438e+01
1.641678924560546875e+02
1.146190881729125977e+00
6.410229206085205078e+00
2.243524789810180664e+00
2.027438735961914062e+01
7.680785179138183594e+00
5.466234130859375000e+02
7.663249511718750000e+02
3.949447631835937500e+01
5.953237786889076233e-02
3.091949653625488281e+01
1.328939795494079590e+00
8.205205535888671875e+01
1.125537490844726562e+01
6.780161857604980469e+00
4.413567185401916504e-01
1.671681880950927734e+00
2.212988662719726562e+01
2.027807235717773438e+01
1.624699592590332031e+01
2.173912048339843750e+00
6.215869426727294922e+00
7.051309585571289062e+00
4.335123538970947266e+00
2.496879577636718750e+00
2.462982386350631714e-01
2.155683708190917969e+01
1.358998394012451172e+01
1.095950484275817871e+00
2.687774658203125000e+00
7.105955505371093750e+01
3.467328262329101562e+01
1.000981330871582031e+01
1.992351913452148438e+01
2.097495841979980469e+01
4.349193096160888672e+00
7.734888916015625000e+02
1.911874413490295410e+00
2.113308715820312500e+01
6.357827782630920410e-01
2.137898921966552734e+00
2.818577587604522705e-01
6.408618164062500000e+01
1.322229766845703125e+01
1.989966392517089844e+01
2.938570976257324219e+00
2.115586395263671875e+02
2.602208251953125000e+02
1.762467384338378906e+00
1.614762991666793823e-01
3.079120635986328125e+01
1.073540687561035156e+01
9.473208427429199219e+00
2.467951011657714844e+01
2.226192665100097656e+01
8.847899436950683594e+00
5.294070720672607422e+00
1.041303730010986328e+01
8.231170654296875000e+00
1.364749717712402344e+01
2.799531005859375000e+03
2.216243438720703125e+02
2.180677223205566406e+01
2.806212425231933594e+00
1.198653259277343750e+02
7.645561695098876953e+00
1.780941367149353027e+00
2.013107299804687500e+02
6.082777786254882812e+01
1.546261215209960938e+01
1.439416122436523438e+01
1.485793888568878174e-01
2.385826349258422852e+00
8.662743568420410156e-01
1.037439823150634766e+00
4.039682388305664062e+00
8.451589965820312500e+01
3.417258071899414062e+01
5.108220291137695312e+01
7.366397094726562500e+01
4.306887984275817871e-01
2.171003417968750000e+02
2.846069145202636719e+01
6.376459503173828125e+01
1.129626750946044922e+01
1.864717254638671875e+02
1.348653554916381836e+00
2.203159523010253906e+01
4.670639801025390625e+01
1.512971520423889160e+00
2.035216827392578125e+02
1.994773101806640625e+01
9.571904540061950684e-01
6.680474853515625000e+01
6.537177085876464844e+00
1.178923964500427246e+00
9.812197089195251465e-01
6.027131080627441406e-01
1.189760804176330566e+00
1.586903228759765625e+02
7.971388244628906250e+01
5.403876876831054688e+01
9.368252754211425781e+00
2.669412231445312500e+01
2.636629343032836914e+00
1.761972045898437500e+01
6.401052856445312500e+01
2.507391357421875000e+02
9.834566712379455566e-01
1.359053802490234375e+01
1.885997161865234375e+02
1.395258545875549316e+00
3.906695604324340820e+00
1.163196411132812500e+02
1.323066711425781250e+01
3.687474489212036133e+00
1.740198135375976562e+01
3.191252708435058594e+00
2.291447257995605469e+01
1.491950750350952148e+00
3.254863357543945312e+01
6.942332458496093750e+01
2.005017548799514771e-01
1.256991577148437500e+03
1.360089111328125000e+01
1.268729686737060547e+00
4.134847164154052734e+00
9.855204010009765625e+01
1.358093070983886719e+01
1.930708885192871094e+00
7.903372764587402344e+00
1.581710100173950195e+00
1.743223190307617188e+01
1.657916831970214844e+01
2.706864774227142334e-01
9.114545822143554688e+00
1.801760673522949219e+00
9.729481935501098633e-01
3.188269138336181641e+00
8.001142501831054688e+00
2.064159631729125977e+00
7.079450130462646484e+00
8.027352333068847656e+00
3.429711914062500000e+01
3.576875030994415283e-01
7.400565147399902344e+00
6.584967803955078125e+01
6.419451713562011719e+00
1.664905357360839844e+01
1.149261093139648438e+01
4.801950454711914062e+00
8.797353506088256836e-01
3.931173706054687500e+02
9.128955841064453125e+00
2.882757568359375000e+01
3.794259548187255859e+00
1.035309524536132812e+02
6.111315488815307617e-01
7.289211273193359375e+01
8.450551147460937500e+02
2.286551594734191895e-01
6.868191361427307129e-01
5.814517974853515625e+01
1.229500055313110352e+00
2.251519927978515625e+02
4.751417160034179688e+00
4.827176570892333984e+00
1.216709733009338379e+00
5.789986133575439453e+00
4.143145382404327393e-01
1.663431739807128906e+01
8.174278140068054199e-01
6.098175430297851562e+01
3.204340457916259766e+00
2.627987861633300781e+01
7.847626209259033203e-01
2.098249912261962891e+00
6.290521621704101562e+00
8.991115689277648926e-01
9.990511322021484375e+01
8.145784378051757812e+00
4.578885078430175781e+00
3.155686855316162109e+00
1.717450904846191406e+01
5.055096054077148438e+01
5.535981750488281250e+01
3.249883055686950684e-01
1.675441284179687500e+02
3.755565881729125977e+00
7.106066226959228516e+00
1.413974952697753906e+01
1.515717625617980957e+00
1.005326156616210938e+02
2.663151168823242188e+01
4.439856529235839844e+00
1.847271156311035156e+01
5.572843551635742188e+00
3.139456033706665039e+00
1.191945419311523438e+02
2.444565773010253906e+01
2.336855316162109375e+01
1.212820148468017578e+01
4.940039443969726562e+01
1.698853302001953125e+01
4.511572265625000000e+01
3.014572334289550781e+01
1.177197952270507812e+02
1.493916064500808716e-01
7.016534805297851562e+00
5.100547485351562500e+02
4.574823760986328125e+01
6.732783508300781250e+01
4.134540259838104248e-01
3.645494878292083740e-01
1.316581344604492188e+01
6.977299690246582031e+00
1.071939849853515625e+01
1.273133373260498047e+01
2.417387723922729492e+00
1.187442493438720703e+01
5.099216938018798828e+00
3.379630088806152344e+00
4.572672843933105469e+00
6.790314316749572754e-01
2.271397829055786133e+00
1.416932830810546875e+02
9.564602661132812500e+01
4.387692928314208984e+00
1.979955291748046875e+01
1.319178581237792969e+01
5.474516868591308594e+00
1.306244506835937500e+03
3.509090185165405273e+00
2.247452926635742188e+01
6.644434928894042969e+00
1.979282188415527344e+01
5.422591018676757812e+01
4.355839729309082031e+00
2.207209968566894531e+01
3.831526947021484375e+01
4.193972396850585938e+01
1.434963703155517578e+01
1.738004760742187500e+02
5.190065383911132812e+00
4.727084159851074219e+00
7.168460083007812500e+01
6.588723659515380859e+00
1.026420307159423828e+01
1.826827850341796875e+02
1.100864868164062500e+02
1.019769515991210938e+02
4.565071105957031250e+02
8.415058851242065430e-01
3.530261516571044922e+00
6.778237223625183105e-01
1.780559301376342773e+00
7.494174957275390625e+00
1.772765874862670898e+00
8.600637316703796387e-01
3.351566791534423828e+00
7.796456217765808105e-01
2.718180847167968750e+02
1.518020725250244141e+01
1.177561798095703125e+02
5.864122009277343750e+01
3.119331359863281250e+00
2.992377281188964844e+01
9.980778694152832031e+00
1.297373867034912109e+01
9.234703779220581055e-01
7.811190185546875000e+02
8.387390899658203125e+01
9.072389602661132812e+00
2.679767990112304688e+01
6.951976013183593750e+01
3.585055541992187500e+02
9.436599731445312500e+00
1.559827327728271484e+00
2.068592453002929688e+01
6.514261960983276367e-01
1.032835483551025391e+01
6.852124023437500000e+01
1.596097373962402344e+01
1.677328109741210938e+00
2.044863700866699219e+00
1.078371353149414062e+02
2.078861999511718750e+02
3.177728271484375000e+01
1.978958511352539062e+01
1.287906074523925781e+01
2.605805993080139160e-01
9.476601332426071167e-02
1.930067253112792969e+01
8.237950325012207031e+00
2.529863357543945312e+00
1.411285877227783203e+01
9.829049682617187500e+01
9.541065979003906250e+01
2.269184684753417969e+01
2.411530733108520508e+00
1.534434676170349121e+00
3.833965301513671875e+00
5.596838951110839844e+00
7.982479858398437500e+01
2.420527219772338867e+00
2.256005096435546875e+01
5.733287334442138672e-01
4.830451965332031250e+00
1.413471698760986328e-01
3.856890439987182617e+00
1.847494964599609375e+02
1.664258203125000000e+04
6.191159248352050781e+00
2.131122970581054688e+01
3.067277908325195312e+00
2.352456569671630859e+00
3.890170669555664062e+01
1.133030166625976562e+02
1.177095174789428711e+00
1.426035404205322266e+00
6.267272949218750000e+00
6.086709213256835938e+01
3.410794448852539062e+01
3.456668615341186523e+00
1.127802734375000000e+02
3.690885009765625000e+02
2.582493543624877930e+00
2.589544773101806641e+00
2.471437215805053711e+00
3.079082489013671875e+01
2.233639955520629883e+00
3.384826183319091797e+00
3.258786926269531250e+02
1.211594772338867188e+01
3.797861480712890625e+01
8.996362304687500000e+02
4.778866195678710938e+01
1.434010982513427734e+00
4.916006088256835938e+01
