6.264776736497879028e-02
2.714495062828063965e-01
2.062717676162719727e-01
9.389848448336124420e-03
2.545921802520751953e-01
5.147216320037841797e-01
1.161269396543502808e-01
1.689433865249156952e-02
1.957311630249023438e-01
1.562703847885131836e-01
4.996832311153411865e-01
1.188913807272911072e-01
7.313060760498046875e-02
2.360197342932224274e-02
5.419927835464477539e-02
9.658109396696090698e-02
1.868518814444541931e-02
6.850887089967727661e-02
3.535905480384826660e-02
3.744135797023773193e-02
3.621461987495422363e-02
1.381250750273466110e-02
5.141834020614624023e-01
7.299201935529708862e-02
7.266843795776367188e+00
2.828848361968994141e-02
4.024903103709220886e-02
2.331542223691940308e-01
1.312185764312744141e+00
1.394081830978393555e+00
8.123888634145259857e-03
2.754015382379293442e-03
2.907699346542358398e-01
4.907653033733367920e-01
1.382258161902427673e-02
6.188244819641113281e-01
3.002677485346794128e-02
1.131672132760286331e-02
1.423418372869491577e-01
8.130556344985961914e-02
1.696382761001586914e+00
2.844229936599731445e-01
1.010800525546073914e-01
4.120211124420166016e+00
5.041380524635314941e-01
4.181549847126007080e-01
7.945841550827026367e-02
1.015684723854064941e+00
9.470572695136070251e-03
1.335593819618225098e+00
1.955990046262741089e-01
4.204008355736732483e-02
1.250470161437988281e+00
2.444766461849212646e-01
1.334885414689779282e-02
2.141586691141128540e-02
1.685270108282566071e-02
3.407275974750518799e-01
3.564831241965293884e-02
1.184270286560058594e+01
4.307249188423156738e-02
4.143245220184326172e+00
6.261875480413436890e-02
5.691761523485183716e-02
2.927154302597045898e-01
5.919823050498962402e-01
4.412016868591308594e-01
1.338684856891632080e-01
5.117630958557128906e+00
1.680430889129638672e+00
7.520663202740252018e-04
1.055572271347045898e+00
1.470915041863918304e-02
2.247523307800292969e+00
4.013464152812957764e-01
2.070633023977279663e-01
2.628438919782638550e-02
2.909354120492935181e-02
7.901461422443389893e-02
9.352193027734756470e-02
5.326276421546936035e-01
4.278712347149848938e-02
1.049557253718376160e-01
4.524111747741699219e-03
1.608556881546974182e-02
1.214555092155933380e-02
1.148100243881344795e-03
4.548149183392524719e-02
1.524224519729614258e+00
3.039625473320484161e-03
2.537468262016773224e-02
1.923691332340240479e-01
5.518630892038345337e-02
9.109231084585189819e-02
8.415126055479049683e-02
8.411731719970703125e-01
2.170310020446777344e-01
1.252957224845886230e+00
3.803899884223937988e-02
2.579590976238250732e-01
5.939850211143493652e-01
4.727407172322273254e-02
1.672363281250000000e-02
9.044039249420166016e-02
1.034224703907966614e-01
5.338153243064880371e-01
1.404097527265548706e-01
3.457833230495452881e-01
1.783120989799499512e+00
1.263699233531951904e-01
2.637578360736370087e-02
3.258599638938903809e-01
3.941018581390380859e-01
6.839103698730468750e-01
2.553704082965850830e-01
1.223143935203552246e-01
2.051594257354736328e-01
4.888708144426345825e-02
5.095332395285367966e-03
6.296869367361068726e-02
1.345960795879364014e-02
1.471247386932373047e+01
9.878107905387878418e-01
1.539558410644531250e+00
2.895594341680407524e-03
3.222551196813583374e-02
2.478247694671154022e-02
2.867933129891753197e-03
2.280351221561431885e-01
1.018584594130516052e-01
1.083474397659301758e+00
4.710403382778167725e-01
1.225186977535486221e-02
9.622598066926002502e-03
4.114007577300071716e-02
1.574743539094924927e-02
4.409290477633476257e-02
1.019926786422729492e+00
9.930656105279922485e-02
1.438245296478271484e+00
1.247221902012825012e-01
7.957684993743896484e-02
8.347673416137695312e+00
1.721847891807556152e+00
3.040980815887451172e+00
1.586440503597259521e-01
3.706915378570556641e-01
1.556379497051239014e-01
2.084633409976959229e-01
4.732879996299743652e-02
3.638920187950134277e-02
1.820733666419982910e+00
2.369366437196731567e-01
8.900099992752075195e-02
3.442871272563934326e-01
1.077603548765182495e-01
5.257917940616607666e-02
9.415981918573379517e-02
4.762082360684871674e-03
5.255441181361675262e-03
5.042947530746459961e-01
1.018099710345268250e-01
1.740835607051849365e-01
1.938895285129547119e-01
1.831858396530151367e+00
2.318241596221923828e-01
6.992000937461853027e-01
3.050935566425323486e-01
6.530132770538330078e+00
5.183997098356485367e-03
4.190384149551391602e-01
1.872077584266662598e-01
1.642032712697982788e-02
1.088139712810516357e-01
2.518126070499420166e-01
1.356277823448181152e+00
1.312930136919021606e-01
1.338241696357727051e-01
8.903463929891586304e-02
1.807746648788452148e+00
2.171109616756439209e-01
2.733036875724792480e-01
2.402346879243850708e-01
7.793295383453369141e-02
2.672255039215087891e+00
2.135444730520248413e-01
2.561897039413452148e-01
9.769155830144882202e-02
3.829771876335144043e-01
1.326155662536621094e-01
8.996315002441406250e-01
1.524115800857543945e-01
8.446408435702323914e-03
1.223994344472885132e-01
2.478023171424865723e-01
6.952311843633651733e-02
2.294499874114990234e-01
1.000008285045623779e-01
7.599447853863239288e-03
3.685259521007537842e-01
2.188103646039962769e-02
1.763741821050643921e-01
1.808006167411804199e-01
5.788600444793701172e-02
1.643497347831726074e-01
2.144749648869037628e-02
8.840773999691009521e-02
1.590740394592285156e+01
1.898284628987312317e-02
1.210888847708702087e-02
5.092683807015419006e-02
1.036886721849441528e-01
7.131382357329130173e-03
3.536649644374847412e-01
2.209715843200683594e-01
7.385064959526062012e-01
4.927563071250915527e-01
3.364124894142150879e-02
8.279138244688510895e-03
2.334875822067260742e+00
1.369027137756347656e+00
1.865226961672306061e-02
2.881633676588535309e-02
5.912325531244277954e-02
1.010218402370810509e-03
3.748586773872375488e-01
2.186006307601928711e-02
1.516307592391967773e+00
2.580566406250000000e-01
4.389233142137527466e-02
3.773282840847969055e-02
7.498909533023834229e-02
2.497833594679832458e-02
2.062668800354003906e-01
4.640615358948707581e-02
8.052772283554077148e-01
1.801770478487014771e-01
5.352830979973077774e-03
4.813981950283050537e-01
2.794206701219081879e-02
2.311617732048034668e-01
1.718958280980587006e-02
7.303961366415023804e-02
2.865583449602127075e-02
1.045500859618186951e-01
9.316338598728179932e-02
3.340418934822082520e-01
7.932939380407333374e-02
1.238629370927810669e-01
2.921949326992034912e-01
1.534065902233123779e-01
7.311483621597290039e-01
6.823915522545576096e-03
1.042409539222717285e+00
2.495102584362030029e-01
1.921206861734390259e-01
3.124582529067993164e+00
6.821617484092712402e-02
1.914871782064437866e-01
6.229903921484947205e-02
6.467030197381973267e-02
1.399731915444135666e-02
2.767602503299713135e-01
1.196137219667434692e-01
4.418673366308212280e-02
6.322435736656188965e-01
2.216787450015544891e-02
1.579901576042175293e+00
3.966095857322216034e-03
8.872669190168380737e-02
5.851851463317871094e+00
2.608148157596588135e-01
1.355009824037551880e-01
1.654176041483879089e-02
4.328583832830190659e-03
5.234095081686973572e-02
7.967548817396163940e-02
6.652091443538665771e-02
6.788101792335510254e-02
5.901520252227783203e-01
1.221256136894226074e+00
2.292192727327346802e-01
8.952357620000839233e-02
3.276219218969345093e-02
6.515037734061479568e-03
3.513821586966514587e-02
3.553637981414794922e+00
1.110381603240966797e+00
2.990627475082874298e-02
2.306121140718460083e-01
2.552765049040317535e-02
1.593105494976043701e-02
3.112788200378417969e-01
2.672918513417243958e-02
2.212101779878139496e-02
2.048562839627265930e-02
4.239030927419662476e-02
7.780040055513381958e-02
8.710693120956420898e-01
2.278473824262619019e-01
1.550341367721557617e+00
3.804430067539215088e-01
2.695208787918090820e-01
3.381404876708984375e+00
3.748555481433868408e-01
7.626787573099136353e-02
2.658356353640556335e-02
1.564039140939712524e-01
3.792216479778289795e-01
5.163541436195373535e-01
1.873683214187622070e+00
3.960219919681549072e-01
5.806474089622497559e-01
6.119942069053649902e-01
3.857003897428512573e-02
1.779883205890655518e-01
1.034777332097291946e-02
1.352329373359680176e+00
7.192707620561122894e-03
3.153931722044944763e-02
2.008441984653472900e-01
1.866004988551139832e-02
4.757958650588989258e-01
2.654172658920288086e+00
1.117469817399978638e-01
2.781855821609497070e+00
2.968508377671241760e-02
4.723479598760604858e-02
4.905920848250389099e-02
1.108865253627300262e-02
4.256996791809797287e-03
5.203522682189941406e+00
1.077754124999046326e-01
1.222571954131126404e-01
3.551788255572319031e-02
8.715438097715377808e-02
9.561147540807723999e-02
3.526887297630310059e-02
1.326403170824050903e-01
9.043230414390563965e-01
1.611558645963668823e-01
1.454010605812072754e-02
2.215096354484558105e-02
3.320869445800781250e+00
1.198179926723241806e-02
1.933782361447811127e-02
1.854100346565246582e+00
3.524604737758636475e-01
2.736078798770904541e-01
4.602189958095550537e-01
1.729736626148223877e-01
4.367951303720474243e-02
2.257127547636628151e-03
4.156141728162765503e-02
1.614359170198440552e-01
1.107925549149513245e-02
3.202370181679725647e-02
4.172433912754058838e-01
5.294145941734313965e-01
1.783812791109085083e-01
1.545454412698745728e-01
5.586612224578857422e-02
1.040773242712020874e-01
5.350003764033317566e-02
6.421905159950256348e-01
1.308215558528900146e-01
1.547880470752716064e-01
2.100567333400249481e-02
5.799620151519775391e-01
2.124337246641516685e-03
2.127947509288787842e-01
2.692917920649051666e-02
3.065854787826538086e+00
1.203283444046974182e-01
4.963419139385223389e-01
1.042692828923463821e-02
6.189409270882606506e-02
1.940897703170776367e-01
6.789155304431915283e-02
1.009843219071626663e-02
1.378838419914245605e-01
1.866756938397884369e-02
1.570585727691650391e+00
9.289226531982421875e-01
1.885743439197540283e-01
1.484384775161743164e+00
1.467104244232177734e+01
4.354834929108619690e-02
5.358477309346199036e-02
1.955211395397782326e-03
9.359695017337799072e-02
2.600603401660919189e-01
1.326526254415512085e-01
1.556440448760986328e+01
7.373027503490447998e-03
3.861943006515502930e+00
3.802417218685150146e-01
2.044470906257629395e-01
2.262993901968002319e-02
3.605077788233757019e-02
1.404204964637756348e+00
3.347117996215820312e+01
3.163439941406250000e+01
7.739243507385253906e-01
1.204220867156982422e+01
4.716564655303955078e+00
3.055930328369140625e+01
2.832155942916870117e+00
5.377518081665039062e+01
1.746896624565124512e+00
4.635931396484375000e+01
1.429926586151123047e+01
3.041369915008544922e+00
4.043264985084533691e-01
8.390668869018554688e+00
4.341738510131835938e+01
5.991812229156494141e+00
2.897598075866699219e+01
2.699650573730468750e+01
2.233852624893188477e+00
2.448287725448608398e+00
9.286080598831176758e-01
8.760619163513183594e+00
9.520719528198242188e+00
5.307093429565429688e+01
1.366540670394897461e+00
6.246625423431396484e+00
2.415228271484375000e+01
2.320934753417968750e+02
2.145818328857421875e+01
2.470818996429443359e+00
1.508037209510803223e+00
3.522788763046264648e+00
1.336933593750000000e+02
7.404705286026000977e-01
2.709536361694335938e+01
6.121247410774230957e-01
3.942816257476806641e-01
2.415866613388061523e+00
8.891192436218261719e+00
3.608918762207031250e+02
9.115321159362792969e+00
1.182302951812744141e+00
3.364460372924804688e+01
8.289739608764648438e+00
6.227305603027343750e+01
3.265234375000000000e+01
1.416903400421142578e+01
1.686510205268859863e+00
6.623191833496093750e+01
1.945775604248046875e+01
3.778545141220092773e+00
2.167059707641601562e+01
4.544097900390625000e+01
6.472743511199951172e+00
5.244734287261962891e-01
7.895164489746093750e-01
1.229586243629455566e+00
1.685879468917846680e+00
7.127867889404296875e+01
1.876831245422363281e+01
9.356315612792968750e+01
1.371180176734924316e+00
5.030138492584228516e+00
1.474580287933349609e+00
3.016986083984375000e+01
4.913362026214599609e+00
1.441928100585937500e+02
1.638842163085937500e+02
1.170419845581054688e+02
5.344611033797264099e-02
2.606543540954589844e+01
1.112447857856750488e+00
8.256132507324218750e+01
2.819933700561523438e+01
5.657973766326904297e+00
1.221621036529541016e+00
1.153057098388671875e+00
1.397305393218994141e+01
1.283564853668212891e+01
9.581903457641601562e+00
1.567362785339355469e+00
4.182751655578613281e+00
3.177996397018432617e+00
2.724363565444946289e+00
2.136142969131469727e+00
8.271172046661376953e-01
1.026061820983886719e+01
1.641174888610839844e+01
6.885609626770019531e-01
2.497435092926025391e+00
3.282819366455078125e+01
2.332072639465332031e+01
4.837084770202636719e+00
9.445232391357421875e+00
2.130772972106933594e+01
2.615092754364013672e+00
2.930853271484375000e+02
2.304481744766235352e+00
1.132752799987792969e+01
9.210317134857177734e-01
1.101857185363769531e+00
2.717141807079315186e-01
7.355852508544921875e+01
1.157039165496826172e+01
1.948580932617187500e+01
2.138664007186889648e+00
1.616787567138671875e+02
1.516193084716796875e+02
1.344950079917907715e+00
3.237624764442443848e-01
1.424356269836425781e+01
9.123268127441406250e+00
7.579238891601562500e+00
1.331329250335693359e+01
5.655719280242919922e+00
6.375499248504638672e+00
2.912873268127441406e+00
2.457082748413085938e+00
7.450531005859375000e+00
7.589653015136718750e+00
8.464754638671875000e+02
3.730366516113281250e+02
2.635947227478027344e+01
1.853843331336975098e+00
3.644818496704101562e+01
8.737047195434570312e+00
1.933370232582092285e+00
1.230427627563476562e+02
1.936488151550292969e+01
5.279672145843505859e+00
1.862300682067871094e+01
2.124231755733489990e-01
1.132548570632934570e+00
8.994086980819702148e-01
8.416107296943664551e-01
3.778552770614624023e+00
4.712158584594726562e+01
2.175445365905761719e+01
3.852082824707031250e+01
8.113975524902343750e+01
7.009049654006958008e-01
1.236782226562500000e+02
4.183288955688476562e+01
4.271704864501953125e+01
9.829135894775390625e+00
1.081289291381835938e+02
3.672091245651245117e+00
1.185418891906738281e+01
1.312550830841064453e+01
2.941985607147216797e+00
1.460335845947265625e+02
6.173185348510742188e+00
1.397522091865539551e+00
3.343711090087890625e+01
4.500273227691650391e+00
1.399498820304870605e+00
2.566548347473144531e+00
9.449781775474548340e-01
1.152407050132751465e+00
6.929764556884765625e+01
3.974325942993164062e+01
2.643193244934082031e+01
4.941300868988037109e+00
1.722636032104492188e+01
1.834296584129333496e+00
1.222191143035888672e+01
2.208643913269042969e+01
3.512202453613281250e+02
4.371493458747863770e-01
1.606847572326660156e+01
4.295878982543945312e+01
2.449710607528686523e+00
3.450293302536010742e+00
1.091997375488281250e+02
1.442414951324462891e+01
3.775219202041625977e+00
1.604915237426757812e+01
5.442260742187500000e+00
3.483047485351562500e+01
1.341240644454956055e+00
4.352751922607421875e+01
3.371149063110351562e+01
1.294537633657455444e-01
1.731375885009765625e+02
1.960687637329101562e+01
1.505940079689025879e+00
2.538479328155517578e+00
7.852923583984375000e+01
1.304422283172607422e+01
1.648201346397399902e+00
6.770868301391601562e+00
1.273911118507385254e+00
1.274004554748535156e+01
1.658295059204101562e+01
4.076049625873565674e-01
3.277477502822875977e+00
1.983389258384704590e+00
1.598801970481872559e+00
3.556270599365234375e+00
1.314148712158203125e+01
3.641518354415893555e+00
8.342495918273925781e+00
4.558388710021972656e+00
2.748021507263183594e+01
3.201738297939300537e-01
5.465328216552734375e+00
8.713982391357421875e+01
7.940633773803710938e+00
1.174878311157226562e+01
6.794948101043701172e+00
5.924483299255371094e+00
6.656457781791687012e-01
5.527670288085937500e+01
3.384774923324584961e+00
1.805329895019531250e+01
1.466300964355468750e+00
3.383471298217773438e+01
5.715051293373107910e-01
5.381268310546875000e+01
2.478999633789062500e+02
6.528899073600769043e-01
7.314661741256713867e-01
2.191554260253906250e+01
1.082289338111877441e+00
2.444813079833984375e+02
3.365230798721313477e+00
5.793933868408203125e+00
1.195137023925781250e+00
3.472779512405395508e+00
4.983970522880554199e-01
1.496930122375488281e+01
1.089643359184265137e+00
5.487402725219726562e+01
1.758377075195312500e+00
1.935911941528320312e+01
6.057698726654052734e-01
7.983801960945129395e-01
2.503818035125732422e+00
2.068593263626098633e+00
1.869014549255371094e+01
4.028282642364501953e+00
2.429054737091064453e+00
3.105159997940063477e+00
2.000108337402343750e+01
1.449997138977050781e+01
2.761193275451660156e+01
5.584174990653991699e-01
4.677035903930664062e+01
3.040461778640747070e+00
2.922859907150268555e+00
7.543918132781982422e+00
1.136336803436279297e+00
7.211685943603515625e+01
1.521199131011962891e+01
6.855304241180419922e+00
1.697937393188476562e+01
2.661753654479980469e+00
3.560801982879638672e+00
4.037677764892578125e+01
4.064073944091796875e+01
9.422863960266113281e+00
1.028007030487060547e+01
1.606997299194335938e+01
1.903055953979492188e+01
2.493264961242675781e+01
4.234379577636718750e+01
9.096633148193359375e+01
4.646802842617034912e-01
1.295014762878417969e+01
1.622345581054687500e+02
3.457122421264648438e+01
6.063861083984375000e+01
7.172741293907165527e-01
6.791507005691528320e-01
1.041099643707275391e+01
3.439586400985717773e+00
1.055928325653076172e+01
9.245306968688964844e+00
3.228751897811889648e+00
1.142468070983886719e+01
5.208745479583740234e+00
4.952192783355712891e+00
1.995484590530395508e+00
4.949614405632019043e-01
2.008435726165771484e+00
6.818487548828125000e+01
2.000303268432617188e+01
4.431591510772705078e+00
5.320470809936523438e+00
6.735365867614746094e+00
3.865339279174804688e+00
2.791536865234375000e+02
3.148490190505981445e+00
6.588623046875000000e+00
2.699737787246704102e+00
9.390015602111816406e+00
2.096117019653320312e+01
2.651360273361206055e+00
1.411651420593261719e+01
3.718450546264648438e+01
3.369336318969726562e+01
4.842995166778564453e+00
5.951176452636718750e+01
7.661241531372070312e+00
5.588327884674072266e+00
5.086198425292968750e+01
3.542784452438354492e+00
1.289617252349853516e+01
7.786296844482421875e+01
6.616780090332031250e+01
8.934992218017578125e+01
2.106665344238281250e+02
2.842327117919921875e+00
1.962522745132446289e+00
9.843869805335998535e-01
1.179706215858459473e+00
7.120615005493164062e+00
1.432708263397216797e+00
7.061823606491088867e-01
2.191378355026245117e+00
6.848348379135131836e-01
2.630070190429687500e+02
2.188796234130859375e+01
8.335675048828125000e+01
2.793855857849121094e+01
1.924541711807250977e+00
2.124165725708007812e+01
7.789125919342041016e+00
5.014711856842041016e+00
9.962783455848693848e-01
1.570720367431640625e+02
5.814526367187500000e+01
6.225542068481445312e+00
1.152560138702392578e+01
4.848418807983398438e+01
1.714049987792968750e+02
6.293246269226074219e+00
9.578869938850402832e-01
2.081984329223632812e+01
9.777083396911621094e-01
6.171205997467041016e+00
1.113298034667968750e+01
3.537507247924804688e+01
1.327963948249816895e+00
3.389612674713134766e+00
1.119284973144531250e+02
3.895171356201171875e+01
3.086585426330566406e+01
1.234923267364501953e+01
8.756432533264160156e+00
2.439542710781097412e-01
1.723643541336059570e-01
1.376126003265380859e+01
7.398506641387939453e+00
1.547965288162231445e+00
1.042573833465576172e+01
9.686571502685546875e+01
1.386594848632812500e+02
1.402715778350830078e+01
4.634164810180664062e+00
2.873706579208374023e+00
5.401624679565429688e+00
6.958453655242919922e+00
3.360301589965820312e+01
2.516864299774169922e+00
2.144645118713378906e+01
1.026337742805480957e+00
4.231963634490966797e+00
1.854922622442245483e-01
3.728051424026489258e+00
3.540797805786132812e+01
2.812928222656250000e+03
4.485506534576416016e+00
1.131403732299804688e+01
1.546715497970581055e+00
2.537039279937744141e+00
4.388106536865234375e+01
4.662660980224609375e+01
5.942708253860473633e-01
1.385300636291503906e+00
4.040853500366210938e+00
4.281390380859375000e+01
4.319927978515625000e+01
2.570743560791015625e+00
4.542028045654296875e+01
1.946744079589843750e+02
1.850159883499145508e+00
4.161676883697509766e+00
2.926780700683593750e+00
1.311666774749755859e+01
4.755069255828857422e+00
8.389392852783203125e+00
6.660293579101562500e+02
5.706872940063476562e+00
2.748934364318847656e+01
5.009911804199218750e+02
6.395210647583007812e+01
2.648682832717895508e+00
4.671327972412109375e+01
