4.583387076854705811e-02
4.729967117309570312e-01
2.790072262287139893e-01
1.722772233188152313e-02
6.886518597602844238e-01
1.134470462799072266e+00
9.893169254064559937e-02
2.275523729622364044e-02
8.090932965278625488e-01
7.694927603006362915e-02
3.958797156810760498e-01
1.839083284139633179e-01
4.122702404856681824e-02
3.461704775691032410e-02
5.356870591640472412e-02
1.948538422584533691e-01
1.333795636892318726e-01
1.050659641623497009e-01
3.618896752595901489e-02
6.221897155046463013e-02
1.414398699998855591e-01
2.379916980862617493e-02
1.010512113571166992e+00
4.077383503317832947e-02
6.187026977539062500e+00
5.607593804597854614e-02
1.196582764387130737e-01
1.783823817968368530e-01
2.480227947235107422e+00
8.442558646202087402e-01
1.606205478310585022e-02
9.572467766702175140e-03
2.667573094367980957e-01
8.717941641807556152e-01
7.738495711237192154e-03
3.840028345584869385e-01
2.485750429332256317e-02
3.115997835993766785e-02
9.147766232490539551e-02
1.611299067735671997e-01
3.503220558166503906e+00
5.979865789413452148e-01
1.237301751971244812e-01
1.761095285415649414e+00
2.739716470241546631e-01
9.757931232452392578e-01
8.070829510688781738e-02
3.119400739669799805e-01
1.562363654375076294e-02
7.922987341880798340e-01
3.167046606540679932e-01
3.623747453093528748e-02
6.603564023971557617e-01
3.295705318450927734e-01
4.868298768997192383e-02
1.836167462170124054e-02
9.543749503791332245e-03
3.090500533580780029e-01
4.664754495024681091e-02
1.441815495491027832e+00
7.555116713047027588e-02
1.131695270538330078e+00
7.558540254831314087e-02
8.247927576303482056e-02
3.133499324321746826e-01
9.904995560646057129e-01
2.233774811029434204e-01
1.741000860929489136e-01
1.910365819931030273e+00
1.380577921867370605e+00
1.211912953294813633e-03
5.204329490661621094e-01
2.840166725218296051e-02
2.790101766586303711e+00
1.176422953605651855e+00
3.654765784740447998e-01
3.257445245981216431e-02
3.598036617040634155e-02
1.174564808607101440e-01
1.293662935495376587e-01
2.454241067171096802e-01
2.704012021422386169e-02
7.967189699411392212e-02
1.723876595497131348e-02
3.797971457242965698e-02
3.149330243468284607e-02
3.638262394815683365e-03
7.579937577247619629e-02
4.507032632827758789e-01
4.025983624160289764e-03
5.315563082695007324e-02
9.913153201341629028e-02
7.299539446830749512e-02
1.041264161467552185e-01
9.150440990924835205e-02
6.272391676902770996e-01
6.315658986568450928e-02
1.120412588119506836e+00
3.059368021786212921e-02
1.805903613567352295e-01
3.743532299995422363e-01
4.532677680253982544e-02
1.545799989253282547e-02
2.693854272365570068e-01
7.925035804510116577e-02
3.277827203273773193e-01
8.609549701213836670e-02
3.240143954753875732e-01
1.930926442146301270e+00
3.696918189525604248e-01
2.411522902548313141e-02
4.118265211582183838e-01
7.149693965911865234e-01
3.457920253276824951e-01
2.566845417022705078e-01
1.026017740368843079e-01
2.225351929664611816e-01
3.639122098684310913e-02
5.369468126446008682e-03
1.104553565382957458e-01
1.901896484196186066e-02
5.325168609619140625e+00
6.593281626701354980e-01
1.128063797950744629e+00
7.999972440302371979e-03
2.447357214987277985e-02
1.846683956682682037e-02
5.183267872780561447e-03
1.767773479223251343e-01
1.029314175248146057e-01
4.916095137596130371e-01
2.702831327915191650e-01
5.217998288571834564e-03
2.862040512263774872e-02
5.426972359418869019e-02
1.187538914382457733e-02
4.394097626209259033e-02
3.272201120853424072e-01
8.234108984470367432e-02
8.232467770576477051e-01
2.394622862339019775e-01
1.988814622163772583e-01
3.996826410293579102e+00
6.313551664352416992e-01
7.603015899658203125e-01
1.309664249420166016e-01
1.915466785430908203e-01
2.983009517192840576e-01
4.876112043857574463e-01
6.332858651876449585e-02
2.688033878803253174e-02
1.631773591041564941e+00
3.111115097999572754e-01
6.359641253948211670e-02
1.489367485046386719e-01
7.679135352373123169e-02
3.223493322730064392e-02
2.328232526779174805e-01
2.460670098662376404e-02
8.850004523992538452e-03
1.564659953117370605e+00
4.183208942413330078e-02
1.582078933715820312e-01
1.753084808588027954e-01
6.745068430900573730e-01
1.706807017326354980e-01
2.127115130424499512e-01
2.867550253868103027e-01
5.114892482757568359e+00
9.083052165806293488e-03
2.526621818542480469e-01
1.469954103231430054e-01
2.468604035675525665e-02
4.165434092283248901e-02
3.035295009613037109e-01
8.779698014259338379e-01
8.040453493595123291e-02
7.243381440639495850e-02
1.303980648517608643e-01
1.640769004821777344e+00
1.079708263278007507e-01
7.441130280494689941e-01
2.125607132911682129e-01
2.983094006776809692e-02
6.654397249221801758e-01
2.909571230411529541e-01
1.633596420288085938e-01
1.767031699419021606e-01
3.101025521755218506e-01
1.662305146455764771e-01
3.156186938285827637e-01
2.372708469629287720e-01
2.928522042930126190e-02
1.015598475933074951e-01
2.110307663679122925e-01
3.599125146865844727e-02
4.043677747249603271e-01
1.996551156044006348e-01
1.430512312799692154e-02
2.613504827022552490e-01
5.231074988842010498e-02
1.133004724979400635e-01
3.438059091567993164e-01
5.282169207930564880e-02
5.248937606811523438e-01
1.561315078288316727e-02
3.119065240025520325e-02
1.206377506256103516e+01
2.818073146045207977e-02
1.630587875843048096e-02
5.249315500259399414e-02
1.087342500686645508e-01
1.012484077364206314e-02
1.941069960594177246e-01
4.686209857463836670e-01
2.160991579294204712e-01
2.973818480968475342e-01
4.977715760469436646e-02
4.432722926139831543e-03
1.078726172447204590e+00
3.964936137199401855e-01
6.659984588623046875e-02
3.028116561472415924e-02
9.716195613145828247e-02
4.817497450858354568e-03
3.711719512939453125e-01
3.092410974204540253e-02
1.244199156761169434e+00
1.610291749238967896e-01
2.277042716741561890e-02
3.438284620642662048e-02
1.314392089843750000e-01
3.265911340713500977e-02
2.738976180553436279e-01
1.311377733945846558e-01
6.249215602874755859e-01
9.846548736095428467e-02
7.592066191136837006e-03
8.334012329578399658e-02
1.268224269151687622e-01
3.731205463409423828e-01
1.590411923825740814e-02
2.978420630097389221e-02
5.783499032258987427e-02
2.330193221569061279e-01
9.561467170715332031e-02
2.882590591907501221e-01
3.053917549550533295e-02
1.098673269152641296e-01
1.240006312727928162e-01
7.140282541513442993e-02
4.665558338165283203e-01
2.525869011878967285e-02
6.449481844902038574e-01
8.230175822973251343e-02
7.011979818344116211e-02
2.043297052383422852e+00
3.237521275877952576e-02
1.663010865449905396e-01
1.087331101298332214e-01
9.860903024673461914e-02
3.027314692735671997e-02
2.236863970756530762e-01
1.345461606979370117e-01
1.305188387632369995e-01
4.443905651569366455e-01
6.468683481216430664e-02
8.353530168533325195e-01
1.063670869916677475e-02
7.163006067276000977e-02
1.284801721572875977e+00
1.357192993164062500e-01
1.216927319765090942e-01
2.155971899628639221e-02
2.246118895709514618e-02
4.698657989501953125e-02
3.904126212000846863e-02
1.343334317207336426e-01
3.663505241274833679e-02
2.013849467039108276e-01
4.783779680728912354e-01
2.765533924102783203e-01
9.087534248828887939e-02
1.408194564282894135e-02
1.069752778857946396e-02
1.380509883165359497e-01
1.135522961616516113e+00
6.095379590988159180e-01
2.292078174650669098e-02
1.222981810569763184e-01
2.185526303946971893e-02
1.638062298297882080e-02
2.457565665245056152e-01
2.199139818549156189e-02
4.747186228632926941e-02
1.722745969891548157e-02
3.606921806931495667e-02
1.995868049561977386e-02
1.614348590373992920e-01
1.597147136926651001e-01
7.164964079856872559e-01
6.359562873840332031e-01
1.901468783617019653e-01
1.450128555297851562e+00
2.566737830638885498e-01
1.295777857303619385e-01
5.469251051545143127e-02
2.054933905601501465e-01
4.005875289440155029e-01
1.795466244220733643e-01
1.513866305351257324e+00
8.882743716239929199e-01
7.816452980041503906e-01
1.428280115127563477e+00
1.453631073236465454e-01
1.092019155621528625e-01
1.756840571761131287e-02
6.009219288825988770e-01
1.218404434621334076e-02
4.774748533964157104e-02
7.425777614116668701e-02
9.882065653800964355e-02
1.332141757011413574e+00
4.199218273162841797e+00
1.195925101637840271e-01
7.264449000358581543e-01
6.864434480667114258e-02
1.344892978668212891e-01
1.636456400156021118e-01
3.369915112853050232e-02
7.140505127608776093e-03
2.480318307876586914e+00
1.588507890701293945e-01
1.724117845296859741e-01
2.761848829686641693e-02
9.940742701292037964e-02
2.652625441551208496e-01
5.117229372262954712e-02
8.162409812211990356e-02
8.022548556327819824e-01
3.393866717815399170e-01
2.738808654248714447e-02
3.724592179059982300e-02
2.087836980819702148e+00
4.682136327028274536e-02
2.295156940817832947e-02
1.646932125091552734e+00
5.983949452638626099e-02
2.630781829357147217e-01
1.549298018217086792e-01
2.856691777706146240e-01
2.007679827511310577e-02
2.273144433274865150e-03
6.854889541864395142e-02
1.819212138652801514e-01
2.381454594433307648e-02
2.334914915263652802e-02
8.892385363578796387e-01
5.664594769477844238e-01
2.361478656530380249e-01
2.505079805850982666e-01
6.892485916614532471e-02
1.123388633131980896e-01
4.572459310293197632e-02
4.071569144725799561e-01
8.773154020309448242e-02
1.495800018310546875e-01
3.552813082933425903e-02
2.574605941772460938e-01
6.779036484658718109e-03
2.521679401397705078e-01
3.004905581474304199e-02
8.193714618682861328e-01
2.179266512393951416e-01
3.667088150978088379e-01
1.640727184712886810e-02
2.238492220640182495e-01
5.830367207527160645e-01
1.327733397483825684e-01
6.662915926426649094e-03
1.730503439903259277e-01
5.818777531385421753e-02
8.075577616691589355e-01
9.296037554740905762e-01
1.256499737501144409e-01
9.560016393661499023e-01
2.471239566802978516e+00
5.302060395479202271e-02
6.817882508039474487e-02
1.980494707822799683e-02
1.321916133165359497e-01
5.565583109855651855e-01
7.067625969648361206e-02
3.752670288085937500e+00
8.962315320968627930e-02
5.771773338317871094e+00
5.037657022476196289e-01
3.218369483947753906e-01
1.988188363611698151e-02
9.134371578693389893e-02
6.874307394027709961e-01
2.688272476196289062e+01
1.303850460052490234e+01
4.962091445922851562e-01
1.142541599273681641e+01
9.663322448730468750e+00
6.073788166046142578e+00
6.504686474800109863e-01
2.389186859130859375e+01
4.712968170642852783e-01
1.991241264343261719e+01
3.752431869506835938e+00
9.094247221946716309e-01
4.433523118495941162e-01
1.377995133399963379e+00
1.727531623840332031e+01
2.593160152435302734e+00
2.715986251831054688e+00
4.744083881378173828e+00
9.175687432289123535e-01
1.351938486099243164e+00
4.113419651985168457e-01
7.823022365570068359e+00
1.843820571899414062e+00
3.775370788574218750e+01
1.227390170097351074e+00
4.663602828979492188e+00
2.609926939010620117e+00
5.077056121826171875e+01
1.622382545471191406e+01
7.696117758750915527e-01
6.950309872627258301e-01
3.092138767242431641e+00
4.996104812622070312e+01
2.251513749361038208e-01
6.861618041992187500e+00
3.481846153736114502e-01
2.373992353677749634e-01
9.835886955261230469e-01
2.659817218780517578e+00
6.265627670288085938e+01
3.578315258026123047e+00
7.288525700569152832e-01
1.147983264923095703e+01
1.670853018760681152e+00
1.407381439208984375e+01
4.786136150360107422e+00
3.992639780044555664e+00
7.762410044670104980e-01
1.371005821228027344e+01
5.981637477874755859e+00
1.745539903640747070e+00
8.518784523010253906e+00
1.722447586059570312e+01
1.688448786735534668e+00
1.502999514341354370e-01
1.739733815193176270e-01
7.200392484664916992e-01
3.368389010429382324e-01
9.555054664611816406e+00
3.639614820480346680e+00
2.168741607666015625e+01
7.411721348762512207e-01
1.670891284942626953e+00
6.295500397682189941e-01
1.622588729858398438e+01
2.317190647125244141e+00
8.588520050048828125e+00
9.235952377319335938e+00
6.213385772705078125e+01
1.400824356824159622e-02
4.206132888793945312e+00
3.944129645824432373e-01
2.892408943176269531e+01
3.259785461425781250e+01
2.473084211349487305e+00
1.273249149322509766e+00
6.380327939987182617e-01
2.564675569534301758e+00
2.575524091720581055e+00
2.585375547409057617e+00
3.302108943462371826e-01
2.478825569152832031e+00
1.077334642410278320e+00
1.764805912971496582e+00
7.977637648582458496e-01
4.916677176952362061e-01
2.777267694473266602e+00
2.820928096771240234e+00
1.100189089775085449e-01
1.650918960571289062e+00
2.387153625488281250e+00
4.595650672912597656e+00
1.657788157463073730e+00
2.441828489303588867e+00
1.382323169708251953e+01
3.158239722251892090e-01
2.280258178710937500e+01
6.774169206619262695e-01
2.167728185653686523e+00
8.964880108833312988e-01
1.134879469871520996e+00
2.160102427005767822e-01
3.668926620483398438e+01
2.510576486587524414e+00
4.652556419372558594e+00
6.177188158035278320e-01
2.006661033630371094e+01
4.659295272827148438e+01
1.272557139396667480e+00
2.325100898742675781e-01
5.170501708984375000e+00
6.677155017852783203e+00
2.294818878173828125e+00
3.507468223571777344e+00
1.157996654510498047e+00
2.029984474182128906e+00
7.128227949142456055e-01
3.455685973167419434e-01
4.160916328430175781e+00
7.965692281723022461e-01
1.825629730224609375e+02
6.516159820556640625e+01
1.622285461425781250e+01
4.384405612945556641e-01
3.011580944061279297e+00
2.100831747055053711e+00
8.058034181594848633e-01
1.816644859313964844e+01
3.288994073867797852e+00
1.039369463920593262e+00
5.044317245483398438e+00
8.645161241292953491e-02
2.949239909648895264e-01
9.011638164520263672e-01
2.690501809120178223e-01
6.019190549850463867e-01
3.304253816604614258e+00
2.412567853927612305e+00
1.324685955047607422e+01
1.821076011657714844e+01
1.316761851310729980e+00
3.298655319213867188e+01
7.366614818572998047e+00
1.290107154846191406e+01
5.462069988250732422e+00
9.399689674377441406e+00
4.127825260162353516e+00
1.015193843841552734e+01
2.816813707351684570e+00
9.385293126106262207e-01
2.720451927185058594e+01
1.249055624008178711e+00
9.349608421325683594e-01
6.328542232513427734e+00
1.205658316612243652e+00
3.860530853271484375e-01
3.709579706192016602e+00
1.131657123565673828e+00
3.408992588520050049e-01
1.265796184539794922e+01
2.841541767120361328e+00
6.882493972778320312e+00
1.268796443939208984e+00
3.195304155349731445e+00
1.279759526252746582e+00
2.745160102844238281e+00
5.339533329010009766e+00
1.208027954101562500e+02
2.577527165412902832e-01
6.246010303497314453e+00
5.979813098907470703e+00
1.070458769798278809e+00
3.026839494705200195e-01
2.085244178771972656e+01
9.713877677917480469e+00
1.456757426261901855e+00
3.444950819015502930e+00
4.260223865509033203e+00
1.796267318725585938e+01
5.663573741912841797e-01
1.656549263000488281e+01
5.302402019500732422e+00
3.046455606818199158e-02
1.571663188934326172e+01
1.953678894042968750e+01
4.213601350784301758e-01
2.336510419845581055e+00
1.726531982421875000e+01
3.537175178527832031e+00
1.033231139183044434e+00
3.456827402114868164e+00
4.859174489974975586e-01
2.970957279205322266e+00
8.143943786621093750e+00
4.109576344490051270e-01
2.655375003814697266e+00
1.320265769958496094e+00
5.941935181617736816e-01
2.477140903472900391e+00
4.043325901031494141e+00
1.641384005546569824e+00
5.094937801361083984e+00
1.333630323410034180e+00
7.388871192932128906e+00
1.097952052950859070e-01
9.674088954925537109e-01
6.411992645263671875e+01
2.997548341751098633e+00
1.612144947052001953e+00
1.818349003791809082e+00
2.417696475982666016e+00
2.467767894268035889e-01
2.539155960083007812e+00
2.786385536193847656e+00
6.405834197998046875e+00
6.555169820785522461e-01
3.073440551757812500e+00
1.681662052869796753e-01
7.436368942260742188e+00
1.509641075134277344e+01
7.271208763122558594e-01
4.415605664253234863e-01
4.368438243865966797e+00
4.712880551815032959e-01
4.244231414794921875e+01
5.255028605461120605e-01
1.029156494140625000e+01
9.122015237808227539e-01
7.503001093864440918e-01
3.070797920227050781e-01
3.630567312240600586e+00
7.567458748817443848e-01
2.105944633483886719e+01
1.971717715263366699e+00
2.650758743286132812e+00
3.974301517009735107e-01
2.669474482536315918e-01
2.039756625890731812e-01
2.701904535293579102e+00
4.422648906707763672e+00
1.197399616241455078e+00
8.312451839447021484e-01
8.613032698631286621e-01
9.134868621826171875e+00
1.552547574043273926e+00
3.212051868438720703e+00
5.739027857780456543e-01
5.703752994537353516e+00
4.935945868492126465e-01
8.347945809364318848e-01
4.487495899200439453e+00
7.162493467330932617e-01
1.040837860107421875e+01
1.990779161453247070e+00
8.991299271583557129e-01
1.680725669860839844e+01
7.207134366035461426e-01
5.086936950683593750e-01
7.312679290771484375e+00
8.505146980285644531e+00
2.427631616592407227e+00
1.891559243202209473e+00
3.754721164703369141e+00
8.868395805358886719e+00
6.515631675720214844e+00
1.057332706451416016e+01
1.430373287200927734e+01
6.066532731056213379e-01
3.364174842834472656e+00
1.381748867034912109e+01
6.204663276672363281e+00
1.114193153381347656e+01
4.691594839096069336e-01
9.107580184936523438e-01
1.098458886146545410e+00
5.555922985076904297e-01
4.556553840637207031e+00
2.627449750900268555e+00
1.144638776779174805e+00
3.865276098251342773e+00
2.164525508880615234e+00
1.716894507408142090e+00
7.286024093627929688e-01
8.322966098785400391e-02
3.304307460784912109e+00
1.781822204589843750e+01
4.136732101440429688e+00
8.422744274139404297e-01
6.426227092742919922e-01
8.659721016883850098e-01
7.018182873725891113e-01
1.955563545227050781e+01
9.044421911239624023e-01
9.226381778717041016e-01
7.343834638595581055e-01
1.866633892059326172e+00
2.833386659622192383e+00
5.055749416351318359e-01
4.016227245330810547e+00
1.659874153137207031e+01
1.134723567962646484e+01
1.379281997680664062e+00
8.679105758666992188e+00
2.752634286880493164e+00
3.735670566558837891e+00
6.309606552124023438e+00
2.318409919738769531e+00
5.385359764099121094e+00
7.480854034423828125e+00
2.052791213989257812e+01
3.482457351684570312e+01
2.197404289245605469e+01
1.085229206085205078e+01
9.713361859321594238e-01
3.065237998962402344e-01
3.588480949401855469e-01
3.942778825759887695e+00
3.891976177692413330e-01
2.577253282070159912e-01
4.140049517154693604e-01
5.695024132728576660e-01
4.720555114746093750e+01
1.240100097656250000e+01
1.007010650634765625e+01
9.502138137817382812e+00
9.163511991500854492e-01
4.729501247406005859e+00
3.255494356155395508e+00
2.082142114639282227e+00
5.009071230888366699e-01
2.711195182800292969e+01
1.753055763244628906e+01
2.012704849243164062e+00
1.466538786888122559e+00
5.196260452270507812e+00
2.943632888793945312e+01
1.526015520095825195e+00
2.291537821292877197e-01
7.938383102416992188e+00
1.421741008758544922e+00
1.167650341987609863e+00
1.157864093780517578e+00
1.789649963378906250e+01
6.838261485099792480e-01
1.243469119071960449e+00
3.356547546386718750e+01
4.051228523254394531e+00
3.793325662612915039e+00
2.804954528808593750e+00
4.427780628204345703e+00
1.660274416208267212e-01
6.437744945287704468e-02
3.945011138916015625e+00
1.672332763671875000e+00
7.331256866455078125e-01
2.863835096359252930e+00
2.682871055603027344e+01
3.590364074707031250e+01
5.206846237182617188e+00
1.675523281097412109e+00
1.139135956764221191e+00
2.264751195907592773e+00
2.082290649414062500e+00
4.835781574249267578e+00
9.573226571083068848e-01
5.854811191558837891e+00
4.072811305522918701e-01
2.695137739181518555e+00
2.398867458105087280e-01
2.238208770751953125e+00
2.757320642471313477e+00
8.623063659667968750e+01
3.279592990875244141e+00
5.801464557647705078e+00
5.044803023338317871e-01
3.054097175598144531e+00
1.188678073883056641e+01
6.654929637908935547e+00
9.440036118030548096e-02
1.888139843940734863e+00
2.206250429153442383e+00
6.386298656463623047e+00
3.870209884643554688e+01
1.203354835510253906e+00
5.428659915924072266e+00
2.163805580139160156e+01
1.712705969810485840e+00
2.453253746032714844e+00
1.101779341697692871e+00
2.671722650527954102e+00
7.054602622985839844e+00
2.636820554733276367e+00
1.539045562744140625e+02
3.556439638137817383e+00
2.286420059204101562e+01
3.659213256835937500e+01
1.043593978881835938e+01
1.066381216049194336e+00
8.907511711120605469e+00
