1.607239246368408203e-01
3.202500045299530029e-01
2.153812535107135773e-02
5.158187821507453918e-03
3.429499641060829163e-02
3.495732545852661133e+00
2.936600334942340851e-02
1.377923320978879929e-02
4.074973613023757935e-02
4.014787077903747559e-01
1.228708773851394653e-01
7.340270280838012695e-02
1.826687753200531006e-01
4.043188691139221191e-02
8.766419254243373871e-03
6.726855784654617310e-02
4.020913038402795792e-03
3.350038826465606689e-02
7.122129201889038086e-02
5.106720607727766037e-03
2.896539680659770966e-02
4.396651685237884521e-02
1.803014129400253296e-01
2.952828072011470795e-02
5.165751457214355469e+00
1.422390900552272797e-02
6.176652014255523682e-02
2.181888967752456665e-01
1.763675808906555176e-01
1.475509524345397949e+00
3.318322822451591492e-03
1.036189496517181396e-03
4.394144937396049500e-02
1.316445022821426392e-01
3.856015205383300781e-02
1.302660852670669556e-01
1.609199866652488708e-02
9.976694127544760704e-04
3.612825274467468262e-02
1.420972775667905807e-02
3.668419122695922852e-01
1.520169228315353394e-01
2.856870181858539581e-02
4.960231781005859375e+00
3.014591038227081299e-01
2.052455842494964600e-01
2.863954566419124603e-02
1.224187850952148438e+00
3.333089873194694519e-03
2.116820216178894043e-01
1.873556375503540039e-01
1.402027904987335205e-01
1.904596388339996338e-01
6.507227569818496704e-02
2.985946601256728172e-03
5.606822203844785690e-03
7.489246316254138947e-03
6.924847513437271118e-02
5.093862861394882202e-02
2.231012916564941406e+01
2.056761085987091064e-02
9.009651184082031250e+00
2.213224396109580994e-02
2.944291010499000549e-02
2.041820436716079712e-01
1.441293954849243164e-01
7.422736883163452148e-01
7.318171113729476929e-02
1.440027832984924316e+00
9.244626760482788086e-01
3.899128059856593609e-04
8.776279091835021973e-01
6.804072763770818710e-03
5.799142122268676758e-01
1.490230709314346313e-01
2.648402191698551178e-02
2.062965743243694305e-02
9.385428577661514282e-02
3.524828702211380005e-02
2.226033620536327362e-02
5.611116290092468262e-01
4.148057103157043457e-02
1.345120668411254883e-01
1.254682312719523907e-03
5.672115832567214966e-03
6.639956496655941010e-03
1.925979158841073513e-04
3.122412785887718201e-02
1.426660656929016113e+00
1.211510854773223400e-03
2.603252232074737549e-02
4.333372041583061218e-02
1.244517695158720016e-02
5.645074695348739624e-02
1.567404903471469879e-02
1.544402956962585449e+00
3.344785571098327637e-01
5.990674495697021484e-01
5.100913811475038528e-03
1.894591450691223145e-01
3.274283170700073242e+00
1.071353927254676819e-01
5.820378661155700684e-03
3.775318339467048645e-02
3.741358965635299683e-02
4.501948952674865723e-01
7.336174696683883667e-02
6.006494909524917603e-02
2.824521660804748535e-01
2.349541038274765015e-01
4.690953716635704041e-02
2.390794008970260620e-01
8.997982740402221680e-02
4.988570511341094971e-01
2.171316742897033691e-02
8.371543884277343750e-02
9.134251624345779419e-02
4.304431006312370300e-02
9.209624491631984711e-03
4.974549263715744019e-02
5.144913215190172195e-03
5.815851593017578125e+01
5.625217556953430176e-01
1.387917995452880859e+00
8.620566804893314838e-04
2.661908566951751709e-01
2.205711044371128082e-02
1.104683382436633110e-03
3.008339703083038330e-01
8.135887235403060913e-02
9.767609238624572754e-01
8.732116967439651489e-02
1.248806621879339218e-02
4.132061265408992767e-03
6.690546125173568726e-02
1.843220368027687073e-02
4.934608563780784607e-02
1.567408800125122070e+00
2.633537650108337402e-01
1.706042528152465820e+00
3.061771579086780548e-02
1.757813431322574615e-02
1.969840288162231445e+00
1.012824535369873047e+00
1.288696098327636719e+01
1.560202687978744507e-01
6.189766526222229004e-01
9.914954751729965210e-02
2.942083477973937988e-01
5.272758752107620239e-02
2.816824428737163544e-02
4.955193102359771729e-01
3.194462954998016357e-01
8.207159489393234253e-02
2.755285203456878662e-01
6.961200386285781860e-02
4.084142670035362244e-02
5.944109708070755005e-02
2.260939683765172958e-03
6.692784372717142105e-03
2.339623421430587769e-01
9.268282912671566010e-03
1.150245890021324158e-01
1.997812688350677490e-01
1.095083713531494141e+00
4.409302175045013428e-01
3.620286881923675537e-01
3.129445612430572510e-01
3.188827037811279297e+00
4.556393250823020935e-03
1.807293593883514404e-01
3.281829953193664551e-01
1.477222773246467113e-03
2.114008367061614990e-02
8.679407089948654175e-02
1.209861516952514648e+00
4.258509725332260132e-02
4.451137781143188477e-02
4.603211954236030579e-02
6.606216430664062500e-01
1.226996481418609619e-01
7.207430899143218994e-02
2.443472445011138916e-01
8.618871867656707764e-02
1.567168593406677246e+00
6.270150095224380493e-02
2.294755727052688599e-02
3.614129498600959778e-02
5.378634929656982422e-01
4.485125467181205750e-02
7.410153746604919434e-01
4.964526742696762085e-02
6.086316425353288651e-04
8.626399934291839600e-02
1.693175435066223145e-01
1.027512699365615845e-01
3.053970336914062500e-01
5.422561988234519958e-02
1.299239695072174072e-02
2.882387042045593262e-01
6.384365726262331009e-03
1.094159036874771118e-01
5.322394892573356628e-02
7.976364344358444214e-02
2.374135144054889679e-02
1.765875890851020813e-02
1.693552434444427490e-01
1.295927429199218750e+01
5.483583081513643265e-03
3.810879541561007500e-03
1.003909483551979065e-02
7.666061073541641235e-02
5.855872295796871185e-04
1.940084099769592285e+00
5.131467431783676147e-02
3.067078351974487305e+00
8.933225274085998535e-01
3.388304635882377625e-02
1.413322519510984421e-03
1.148899674415588379e+00
1.507186412811279297e+00
6.985700223594903946e-03
2.121703699231147766e-02
3.584124520421028137e-02
2.150897489627823234e-04
2.627202570438385010e-01
3.873898182064294815e-03
2.715533971786499023e+00
1.387102007865905762e-01
1.626227982342243195e-02
3.450904786586761475e-02
3.164070844650268555e-02
2.381936646997928619e-02
1.132832840085029602e-02
7.759420573711395264e-02
1.911410838365554810e-01
1.080392226576805115e-01
9.129644371569156647e-03
4.437552392482757568e-01
1.867245649918913841e-03
4.405133724212646484e-01
4.855889454483985901e-02
2.696419060230255127e-01
9.320357814431190491e-03
1.649306900799274445e-02
2.823811396956443787e-02
1.108453199267387390e-01
6.957907974720001221e-02
7.339831441640853882e-02
1.096456572413444519e-01
8.207988739013671875e-02
1.243242025375366211e+00
5.617942078970372677e-04
3.027358651161193848e-01
9.100608527660369873e-02
2.212540507316589355e-01
3.058470010757446289e+00
1.517483443021774292e-01
2.606382966041564941e-02
9.032724052667617798e-02
1.489133294671773911e-02
3.455920377746224403e-03
1.337363123893737793e+00
1.086064353585243225e-01
1.403310708701610565e-02
3.769812583923339844e-01
6.521850824356079102e-03
1.928910613059997559e+00
3.215501783415675163e-03
2.203468605875968933e-02
7.026584148406982422e+00
1.716056466102600098e-01
5.701553225517272949e-01
6.722962483763694763e-03
2.933209994807839394e-03
3.655613213777542114e-02
4.570629075169563293e-02
2.297836355865001678e-02
4.458082616329193115e-01
5.760003328323364258e-01
6.703063845634460449e-01
5.861181765794754028e-02
3.287944197654724121e-02
2.825384587049484253e-02
8.615130209363996983e-04
1.891291514039039612e-02
6.146474361419677734e+00
2.130185365676879883e+00
8.662287145853042603e-03
9.758342802524566650e-02
2.600307576358318329e-02
9.635012596845626831e-03
4.978908896446228027e-01
5.845019221305847168e-02
3.209974616765975952e-03
2.098884247243404388e-02
3.486108034849166870e-02
9.587094187736511230e-02
2.305279016494750977e+00
2.377053350210189819e-01
4.250692367553710938e+00
3.562704920768737793e-01
3.528880476951599121e-01
2.123493909835815430e+00
1.285421967506408691e+00
4.159536957740783691e-02
2.049113251268863678e-02
2.632397115230560303e-01
6.171123310923576355e-02
2.776193618774414062e-01
1.690169453620910645e+00
2.271841466426849365e-01
7.172943651676177979e-02
2.803035378456115723e-01
1.766243018209934235e-02
8.748710900545120239e-02
4.610722418874502182e-03
1.704909086227416992e+00
3.626875346526503563e-03
1.925432495772838593e-02
2.072433978319168091e-01
2.055382123216986656e-03
4.992660880088806152e-02
3.380113840103149414e-01
3.657043725252151489e-02
3.927966117858886719e+00
8.594607003033161163e-03
7.687619887292385101e-03
3.704433888196945190e-02
1.256891340017318726e-02
3.101680660620331764e-03
1.721370577812194824e+00
2.905972488224506378e-02
6.047051027417182922e-02
2.428414672613143921e-02
3.295175731182098389e-02
2.983645908534526825e-02
2.319161593914031982e-02
7.804735004901885986e-02
3.546633720397949219e-01
3.064941428601741791e-02
9.877479169517755508e-04
1.126499753445386887e-02
1.476384520530700684e+00
1.707879360765218735e-03
2.409734949469566345e-02
4.254136383533477783e-01
5.568293929100036621e-01
5.057978257536888123e-02
1.374491602182388306e-01
2.121412158012390137e-01
1.331651359796524048e-01
3.693678590934723616e-04
3.020533919334411621e-02
4.565421119332313538e-02
8.038578554987907410e-03
4.887704551219940186e-02
6.415854394435882568e-02
1.127681881189346313e-01
1.985085457563400269e-01
6.132856011390686035e-02
5.518407095223665237e-03
1.150586009025573730e-01
3.434099629521369934e-02
4.642531871795654297e-01
2.982894144952297211e-02
1.622988879680633545e-01
4.034858662635087967e-03
6.151877045631408691e-01
1.462550950236618519e-03
1.011131033301353455e-01
7.403068989515304565e-02
2.932288408279418945e+00
7.265501469373703003e-02
7.447592020034790039e-01
6.635227706283330917e-03
1.571743562817573547e-02
1.852376759052276611e-02
1.570357009768486023e-02
4.120462015271186829e-02
7.287568598985671997e-02
9.889360517263412476e-03
1.155142307281494141e+00
4.248028397560119629e-01
8.748488128185272217e-02
5.717204570770263672e+00
1.731860160827636719e+01
2.090566977858543396e-02
1.110529992729425430e-02
6.356262019835412502e-04
1.057411357760429382e-01
3.621243685483932495e-02
7.506561279296875000e-02
9.576867103576660156e+00
8.866181015037000179e-04
6.165393352508544922e+00
4.905568659305572510e-01
2.717958204448223114e-02
5.610978696495294571e-03
1.469875313341617584e-02
1.693254089355468750e+01
5.154281616210937500e+01
4.067188644409179688e+01
4.820719063282012939e-01
1.617902565002441406e+01
2.650002002716064453e+00
2.597458801269531250e+02
1.418889808654785156e+01
1.252603988647460938e+02
1.561389255523681641e+01
9.716252136230468750e+01
2.450091361999511719e+01
1.734351730346679688e+01
1.091620445251464844e+00
1.709654998779296875e+01
6.848534393310546875e+01
2.475979423522949219e+01
2.315862731933593750e+02
3.434815597534179688e+01
6.139039516448974609e+00
1.129228687286376953e+01
6.870136737823486328e+00
1.237542057037353516e+01
2.389854621887207031e+01
1.921967124938964844e+01
1.705324649810791016e+00
4.019843673706054688e+01
4.016732177734375000e+02
4.837077331542968750e+02
9.269371795654296875e+01
3.426491022109985352e+00
3.498856782913208008e+00
3.812782526016235352e+00
3.400372924804687500e+02
4.514367580413818359e+00
1.528114509582519531e+01
8.067501187324523926e-01
1.567875295877456665e-01
3.370629787445068359e+00
5.931817626953125000e+01
1.535239257812500000e+03
2.242390823364257812e+01
8.199584484100341797e-01
2.311034393310546875e+02
1.838861083984375000e+01
2.292868194580078125e+02
1.545092773437500000e+02
1.558148002624511719e+01
2.082495212554931641e+00
3.375587768554687500e+02
7.527617645263671875e+01
1.757321548461914062e+01
1.662876701354980469e+01
6.283186721801757812e+01
4.564107418060302734e+00
3.352971076965332031e+00
3.826996326446533203e+00
1.479157090187072754e+00
8.498747825622558594e+00
5.984821777343750000e+02
8.555950164794921875e+01
3.345275878906250000e+02
2.941948413848876953e+00
2.388576889038085938e+01
5.616428375244140625e+00
1.872760009765625000e+01
3.955051422119140625e+01
1.175212036132812500e+03
1.168556762695312500e+03
2.367606735229492188e+01
1.187379583716392517e-01
3.834631347656250000e+01
2.092053413391113281e+00
1.158529510498046875e+02
1.187331199645996094e+01
1.069587326049804688e+01
6.382007002830505371e-01
5.032904148101806641e+00
7.243292236328125000e+01
3.362657546997070312e+01
3.299742889404296875e+01
4.496547222137451172e+00
1.581415653228759766e+01
2.060350036621093750e+01
1.671773910522460938e+01
7.569754600524902344e+00
2.432963252067565918e-01
2.566555595397949219e+01
2.486027526855468750e+01
2.143059492111206055e+00
5.950641155242919922e+00
8.958084106445312500e+01
6.456611633300781250e+01
2.038091278076171875e+01
9.043337249755859375e+01
4.767852020263671875e+01
6.970722675323486328e+00
1.978429809570312500e+03
2.539962768554687500e+00
6.036566543579101562e+01
1.302253127098083496e+00
8.697978973388671875e+00
1.060086488723754883e+00
1.103941574096679688e+02
2.402285957336425781e+01
4.276929855346679688e+01
4.086318016052246094e+00
4.895757141113281250e+02
3.909727783203125000e+02
2.601337909698486328e+00
2.825577557086944580e-01
1.114398803710937500e+02
4.150954055786132812e+01
7.250726222991943359e+00
3.505707550048828125e+01
6.187220382690429688e+01
2.431019401550292969e+01
1.196056556701660156e+01
4.302379608154296875e+01
2.269131088256835938e+01
6.065075683593750000e+01
6.312909179687500000e+03
2.013126525878906250e+02
6.935874176025390625e+01
3.063390970230102539e+00
3.096361389160156250e+02
1.386891651153564453e+01
2.970920085906982422e+00
6.561460571289062500e+02
1.259570922851562500e+02
6.899382019042968750e+01
1.541620159149169922e+01
3.588867485523223877e-01
9.114297866821289062e+00
1.507989168167114258e+00
3.282330513000488281e+00
8.206354141235351562e+00
1.570809478759765625e+02
9.182136535644531250e+01
2.417134399414062500e+02
5.125302886962890625e+01
1.276102185249328613e+00
4.134835205078125000e+02
2.469754600524902344e+01
2.477904052734375000e+02
2.989938354492187500e+01
4.532911987304687500e+02
1.871684432029724121e+00
4.368849563598632812e+01
2.948724670410156250e+02
1.043857693672180176e+00
3.818436279296875000e+02
1.062586212158203125e+02
9.831965565681457520e-01
1.416008300781250000e+02
1.572076129913330078e+01
1.954869031906127930e+00
1.226636409759521484e+00
1.655033588409423828e+00
1.469680666923522949e+00
5.472521972656250000e+02
2.050171051025390625e+02
1.398695373535156250e+02
1.697994422912597656e+01
6.901879119873046875e+01
1.135046386718750000e+01
4.018216705322265625e+01
1.115392913818359375e+02
5.158946533203125000e+02
3.289060354232788086e+00
1.798433876037597656e+01
5.160393066406250000e+02
2.401416540145874023e+00
7.480133533477783203e+00
1.630008239746093750e+02
2.134217453002929688e+01
7.810550689697265625e+00
2.953859138488769531e+01
4.087130069732666016e+00
1.987145996093750000e+01
3.539790391921997070e+00
3.969923400878906250e+01
1.685528259277343750e+02
6.391162872314453125e-01
5.081260742187500000e+03
1.104473114013671875e+01
1.808267116546630859e+00
1.132558631896972656e+01
1.553309478759765625e+02
2.997138977050781250e+01
2.115352392196655273e+00
3.823516464233398438e+01
5.089778423309326172e+00
5.180836868286132812e+01
3.857699203491210938e+01
9.493835568428039551e-01
3.251584625244140625e+01
1.928310751914978027e+00
2.229242324829101562e+00
3.615139245986938477e+00
1.346195888519287109e+01
4.087450504302978516e+00
9.249412536621093750e+00
2.729043960571289062e+01
7.458523559570312500e+01
7.571588754653930664e-01
1.784624671936035156e+01
1.586191253662109375e+02
7.952228546142578125e+00
1.948073768615722656e+01
1.494467449188232422e+01
5.552793502807617188e+00
1.664529442787170410e+00
1.782189697265625000e+03
1.673916053771972656e+01
1.115909500122070312e+02
1.212721252441406250e+01
2.873367919921875000e+02
1.501219153404235840e+00
1.421482543945312500e+02
2.405964355468750000e+03
2.736922502517700195e-01
2.028685092926025391e+00
2.440470886230468750e+02
2.767324447631835938e+00
4.312800598144531250e+02
4.702010631561279297e+00
1.378552150726318359e+01
2.753264188766479492e+00
1.403193378448486328e+01
3.617341220378875732e-01
1.637843704223632812e+01
1.619991421699523926e+00
1.323556060791015625e+02
1.136839294433593750e+01
5.085763168334960938e+01
2.520251750946044922e+00
1.193027782440185547e+01
1.517178344726562500e+01
1.269021511077880859e+00
4.067288513183593750e+02
2.801930809020996094e+01
1.059059429168701172e+01
7.264070510864257812e+00
5.362911605834960938e+01
9.033058929443359375e+01
1.281132049560546875e+02
4.529215991497039795e-01
7.799298706054687500e+02
7.745372295379638672e+00
2.918418502807617188e+01
3.624132156372070312e+01
2.703841209411621094e+00
1.606342773437500000e+02
6.535134887695312500e+01
2.382882833480834961e+00
6.650686645507812500e+01
1.941475677490234375e+01
4.000143527984619141e+00
4.315758972167968750e+02
2.832381629943847656e+01
5.164892959594726562e+01
3.712200546264648438e+01
2.847280578613281250e+02
6.012458801269531250e+01
1.027232131958007812e+02
2.450464820861816406e+01
2.151841735839843750e+02
2.774557173252105713e-01
9.396561622619628906e+00
1.103055541992187500e+03
4.300162124633789062e+01
2.472704772949218750e+02
8.585455417633056641e-01
4.075957536697387695e-01
2.908170700073242188e+01
1.297146892547607422e+01
1.064412021636962891e+01
3.866546249389648438e+01
1.573250412940979004e+00
1.551744079589843750e+01
4.305953025817871094e+00
4.900619029998779297e+00
2.332106590270996094e+01
1.599604368209838867e+00
2.096246480941772461e+00
3.274787902832031250e+02
3.563074340820312500e+02
4.881770610809326172e+00
7.153968048095703125e+01
2.404920959472656250e+01
8.500844955444335938e+00
3.942279296875000000e+03
5.868673801422119141e+00
5.487698364257812500e+01
1.624092864990234375e+01
2.361400985717773438e+01
3.167187500000000000e+02
1.365980529785156250e+01
9.870855712890625000e+01
1.418655548095703125e+02
6.747396850585937500e+01
3.927836608886718750e+01
4.977798156738281250e+02
1.249601078033447266e+01
1.020864868164062500e+01
1.676977539062500000e+02
1.529494094848632812e+01
1.393251228332519531e+01
5.838052368164062500e+02
2.966906127929687500e+02
2.607059326171875000e+02
9.268253784179687500e+02
2.495415449142456055e+00
6.395939826965332031e+00
1.142717003822326660e+00
1.005629825592041016e+01
1.482421016693115234e+01
5.397688865661621094e+00
1.827794432640075684e+00
5.372166633605957031e+00
1.606924295425415039e+00
3.098331604003906250e+02
3.337435150146484375e+01
1.485295562744140625e+02
2.091118469238281250e+02
9.120224952697753906e+00
4.824432373046875000e+01
2.619331169128417969e+01
2.744334030151367188e+01
1.336344599723815918e+00
2.230008544921875000e+03
3.933697509765625000e+02
2.854917526245117188e+01
9.035798645019531250e+01
7.504057312011718750e+01
5.933297119140625000e+02
3.528520965576171875e+01
3.670968294143676758e+00
2.794152450561523438e+01
1.295548200607299805e+00
3.471245956420898438e+01
4.923663330078125000e+02
2.929548835754394531e+01
5.012956619262695312e+00
5.168667793273925781e+00
1.215662536621093750e+02
7.305709228515625000e+02
5.243585968017578125e+01
2.261791419982910156e+01
1.990447044372558594e+01
3.363345861434936523e-01
1.058581992983818054e-01
2.702204513549804688e+01
1.561073970794677734e+01
6.192110061645507812e+00
2.047526741027832031e+01
9.297955322265625000e+01
7.036657714843750000e+01
4.743649673461914062e+01
2.939887046813964844e+00
2.066607713699340820e+00
7.033280372619628906e+00
9.415892601013183594e+00
2.556784362792968750e+02
3.273614168167114258e+00
5.509347534179687500e+01
4.985262751579284668e-01
8.554960250854492188e+00
3.528131842613220215e-01
6.639160156250000000e+00
7.985377197265625000e+02
2.528771289062500000e+04
5.772714614868164062e+00
6.241402435302734375e+01
1.139060688018798828e+01
4.078004837036132812e+00
7.336820983886718750e+01
2.385934448242187500e+02
2.359256982803344727e+00
3.367408275604248047e+00
1.575050067901611328e+01
9.326898956298828125e+01
3.376874923706054688e+01
7.273281097412109375e+00
1.860665283203125000e+02
8.375441894531250000e+02
6.718065261840820312e+00
4.079502582550048828e+00
3.712831020355224609e+00
9.438020324707031250e+01
2.084712266921997070e+00
6.342207908630371094e+00
3.268552551269531250e+02
2.813755226135253906e+01
1.650287322998046875e+02
1.605537109375000000e+03
8.411554718017578125e+01
1.321857452392578125e+00
7.380918121337890625e+01
