4.632294923067092896e-02
2.606230676174163818e-01
2.236552089452743530e-01
9.888289496302604675e-03
4.172784686088562012e-01
5.029913783073425293e-01
1.250730007886886597e-01
1.380174886435270309e-02
2.876643836498260498e-01
1.304892450571060181e-01
4.878468215465545654e-01
1.071336045861244202e-01
5.603444203734397888e-02
2.241330593824386597e-02
5.108948051929473877e-02
1.081173717975616455e-01
3.216356784105300903e-02
6.997201591730117798e-02
3.308833017945289612e-02
3.456972166895866394e-02
4.898915067315101624e-02
1.229288615286350250e-02
5.614234805107116699e-01
5.881581827998161316e-02
7.269623279571533203e+00
2.582708559930324554e-02
5.830663815140724182e-02
2.130921632051467896e-01
2.084074497222900391e+00
1.054713845252990723e+00
7.765912916511297226e-03
3.357028355821967125e-03
2.733239233493804932e-01
6.363995075225830078e-01
8.995738811790943146e-03
4.823712706565856934e-01
2.843433804810047150e-02
1.622406393289566040e-02
1.154282093048095703e-01
1.054773330688476562e-01
2.119199037551879883e+00
3.160132169723510742e-01
8.517100661993026733e-02
2.690677881240844727e+00
4.883157908916473389e-01
5.110256075859069824e-01
5.892546474933624268e-02
6.656814217567443848e-01
9.357091039419174194e-03
1.261751651763916016e+00
1.913780719041824341e-01
2.959891967475414276e-02
1.029470443725585938e+00
2.616159319877624512e-01
1.424242369830608368e-02
2.027347683906555176e-02
1.295389514416456223e-02
2.968325316905975342e-01
2.948370762169361115e-02
5.433374881744384766e+00
4.755434021353721619e-02
2.749179840087890625e+00
6.723135709762573242e-02
4.945315793156623840e-02
2.865146994590759277e-01
7.060287594795227051e-01
3.131681084632873535e-01
1.237801611423492432e-01
4.059408187866210938e+00
1.723507285118103027e+00
6.583821377716958523e-04
8.900898098945617676e-01
1.541067007929086685e-02
2.688467025756835938e+00
5.164701342582702637e-01
2.882053256034851074e-01
2.333498001098632812e-02
1.938352175056934357e-02
8.218255639076232910e-02
1.017448678612709045e-01
4.444155395030975342e-01
3.052217885851860046e-02
6.864517927169799805e-02
6.118549033999443054e-03
2.023250982165336609e-02
1.217029988765716553e-02
1.393917948007583618e-03
4.324664920568466187e-02
1.286695718765258789e+00
2.776722190901637077e-03
2.260525338351726532e-02
1.361566632986068726e-01
5.648957565426826477e-02
8.646018803119659424e-02
7.717320322990417480e-02
7.013337016105651855e-01
1.304461061954498291e-01
1.281536698341369629e+00
3.427091985940933228e-02
2.256378680467605591e-01
3.953268229961395264e-01
3.410571068525314331e-02
1.735090650618076324e-02
1.270260214805603027e-01
8.746387809514999390e-02
4.242640733718872070e-01
1.240192577242851257e-01
3.204928040504455566e-01
1.809388518333435059e+00
1.722241044044494629e-01
2.347839996218681335e-02
3.811043202877044678e-01
5.090964436531066895e-01
4.814645051956176758e-01
3.370218276977539062e-01
1.112718880176544189e-01
2.206507623195648193e-01
3.963634744286537170e-02
3.598822280764579773e-03
7.742644846439361572e-02
1.494511123746633530e-02
8.897289276123046875e+00
9.050267934799194336e-01
1.362644791603088379e+00
3.861701814457774162e-03
2.706961706280708313e-02
1.691603846848011017e-02
3.528799163177609444e-03
1.619703024625778198e-01
8.387224376201629639e-02
8.551087975502014160e-01
3.871851265430450439e-01
6.773523986339569092e-03
1.192034501582384109e-02
4.430826380848884583e-02
1.150435954332351685e-02
3.777510672807693481e-02
6.103391051292419434e-01
8.846776932477951050e-02
1.002685427665710449e+00
1.358959674835205078e-01
1.124023050069808960e-01
7.789625644683837891e+00
1.235657453536987305e+00
1.747402310371398926e+00
1.266764998435974121e-01
2.837691605091094971e-01
1.441892534494400024e-01
2.388451248407363892e-01
4.182905703783035278e-02
2.724566310644149780e-02
1.962735295295715332e+00
2.674311995506286621e-01
7.611867785453796387e-02
2.682505548000335693e-01
9.573547542095184326e-02
3.815085813403129578e-02
1.075321212410926819e-01
5.957504268735647202e-03
5.507812835276126862e-03
6.951822042465209961e-01
7.441794127225875854e-02
1.674139052629470825e-01
1.548330485820770264e-01
1.362909555435180664e+00
1.706814169883728027e-01
4.127815663814544678e-01
2.518749237060546875e-01
5.526307582855224609e+00
4.615586251020431519e-03
3.249302208423614502e-01
1.420713067054748535e-01
2.032968215644359589e-02
8.377137780189514160e-02
3.173337280750274658e-01
1.072428107261657715e+00
1.041148751974105835e-01
9.288661926984786987e-02
1.010789200663566589e-01
1.616122603416442871e+00
1.740611493587493896e-01
3.272468745708465576e-01
2.128505110740661621e-01
5.238381028175354004e-02
1.789026021957397461e+00
2.237734347581863403e-01
2.745140194892883301e-01
1.487041711807250977e-01
3.130938708782196045e-01
1.488230079412460327e-01
5.844002962112426758e-01
1.451371461153030396e-01
1.335471123456954956e-02
1.099615320563316345e-01
2.283027917146682739e-01
4.559123143553733826e-02
2.158475667238235474e-01
8.574806898832321167e-02
5.954780615866184235e-03
2.948313355445861816e-01
3.037463873624801636e-02
1.746968626976013184e-01
2.316288501024246216e-01
5.966554954648017883e-02
2.613514959812164307e-01
1.604929938912391663e-02
5.181524530053138733e-02
1.333466911315917969e+01
1.755984500050544739e-02
1.141834817826747894e-02
4.874426499009132385e-02
9.369029849767684937e-02
6.370204500854015350e-03
2.316429615020751953e-01
2.610543966293334961e-01
3.958549797534942627e-01
3.818092048168182373e-01
2.969607710838317871e-02
5.891459062695503235e-03
2.010882377624511719e+00
1.227567553520202637e+00
2.694453485310077667e-02
2.598161622881889343e-02
6.547055393457412720e-02
1.089936587959527969e-03
3.643098175525665283e-01
2.350162528455257416e-02
1.427526593208312988e+00
2.359179705381393433e-01
3.063389658927917480e-02
3.126372024416923523e-02
8.444074541330337524e-02
2.174836769700050354e-02
2.097014188766479492e-01
5.474496632814407349e-02
7.611560225486755371e-01
1.219821721315383911e-01
4.351005423814058304e-03
2.817593514919281006e-01
3.873578831553459167e-02
2.816751003265380859e-01
1.485014148056507111e-02
3.886561468243598938e-02
3.335194289684295654e-02
1.605440825223922729e-01
1.148207932710647583e-01
3.027059137821197510e-01
5.455254018306732178e-02
1.114036068320274353e-01
2.320528924465179443e-01
1.037452220916748047e-01
6.049009561538696289e-01
8.408802561461925507e-03
8.609957695007324219e-01
1.686158925294876099e-01
1.207750514149665833e-01
2.381676435470581055e+00
4.471924528479576111e-02
1.829881370067596436e-01
6.620879471302032471e-02
6.778168678283691406e-02
1.579098030924797058e-02
2.174314856529235840e-01
1.106871068477630615e-01
5.211828649044036865e-02
5.572612881660461426e-01
2.872846275568008423e-02
1.341621756553649902e+00
3.948240075260400772e-03
7.790828496217727661e-02
3.605571269989013672e+00
2.034192830324172974e-01
1.342058628797531128e-01
1.606330275535583496e-02
4.506037570536136627e-03
4.942424222826957703e-02
5.635161325335502625e-02
6.647077947854995728e-02
3.174863383173942566e-02
4.105526804924011230e-01
1.004353404045104980e+00
2.600248754024505615e-01
7.742373645305633545e-02
1.831370964646339417e-02
6.012019235640764236e-03
6.464197486639022827e-02
2.516904592514038086e+00
7.511721849441528320e-01
2.224630862474441528e-02
2.008628249168395996e-01
1.989823393523693085e-02
1.281379349529743195e-02
2.459365129470825195e-01
2.349495887756347656e-02
2.773998677730560303e-02
1.724083907902240753e-02
3.725203126668930054e-02
4.559509083628654480e-02
4.695600271224975586e-01
2.151977568864822388e-01
1.123230338096618652e+00
4.031662642955780029e-01
2.369741499423980713e-01
3.162863969802856445e+00
3.119885027408599854e-01
9.289818257093429565e-02
2.753343805670738220e-02
1.248204484581947327e-01
3.604424595832824707e-01
3.510572314262390137e-01
1.579962015151977539e+00
4.931205213069915771e-01
6.937159895896911621e-01
7.583037614822387695e-01
4.627360776066780090e-02
1.514473706483840942e-01
1.133433170616626740e-02
9.993794560432434082e-01
6.389375776052474976e-03
3.827833384275436401e-02
1.279476881027221680e-01
2.736544236540794373e-02
6.829865574836730957e-01
2.903787374496459961e+00
9.045545011758804321e-02
1.857146978378295898e+00
3.664082661271095276e-02
6.876710057258605957e-02
6.913515925407409668e-02
1.070826034992933273e-02
4.004990682005882263e-03
4.267385959625244141e+00
1.190219596028327942e-01
1.362314671277999878e-01
3.305517509579658508e-02
8.978734910488128662e-02
1.065881550312042236e-01
2.893624082207679749e-02
1.180612370371818542e-01
8.655464649200439453e-01
2.047162801027297974e-01
2.053232491016387939e-02
2.594682574272155762e-02
3.092614889144897461e+00
1.372623350471258163e-02
1.399701926857233047e-02
1.968439459800720215e+00
1.679243892431259155e-01
2.912372350692749023e-01
3.406035006046295166e-01
1.798249930143356323e-01
2.893623337149620056e-02
2.039220649749040604e-03
4.510465264320373535e-02
1.467678844928741455e-01
1.305497717112302780e-02
2.136323414742946625e-02
6.085948944091796875e-01
6.485648155212402344e-01
1.205195039510726929e-01
1.804209649562835693e-01
6.354849785566329956e-02
9.141086041927337646e-02
4.263262823224067688e-02
5.007691383361816406e-01
1.127054318785667419e-01
1.428879201412200928e-01
2.166121825575828552e-02
4.446957707405090332e-01
2.798747038468718529e-03
2.217507213354110718e-01
2.482445165514945984e-02
1.938704967498779297e+00
1.145893484354019165e-01
3.969919383525848389e-01
1.065471954643726349e-02
7.519654184579849243e-02
2.627649605274200439e-01
8.757513761520385742e-02
7.700420450419187546e-03
1.172417476773262024e-01
1.980137825012207031e-02
1.275153160095214844e+00
8.666543364524841309e-01
1.564904749393463135e-01
1.084078311920166016e+00
9.931997299194335938e+00
4.267929866909980774e-02
4.842035844922065735e-02
3.565463470295071602e-03
1.160193979740142822e-01
4.039258658885955811e-01
1.269607096910476685e-01
1.012162876129150391e+01
1.330465730279684067e-02
3.265836000442504883e+00
2.965932786464691162e-01
2.826166749000549316e-01
2.245702408254146576e-02
4.581663012504577637e-02
9.668332338333129883e-01
2.869735145568847656e+01
2.635882568359375000e+01
7.239800691604614258e-01
1.469038105010986328e+01
5.497268199920654297e+00
1.888638496398925781e+01
1.476124644279479980e+00
3.893923568725585938e+01
1.104762673377990723e+00
3.651114654541015625e+01
8.380827903747558594e+00
2.078564882278442383e+00
3.803072869777679443e-01
4.227184295654296875e+00
3.932224273681640625e+01
4.143433094024658203e+00
1.195487499237060547e+01
1.802313041687011719e+01
1.196970462799072266e+00
1.802964687347412109e+00
5.223615765571594238e-01
6.349863052368164062e+00
5.994569301605224609e+00
5.696755599975585938e+01
9.851387143135070801e-01
6.021564960479736328e+00
1.211541652679443359e+01
2.025034942626953125e+02
2.224995040893554688e+01
1.555186390876770020e+00
1.137282729148864746e+00
3.369971990585327148e+00
1.245327529907226562e+02
4.640415012836456299e-01
1.787164115905761719e+01
5.732301473617553711e-01
3.499043881893157959e-01
1.738901138305664062e+00
5.918962955474853516e+00
2.295804595947265625e+02
5.774685859680175781e+00
8.511773347854614258e-01
1.999469375610351562e+01
4.914842128753662109e+00
4.012392425537109375e+01
1.314244651794433594e+01
1.091848182678222656e+01
1.253215312957763672e+00
4.312438583374023438e+01
1.202413177490234375e+01
2.610984086990356445e+00
1.493009376525878906e+01
3.499984359741210938e+01
3.757457971572875977e+00
3.795749843120574951e-01
4.757783412933349609e-01
8.911473155021667480e-01
7.226212024688720703e-01
3.678398132324218750e+01
1.080996513366699219e+01
5.678533172607421875e+01
1.075780272483825684e+00
2.971491575241088867e+00
9.563165307044982910e-01
2.436754417419433594e+01
3.575690269470214844e+00
5.334443664550781250e+01
5.836153793334960938e+01
1.201735687255859375e+02
2.913263998925685883e-02
1.465910911560058594e+01
7.024552226066589355e-01
7.027748107910156250e+01
3.335755157470703125e+01
4.378926277160644531e+00
1.208029031753540039e+00
7.411879301071166992e-01
8.277892112731933594e+00
7.152700424194335938e+00
6.866141796112060547e+00
8.509198427200317383e-01
3.089867830276489258e+00
1.846418142318725586e+00
2.604672431945800781e+00
1.348198413848876953e+00
7.761645317077636719e-01
5.938429355621337891e+00
1.103000736236572266e+01
3.451719582080841064e-01
1.664788603782653809e+00
1.420647716522216797e+01
1.451811122894287109e+01
3.148684024810791016e+00
5.230520248413085938e+00
1.612627792358398438e+01
1.305719494819641113e+00
1.378578186035156250e+02
1.499652266502380371e+00
6.232544422149658203e+00
7.746502161026000977e-01
9.152159690856933594e-01
2.361785769462585449e-01
6.847721099853515625e+01
7.453690052032470703e+00
1.421029090881347656e+01
1.413752555847167969e+00
9.493492889404296875e+01
9.469738006591796875e+01
1.183503746986389160e+00
2.725837230682373047e-01
1.188162708282470703e+01
8.967255592346191406e+00
4.986077308654785156e+00
9.072575569152832031e+00
3.131485939025878906e+00
4.776048660278320312e+00
1.596508383750915527e+00
1.201775193214416504e+00
6.231434345245361328e+00
3.700425148010253906e+00
4.892130737304687500e+02
2.696861877441406250e+02
2.268584251403808594e+01
1.306682348251342773e+00
1.537311553955078125e+01
5.265157699584960938e+00
1.693744659423828125e+00
6.593115234375000000e+01
8.339928627014160156e+00
3.145980358123779297e+00
1.236008071899414062e+01
1.318427622318267822e-01
6.448025703430175781e-01
9.072857499122619629e-01
4.964646399021148682e-01
2.056330204010009766e+00
1.831481170654296875e+01
1.296386909484863281e+01
2.629329109191894531e+01
5.573726654052734375e+01
8.708084821701049805e-01
8.676947784423828125e+01
2.534363174438476562e+01
2.898229598999023438e+01
7.727091789245605469e+00
5.952981567382812500e+01
3.461020708084106445e+00
1.134690856933593750e+01
7.177971839904785156e+00
1.919663310050964355e+00
9.930581665039062500e+01
3.573259830474853516e+00
1.347233057022094727e+00
2.096514892578125000e+01
3.203024864196777344e+00
8.844728469848632812e-01
2.617866992950439453e+00
9.029210209846496582e-01
8.403352499008178711e-01
4.191979217529296875e+01
1.887348365783691406e+01
1.766964340209960938e+01
2.722457170486450195e+00
1.069786548614501953e+01
1.435067772865295410e+00
5.640495777130126953e+00
1.176509952545166016e+01
2.559482574462890625e+02
3.161309063434600830e-01
1.238369369506835938e+01
1.905914306640625000e+01
2.401498079299926758e+00
1.676691174507141113e+00
8.037172698974609375e+01
1.283848857879638672e+01
3.192199945449829102e+00
8.809585571289062500e+00
5.557440757751464844e+00
2.943148612976074219e+01
1.041156649589538574e+00
3.110403823852539062e+01
1.828162956237792969e+01
7.284709066152572632e-02
7.355140686035156250e+01
2.104719352722167969e+01
1.127577781677246094e+00
2.852670907974243164e+00
5.687060546875000000e+01
9.552587509155273438e+00
1.209638714790344238e+00
5.052957057952880859e+00
9.022227525711059570e-01
9.506973266601562500e+00
1.455489349365234375e+01
3.669961690902709961e-01
2.004712104797363281e+00
1.076988220214843750e+00
1.037296772003173828e+00
2.789453744888305664e+00
1.104757213592529297e+01
3.186142206192016602e+00
6.998224735260009766e+00
3.496505975723266602e+00
2.063423919677734375e+01
1.928760409355163574e-01
3.120459318161010742e+00
8.048709106445312500e+01
5.849996566772460938e+00
6.548339843750000000e+00
4.225607395172119141e+00
4.246297836303710938e+00
3.883515000343322754e-01
1.627431297302246094e+01
2.392312049865722656e+00
1.171624851226806641e+01
9.561140537261962891e-01
1.275909233093261719e+01
3.824379444122314453e-01
2.869684600830078125e+01
1.493084564208984375e+02
6.712923049926757812e-01
5.715085268020629883e-01
1.365301322937011719e+01
6.888694167137145996e-01
1.620086669921875000e+02
1.814455747604370117e+00
6.936254024505615234e+00
1.108623385429382324e+00
2.066329002380371094e+00
3.791628479957580566e-01
9.039071083068847656e+00
9.034829735755920410e-01
3.644811630249023438e+01
1.553597569465637207e+00
1.052416896820068359e+01
4.027296602725982666e-01
4.714897572994232178e-01
9.619226455688476562e-01
1.946991205215454102e+00
1.119682598114013672e+01
2.600138664245605469e+00
1.584941267967224121e+00
2.007004022598266602e+00
1.834456253051757812e+01
6.917507648468017578e+00
1.294482231140136719e+01
5.220155119895935059e-01
1.973677444458007812e+01
1.697333216667175293e+00
1.767801403999328613e+00
6.052011013031005859e+00
7.316844463348388672e-01
3.524481964111328125e+01
7.615396976470947266e+00
3.927196741104125977e+00
1.604840850830078125e+01
1.601368904113769531e+00
1.790490150451660156e+00
2.034701919555664062e+01
2.670924758911132812e+01
5.267657756805419922e+00
6.282744884490966797e+00
9.878679275512695312e+00
1.700942611694335938e+01
1.652910995483398438e+01
3.181655311584472656e+01
6.634415435791015625e+01
4.523008763790130615e-01
9.313894271850585938e+00
8.019219207763671875e+01
2.326997375488281250e+01
3.986914443969726562e+01
6.799777150154113770e-01
5.779262185096740723e-01
5.724936962127685547e+00
1.674626946449279785e+00
7.099310398101806641e+00
4.904576778411865234e+00
2.603447198867797852e+00
8.055898666381835938e+00
4.335048198699951172e+00
3.266059398651123047e+00
9.203341007232666016e-01
2.446451783180236816e-01
2.445808172225952148e+00
4.720711517333984375e+01
1.042142200469970703e+01
2.216859340667724609e+00
2.472091674804687500e+00
3.085313320159912109e+00
2.149454355239868164e+00
1.103289031982421875e+02
2.037125825881958008e+00
3.240614175796508789e+00
1.791535735130310059e+00
5.561375617980957031e+00
1.143626594543457031e+01
1.495253324508666992e+00
1.025244617462158203e+01
2.968951034545898438e+01
2.357964134216308594e+01
2.841114997863769531e+00
3.404545593261718750e+01
5.708254814147949219e+00
5.048119068145751953e+00
2.491785812377929688e+01
2.697286128997802734e+00
9.958318710327148438e+00
3.974547958374023438e+01
4.370287322998046875e+01
7.160472869873046875e+01
1.112795715332031250e+02
4.442983627319335938e+00
1.050969600677490234e+00
7.083224058151245117e-01
7.266754508018493652e-01
5.410904407501220703e+00
8.446127772331237793e-01
4.794237613677978516e-01
1.114544630050659180e+00
4.943368434906005859e-01
1.828260498046875000e+02
1.612234497070312500e+01
4.042551803588867188e+01
2.178703498840332031e+01
1.396054029464721680e+00
1.253472042083740234e+01
6.161194801330566406e+00
2.772809505462646484e+00
7.352576255798339844e-01
9.526741790771484375e+01
4.196501159667968750e+01
3.995347261428833008e+00
6.781146526336669922e+00
2.341637229919433594e+01
7.701339721679687500e+01
3.673346042633056641e+00
6.599376797676086426e-01
1.598767566680908203e+01
1.077807784080505371e+00
4.079207897186279297e+00
5.008705139160156250e+00
3.390980911254882812e+01
8.659630417823791504e-01
2.332329750061035156e+00
8.557826995849609375e+01
1.641356468200683594e+01
1.667802810668945312e+01
8.579219818115234375e+00
6.522740840911865234e+00
1.956515461206436157e-01
1.328053474426269531e-01
8.427303314208984375e+00
4.199106216430664062e+00
1.111005187034606934e+00
5.923826694488525391e+00
7.207231140136718750e+01
1.261059494018554688e+02
7.648765087127685547e+00
3.367949008941650391e+00
2.265310049057006836e+00
4.344810485839843750e+00
5.099720954895019531e+00
1.809263038635253906e+01
2.052019596099853516e+00
1.548243331909179688e+01
7.496735453605651855e-01
3.351528882980346680e+00
1.976656317710876465e-01
3.575889348983764648e+00
1.506632614135742188e+01
1.000910339355468750e+03
3.209939718246459961e+00
8.503930091857910156e+00
1.086399316787719727e+00
2.201714038848876953e+00
3.113540077209472656e+01
2.517143058776855469e+01
2.923956811428070068e-01
1.241082429885864258e+00
2.849603414535522461e+00
2.101568984985351562e+01
4.323857116699218750e+01
1.876911759376525879e+00
2.091263580322265625e+01
1.183679504394531250e+02
1.632457971572875977e+00
3.547994375228881836e+00
2.056247234344482422e+00
9.823347091674804688e+00
6.356617450714111328e+00
8.492312431335449219e+00
5.731544799804687500e+02
4.199164867401123047e+00
2.293331718444824219e+01
1.762711181640625000e+02
4.456738662719726562e+01
2.601785182952880859e+00
2.909297561645507812e+01
