5.294715985655784607e-02
3.047141432762145996e-01
2.644425928592681885e-01
1.028548460453748703e-02
2.972788810729980469e-01
5.500959753990173340e-01
1.245553642511367798e-01
1.845397427678108215e-02
2.550418972969055176e-01
1.712206453084945679e-01
5.210049748420715332e-01
1.174611300230026245e-01
7.315190136432647705e-02
2.556111104786396027e-02
6.096498668193817139e-02
1.167065650224685669e-01
2.699820883572101593e-02
8.220989257097244263e-02
4.232372716069221497e-02
3.962455317378044128e-02
4.292355477809906006e-02
1.494465488940477371e-02
6.072544455528259277e-01
7.681784778833389282e-02
7.356922626495361328e+00
3.310568258166313171e-02
4.965598136186599731e-02
2.520488202571868896e-01
1.873741030693054199e+00
1.401580452919006348e+00
8.769211359322071075e-03
2.974194707348942757e-03
3.270438611507415771e-01
5.732786655426025391e-01
1.338359620422124863e-02
7.406358718872070312e-01
3.615717962384223938e-02
1.378913223743438721e-02
1.421226263046264648e-01
9.619357436895370483e-02
2.174828290939331055e+00
2.776351571083068848e-01
1.140860170125961304e-01
3.720169544219970703e+00
5.946912169456481934e-01
5.401719212532043457e-01
8.302622288465499878e-02
9.804198741912841797e-01
1.034851837903261185e-02
1.416927695274353027e+00
2.347956001758575439e-01
3.642531856894493103e-02
1.390743255615234375e+00
2.529314160346984863e-01
1.408046204596757889e-02
2.128222957253456116e-02
1.879608817398548126e-02
3.440512120723724365e-01
3.934385627508163452e-02
1.000194168090820312e+01
5.131611600518226624e-02
4.137166023254394531e+00
7.794599980115890503e-02
5.289840698242187500e-02
3.224271237850189209e-01
6.543521881103515625e-01
4.369711279869079590e-01
1.478419750928878784e-01
5.467608451843261719e+00
1.948448657989501953e+00
6.620850763283669949e-04
1.045523166656494141e+00
1.871216110885143280e-02
2.722466230392456055e+00
5.194860100746154785e-01
2.748739421367645264e-01
3.035287745296955109e-02
2.372903376817703247e-02
9.107834845781326294e-02
9.934130311012268066e-02
5.720192790031433105e-01
3.986011818051338196e-02
9.762657433748245239e-02
5.484775640070438385e-03
1.795602217316627502e-02
1.268703583627939224e-02
1.387474243529140949e-03
4.918966069817543030e-02
1.513039231300354004e+00
3.230367321521043777e-03
2.775746583938598633e-02
1.935037225484848022e-01
6.233047693967819214e-02
1.120238453149795532e-01
9.366816282272338867e-02
9.059992432594299316e-01
2.108041793107986450e-01
1.354449272155761719e+00
3.822097927331924438e-02
2.784616053104400635e-01
4.815495014190673828e-01
4.541580379009246826e-02
1.946962438523769379e-02
9.456425905227661133e-02
1.236704885959625244e-01
5.219306349754333496e-01
1.518394649028778076e-01
3.649823069572448730e-01
1.985183358192443848e+00
1.634086370468139648e-01
3.158099576830863953e-02
3.550520241260528564e-01
5.360025167465209961e-01
6.663775444030761719e-01
2.972908616065979004e-01
1.324906349182128906e-01
2.288057208061218262e-01
4.569588601589202881e-02
5.495233926922082901e-03
7.515506446361541748e-02
1.624052040278911591e-02
1.369058990478515625e+01
1.051296114921569824e+00
1.618530869483947754e+00
3.658093512058258057e-03
3.730908408761024475e-02
2.143794111907482147e-02
3.434341168031096458e-03
2.418646365404129028e-01
1.122102364897727966e-01
1.161264419555664062e+00
4.973316490650177002e-01
9.950730018317699432e-03
1.029539201408624649e-02
4.433742165565490723e-02
1.581216044723987579e-02
4.117784649133682251e-02
8.956323862075805664e-01
1.121068075299263000e-01
1.485862255096435547e+00
1.406578272581100464e-01
1.023458018898963928e-01
8.459771156311035156e+00
1.912120342254638672e+00
2.900027990341186523e+00
1.735537350177764893e-01
3.999328017234802246e-01
1.732269227504730225e-01
2.497236132621765137e-01
5.256009101867675781e-02
3.858598694205284119e-02
2.014062166213989258e+00
2.533575594425201416e-01
9.296885877847671509e-02
3.040725886821746826e-01
1.099090576171875000e-01
5.330855399370193481e-02
1.162705272436141968e-01
6.087692454457283020e-03
5.767351016402244568e-03
6.462408304214477539e-01
9.841904044151306152e-02
2.214828133583068848e-01
1.900935471057891846e-01
1.677355885505676270e+00
2.487336993217468262e-01
6.442381739616394043e-01
3.072059750556945801e-01
6.534765720367431641e+00
5.291581153869628906e-03
4.466683268547058105e-01
1.806320250034332275e-01
1.870447024703025818e-02
1.121782213449478149e-01
3.541974723339080811e-01
1.271490216255187988e+00
1.416299343109130859e-01
1.452986001968383789e-01
1.016496270895004272e-01
2.166677474975585938e+00
2.156371325254440308e-01
3.319069445133209229e-01
2.561934590339660645e-01
7.149978727102279663e-02
2.291617631912231445e+00
2.195396423339843750e-01
3.455228507518768311e-01
1.184121146798133850e-01
4.456016421318054199e-01
1.686127781867980957e-01
7.892396450042724609e-01
1.462255567312240601e-01
1.020945329219102859e-02
1.406830847263336182e-01
2.589829266071319580e-01
6.863727420568466187e-02
2.375017404556274414e-01
9.998559951782226562e-02
8.157252334058284760e-03
4.122595191001892090e-01
2.692286856472492218e-02
1.972126513719558716e-01
2.061138004064559937e-01
6.785153597593307495e-02
2.323928177356719971e-01
2.260939218103885651e-02
8.199795335531234741e-02
1.840147781372070312e+01
1.947485096752643585e-02
1.366231869906187057e-02
5.737591162323951721e-02
1.069542393088340759e-01
6.430506706237792969e-03
3.246908187866210938e-01
2.768220603466033936e-01
6.569078564643859863e-01
4.993799626827239990e-01
3.108689375221729279e-02
9.122046642005443573e-03
2.751895427703857422e+00
1.447864055633544922e+00
2.607436478137969971e-02
3.202341869473457336e-02
5.925285443663597107e-02
1.229951740242540836e-03
4.592828452587127686e-01
2.601585164666175842e-02
1.735068202018737793e+00
2.858822345733642578e-01
4.206306114792823792e-02
4.011742398142814636e-02
8.059607446193695068e-02
2.286766469478607178e-02
2.549479305744171143e-01
5.884689837694168091e-02
7.351620793342590332e-01
1.710647642612457275e-01
5.751532502472400665e-03
4.400709867477416992e-01
3.609358891844749451e-02
2.580292522907257080e-01
1.788677647709846497e-02
5.321180447936058044e-02
3.282765671610832214e-02
1.244049295783042908e-01
1.164146289229393005e-01
4.016242027282714844e-01
7.894612848758697510e-02
1.349999308586120605e-01
3.036262094974517822e-01
1.440255194902420044e-01
6.977269649505615234e-01
8.655024692416191101e-03
1.013646125793457031e+00
2.290004789829254150e-01
1.794291585683822632e-01
3.324565649032592773e+00
6.327962130308151245e-02
2.090974003076553345e-01
6.757268309593200684e-02
7.801537215709686279e-02
1.756259240210056305e-02
2.752391099929809570e-01
1.380718052387237549e-01
4.703491926193237305e-02
6.695301532745361328e-01
2.489000372588634491e-02
1.697245478630065918e+00
3.995866514742374420e-03
9.369587898254394531e-02
6.007567882537841797e+00
2.584322988986968994e-01
1.481597274541854858e-01
1.667916402220726013e-02
4.706613719463348389e-03
5.011496320366859436e-02
8.321841061115264893e-02
8.361593633890151978e-02
5.118432268500328064e-02
6.054896712303161621e-01
1.404061794281005859e+00
2.738295197486877441e-01
9.123508632183074951e-02
2.599081024527549744e-02
7.939786650240421295e-03
5.343689769506454468e-02
4.300969600677490234e+00
1.117462515830993652e+00
2.949346043169498444e-02
2.523688673973083496e-01
2.600038610398769379e-02
1.563197560608386993e-02
3.245646953582763672e-01
2.575430460274219513e-02
2.712123282253742218e-02
2.253172546625137329e-02
5.191455408930778503e-02
6.877426803112030029e-02
8.634225726127624512e-01
2.809140980243682861e-01
1.441621065139770508e+00
4.414386451244354248e-01
2.784415781497955322e-01
4.102731704711914062e+00
3.554962873458862305e-01
9.496957808732986450e-02
2.869366854429244995e-02
1.663921177387237549e-01
3.813917338848114014e-01
5.433567166328430176e-01
1.908528089523315430e+00
5.207260251045227051e-01
7.488015294075012207e-01
7.805618643760681152e-01
4.383409023284912109e-02
2.066539227962493896e-01
1.156973652541637421e-02
1.577463269233703613e+00
7.718790322542190552e-03
3.444310650229454041e-02
1.882579177618026733e-01
2.225229144096374512e-02
5.748500227928161621e-01
3.660466909408569336e+00
1.195314750075340271e-01
2.612159490585327148e+00
3.153878450393676758e-02
6.991901993751525879e-02
6.442019343376159668e-02
1.433566026389598846e-02
5.011927802115678787e-03
4.872495651245117188e+00
1.196167171001434326e-01
1.437584757804870605e-01
4.271366447210311890e-02
9.995646774768829346e-02
1.134391874074935913e-01
3.732217103242874146e-02
1.489556282758712769e-01
9.977954626083374023e-01
2.223465144634246826e-01
1.778043806552886963e-02
2.590418793261051178e-02
3.537965059280395508e+00
1.418911665678024292e-02
1.944915950298309326e-02
1.930401206016540527e+00
2.740805447101593018e-01
2.763525247573852539e-01
4.191891551017761230e-01
2.016384750604629517e-01
4.466159269213676453e-02
2.221608534455299377e-03
4.508771747350692749e-02
1.706766933202743530e-01
1.345072221010923386e-02
3.344857692718505859e-02
4.930161833763122559e-01
6.478663086891174316e-01
1.975200176239013672e-01
1.782300621271133423e-01
6.200192496180534363e-02
1.201223358511924744e-01
5.607246235013008118e-02
5.967546105384826660e-01
1.439131051301956177e-01
1.498877853155136108e-01
2.235959097743034363e-02
6.158847212791442871e-01
2.769895829260349274e-03
2.174406498670578003e-01
2.844236604869365692e-02
2.854651451110839844e+00
1.445711106061935425e-01
5.500629544258117676e-01
1.061415206640958786e-02
7.002525776624679565e-02
2.624177932739257812e-01
7.977838069200515747e-02
9.838112629950046539e-03
1.383130550384521484e-01
1.850576698780059814e-02
1.785061597824096680e+00
1.015677094459533691e+00
1.951980590820312500e-01
1.467680096626281738e+00
1.539389705657958984e+01
4.747075214982032776e-02
5.496063455939292908e-02
2.677759621292352676e-03
1.239804700016975403e-01
3.683453798294067383e-01
1.232786551117897034e-01
1.394226551055908203e+01
9.156309068202972412e-03
4.070360660552978516e+00
3.621806204319000244e-01
2.846519947052001953e-01
2.443836070597171783e-02
4.319005832076072693e-02
1.182924628257751465e+00
3.514428710937500000e+01
3.545177841186523438e+01
8.753741383552551270e-01
1.289266777038574219e+01
5.550168514251708984e+00
2.540159034729003906e+01
2.548528194427490234e+00
5.307083129882812500e+01
1.678367495536804199e+00
4.710840988159179688e+01
1.165649414062500000e+01
2.820481777191162109e+00
4.232820570468902588e-01
7.229351997375488281e+00
5.042059326171875000e+01
6.296888828277587891e+00
2.540018463134765625e+01
2.788353919982910156e+01
1.872331380844116211e+00
2.507181644439697266e+00
8.029798269271850586e-01
9.035449028015136719e+00
8.884134292602539062e+00
5.572796249389648438e+01
1.430994749069213867e+00
6.634121417999267578e+00
2.122170257568359375e+01
2.695963134765625000e+02
2.396363639831542969e+01
2.357972860336303711e+00
1.497126698493957520e+00
4.029705047607421875e+00
1.378476257324218750e+02
6.914981007575988770e-01
2.947779273986816406e+01
7.552759647369384766e-01
3.914353251457214355e-01
2.216042280197143555e+00
8.150413513183593750e+00
3.522013244628906250e+02
7.195672988891601562e+00
1.246124029159545898e+00
2.957907867431640625e+01
7.967243671417236328e+00
6.308554458618164062e+01
2.628874588012695312e+01
1.475791263580322266e+01
1.659460425376892090e+00
6.373027801513671875e+01
1.980046463012695312e+01
3.138981819152832031e+00
2.200169563293457031e+01
4.146783828735351562e+01
5.766845703125000000e+00
4.710869491100311279e-01
7.979742884635925293e-01
1.173053622245788574e+00
1.413936018943786621e+00
6.257748031616210938e+01
1.900092697143554688e+01
8.887015533447265625e+01
1.451078534126281738e+00
4.053021907806396484e+00
1.418959498405456543e+00
2.896866607666015625e+01
4.654335498809814453e+00
1.114743728637695312e+02
1.289291381835937500e+02
1.356728973388671875e+02
4.137095808982849121e-02
2.185891914367675781e+01
1.200038552284240723e+00
9.109972381591796875e+01
3.635852050781250000e+01
5.844278812408447266e+00
1.529712557792663574e+00
9.661390185356140137e-01
1.270685863494873047e+01
9.753256797790527344e+00
9.044484138488769531e+00
1.337396979331970215e+00
4.094144821166992188e+00
2.835655689239501953e+00
2.688880443572998047e+00
1.851856231689453125e+00
9.404899477958679199e-01
8.788910865783691406e+00
1.477142238616943359e+01
5.722355246543884277e-01
2.477020740509033203e+00
2.797542572021484375e+01
2.169314002990722656e+01
5.015586376190185547e+00
8.565477371215820312e+00
2.131178855895996094e+01
2.359471797943115234e+00
2.384617309570312500e+02
2.101150035858154297e+00
9.771856307983398438e+00
7.972827553749084473e-01
1.110083341598510742e+00
2.810897231101989746e-01
6.756289672851562500e+01
1.239949607849121094e+01
1.877595710754394531e+01
2.057420969009399414e+00
1.476953277587890625e+02
1.331344299316406250e+02
1.467839121818542480e+00
3.728899657726287842e-01
1.367827033996582031e+01
1.057028007507324219e+01
7.198514461517333984e+00
1.156692409515380859e+01
5.090696811676025391e+00
6.251802921295166016e+00
2.401593446731567383e+00
2.179178953170776367e+00
7.815464496612548828e+00
6.356185436248779297e+00
8.122550048828125000e+02
3.551908874511718750e+02
2.849054145812988281e+01
1.887202262878417969e+00
3.098928260803222656e+01
7.570633411407470703e+00
2.024007320404052734e+00
1.188815536499023438e+02
1.603760337829589844e+01
5.023215770721435547e+00
1.741418266296386719e+01
2.014061957597732544e-01
9.223148822784423828e-01
9.200868010520935059e-01
7.769160866737365723e-01
3.263009309768676758e+00
3.512567520141601562e+01
2.148722648620605469e+01
3.979768753051757812e+01
8.189624786376953125e+01
8.759174942970275879e-01
1.115301437377929688e+02
4.329748535156250000e+01
4.434941482543945312e+01
1.105334758758544922e+01
1.013828659057617188e+02
4.308862209320068359e+00
1.391457939147949219e+01
1.202358722686767578e+01
2.995681524276733398e+00
1.357626037597656250e+02
4.999364376068115234e+00
1.540837168693542480e+00
2.696986579895019531e+01
4.386060714721679688e+00
1.379284143447875977e+00
3.029906988143920898e+00
1.110712409019470215e+00
1.143657565116882324e+00
6.480287933349609375e+01
3.286680984497070312e+01
2.776002883911132812e+01
4.139773368835449219e+00
1.603771018981933594e+01
1.931097388267517090e+00
1.015447521209716797e+01
1.977839660644531250e+01
3.420013122558593750e+02
4.254080951213836670e-01
1.639743804931640625e+01
3.305178070068359375e+01
2.580375909805297852e+00
2.900828361511230469e+00
1.281905670166015625e+02
1.502387332916259766e+01
4.108865737915039062e+00
1.633988952636718750e+01
6.004872798919677734e+00
4.035750961303710938e+01
1.285340070724487305e+00
4.579891967773437500e+01
2.969810485839843750e+01
1.155865341424942017e-01
1.226558456420898438e+02
2.174605178833007812e+01
1.739074945449829102e+00
2.660091161727905273e+00
8.958315277099609375e+01
1.415836715698242188e+01
1.564500093460083008e+00
5.920721530914306641e+00
1.124210119247436523e+00
1.406682682037353516e+01
1.682906150817871094e+01
4.791842401027679443e-01
2.758847951889038086e+00
1.630674362182617188e+00
1.651508092880249023e+00
3.811453342437744141e+00
1.327105808258056641e+01
3.969160795211791992e+00
8.530944824218750000e+00
4.861040115356445312e+00
3.005375099182128906e+01
3.052221536636352539e-01
5.196534156799316406e+00
1.055824356079101562e+02
8.054970741271972656e+00
1.108248233795166016e+01
6.553683757781982422e+00
5.624211788177490234e+00
5.408517718315124512e-01
3.718572235107421875e+01
3.326950311660766602e+00
1.772166824340820312e+01
1.388820648193359375e+00
2.331649589538574219e+01
6.377751231193542480e-01
5.107193756103515625e+01
2.181683959960937500e+02
7.959682941436767578e-01
7.697700858116149902e-01
1.722341156005859375e+01
1.122769355773925781e+00
2.641581726074218750e+02
3.028301239013671875e+00
7.349760055541992188e+00
1.319049477577209473e+00
3.101027488708496094e+00
5.106449127197265625e-01
1.316464900970458984e+01
1.022318720817565918e+00
5.558687973022460938e+01
1.843240261077880859e+00
1.460660362243652344e+01
5.535913705825805664e-01
7.569357156753540039e-01
1.974836230278015137e+00
2.178503036499023438e+00
1.589517784118652344e+01
3.804331541061401367e+00
1.959713220596313477e+00
2.689851284027099609e+00
1.947783088684082031e+01
1.201033020019531250e+01
2.414902305603027344e+01
5.895013809204101562e-01
4.045200347900390625e+01
2.696625232696533203e+00
2.636134147644042969e+00
6.968535423278808594e+00
1.129423737525939941e+00
5.718945693969726562e+01
1.273263931274414062e+01
6.213389873504638672e+00
1.997825050354003906e+01
2.386587142944335938e+00
3.022685289382934570e+00
3.451242446899414062e+01
4.277608108520507812e+01
8.470467567443847656e+00
9.346676826477050781e+00
1.563281154632568359e+01
1.915395355224609375e+01
2.440723991394042969e+01
4.139425659179687500e+01
9.423481750488281250e+01
4.851526618003845215e-01
1.318103122711181641e+01
1.599837493896484375e+02
3.278704071044921875e+01
6.021384429931640625e+01
7.434692978858947754e-01
7.393252253532409668e-01
7.996670722961425781e+00
3.168603181838989258e+00
1.123496341705322266e+01
7.939742088317871094e+00
3.640279531478881836e+00
1.249442577362060547e+01
5.231781005859375000e+00
4.638001918792724609e+00
1.419802427291870117e+00
4.703280627727508545e-01
2.460363388061523438e+00
7.739987945556640625e+01
1.816276359558105469e+01
3.811185121536254883e+00
4.546721935272216797e+00
5.424403667449951172e+00
3.246026277542114258e+00
2.311514892578125000e+02
2.644329547882080078e+00
5.792401313781738281e+00
2.889562129974365234e+00
9.636024475097656250e+00
1.775220870971679688e+01
2.800726175308227539e+00
1.534318161010742188e+01
3.495793914794921875e+01
3.288832092285156250e+01
4.393415927886962891e+00
5.593177795410156250e+01
6.713723659515380859e+00
6.064366817474365234e+00
4.036295700073242188e+01
3.784980535507202148e+00
1.268515586853027344e+01
7.415348815917968750e+01
6.387548828125000000e+01
9.712212371826171875e+01
2.023219451904296875e+02
3.918410778045654297e+00
1.665425062179565430e+00
1.046648263931274414e+00
1.126203417778015137e+00
8.302102088928222656e+00
1.344112038612365723e+00
6.016970872879028320e-01
1.870918750762939453e+00
6.195331811904907227e-01
2.444366607666015625e+02
2.459205245971679688e+01
7.309646606445312500e+01
2.856403160095214844e+01
1.685302972793579102e+00
2.118474960327148438e+01
8.130714416503906250e+00
5.033743858337402344e+00
1.128573298454284668e+00
1.397385406494140625e+02
5.572063064575195312e+01
5.924470901489257812e+00
1.157331848144531250e+01
4.229106140136718750e+01
1.418929443359375000e+02
6.088788032531738281e+00
9.587738513946533203e-01
2.120404624938964844e+01
1.225704908370971680e+00
5.534563064575195312e+00
8.715299606323242188e+00
3.800226211547851562e+01
1.270685195922851562e+00
3.547724008560180664e+00
1.004416732788085938e+02
2.823749732971191406e+01
2.337565803527832031e+01
1.102775382995605469e+01
9.070040702819824219e+00
2.671927809715270996e-01
1.620725095272064209e-01
1.213869380950927734e+01
6.586561679840087891e+00
1.525302171707153320e+00
1.035474681854248047e+01
9.273102569580078125e+01
1.552437133789062500e+02
1.483900833129882812e+01
4.521816730499267578e+00
2.716715097427368164e+00
6.229617595672607422e+00
7.201577663421630859e+00
2.806774139404296875e+01
2.734545469284057617e+00
1.931918525695800781e+01
1.006181001663208008e+00
4.642750263214111328e+00
2.286932319402694702e-01
3.846248865127563477e+00
2.759513854980468750e+01
2.174867187500000000e+03
4.791234016418457031e+00
1.189685440063476562e+01
1.366094827651977539e+00
2.643956422805786133e+00
4.680331039428710938e+01
3.940232467651367188e+01
4.891172945499420166e-01
1.398264288902282715e+00
3.528681755065917969e+00
3.953044509887695312e+01
4.892610168457031250e+01
2.443381309509277344e+00
3.661536407470703125e+01
1.997984161376953125e+02
1.949606299400329590e+00
4.293610572814941406e+00
2.927897691726684570e+00
1.444036960601806641e+01
6.320458412170410156e+00
8.284059524536132812e+00
6.722277832031250000e+02
5.278279781341552734e+00
2.963833427429199219e+01
3.621288757324218750e+02
6.657826232910156250e+01
2.816901445388793945e+00
4.294626617431640625e+01
