2.603746950626373291e-02
8.366371691226959229e-02
8.747669868171215057e-03
1.419557956978678703e-03
4.350030422210693359e-02
3.991986751556396484e+00
1.949649676680564880e-02
3.835218027234077454e-03
6.791376043111085892e-03
4.546225666999816895e-01
4.461058415472507477e-03
1.012902241200208664e-02
7.048921287059783936e-02
1.222784724086523056e-02
1.227928209118545055e-03
1.244017481803894043e-02
3.841061610728502274e-03
2.813453553244471550e-03
1.956691592931747437e-02
4.568558942992240191e-04
2.273095995187759399e-01
1.993926614522933960e-02
3.576239645481109619e-01
6.400525569915771484e-02
4.858216941356658936e-01
1.735703833401203156e-02
4.660701379179954529e-02
2.095793001353740692e-02
8.149378001689910889e-02
1.228900432586669922e+00
4.642320272978395224e-04
1.335931592620909214e-04
7.732037454843521118e-03
1.665756106376647949e-02
1.112074926495552063e-01
6.082872394472360611e-03
7.623063866049051285e-03
8.635637350380420685e-04
1.019401289522647858e-02
7.036770693957805634e-03
2.341548353433609009e-01
5.731888487935066223e-02
1.823950908146798611e-03
1.022289180755615234e+01
1.831440180540084839e-01
6.125305593013763428e-02
4.456671886146068573e-03
2.599822282791137695e-01
3.892366308718919754e-03
7.608552463352680206e-03
1.770859658718109131e-01
2.700612135231494904e-02
1.065639927983283997e-01
2.457569725811481476e-02
4.948515561409294605e-04
1.774796983227133751e-03
5.577612668275833130e-03
1.289785560220479965e-02
2.196449786424636841e-02
5.565404891967773438e+00
1.073763519525527954e-02
1.002380084991455078e+01
1.681127771735191345e-02
3.175581572577357292e-03
1.253661811351776123e-01
1.628278754651546478e-02
1.553339809179306030e-01
5.915817804634571075e-03
4.524722695350646973e-01
4.622636139392852783e-01
1.985172857530415058e-04
1.345897078514099121e+00
9.565764339640736580e-04
1.985242590308189392e-02
7.943233102560043335e-02
4.683687165379524231e-02
5.285712890326976776e-03
5.047347396612167358e-02
5.099150910973548889e-02
9.807231836020946503e-03
4.774172604084014893e-02
1.786004938185214996e-02
1.675556227564811707e-02
4.028170660603791475e-04
3.325108205899596214e-03
1.425866386853158474e-03
3.104775896645151079e-05
3.635577112436294556e-02
1.010141134262084961e+00
1.273052184842526913e-03
7.750039454549551010e-03
1.344791986048221588e-02
1.669295132160186768e-03
9.584320336580276489e-02
3.914599656127393246e-04
3.995871543884277344e-01
5.601634383201599121e-01
4.956983402371406555e-02
2.169662853702902794e-03
5.434130877256393433e-02
1.647478342056274414e+00
4.330708086490631104e-02
9.518303559161722660e-04
1.439488399773836136e-02
1.053084433078765869e-02
4.116890430450439453e-01
7.530757784843444824e-02
1.380585692822933197e-02
2.759516052901744843e-02
8.838482946157455444e-02
1.523886024951934814e-01
3.768804967403411865e-01
4.764707013964653015e-02
6.252095103263854980e-02
1.670613884925842285e-02
3.654200583696365356e-02
6.647398322820663452e-02
4.607236944139003754e-03
3.000212833285331726e-03
7.647220045328140259e-02
6.106545915827155113e-04
7.241467952728271484e+00
5.727700591087341309e-01
3.458849191665649414e-01
1.939536014106124640e-04
1.835164576768875122e-01
1.165285892784595490e-02
9.817460086196660995e-04
5.860437080264091492e-02
7.372631877660751343e-02
1.536589026451110840e+00
8.048111200332641602e-02
4.633507691323757172e-03
1.323454314842820168e-03
3.960146382451057434e-02
2.782889083027839661e-02
5.433308333158493042e-02
2.941062688827514648e+00
1.312131434679031372e-01
4.294315874576568604e-01
2.300925552845001221e-02
9.595729410648345947e-03
4.979906380176544189e-01
5.438783168792724609e-01
1.949917984008789062e+01
2.106138691306114197e-02
2.929726541042327881e-01
6.174269597977399826e-03
5.064844712615013123e-02
1.265481393784284592e-02
1.864416524767875671e-02
7.221804559230804443e-02
7.144709676504135132e-02
1.284768804907798767e-02
6.987732648849487305e-02
1.433678157627582550e-02
1.070426870137453079e-02
3.271737694740295410e-02
2.192311221733689308e-03
4.112728871405124664e-03
5.192995443940162659e-02
3.124235372524708509e-04
1.778688579797744751e-01
4.088671207427978516e-01
2.108925282955169678e-01
1.023095026612281799e-01
1.379162222146987915e-01
1.662931889295578003e-01
6.834927201271057129e-01
2.264346840092912316e-04
2.442897483706474304e-02
8.379768580198287964e-02
1.139598680310882628e-04
1.376183982938528061e-02
3.910718485713005066e-02
1.237723588943481445e+00
2.210586518049240112e-02
9.506954811513423920e-03
1.642471924424171448e-02
1.021490544080734253e-01
7.436047494411468506e-02
2.774480171501636505e-02
1.881799697875976562e-01
2.382486499845981598e-02
1.642345905303955078e+00
1.025148481130599976e-02
6.401219870895147324e-03
7.017406821250915527e-02
2.650193274021148682e-01
2.336802706122398376e-02
1.450545787811279297e-01
2.712598629295825958e-02
4.228773759678006172e-04
9.362804144620895386e-02
3.763051629066467285e-01
1.303550694137811661e-02
1.476230174303054810e-01
6.382784992456436157e-02
3.436056198552250862e-03
2.468559332191944122e-02
3.382820636034011841e-03
2.842045016586780548e-02
1.070816349238157272e-02
2.185804210603237152e-02
9.617437608540058136e-03
1.795101328752934933e-03
1.623751223087310791e-01
1.308524799346923828e+01
9.524079039692878723e-03
4.267256241291761398e-03
9.498467668890953064e-03
4.477564990520477295e-02
2.181985328206792474e-04
5.721175670623779297e-01
1.990636251866817474e-02
2.055955886840820312e+00
4.241750389337539673e-02
1.679597422480583191e-02
6.333017954602837563e-04
5.034136772155761719e-01
2.426193952560424805e-01
1.909356750547885895e-02
1.232273993082344532e-03
2.602314017713069916e-02
1.565059064887464046e-04
2.360903657972812653e-02
7.764768670313060284e-04
3.928741931915283203e+00
2.796491384506225586e-01
6.460673175752162933e-03
1.977092213928699493e-02
8.573661558330059052e-03
3.285997360944747925e-02
2.302922075614333153e-03
3.092903196811676025e-01
1.726656407117843628e-02
1.987210959196090698e-01
5.989568773657083511e-03
7.577989995479583740e-02
4.296059487387537956e-04
2.080053649842739105e-02
1.011491715908050537e-01
1.447958499193191528e-01
2.440932439640164375e-03
9.306825697422027588e-03
6.714062765240669250e-03
3.288798034191131592e-02
8.808541297912597656e-02
2.666803821921348572e-02
1.422306746244430542e-01
3.525461629033088684e-02
1.333739161491394043e+00
4.035705205751582980e-05
3.398592770099639893e-02
1.139532960951328278e-02
2.629207670688629150e-01
2.599159717559814453e+00
1.355009060353040695e-02
2.181919477880001068e-02
1.990726292133331299e-01
2.263377653434872627e-03
6.308297743089497089e-04
8.250492215156555176e-01
2.108293958008289337e-02
3.791302675381302834e-03
1.912467926740646362e-02
1.199081912636756897e-02
1.562065124511718750e+00
1.038435660302639008e-02
1.200394798070192337e-02
1.413710713386535645e+00
3.779362887144088745e-02
3.634209334850311279e-01
4.212293308228254318e-03
1.353435334749519825e-03
2.315545082092285156e-02
5.585826467722654343e-03
7.840093225240707397e-03
2.258141040802001953e-01
1.856931686401367188e+00
1.147184520959854126e-01
9.278426878154277802e-03
3.577160881832242012e-03
1.725476980209350586e-02
2.225882781203836203e-04
4.892885684967041016e-03
4.320981025695800781e+00
1.111205697059631348e+00
4.146740538999438286e-04
5.872174352407455444e-02
1.225999929010868073e-02
1.156396698206663132e-03
6.835208088159561157e-02
1.548472791910171509e-02
8.859267109073698521e-04
2.010620012879371643e-02
1.822998002171516418e-02
5.827914550900459290e-02
1.629983901977539062e+00
3.570150583982467651e-02
3.241737782955169678e-01
8.586858510971069336e-01
6.906837970018386841e-02
6.795470118522644043e-01
1.860306859016418457e+00
4.139008466154336929e-03
5.331155285239219666e-02
2.491569332778453827e-02
5.363313946872949600e-03
7.525824010372161865e-02
5.811492204666137695e-01
2.025600150227546692e-02
4.853212274610996246e-03
1.807574033737182617e-01
2.371844369918107986e-03
2.800527401268482208e-02
6.266809650696814060e-04
5.827418565750122070e-01
2.349471207708120346e-03
2.441869582980871201e-03
3.414018154144287109e-01
1.598751405254006386e-03
6.331103853881359100e-03
2.639254182577133179e-02
8.180440403521060944e-03
2.361425906419754028e-01
9.321975521743297577e-03
3.384566400200128555e-03
7.051196880638599396e-03
2.523891860619187355e-03
7.532600313425064087e-03
2.196041643619537354e-01
4.119093529880046844e-03
8.977407589554786682e-03
4.292547702789306641e-03
1.872655749320983887e-02
2.904862631112337112e-03
5.229129455983638763e-03
3.660335764288902283e-02
3.530223667621612549e-01
1.191649702377617359e-03
6.343526765704154968e-04
5.181800108402967453e-03
1.513046741485595703e+00
1.307419501245021820e-03
1.398902572691440582e-02
1.091802269220352173e-01
1.632716692984104156e-02
4.372753947973251343e-02
2.677511982619762421e-02
6.365451216697692871e-02
2.102189958095550537e-01
6.851577199995517731e-05
1.521118544042110443e-02
4.541714675724506378e-03
1.058281399309635162e-03
1.756564155220985413e-02
2.127969264984130859e-02
3.614384680986404419e-02
4.487486183643341064e-02
1.408456545323133469e-02
1.248004729859530926e-03
1.314656250178813934e-02
5.926976446062326431e-03
6.199505180120468140e-02
2.499414607882499695e-02
4.827151820063591003e-02
1.662650029174983501e-03
6.797977536916732788e-02
3.524497442413121462e-04
2.163026779890060425e-01
1.067596003413200378e-01
2.965335175395011902e-02
1.181242987513542175e-02
3.692896366119384766e-01
1.049685291945934296e-03
9.967346675693988800e-03
5.183060187846422195e-03
1.682754419744014740e-02
1.822579093277454376e-02
5.718611180782318115e-02
1.342815696261823177e-03
2.788052082061767578e+00
9.028547257184982300e-02
2.355342172086238861e-02
3.078103542327880859e+00
7.370452404022216797e+00
8.776666596531867981e-03
7.010276312939822674e-04
4.496393958106637001e-04
2.285139076411724091e-02
5.359080154448747635e-03
1.957361027598381042e-02
6.047595977783203125e+00
3.328025341033935547e-04
4.133922576904296875e+00
9.018493443727493286e-02
3.259911760687828064e-02
3.538921300787478685e-04
1.823718659579753876e-03
4.660118579864501953e+00
1.043963546752929688e+02
1.525596160888671875e+02
6.947253942489624023e-01
3.468735885620117188e+01
3.537794589996337891e+00
6.785434570312500000e+02
9.602316856384277344e+00
8.436913299560546875e+01
5.189593791961669922e+00
1.727363281250000000e+02
1.665949630737304688e+01
1.099656600952148438e+02
8.342677950859069824e-01
2.812110710144042969e+01
7.622639465332031250e+01
1.675030822753906250e+02
1.486459655761718750e+02
1.327716064453125000e+02
7.113799571990966797e+00
9.724905395507812500e+01
4.888282775878906250e+00
9.325208663940429688e+00
6.416488647460937500e+01
2.806899309158325195e+00
8.214581608772277832e-01
4.455801696777343750e+02
2.686602783203125000e+02
1.619236328125000000e+03
3.486633605957031250e+02
1.174285411834716797e+01
4.611440181732177734e+00
1.682823181152343750e+01
2.780432434082031250e+02
2.743749237060546875e+01
1.894282150268554688e+01
1.124973893165588379e+00
8.573692291975021362e-02
5.196970462799072266e+00
8.803157043457031250e+01
9.423567504882812500e+02
1.277114772796630859e+01
1.038764119148254395e+00
2.861141052246093750e+02
2.948427391052246094e+01
6.749108886718750000e+01
1.004026947021484375e+02
2.095821762084960938e+01
1.016639947891235352e+00
1.019595947265625000e+03
4.800584106445312500e+02
5.686117172241210938e+01
1.247514343261718750e+01
1.283464717864990234e+01
5.449297428131103516e+00
1.156260681152343750e+01
5.702633380889892578e+00
5.406406521797180176e-01
1.047789382934570312e+01
2.124437744140625000e+03
8.218833007812500000e+02
5.132603759765625000e+02
1.493667411804199219e+01
5.479480361938476562e+01
2.362025499343872070e+00
1.111985702514648438e+02
4.603766632080078125e+01
4.271067871093750000e+03
1.111556320190429688e+02
7.987128448486328125e+01
1.035045608878135681e-01
5.119741210937500000e+02
3.395107984542846680e+00
2.294063568115234375e+02
8.125977516174316406e+00
1.338065242767333984e+01
2.072626829147338867e+00
1.135895061492919922e+01
2.925155334472656250e+02
2.178867149353027344e+01
3.380807876586914062e+01
7.267929077148437500e+00
1.627429008483886719e+01
4.351554489135742188e+01
6.323750495910644531e+00
2.210987281799316406e+01
1.468713283538818359e-01
1.492692661285400391e+01
2.420739364624023438e+01
2.426270484924316406e+00
3.617925643920898438e+01
6.372510910034179688e+01
2.607727622985839844e+01
1.987550163269042969e+01
6.468692016601562500e+01
8.732776489257812500e+02
2.813619613647460938e+00
2.795642395019531250e+02
5.119502544403076172e-01
8.999382934570312500e+02
3.844102144241333008e+00
1.402395725250244141e+01
3.901502609252929688e+00
9.544137573242187500e+01
6.004768753051757812e+01
1.729277648925781250e+02
2.329618215560913086e+00
5.883414550781250000e+03
4.917279357910156250e+02
1.060887336730957031e+00
9.471322298049926758e-01
1.815904907226562500e+03
1.639787292480468750e+02
2.362589836120605469e+00
3.622853469848632812e+01
1.312494201660156250e+02
1.200814590454101562e+02
1.541430950164794922e+01
1.032562942504882812e+02
8.914300918579101562e+00
2.693817138671875000e+02
4.548596679687500000e+03
7.489783325195312500e+02
1.817831726074218750e+02
7.428437709808349609e+00
8.379436035156250000e+02
4.839236450195312500e+01
2.100479602813720703e+00
4.209376525878906250e+02
1.360993194580078125e+02
7.540090332031250000e+02
7.244435882568359375e+01
6.780270934104919434e-01
7.218529510498046875e+01
2.762156724929809570e+00
2.264970302581787109e+00
6.099100112915039062e-01
6.903597412109375000e+02
5.650113525390625000e+02
3.190938720703125000e+02
4.930799865722656250e+01
3.648685455322265625e+00
4.941084289550781250e+02
2.257844161987304688e+01
8.804218750000000000e+02
4.870153045654296875e+01
7.671362304687500000e+02
1.028551459312438965e+00
1.685052642822265625e+02
2.286864990234375000e+03
7.990942001342773438e-01
8.439456787109375000e+02
2.812282371520996094e+01
4.920595884323120117e-01
1.295397644042968750e+02
7.948383331298828125e+01
1.817855715751647949e+00
9.551557302474975586e-01
7.026507377624511719e+00
3.633087396621704102e+00
1.014334045410156250e+03
1.265400085449218750e+02
8.590563964843750000e+01
4.890890884399414062e+01
1.985652313232421875e+02
1.561329345703125000e+02
1.514352722167968750e+02
3.548770446777343750e+02
5.476596679687500000e+03
2.908054161071777344e+01
1.187602710723876953e+01
2.399541259765625000e+03
6.119176387786865234e+00
3.740698575973510742e+00
3.486814880371093750e+02
1.472948837280273438e+01
1.189400959014892578e+01
5.865612411499023438e+01
6.070384025573730469e+00
1.853798675537109375e+01
2.630138587951660156e+01
4.574295806884765625e+01
3.116292419433593750e+02
5.466604232788085938e+00
1.952043554687500000e+04
3.685696363449096680e+00
1.035032510757446289e+00
4.298245620727539062e+01
1.274451171875000000e+03
4.774985885620117188e+01
1.330311393737792969e+01
4.101893005371093750e+02
1.148364067077636719e+01
8.465186309814453125e+01
2.044353790283203125e+02
1.894867658615112305e+00
9.644367980957031250e+01
1.636819481849670410e+00
2.227070617675781250e+01
4.509145259857177734e+00
5.831377410888671875e+01
2.331017112731933594e+01
5.891654014587402344e+00
3.469731521606445312e+01
4.261923980712890625e+01
1.681369781494140625e+00
1.359435882568359375e+02
4.760552978515625000e+02
1.143239688873291016e+01
8.409914398193359375e+01
1.682116317749023438e+01
1.219557380676269531e+01
1.294247031211853027e+00
4.715029296875000000e+03
1.263577270507812500e+01
8.352783813476562500e+02
2.887795686721801758e+00
1.515263519287109375e+02
1.243030428886413574e+00
1.757170867919921875e+02
3.044254638671875000e+03
3.417925238609313965e-01
2.106751203536987305e+00
2.076773437500000000e+03
3.239280462265014648e+00
7.868261718750000000e+02
4.072573184967041016e+00
2.939744567871093750e+01
1.256777858734130859e+01
1.243829536437988281e+01
3.960387036204338074e-02
1.433809185028076172e+01
4.981142997741699219e+00
8.232364501953125000e+02
1.022802429199218750e+02
1.088203620910644531e+01
6.604794979095458984e+00
2.567712974548339844e+01
2.610835647583007812e+01
1.572937607765197754e+00
6.637117919921875000e+02
1.559547271728515625e+02
1.142514896392822266e+01
2.037030792236328125e+01
1.646005859375000000e+02
1.640597534179687500e+02
1.751043243408203125e+02
7.458027005195617676e-01
8.635194335937500000e+03
1.408060741424560547e+01
7.981372070312500000e+01
2.093715476989746094e+01
5.913357138633728027e-01
1.309983886718750000e+03
9.763261413574218750e+01
1.047832369804382324e+00
9.400526123046875000e+02
4.224178314208984375e+01
1.488982200622558594e+01
4.390265625000000000e+03
4.477247619628906250e+01
8.588528442382812500e+01
4.921347808837890625e+01
6.927700195312500000e+02
2.931830444335937500e+02
3.694457702636718750e+02
6.293000411987304688e+01
3.621380615234375000e+03
9.867411851882934570e-01
2.847438621520996094e+01
3.988507995605468750e+02
7.224648952484130859e+00
3.264812622070312500e+02
1.373362779617309570e+00
1.679976463317871094e+00
8.425359344482421875e+01
4.429973602294921875e+00
1.205773067474365234e+01
2.302214355468750000e+02
1.172839283943176270e+00
1.763984680175781250e+01
1.481478977203369141e+01
4.615669250488281250e+00
5.925807189941406250e+01
1.126629233360290527e+00
1.631145954132080078e+00
1.888835754394531250e+02
7.569763793945312500e+02
6.570722579956054688e+00
1.147300872802734375e+02
1.623657608032226562e+01
1.209604644775390625e+01
2.833521240234375000e+03
2.586942672729492188e+00
3.697582397460937500e+02
7.122122955322265625e+01
2.949020767211914062e+01
1.172393920898437500e+03
4.254997634887695312e+01
1.702126770019531250e+02
8.040093994140625000e+02
1.627475585937500000e+02
5.916803359985351562e+01
2.506020355224609375e+02
4.243891525268554688e+01
2.208793401718139648e+00
4.486168670654296875e+01
2.752701568603515625e+01
4.034360408782958984e+00
8.301470947265625000e+02
4.973506164550781250e+02
9.466587524414062500e+02
1.428741455078125000e+02
2.074315071105957031e+01
2.602642536163330078e+00
6.657553315162658691e-01
3.670967864990234375e+01
1.611487770080566406e+01
8.852026939392089844e+00
9.285770654678344727e-01
2.168898773193359375e+01
3.992364406585693359e-01
5.551681518554687500e+01
2.723372840881347656e+01
1.161295471191406250e+02
1.248266830444335938e+02
4.025912094116210938e+01
6.403412628173828125e+01
1.743947410583496094e+01
9.565587997436523438e+00
2.570819854736328125e-01
6.754727539062500000e+03
2.499720214843750000e+03
2.690054931640625000e+02
1.820867156982421875e+02
1.737989044189453125e+02
1.061936279296875000e+03
2.100199890136718750e+01
5.765506744384765625e+01
1.541002845764160156e+01
3.183970689773559570e+00
6.095556259155273438e+01
1.476712402343750000e+03
8.785025024414062500e+01
8.691753387451171875e+00
1.590262985229492188e+01
1.967723083496093750e+02
3.911628112792968750e+02
1.192035751342773438e+02
9.901145935058593750e+00
1.165347385406494141e+01
1.321876049041748047e-01
1.139364838600158691e-01
3.912586593627929688e+01
4.062865066528320312e+01
5.378421306610107422e+00
2.917845153808593750e+01
3.058229370117187500e+02
7.090098571777343750e+01
1.813961944580078125e+02
1.087232398986816406e+01
1.847105026245117188e+00
1.898521041870117188e+01
7.185852050781250000e+01
1.126315673828125000e+03
2.846643686294555664e+00
1.130308380126953125e+02
1.223018288612365723e+00
4.207370281219482422e+00
3.394676148891448975e-01
6.525917530059814453e+00
4.800153808593750000e+03
2.104752734375000000e+04
8.725824356079101562e+00
9.845486450195312500e+01
7.398861694335937500e+01
4.899648666381835938e+00
1.700571594238281250e+02
5.355187988281250000e+02
7.390076160430908203e+00
4.759443759918212891e+00
2.443333387374877930e+00
7.472043609619140625e+01
3.073694419860839844e+01
4.491093444824218750e+01
2.042676849365234375e+02
3.413916015625000000e+02
4.137385368347167969e+00
5.683994770050048828e+00
4.047157287597656250e+00
1.998718872070312500e+02
1.704136276245117188e+01
3.447125625610351562e+01
2.934114074707031250e+02
1.880522918701171875e+01
9.729766845703125000e+02
9.172146606445312500e+02
2.781452026367187500e+02
1.321575522422790527e+00
1.726481628417968750e+01
