8.192986994981765747e-02
5.604127645492553711e-01
3.727265894412994385e-01
2.977122180163860321e-02
9.323192834854125977e-01
2.005025148391723633e+00
1.307117938995361328e-01
3.640728443861007690e-02
1.177672624588012695e+00
1.102371513843536377e-01
5.420479774475097656e-01
2.919784188270568848e-01
6.309258192777633667e-02
5.209397524595260620e-02
7.052355259656906128e-02
2.494507730007171631e-01
2.092549651861190796e-01
1.590002775192260742e-01
4.823821038007736206e-02
9.592282027006149292e-02
2.443404644727706909e-01
3.813888132572174072e-02
1.183894515037536621e+00
6.427419930696487427e-02
9.788101196289062500e+00
8.684764057397842407e-02
1.801043748855590820e-01
3.342807590961456299e-01
2.493475675582885742e+00
1.371337532997131348e+00
2.821201831102371216e-02
1.610807329416275024e-02
3.215654492378234863e-01
1.371321558952331543e+00
1.527361106127500534e-02
4.065380394458770752e-01
3.450430929660797119e-02
5.448548123240470886e-02
1.317688524723052979e-01
1.935671120882034302e-01
4.301990985870361328e+00
9.796967506408691406e-01
1.636499911546707153e-01
2.226533889770507812e+00
3.783872425556182861e-01
1.120647788047790527e+00
1.492773443460464478e-01
3.211424946784973145e-01
2.590214461088180542e-02
9.808458089828491211e-01
4.204328060150146484e-01
6.051274016499519348e-02
7.341251969337463379e-01
4.528561234474182129e-01
9.177712351083755493e-02
2.557274699211120605e-02
1.153123192489147186e-02
3.979534804821014404e-01
7.633605599403381348e-02
1.812990903854370117e+00
1.245651990175247192e-01
1.393692731857299805e+00
1.002103611826896667e-01
1.275314837694168091e-01
4.394117891788482666e-01
1.235309720039367676e+00
2.443474531173706055e-01
2.513126730918884277e-01
1.952407121658325195e+00
1.639008283615112305e+00
2.208495512604713440e-03
5.357862114906311035e-01
4.619932919740676880e-02
3.674282550811767578e+00
1.562358736991882324e+00
5.110772848129272461e-01
5.405491217970848083e-02
7.016162574291229248e-02
1.745232939720153809e-01
1.704925894737243652e-01
3.099381029605865479e-01
4.356779158115386963e-02
1.497183293104171753e-01
3.986394777894020081e-02
6.248008087277412415e-02
5.766955390572547913e-02
6.377346348017454147e-03
1.576126068830490112e-01
4.644448161125183105e-01
6.827030330896377563e-03
9.364797919988632202e-02
1.618291139602661133e-01
1.183557733893394470e-01
1.404260098934173584e-01
1.611176729202270508e-01
8.149740695953369141e-01
8.936301618814468384e-02
1.318211674690246582e+00
4.774296656250953674e-02
2.275313585996627808e-01
7.194535732269287109e-01
8.597377687692642212e-02
2.226622402667999268e-02
4.235976040363311768e-01
1.258580237627029419e-01
3.588633239269256592e-01
1.010420322418212891e-01
4.220837652683258057e-01
2.738535404205322266e+00
6.595535278320312500e-01
3.319970518350601196e-02
5.692874193191528320e-01
8.887827396392822266e-01
4.660584032535552979e-01
3.102012872695922852e-01
1.302686333656311035e-01
2.738699913024902344e-01
5.593378841876983643e-02
1.075593475252389908e-02
1.657014340162277222e-01
2.871194668114185333e-02
6.930794715881347656e+00
8.856289386749267578e-01
1.521391987800598145e+00
1.674933917820453644e-02
3.545863926410675049e-02
3.039479814469814301e-02
8.527515456080436707e-03
2.923588156700134277e-01
1.479551345109939575e-01
4.548848569393157959e-01
3.507997989654541016e-01
9.356969967484474182e-03
5.524153262376785278e-02
9.280964732170104980e-02
2.023499459028244019e-02
5.392482504248619080e-02
4.065005779266357422e-01
1.002000868320465088e-01
1.150624513626098633e+00
3.811056613922119141e-01
3.071023225784301758e-01
3.761792182922363281e+00
7.468935251235961914e-01
7.274911999702453613e-01
1.905633658170700073e-01
1.836196631193161011e-01
4.295676648616790771e-01
7.610830664634704590e-01
9.980337321758270264e-02
3.765536099672317505e-02
2.070548057556152344e+00
4.484661817550659180e-01
9.602011740207672119e-02
1.865001767873764038e-01
1.213639825582504272e-01
4.885190352797508240e-02
3.792385458946228027e-01
4.284323379397392273e-02
1.654910482466220856e-02
2.643053531646728516e+00
6.012142822146415710e-02
2.134073674678802490e-01
1.998541057109832764e-01
7.543531060218811035e-01
2.587333321571350098e-01
2.450385391712188721e-01
3.726610541343688965e-01
6.275526523590087891e+00
1.866150833666324615e-02
3.870516717433929443e-01
2.719063758850097656e-01
4.455187171697616577e-02
6.018717214465141296e-02
3.550744950771331787e-01
1.089895486831665039e+00
1.221412122249603271e-01
9.124612063169479370e-02
1.921485215425491333e-01
1.751140236854553223e+00
1.310084015130996704e-01
1.233413457870483398e+00
3.565731942653656006e-01
4.111018031835556030e-02
8.131943941116333008e-01
4.103800058364868164e-01
1.523815244436264038e-01
2.255499660968780518e-01
4.618301093578338623e-01
1.797329336404800415e-01
4.703983664512634277e-01
3.552874624729156494e-01
5.549956485629081726e-02
1.347744315862655640e-01
2.778220772743225098e-01
6.079577282071113586e-02
6.011711359024047852e-01
2.464968413114547729e-01
2.131441794335842133e-02
3.150806725025177002e-01
7.598051428794860840e-02
1.380724757909774780e-01
5.986167192459106445e-01
8.349923789501190186e-02
6.340783834457397461e-01
2.053513564169406891e-02
4.337302595376968384e-02
1.133578681945800781e+01
4.253425821661949158e-02
2.810056135058403015e-02
7.545273751020431519e-02
1.801970601081848145e-01
1.663587428629398346e-02
2.545874118804931641e-01
7.319681048393249512e-01
3.512652218341827393e-01
4.836792945861816406e-01
9.244120866060256958e-02
7.900762371718883514e-03
8.831304907798767090e-01
3.786157667636871338e-01
9.497582167387008667e-02
4.256105050444602966e-02
1.592786163091659546e-01
1.114322151988744736e-02
4.111651182174682617e-01
4.693215340375900269e-02
1.493090510368347168e+00
2.042130827903747559e-01
3.119149990379810333e-02
4.861329123377799988e-02
2.061792165040969849e-01
6.087902933359146118e-02
4.079738855361938477e-01
2.239097803831100464e-01
7.314843535423278809e-01
1.381523013114929199e-01
1.355555187910795212e-02
1.076393127441406250e-01
1.933863162994384766e-01
6.511463522911071777e-01
2.566077560186386108e-02
4.733771458268165588e-02
8.256772905588150024e-02
3.544647097587585449e-01
1.214118823409080505e-01
3.663390278816223145e-01
4.267052933573722839e-02
1.188355237245559692e-01
1.840459257364273071e-01
9.413561969995498657e-02
6.340149641036987305e-01
4.857525601983070374e-02
7.737005949020385742e-01
9.560725837945938110e-02
1.105604320764541626e-01
2.860800743103027344e+00
4.332964867353439331e-02
1.507976651191711426e-01
1.942734569311141968e-01
1.422955244779586792e-01
4.541707038879394531e-02
3.832261562347412109e-01
1.639062166213989258e-01
2.281046062707901001e-01
6.375965476036071777e-01
1.454476565122604370e-01
9.224104881286621094e-01
2.158914506435394287e-02
9.524569660425186157e-02
1.140420913696289062e+00
1.722576171159744263e-01
1.434159427881240845e-01
3.985275328159332275e-02
6.291557103395462036e-02
7.979620993137359619e-02
4.870435968041419983e-02
1.724220514297485352e-01
7.226158678531646729e-02
2.193715721368789673e-01
4.823386967182159424e-01
3.475869297981262207e-01
1.048141419887542725e-01
2.379489690065383911e-02
1.901988126337528229e-02
1.989218443632125854e-01
1.196077346801757812e+00
8.037681579589843750e-01
3.784877806901931763e-02
1.521036922931671143e-01
3.062592260539531708e-02
2.820887044072151184e-02
3.633899986743927002e-01
2.769306302070617676e-02
6.506708264350891113e-02
3.018361330032348633e-02
6.625206023454666138e-02
2.794037573039531708e-02
1.485796272754669189e-01
1.982462257146835327e-01
9.440342783927917480e-01
8.912228345870971680e-01
2.451781183481216431e-01
1.401973247528076172e+00
3.541186451911926270e-01
2.034095227718353271e-01
8.733295649290084839e-02
3.202528357505798340e-01
5.538839697837829590e-01
1.884545236825942993e-01
2.180579185485839844e+00
1.322718501091003418e+00
1.039145350456237793e+00
1.927643895149230957e+00
2.685959637165069580e-01
1.565045714378356934e-01
2.670308761298656464e-02
6.413551568984985352e-01
1.968040876090526581e-02
6.880967319011688232e-02
9.673367440700531006e-02
1.530138403177261353e-01
1.804265260696411133e+00
5.272386550903320312e+00
2.124347239732742310e-01
8.057219982147216797e-01
1.052071601152420044e-01
1.662607192993164062e-01
2.364199757575988770e-01
6.054395437240600586e-02
1.227210648357868195e-02
2.664017915725708008e+00
2.225495576858520508e-01
2.088622748851776123e-01
4.499017074704170227e-02
1.178428381681442261e-01
4.028468132019042969e-01
7.803972065448760986e-02
1.140330955386161804e-01
1.097786903381347656e+00
5.735238790512084961e-01
3.376682102680206299e-02
4.584956541657447815e-02
2.312104940414428711e+00
9.186672419309616089e-02
3.942840546369552612e-02
1.990947842597961426e+00
8.742760121822357178e-02
3.355066776275634766e-01
2.064756155014038086e-01
4.027103483676910400e-01
2.772418409585952759e-02
2.981739351525902748e-03
9.788497537374496460e-02
2.738556265830993652e-01
3.636212274432182312e-02
4.133769124746322632e-02
1.045770406723022461e+00
6.565859913825988770e-01
3.817244172096252441e-01
3.162173628807067871e-01
9.643875062465667725e-02
1.486054956912994385e-01
7.113280892372131348e-02
4.971258342266082764e-01
9.382191300392150879e-02
2.294818013906478882e-01
5.366337671875953674e-02
2.939311563968658447e-01
1.200132630765438080e-02
3.372013568878173828e-01
5.901993438601493835e-02
8.768263459205627441e-01
3.405084609985351562e-01
3.866483271121978760e-01
3.102853707969188690e-02
3.320040106773376465e-01
8.825095891952514648e-01
1.735813319683074951e-01
9.353794157505035400e-03
2.032460123300552368e-01
1.050644591450691223e-01
8.903407454490661621e-01
1.073092818260192871e+00
1.888376772403717041e-01
1.277410745620727539e+00
1.829941630363464355e+00
7.389619201421737671e-02
1.161413341760635376e-01
4.387979581952095032e-02
1.662414371967315674e-01
6.552299261093139648e-01
1.129763200879096985e-01
3.480633974075317383e+00
2.236426472663879395e-01
7.262894630432128906e+00
8.557537198066711426e-01
5.000088810920715332e-01
3.029704652726650238e-02
1.408097445964813232e-01
1.087840199470520020e+00
2.338188934326171875e+01
1.267662048339843750e+01
6.141792535781860352e-01
1.192981338500976562e+01
1.429540729522705078e+01
5.967283725738525391e+00
7.501243352890014648e-01
2.551965713500976562e+01
6.485483050346374512e-01
2.179789352416992188e+01
3.993588447570800781e+00
1.124024868011474609e+00
5.922696590423583984e-01
1.251253962516784668e+00
1.331910324096679688e+01
2.773707389831542969e+00
2.421952009201049805e+00
3.808400630950927734e+00
1.215505480766296387e+00
1.680861830711364746e+00
5.099154114723205566e-01
9.023075103759765625e+00
2.253905773162841797e+00
4.827243041992187500e+01
1.657405257225036621e+00
4.911088466644287109e+00
3.442304611206054688e+00
3.602347564697265625e+01
2.193606185913085938e+01
9.601405858993530273e-01
7.443777322769165039e-01
3.428119659423828125e+00
4.594977569580078125e+01
3.213894069194793701e-01
5.635819911956787109e+00
4.070212841033935547e-01
3.180916607379913330e-01
1.278974652290344238e+00
2.477357387542724609e+00
5.031672668457031250e+01
4.732577800750732422e+00
8.075346946716308594e-01
1.313494396209716797e+01
2.216569185256958008e+00
1.050626087188720703e+01
6.120938777923583984e+00
3.606689929962158203e+00
9.247012138366699219e-01
1.416130065917968750e+01
6.441711425781250000e+00
2.101889848709106445e+00
8.813178062438964844e+00
1.755112457275390625e+01
1.975391626358032227e+00
1.572020351886749268e-01
1.603415757417678833e-01
9.183396697044372559e-01
4.212425053119659424e-01
1.134296703338623047e+01
3.751793622970581055e+00
2.480257606506347656e+01
8.465821146965026855e-01
1.986146092414855957e+00
8.930452466011047363e-01
1.581280231475830078e+01
2.119922876358032227e+00
7.375157833099365234e+00
8.149578094482421875e+00
5.801399230957031250e+01
1.624247059226036072e-02
3.908460617065429688e+00
4.667487144470214844e-01
2.984480667114257812e+01
2.943296623229980469e+01
2.881493091583251953e+00
1.593570113182067871e+00
9.065529704093933105e-01
2.734354496002197266e+00
2.748589992523193359e+00
2.788215398788452148e+00
4.333563446998596191e-01
3.896126508712768555e+00
1.586917757987976074e+00
1.970032691955566406e+00
8.804196119308471680e-01
5.133760571479797363e-01
3.814329147338867188e+00
2.733707904815673828e+00
1.224095895886421204e-01
2.239897251129150391e+00
2.737547159194946289e+00
4.650813102722167969e+00
1.760934591293334961e+00
3.426290273666381836e+00
1.752919006347656250e+01
3.955258727073669434e-01
2.087085914611816406e+01
8.325024247169494629e-01
2.330631971359252930e+00
1.607854843139648438e+00
1.762776613235473633e+00
2.870376110076904297e-01
3.432971954345703125e+01
2.906675577163696289e+00
3.905889034271240234e+00
6.506299972534179688e-01
1.579089546203613281e+01
5.230252075195312500e+01
2.137179851531982422e+00
3.046980202198028564e-01
5.408834934234619141e+00
6.610619544982910156e+00
2.824203729629516602e+00
3.816721677780151367e+00
1.196112751960754395e+00
2.067437171936035156e+00
8.697304725646972656e-01
4.390388429164886475e-01
4.693348407745361328e+00
7.531697154045104980e-01
1.832215728759765625e+02
6.012779617309570312e+01
2.039341545104980469e+01
5.472646355628967285e-01
2.757132768630981445e+00
2.027479410171508789e+00
8.376571536064147949e-01
1.774624633789062500e+01
3.626569509506225586e+00
9.572570323944091797e-01
5.121993541717529297e+00
1.321137249469757080e-01
4.012896716594696045e-01
1.363742828369140625e+00
3.608902096748352051e-01
5.168002843856811523e-01
3.077185630798339844e+00
1.815027356147766113e+00
1.368694782257080078e+01
1.730670928955078125e+01
1.910756826400756836e+00
2.792576599121093750e+01
6.975127696990966797e+00
1.071508026123046875e+01
5.986790180206298828e+00
5.665409564971923828e+00
4.740904808044433594e+00
1.153838062286376953e+01
2.779076576232910156e+00
9.394521117210388184e-01
2.607122802734375000e+01
1.716775774955749512e+00
1.139452219009399414e+00
5.763535022735595703e+00
1.468027353286743164e+00
4.979362487792968750e-01
5.162017345428466797e+00
1.349476695060729980e+00
3.820302188396453857e-01
1.373479175567626953e+01
2.742531061172485352e+00
6.849383831024169922e+00
1.154165387153625488e+00
3.197983026504516602e+00
1.736147999763488770e+00
3.037989377975463867e+00
5.411503791809082031e+00
1.121958847045898438e+02
3.935343325138092041e-01
7.199042320251464844e+00
7.367681026458740234e+00
1.295931935310363770e+00
3.466586768627166748e-01
1.663622093200683594e+01
1.089399242401123047e+01
1.650934219360351562e+00
3.414214134216308594e+00
5.096668720245361328e+00
1.562931251525878906e+01
6.634570956230163574e-01
1.874667549133300781e+01
6.344773292541503906e+00
4.388336464762687683e-02
1.627101516723632812e+01
2.015203857421875000e+01
3.675032258033752441e-01
2.679604530334472656e+00
1.605019569396972656e+01
2.798026084899902344e+00
1.660706043243408203e+00
3.915115833282470703e+00
6.948479413986206055e-01
2.695330858230590820e+00
8.379935264587402344e+00
6.538779735565185547e-01
3.899647235870361328e+00
1.479208230972290039e+00
5.495206713676452637e-01
2.730424642562866211e+00
3.625918865203857422e+00
1.647716522216796875e+00
7.828826904296875000e+00
1.577189922332763672e+00
5.771049499511718750e+00
1.274027824401855469e-01
8.932257890701293945e-01
5.699510574340820312e+01
2.667819976806640625e+00
1.616098761558532715e+00
1.946526169776916504e+00
3.059156894683837891e+00
3.057958483695983887e-01
2.564381122589111328e+00
4.444688320159912109e+00
8.307542800903320312e+00
1.047866225242614746e+00
3.352723360061645508e+00
2.268748283386230469e-01
5.217844963073730469e+00
1.019793319702148438e+01
9.272785782814025879e-01
4.924569129943847656e-01
4.736791133880615234e+00
5.910655856132507324e-01
3.089404487609863281e+01
5.458924770355224609e-01
1.268799877166748047e+01
1.154184579849243164e+00
7.586349248886108398e-01
3.857293426990509033e-01
3.852655887603759766e+00
1.085584163665771484e+00
2.200409889221191406e+01
2.752050161361694336e+00
2.583796739578247070e+00
5.409807562828063965e-01
3.090848028659820557e-01
2.768433392047882080e-01
3.416924715042114258e+00
5.953829288482666016e+00
1.441188216209411621e+00
1.005213379859924316e+00
8.688849210739135742e-01
9.524445533752441406e+00
1.562715291976928711e+00
2.859116554260253906e+00
7.800961732864379883e-01
4.795626163482666016e+00
6.419214010238647461e-01
9.791179299354553223e-01
5.428044795989990234e+00
9.985015392303466797e-01
1.035378837585449219e+01
1.943685173988342285e+00
1.039363503456115723e+00
2.229341697692871094e+01
7.677456140518188477e-01
3.847691714763641357e-01
8.887030601501464844e+00
7.586493968963623047e+00
2.389819860458374023e+00
2.530548810958862305e+00
3.145867347717285156e+00
8.650644302368164062e+00
7.335787296295166016e+00
1.265098953247070312e+01
1.106322097778320312e+01
8.755078911781311035e-01
3.022860765457153320e+00
9.476987838745117188e+00
5.329173564910888672e+00
8.556439399719238281e+00
6.620770096778869629e-01
1.496845006942749023e+00
1.321399807929992676e+00
5.568971633911132812e-01
4.158732414245605469e+00
3.428897857666015625e+00
1.154446959495544434e+00
3.933300256729125977e+00
2.258045673370361328e+00
1.574801206588745117e+00
1.062633872032165527e+00
9.924267977476119995e-02
4.267093658447265625e+00
1.541551113128662109e+01
4.503299236297607422e+00
1.014114737510681152e+00
6.823008060455322266e-01
8.963409066200256348e-01
7.979575395584106445e-01
1.726703643798828125e+01
8.800192475318908691e-01
8.770348429679870605e-01
9.648376703262329102e-01
2.220299720764160156e+00
2.656072616577148438e+00
4.841193854808807373e-01
3.776543378829956055e+00
1.754790306091308594e+01
1.098997116088867188e+01
1.635204434394836426e+00
7.816905021667480469e+00
2.970485925674438477e+00
4.363835334777832031e+00
5.845594406127929688e+00
2.421018123626708984e+00
6.236842155456542969e+00
5.617443084716796875e+00
2.403182411193847656e+01
3.454514694213867188e+01
1.808448410034179688e+01
1.457941722869873047e+01
1.399490356445312500e+00
4.125294089317321777e-01
4.171608984470367432e-01
4.030821323394775391e+00
3.720911145210266113e-01
3.252451419830322266e-01
4.787201285362243652e-01
7.476190924644470215e-01
3.956650924682617188e+01
1.478192806243896484e+01
1.017757797241210938e+01
9.308500289916992188e+00
1.128178000450134277e+00
3.914741516113281250e+00
3.253983736038208008e+00
2.349068880081176758e+00
6.059821844100952148e-01
2.447703361511230469e+01
1.568176937103271484e+01
1.935688018798828125e+00
1.462319374084472656e+00
4.532483577728271484e+00
2.849476814270019531e+01
1.446089267730712891e+00
2.837018668651580811e-01
8.672381401062011719e+00
2.295679569244384766e+00
9.347496628761291504e-01
9.691752791404724121e-01
1.792808532714843750e+01
9.764012694358825684e-01
1.395427107810974121e+00
3.199023628234863281e+01
4.244778156280517578e+00
3.332942008972167969e+00
3.104059934616088867e+00
4.996830940246582031e+00
2.190139740705490112e-01
6.148436293005943298e-02
3.911707878112792969e+00
1.911702275276184082e+00
8.496887087821960449e-01
3.351757764816284180e+00
2.395588493347167969e+01
2.771009826660156250e+01
5.830289363861083984e+00
1.845771670341491699e+00
1.274070620536804199e+00
2.348494052886962891e+00
2.052399635314941406e+00
4.743296623229980469e+00
8.031991124153137207e-01
6.168825149536132812e+00
4.750519096851348877e-01
3.331856250762939453e+00
3.256052136421203613e-01
2.312098741531372070e+00
3.389140605926513672e+00
5.915234756469726562e+01
4.173510074615478516e+00
5.270826816558837891e+00
6.246028542518615723e-01
3.716409683227539062e+00
1.108843708038330078e+01
6.107064723968505859e+00
1.048821359872817993e-01
2.189235448837280273e+00
2.697492599487304688e+00
6.348977565765380859e+00
3.702134323120117188e+01
1.572898149490356445e+00
5.285046100616455078e+00
1.353707218170166016e+01
2.012232780456542969e+00
3.152786254882812500e+00
1.366274952888488770e+00
2.299465417861938477e+00
7.034300804138183594e+00
3.027796268463134766e+00
1.064304733276367188e+02
5.494643211364746094e+00
2.458245658874511719e+01
3.703821182250976562e+01
1.062527084350585938e+01
1.085442781448364258e+00
7.828190326690673828e+00
