5.251060426235198975e-02
2.125326246023178101e-01
1.922514438629150391e-01
8.249441161751747131e-03
2.550726532936096191e-01
4.035766422748565674e-01
9.951931238174438477e-02
1.377100963145494461e-02
1.597335636615753174e-01
1.321551501750946045e-01
4.106526374816894531e-01
1.136645972728729248e-01
6.189981848001480103e-02
1.900181360542774200e-02
4.752036184072494507e-02
8.410767465829849243e-02
1.773471385240554810e-02
6.007566303014755249e-02
3.007655031979084015e-02
3.308090940117835999e-02
3.267784416675567627e-02
1.251011807471513748e-02
4.738477766513824463e-01
6.196251511573791504e-02
6.159531116485595703e+00
2.279545180499553680e-02
4.029955714941024780e-02
2.267292886972427368e-01
1.289039373397827148e+00
1.180665493011474609e+00
6.983042228966951370e-03
2.223575487732887268e-03
2.609782218933105469e-01
4.365783631801605225e-01
1.056818012148141861e-02
4.923828244209289551e-01
2.802830561995506287e-02
1.033326704055070877e-02
1.202083751559257507e-01
7.318237423896789551e-02
1.402633309364318848e+00
2.744134068489074707e-01
8.935973793268203735e-02
3.825918436050415039e+00
4.546708464622497559e-01
3.529880940914154053e-01
6.494314223527908325e-02
8.637288212776184082e-01
7.435480132699012756e-03
1.103878974914550781e+00
1.881931126117706299e-01
3.838983550667762756e-02
1.190507769584655762e+00
2.032177746295928955e-01
1.148841250687837601e-02
1.885047927498817444e-02
1.531419530510902405e-02
3.135219812393188477e-01
2.903730049729347229e-02
9.855970382690429688e+00
3.762255981564521790e-02
3.779330253601074219e+00
5.490137264132499695e-02
4.909603297710418701e-02
2.432523518800735474e-01
5.666151046752929688e-01
3.386096954345703125e-01
1.150781884789466858e-01
4.380865097045898438e+00
1.539156436920166016e+00
5.728655378334224224e-04
9.270932078361511230e-01
1.270690653473138809e-02
1.971077442169189453e+00
3.264620602130889893e-01
2.059714049100875854e-01
2.114035189151763916e-02
2.372222207486629486e-02
7.200288027524948120e-02
8.126702159643173218e-02
4.537208080291748047e-01
3.802264109253883362e-02
8.346562087535858154e-02
3.958383575081825256e-03
1.433035638183355331e-02
1.143685914576053619e-02
9.904126636683940887e-04
4.028581827878952026e-02
1.266663551330566406e+00
2.248652745038270950e-03
2.229001373052597046e-02
1.672268062829971313e-01
4.965716600418090820e-02
7.846716791391372681e-02
6.887760758399963379e-02
7.304817438125610352e-01
1.852101534605026245e-01
1.093296408653259277e+00
3.039551526308059692e-02
2.243410050868988037e-01
5.153720974922180176e-01
3.900896012783050537e-02
1.344148907810449600e-02
6.659232079982757568e-02
8.451084047555923462e-02
4.426514208316802979e-01
1.160913333296775818e-01
2.992868125438690186e-01
1.640949964523315430e+00
1.050328016281127930e-01
2.085194736719131470e-02
3.294898271560668945e-01
3.941588997840881348e-01
5.508368611335754395e-01
2.352600991725921631e-01
1.152266934514045715e-01
1.702516227960586548e-01
4.017825424671173096e-02
4.382956307381391525e-03
5.574072897434234619e-02
1.100663188844919205e-02
1.331444549560546875e+01
8.720694780349731445e-01
1.374371528625488281e+00
2.526018302887678146e-03
2.305385470390319824e-02
2.086156420409679413e-02
2.491146326065063477e-03
1.842262893915176392e-01
7.724328339099884033e-02
1.003718256950378418e+00
4.084645807743072510e-01
1.118884049355983734e-02
8.475435897707939148e-03
3.451107814908027649e-02
1.236720755696296692e-02
3.762738034129142761e-02
9.482117295265197754e-01
9.794356673955917358e-02
1.060960650444030762e+00
1.118173673748970032e-01
7.328879833221435547e-02
7.216680049896240234e+00
1.576317429542541504e+00
2.546022415161132812e+00
1.324631869792938232e-01
3.215214908123016357e-01
1.179406791925430298e-01
1.772025078535079956e-01
4.062080010771751404e-02
3.019379824399948120e-02
1.675726175308227539e+00
1.910791695117950439e-01
7.843728363513946533e-02
3.238685727119445801e-01
9.464523196220397949e-02
4.179987683892250061e-02
8.473361283540725708e-02
4.355302080512046814e-03
4.518026020377874374e-03
4.412543773651123047e-01
8.373329788446426392e-02
1.594333499670028687e-01
1.675460934638977051e-01
1.709900379180908203e+00
2.047260701656341553e-01
6.610695123672485352e-01
2.592673301696777344e-01
5.516161441802978516e+00
4.230986349284648895e-03
2.999927401542663574e-01
1.476805359125137329e-01
1.475250441581010818e-02
8.541352301836013794e-02
2.293404638767242432e-01
1.149855732917785645e+00
1.086252108216285706e-01
1.149057149887084961e-01
7.614061981439590454e-02
1.735211014747619629e+00
1.818885803222656250e-01
2.200846970081329346e-01
1.820938587188720703e-01
6.936043500900268555e-02
2.203426837921142578e+00
1.910885721445083618e-01
2.300562560558319092e-01
8.791854232549667358e-02
3.240896463394165039e-01
1.257550716400146484e-01
7.354263663291931152e-01
1.321838498115539551e-01
7.371522951871156693e-03
1.098514795303344727e-01
2.126739323139190674e-01
5.257178470492362976e-02
1.867943257093429565e-01
8.199218660593032837e-02
5.709114484488964081e-03
3.015596568584442139e-01
1.857568509876728058e-02
1.422324627637863159e-01
1.647178083658218384e-01
5.215776711702346802e-02
1.627150326967239380e-01
1.673006266355514526e-02
6.837338209152221680e-02
1.692240524291992188e+01
1.449993532150983810e-02
1.131455693393945694e-02
4.283367469906806946e-02
9.436673671007156372e-02
5.450595635920763016e-03
2.855802178382873535e-01
1.917091906070709229e-01
5.526348352432250977e-01
4.316484928131103516e-01
2.326256595551967621e-02
6.161137949675321579e-03
2.171205997467041016e+00
1.329820513725280762e+00
1.656306162476539612e-02
2.321083843708038330e-02
5.122208222746849060e-02
8.385649998672306538e-04
3.535933196544647217e-01
2.013986930251121521e-02
1.507769823074340820e+00
2.431013733148574829e-01
3.658789023756980896e-02
3.245409205555915833e-02
6.860981881618499756e-02
2.013659104704856873e-02
1.878769248723983765e-01
4.048183932900428772e-02
7.027303576469421387e-01
1.356504112482070923e-01
3.979923669248819351e-03
3.912807703018188477e-01
2.530466206371784210e-02
1.800546944141387939e-01
1.497258711606264114e-02
5.621873587369918823e-02
2.522600442171096802e-02
8.422247320413589478e-02
7.555289566516876221e-02
2.851339280605316162e-01
7.005816698074340820e-02
1.050390601158142090e-01
2.401687949895858765e-01
1.239430829882621765e-01
6.507691144943237305e-01
5.607314407825469971e-03
8.417536020278930664e-01
2.080919742584228516e-01
1.766225695610046387e-01
2.606260299682617188e+00
6.151163578033447266e-02
1.706194132566452026e-01
5.416242405772209167e-02
5.849377065896987915e-02
1.290192827582359314e-02
2.351312935352325439e-01
1.094317361712455750e-01
3.957176953554153442e-02
5.211847424507141113e-01
1.885841414332389832e-02
1.310462117195129395e+00
2.839162014424800873e-03
7.809539139270782471e-02
5.467267513275146484e+00
2.189576327800750732e-01
1.114583611488342285e-01
1.198966987431049347e-02
3.288288135081529617e-03
4.144766926765441895e-02
6.399344652891159058e-02
5.591538920998573303e-02
5.042033642530441284e-02
5.706288814544677734e-01
1.041357278823852539e+00
2.196693271398544312e-01
8.541119843721389771e-02
2.441520988941192627e-02
5.123537965118885040e-03
3.468248248100280762e-02
3.256432294845581055e+00
1.077012419700622559e+00
2.176039665937423706e-02
2.150459587574005127e-01
2.123513817787170410e-02
1.346873119473457336e-02
2.654220759868621826e-01
2.188660204410552979e-02
1.982043124735355377e-02
1.696374453604221344e-02
3.661096096038818359e-02
5.876377224922180176e-02
6.893408298492431641e-01
1.931778937578201294e-01
1.366167306900024414e+00
3.493649661540985107e-01
2.308481335639953613e-01
2.873268127441406250e+00
3.039498329162597656e-01
6.213305145502090454e-02
2.216166071593761444e-02
1.401560008525848389e-01
3.028295636177062988e-01
4.446214139461517334e-01
1.638666152954101562e+00
3.541239202022552490e-01
5.089082121849060059e-01
6.692681312561035156e-01
3.216672688722610474e-02
1.556311398744583130e-01
8.105945773422718048e-03
1.018232226371765137e+00
5.842771846801042557e-03
2.671227045357227325e-02
1.571259200572967529e-01
1.666147634387016296e-02
4.277832210063934326e-01
2.318201780319213867e+00
7.619281113147735596e-02
2.406332731246948242e+00
2.630096301436424255e-02
4.912964999675750732e-02
4.223034903407096863e-02
9.650181978940963745e-03
3.328185528516769409e-03
4.716737270355224609e+00
8.991517126560211182e-02
1.054305657744407654e-01
2.773229591548442841e-02
7.390005141496658325e-02
9.013098478317260742e-02
3.062246181070804596e-02
1.180442050099372864e-01
7.718825340270996094e-01
1.447590589523315430e-01
1.241265144199132919e-02
1.849149353802204132e-02
3.128019094467163086e+00
8.752497844398021698e-03
1.635080389678478241e-02
1.690029740333557129e+00
2.976341247558593750e-01
2.442342936992645264e-01
3.974999189376831055e-01
1.596318185329437256e-01
3.601009398698806763e-02
1.957696629688143730e-03
4.038821160793304443e-02
1.307513713836669922e-01
9.676635265350341797e-03
2.558119967579841614e-02
4.145296812057495117e-01
4.789309501647949219e-01
1.578714400529861450e-01
1.249600127339363098e-01
4.444587230682373047e-02
8.237049728631973267e-02
4.179734364151954651e-02
5.604877471923828125e-01
1.122734770178794861e-01
1.289713382720947266e-01
1.757298782467842102e-02
4.565672278404235840e-01
1.779929501935839653e-03
2.034514397382736206e-01
2.270228974521160126e-02
2.671476602554321289e+00
1.075611189007759094e-01
4.574159979820251465e-01
8.935835212469100952e-03
6.337693333625793457e-02
1.599645912647247314e-01
6.313025951385498047e-02
8.243668824434280396e-03
1.258684247732162476e-01
1.642747595906257629e-02
1.394910097122192383e+00
8.024882674217224121e-01
1.634386330842971802e-01
1.341692805290222168e+00
1.341459846496582031e+01
3.619081526994705200e-02
4.808761179447174072e-02
1.510065631009638309e-03
8.091308176517486572e-02
2.499176710844039917e-01
1.279298812150955200e-01
1.356598949432373047e+01
6.178230978548526764e-03
3.270765066146850586e+00
3.048565983772277832e-01
1.696381717920303345e-01
2.037472091615200043e-02
2.945757098495960236e-02
1.247022747993469238e+00
2.789484977722167969e+01
3.120245170593261719e+01
7.338829040527343750e-01
1.237500667572021484e+01
3.767366886138916016e+00
2.676974105834960938e+01
2.454292297363281250e+00
4.386431884765625000e+01
1.464214324951171875e+00
4.090813827514648438e+01
1.440284347534179688e+01
2.670883178710937500e+00
3.330317437648773193e-01
7.224411964416503906e+00
3.829113388061523438e+01
5.563764095306396484e+00
2.520177459716796875e+01
2.396760749816894531e+01
1.988956570625305176e+00
2.196084737777709961e+00
8.330701589584350586e-01
8.404774665832519531e+00
8.260424613952636719e+00
4.616295623779296875e+01
1.160376191139221191e+00
6.249604225158691406e+00
2.366083717346191406e+01
2.261632385253906250e+02
1.961702346801757812e+01
2.213035345077514648e+00
1.251839399337768555e+00
3.212085962295532227e+00
1.265940246582031250e+02
6.063414216041564941e-01
2.244287300109863281e+01
5.858158469200134277e-01
3.677692115306854248e-01
2.137541294097900391e+00
8.311277389526367188e+00
3.120487060546875000e+02
8.967048645019531250e+00
1.048127532005310059e+00
3.134719657897949219e+01
7.718872070312500000e+00
5.395520401000976562e+01
2.744568252563476562e+01
1.300911712646484375e+01
1.358299732208251953e+00
5.409012222290039062e+01
1.993799400329589844e+01
3.664267063140869141e+00
2.089256668090820312e+01
4.006318283081054688e+01
5.956377983093261719e+00
4.842247366905212402e-01
7.168236970901489258e-01
1.137792587280273438e+00
1.366449594497680664e+00
6.000197601318359375e+01
1.656756210327148438e+01
8.818966674804687500e+01
1.223975419998168945e+00
4.397356986999511719e+00
1.199613690376281738e+00
2.914422416687011719e+01
3.993484497070312500e+00
1.280302734375000000e+02
1.349418945312500000e+02
1.135453186035156250e+02
4.096149653196334839e-02
2.283547401428222656e+01
9.441359043121337891e-01
7.646218109130859375e+01
2.453474235534667969e+01
5.533584594726562500e+00
1.042786121368408203e+00
9.870742559432983398e-01
1.256288623809814453e+01
1.145233440399169922e+01
8.315786361694335938e+00
1.426553487777709961e+00
3.548474311828613281e+00
2.701455831527709961e+00
2.566520929336547852e+00
1.981294035911560059e+00
7.422375679016113281e-01
9.237723350524902344e+00
1.449832248687744141e+01
5.068519711494445801e-01
2.233123540878295898e+00
2.851719474792480469e+01
2.151335906982421875e+01
4.224179744720458984e+00
7.586329460144042969e+00
1.910861968994140625e+01
2.154797554016113281e+00
2.475493621826171875e+02
1.975208401679992676e+00
9.680268287658691406e+00
8.453786373138427734e-01
9.415336251258850098e-01
2.186807841062545776e-01
6.041660690307617188e+01
9.912272453308105469e+00
1.625216865539550781e+01
1.822239160537719727e+00
1.448810424804687500e+02
1.393865661621093750e+02
1.132688999176025391e+00
2.648932933807373047e-01
1.512345886230468750e+01
9.279162406921386719e+00
6.266506671905517578e+00
1.204060935974121094e+01
5.481142044067382812e+00
5.197314262390136719e+00
2.450206518173217773e+00
2.252115964889526367e+00
6.612908363342285156e+00
6.358981132507324219e+00
7.908471679687500000e+02
3.477957763671875000e+02
2.441135978698730469e+01
1.625576257705688477e+00
2.758753395080566406e+01
7.629088401794433594e+00
1.798004746437072754e+00
1.095296859741210938e+02
1.519754600524902344e+01
4.757978439331054688e+00
1.603759574890136719e+01
1.959960609674453735e-01
1.012410402297973633e+00
7.969286441802978516e-01
6.599865555763244629e-01
3.219532966613769531e+00
4.259580230712890625e+01
2.097602844238281250e+01
3.000932312011718750e+01
7.890857696533203125e+01
6.253559589385986328e-01
1.080027389526367188e+02
3.953578948974609375e+01
3.645817184448242188e+01
8.793177604675292969e+00
9.670280456542968750e+01
2.977140426635742188e+00
1.004901504516601562e+01
1.132444095611572266e+01
2.344094991683959961e+00
1.334896392822265625e+02
4.999714851379394531e+00
1.262159228324890137e+00
3.331366348266601562e+01
4.026833057403564453e+00
1.175276279449462891e+00
2.415943384170532227e+00
9.154165387153625488e-01
9.733664989471435547e-01
6.046035385131835938e+01
3.355215454101562500e+01
2.518284797668457031e+01
4.367741584777832031e+00
1.635295104980468750e+01
1.660845398902893066e+00
1.181273555755615234e+01
1.906561470031738281e+01
3.218045654296875000e+02
3.707427084445953369e-01
1.232050323486328125e+01
3.567893981933593750e+01
2.230831861495971680e+00
2.792204380035400391e+00
1.050831832885742188e+02
1.378437709808349609e+01
3.025913000106811523e+00
1.446759414672851562e+01
5.016875743865966797e+00
3.430379104614257812e+01
1.161390185356140137e+00
3.552178955078125000e+01
2.662689018249511719e+01
1.199453622102737427e-01
1.431834411621093750e+02
1.897539901733398438e+01
1.279308319091796875e+00
2.389919281005859375e+00
6.683807373046875000e+01
1.274851036071777344e+01
1.344998478889465332e+00
6.316994190216064453e+00
1.120527267456054688e+00
1.172560405731201172e+01
1.462204933166503906e+01
3.291797339916229248e-01
2.671704292297363281e+00
1.604119062423706055e+00
1.328889131546020508e+00
2.966153144836425781e+00
1.150625896453857422e+01
2.938007116317749023e+00
7.974504947662353516e+00
4.066084384918212891e+00
2.772410774230957031e+01
2.497837245464324951e-01
4.523015975952148438e+00
9.716511535644531250e+01
6.330961704254150391e+00
1.144358062744140625e+01
5.808897018432617188e+00
5.396459102630615234e+00
5.243116617202758789e-01
4.509002304077148438e+01
2.989076852798461914e+00
1.404961872100830078e+01
1.302453398704528809e+00
2.498783302307128906e+01
4.664537012577056885e-01
5.031505966186523438e+01
2.571282043457031250e+02
6.060095429420471191e-01
6.061977744102478027e-01
1.950848007202148438e+01
9.500012397766113281e-01
2.442631683349609375e+02
3.088029146194458008e+00
5.776312828063964844e+00
1.162539958953857422e+00
2.971065759658813477e+00
4.355755746364593506e-01
1.371301651000976562e+01
9.378937482833862305e-01
4.948094940185546875e+01
1.569279432296752930e+00
1.717354965209960938e+01
4.674733281135559082e-01
6.231592297554016113e-01
2.136873245239257812e+00
1.881057262420654297e+00
1.479292488098144531e+01
3.586150169372558594e+00
1.985200643539428711e+00
2.704508066177368164e+00
1.621957206726074219e+01
1.169664955139160156e+01
2.318554878234863281e+01
5.036216974258422852e-01
4.007400894165039062e+01
2.521380901336669922e+00
2.460672378540039062e+00
6.897410392761230469e+00
9.478868842124938965e-01
5.849794769287109375e+01
1.267789649963378906e+01
6.478650093078613281e+00
1.499936771392822266e+01
2.461662292480468750e+00
3.056469678878784180e+00
3.663002395629882812e+01
3.747447586059570312e+01
8.930828094482421875e+00
8.713716506958007812e+00
1.459885406494140625e+01
1.872042274475097656e+01
2.188106918334960938e+01
3.790892028808593750e+01
8.116687774658203125e+01
3.644960522651672363e-01
1.187970638275146484e+01
1.574375152587890625e+02
2.993214416503906250e+01
5.315074539184570312e+01
5.598088502883911133e-01
5.525212883949279785e-01
8.465557098388671875e+00
2.862438917160034180e+00
9.395936012268066406e+00
7.675350189208984375e+00
3.283966541290283203e+00
9.910495758056640625e+00
5.022779941558837891e+00
4.886868953704833984e+00
1.526158094406127930e+00
3.829267621040344238e-01
2.124247074127197266e+00
6.661411285400390625e+01
2.002612876892089844e+01
3.446636915206909180e+00
4.982441902160644531e+00
5.703504085540771484e+00
3.367278337478637695e+00
2.294566802978515625e+02
2.688285589218139648e+00
6.071594715118408203e+00
2.415559291839599609e+00
9.062283515930175781e+00
1.712062835693359375e+01
2.284227371215820312e+00
1.192156791687011719e+01
3.292899322509765625e+01
3.273514556884765625e+01
4.182255744934082031e+00
5.158139419555664062e+01
6.399666309356689453e+00
4.713062286376953125e+00
4.410128021240234375e+01
3.341359138488769531e+00
1.088400554656982422e+01
6.802198791503906250e+01
5.952093124389648438e+01
7.947640228271484375e+01
1.826686859130859375e+02
3.094019412994384766e+00
1.644922614097595215e+00
8.297079801559448242e-01
9.228546023368835449e-01
5.790453910827636719e+00
1.167959332466125488e+00
6.023381352424621582e-01
1.728122711181640625e+00
6.110610365867614746e-01
2.459893188476562500e+02
1.920042991638183594e+01
6.016292953491210938e+01
2.514811515808105469e+01
1.715381026268005371e+00
2.185406303405761719e+01
6.903084278106689453e+00
4.453055381774902344e+00
8.304759860038757324e-01
1.469661712646484375e+02
5.151768112182617188e+01
5.370379447937011719e+00
9.055022239685058594e+00
4.116033172607421875e+01
1.636641540527343750e+02
5.715932369232177734e+00
8.583444952964782715e-01
1.813961601257324219e+01
8.900150060653686523e-01
5.577105998992919922e+00
9.189924240112304688e+00
3.582236099243164062e+01
1.000899076461791992e+00
2.992391824722290039e+00
1.049511337280273438e+02
3.486958694458007812e+01
2.816451263427734375e+01
1.113413238525390625e+01
8.098930358886718750e+00
2.088378518819808960e-01
1.588833928108215332e-01
1.335943222045898438e+01
6.060192108154296875e+00
1.329663157463073730e+00
9.086867332458496094e+00
9.100437927246093750e+01
1.306331024169921875e+02
1.293882751464843750e+01
3.698660135269165039e+00
2.250820875167846680e+00
4.463565826416015625e+00
5.919303894042968750e+00
2.979812431335449219e+01
2.265979766845703125e+00
1.882290267944335938e+01
8.980399370193481445e-01
3.391630649566650391e+00
1.630873531103134155e-01
3.689543724060058594e+00
2.940744781494140625e+01
2.545114257812500000e+03
4.141832828521728516e+00
1.074644947052001953e+01
1.403240799903869629e+00
2.532941341400146484e+00
3.736816406250000000e+01
4.294333648681640625e+01
4.746053218841552734e-01
1.299144983291625977e+00
3.872837066650390625e+00
3.969343948364257812e+01
3.877278900146484375e+01
2.236940383911132812e+00
4.094300842285156250e+01
1.857670593261718750e+02
1.576918244361877441e+00
3.887310028076171875e+00
2.306059837341308594e+00
1.161552715301513672e+01
4.654044151306152344e+00
8.432352066040039062e+00
6.432694702148437500e+02
5.026052474975585938e+00
2.437144279479980469e+01
4.366611022949218750e+02
5.540814590454101562e+01
2.520030498504638672e+00
4.025744247436523438e+01
