3.208168968558311462e-02
1.229184567928314209e-01
7.099207956343889236e-03
1.819788827560842037e-03
3.494716808199882507e-02
6.990344047546386719e+00
1.688063330948352814e-02
3.438649233430624008e-03
6.052625831216573715e-03
5.537641644477844238e-01
6.917647551745176315e-03
2.142252586781978607e-02
4.882838204503059387e-02
1.695193164050579071e-02
1.583433477208018303e-03
1.628101058304309845e-02
3.177182516083121300e-03
6.285751238465309143e-03
1.867148652672767639e-02
6.687497952952980995e-04
1.252785176038742065e-01
2.404933795332908630e-02
2.425018846988677979e-01
4.034892469644546509e-02
7.683742046356201172e-01
1.622626185417175293e-02
5.776784941554069519e-02
2.570750378072261810e-02
1.057878807187080383e-01
7.090054750442504883e-01
7.293490343727171421e-04
1.360950700473040342e-04
7.267997600138187408e-03
2.927930653095245361e-02
4.721749946475028992e-02
8.783180266618728638e-03
5.852698348462581635e-03
5.294278962537646294e-04
1.032637618482112885e-02
6.416227668523788452e-03
2.844262123107910156e-01
9.790740162134170532e-02
2.351137576624751091e-03
1.346146392822265625e+01
1.692144870758056641e-01
9.077194333076477051e-02
5.926315207034349442e-03
2.676374018192291260e-01
4.181638360023498535e-03
1.034781336784362793e-02
1.661694347858428955e-01
3.584964573383331299e-02
1.312634348869323730e-01
3.561086580157279968e-02
5.821816157549619675e-04
2.454132074490189552e-03
6.191605236381292343e-03
1.035420503467321396e-02
3.208083286881446838e-02
7.039090633392333984e+00
1.862891949713230133e-02
1.490535736083984375e+01
1.377637591212987900e-02
3.258005017414689064e-03
1.273498237133026123e-01
1.933902688324451447e-02
1.528398245573043823e-01
1.118145883083343506e-02
7.182885408401489258e-01
5.332377552986145020e-01
1.481013605371117592e-04
1.591476798057556152e+00
9.957778966054320335e-04
3.576714172959327698e-02
9.446238726377487183e-02
4.691904410719871521e-02
7.945661433041095734e-03
4.986095428466796875e-02
3.678734600543975830e-02
1.596826128661632538e-02
8.087366074323654175e-02
1.739655435085296631e-02
1.852055266499519348e-02
3.550629771780222654e-04
3.736717859283089638e-03
1.966305542737245560e-03
3.851910514640621841e-05
4.078676924109458923e-02
5.929034948348999023e-01
1.020319876261055470e-03
7.659201044589281082e-03
8.478532545268535614e-03
1.347178826108574867e-03
1.013162359595298767e-01
6.274937186390161514e-04
6.127898097038269043e-01
5.162329673767089844e-01
5.698454380035400391e-02
1.436596736311912537e-03
6.996536254882812500e-02
1.542491316795349121e+00
5.406733602285385132e-02
1.517512835562229156e-03
2.221640385687351227e-02
1.302065979689359665e-02
5.610387921333312988e-01
8.365773409605026245e-02
1.546437665820121765e-02
3.528426587581634521e-02
1.209952756762504578e-01
1.674651205539703369e-01
2.603544592857360840e-01
5.069401487708091736e-02
5.693652480840682983e-02
1.542137283831834793e-02
3.826597705483436584e-02
5.728927999734878540e-02
7.912653498351573944e-03
2.999034244567155838e-03
6.205816939473152161e-02
8.446464198641479015e-04
9.088360786437988281e+00
4.477538466453552246e-01
3.918590247631072998e-01
1.251146022696048021e-04
2.097855806350708008e-01
1.299224793910980225e-02
7.841693004593253136e-04
6.494321674108505249e-02
8.651547133922576904e-02
1.437000155448913574e+00
4.900287464261054993e-02
3.816482378169894218e-03
1.287782215513288975e-03
4.884955286979675293e-02
2.847261913120746613e-02
4.515116289258003235e-02
2.429274320602416992e+00
1.808928847312927246e-01
4.875172078609466553e-01
1.692446321249008179e-02
8.498580195009708405e-03
8.706251978874206543e-01
6.390191912651062012e-01
3.589150238037109375e+01
2.786856330931186676e-02
3.166781961917877197e-01
8.167115040123462677e-03
4.889085516333580017e-02
1.132349018007516861e-02
1.877974160015583038e-02
7.010701298713684082e-02
1.163865700364112854e-01
1.643425412476062775e-02
8.348916471004486084e-02
1.390548795461654663e-02
1.706704683601856232e-02
4.176039993762969971e-02
2.352126641198992729e-03
4.913842305541038513e-03
4.313553869724273682e-02
4.494012682698667049e-04
1.730960905551910400e-01
5.186954736709594727e-01
3.089512884616851807e-01
1.408375501632690430e-01
1.494525521993637085e-01
1.432529091835021973e-01
1.204294681549072266e+00
2.743219665717333555e-04
2.183238975703716278e-02
1.264933943748474121e-01
8.337338658748194575e-05
1.307763718068599701e-02
3.922612220048904419e-02
2.223351955413818359e+00
2.644497156143188477e-02
1.261051557958126068e-02
1.071596797555685043e-02
1.138280406594276428e-01
5.088827759027481079e-02
3.742693737149238586e-02
1.457909643650054932e-01
4.269893094897270203e-02
2.415529489517211914e+00
1.079626102000474930e-02
6.768858525902032852e-03
5.888571962714195251e-02
3.994126021862030029e-01
3.960383310914039612e-02
1.366128623485565186e-01
2.990937046706676483e-02
3.172636206727474928e-04
9.496620297431945801e-02
4.196221232414245605e-01
2.223538607358932495e-02
3.217982649803161621e-01
9.890016168355941772e-02
4.786706063896417618e-03
2.789937704801559448e-02
3.863057354465126991e-03
3.119620122015476227e-02
1.484207808971405029e-02
2.111189812421798706e-02
8.662010543048381805e-03
2.354614436626434326e-03
1.768031269311904907e-01
1.580907440185546875e+01
8.090658113360404968e-03
3.528035245835781097e-03
6.074889563024044037e-03
4.700948297977447510e-02
1.539125223644077778e-04
9.052653312683105469e-01
2.279395237565040588e-02
2.577831506729125977e+00
7.977134734392166138e-02
2.045132592320442200e-02
5.418082582764327526e-04
6.404166817665100098e-01
2.922367453575134277e-01
1.163313817232847214e-02
1.619121059775352478e-03
2.275298535823822021e-02
9.865226456895470619e-05
3.527872264385223389e-02
9.889558423310518265e-04
4.398117065429687500e+00
2.960970699787139893e-01
1.116709411144256592e-02
2.332618460059165955e-02
1.228182949125766754e-02
2.435483410954475403e-02
2.428711624816060066e-03
2.861216962337493896e-01
2.055874280631542206e-02
1.479281932115554810e-01
4.519969690591096878e-03
1.434538364410400391e-01
4.709954373538494110e-04
3.132142126560211182e-02
5.332262441515922546e-02
1.661834120750427246e-01
3.981696907430887222e-03
9.604659862816333771e-03
1.205793675035238266e-02
4.400205612182617188e-02
9.750345349311828613e-02
3.888852521777153015e-02
8.095853030681610107e-02
2.664411067962646484e-02
1.086312413215637207e+00
6.728693551849573851e-05
5.979079380631446838e-02
1.610087789595127106e-02
4.572381675243377686e-01
2.736094951629638672e+00
2.015199698507785797e-02
1.769965328276157379e-02
1.913790553808212280e-01
4.729759879410266876e-03
6.181545904837548733e-04
1.016142487525939941e+00
2.980355545878410339e-02
3.496674355119466782e-03
2.383390441536903381e-02
1.309382915496826172e-02
1.928142547607421875e+00
7.367330603301525116e-03
7.255649659782648087e-03
2.423965692520141602e+00
3.105769865214824677e-02
5.623284578323364258e-01
2.549578901380300522e-03
1.213010866194963455e-03
1.201513223350048065e-02
6.474483292549848557e-03
1.225324813276529312e-02
3.250190317630767822e-01
1.272570967674255371e+00
1.151360124349594116e-01
1.050477474927902222e-02
6.836187094449996948e-03
1.171949319541454315e-02
2.037357480730861425e-04
4.807411693036556244e-03
4.661762714385986328e+00
1.348756551742553711e+00
4.627071321010589600e-04
6.382290273904800415e-02
1.155476272106170654e-02
1.316476031206548214e-03
8.386392146348953247e-02
2.234608121216297150e-02
8.361780783161520958e-04
2.433825470507144928e-02
2.681148052215576172e-02
4.370078444480895996e-02
2.541544437408447266e+00
4.618735611438751221e-02
6.375656723976135254e-01
8.212224841117858887e-01
7.070654630661010742e-02
8.174476027488708496e-01
1.899576544761657715e+00
5.020445212721824646e-03
4.164473712444305420e-02
4.095177352428436279e-02
5.723828449845314026e-03
1.327860951423645020e-01
5.690017342567443848e-01
3.398659080266952515e-02
7.477103732526302338e-03
1.839004307985305786e-01
3.006816841661930084e-03
3.691944479942321777e-02
1.045564073137938976e-03
6.127375960350036621e-01
2.644389402121305466e-03
4.739085678011178970e-03
3.715783357620239258e-01
1.296105561777949333e-03
9.986951947212219238e-03
3.462133184075355530e-02
6.211539264768362045e-03
3.047584891319274902e-01
6.991918664425611496e-03
6.775503978133201599e-03
7.899628952145576477e-03
2.985758706927299500e-03
4.034008365124464035e-03
2.203841507434844971e-01
4.587596748024225235e-03
1.059084106236696243e-02
6.751194130629301071e-03
1.365492027252912521e-02
3.118644934147596359e-03
4.852316342294216156e-03
2.383730188012123108e-02
2.844480276107788086e-01
1.660658163018524647e-03
7.493032608181238174e-04
4.169904161244630814e-03
1.773702502250671387e+00
1.125717419199645519e-03
9.767101146280765533e-03
1.287012994289398193e-01
2.429365552961826324e-02
4.728705435991287231e-02
3.293570503592491150e-02
6.687960773706436157e-02
2.610094845294952393e-01
7.293611997738480568e-05
2.139560692012310028e-02
3.973679151386022568e-03
1.156170619651675224e-03
1.974011398851871490e-02
2.313898131251335144e-02
4.353611171245574951e-02
4.345242679119110107e-02
1.757983490824699402e-02
1.122777466662228107e-03
1.756057329475879669e-02
7.432452868670225143e-03
1.119819730520248413e-01
2.537768892943859100e-02
6.856679171323776245e-02
1.817668438889086246e-03
9.602167457342147827e-02
3.891889064107090235e-04
2.169135957956314087e-01
1.114021986722946167e-01
4.016207903623580933e-02
1.638469286262989044e-02
1.032747030258178711e+00
1.445937086828052998e-03
1.463571656495332718e-02
7.063294760882854462e-03
1.799890957772731781e-02
2.642922662198543549e-02
7.156457751989364624e-02
1.047911006025969982e-03
4.570075988769531250e+00
1.004769429564476013e-01
1.982982456684112549e-02
3.301841735839843750e+00
1.189774799346923828e+01
1.170242205262184143e-02
6.391697679646313190e-04
6.011795485392212868e-04
4.010983183979988098e-02
3.843593643978238106e-03
2.151228487491607666e-02
9.192038536071777344e+00
1.723074528854340315e-04
5.178244590759277344e+00
9.048122167587280273e-02
2.147771790623664856e-02
3.957613662350922823e-04
3.004613798111677170e-03
8.031090736389160156e+00
1.391621551513671875e+02
1.477025756835937500e+02
8.003840446472167969e-01
4.632932662963867188e+01
2.633883714675903320e+00
6.542094116210937500e+02
9.644809722900390625e+00
9.126768493652343750e+01
8.671227455139160156e+00
2.045431213378906250e+02
2.493873786926269531e+01
9.393177032470703125e+01
7.649380564689636230e-01
2.363368988037109375e+01
1.477061004638671875e+02
1.359872894287109375e+02
2.043082122802734375e+02
1.125537719726562500e+02
1.054077243804931641e+01
9.051318359375000000e+01
4.519417285919189453e+00
9.319121360778808594e+00
5.235579681396484375e+01
2.523620367050170898e+00
5.597487092018127441e-01
2.914132080078125000e+02
4.577366943359375000e+02
2.121295898437500000e+03
3.227459411621093750e+02
1.364900398254394531e+01
5.295387268066406250e+00
1.423280525207519531e+01
3.010159606933593750e+02
1.407363033294677734e+01
1.746775054931640625e+01
1.009248137474060059e+00
6.559271365404129028e-02
7.073098182678222656e+00
1.531118164062500000e+02
1.313693359375000000e+03
2.257999801635742188e+01
1.125529408454895020e+00
4.267936401367187500e+02
3.652688980102539062e+01
1.072536087036132812e+02
1.194115676879882812e+02
1.862764739990234375e+01
8.754173517227172852e-01
9.072344970703125000e+02
3.883373718261718750e+02
3.896198654174804688e+01
1.353834438323974609e+01
2.305868339538574219e+01
5.382769107818603516e+00
1.105090522766113281e+01
5.259711265563964844e+00
3.436886370182037354e-01
2.103747558593750000e+01
2.031300903320312500e+03
8.158085937500000000e+02
5.303338012695312500e+02
1.405506038665771484e+01
6.437312316894531250e+01
4.247126102447509766e+00
8.258352661132812500e+01
5.938250350952148438e+01
3.792287109375000000e+03
2.053011932373046875e+02
7.295595550537109375e+01
8.641214668750762939e-02
3.508569946289062500e+02
2.580334186553955078e+00
3.030310363769531250e+02
8.333091735839843750e+00
1.171863937377929688e+01
1.595676898956298828e+00
9.346803665161132812e+00
3.713054809570312500e+02
3.263736724853515625e+01
4.223448181152343750e+01
6.735320568084716797e+00
8.670617103576660156e+00
4.287609100341796875e+01
6.529378414154052734e+00
3.024551773071289062e+01
1.559364646673202515e-01
1.547920703887939453e+01
2.696284484863281250e+01
2.783700942993164062e+00
2.146301269531250000e+01
4.518892669677734375e+01
4.731262588500976562e+01
1.964385604858398438e+01
8.438808441162109375e+01
5.229953002929687500e+02
3.473634481430053711e+00
4.320272216796875000e+02
5.577703714370727539e-01
7.282662963867187500e+02
2.233257055282592773e+00
2.389897346496582031e+01
5.927494049072265625e+00
1.255248565673828125e+02
5.029066467285156250e+01
1.779685363769531250e+02
2.294990062713623047e+00
4.846950195312500000e+03
5.475432128906250000e+02
1.204006910324096680e+00
1.103343486785888672e+00
1.349250366210937500e+03
1.699681549072265625e+02
1.804432034492492676e+00
3.954552459716796875e+01
1.211941528320312500e+02
1.448125305175781250e+02
1.699044036865234375e+01
1.141949310302734375e+02
1.210929965972900391e+01
3.473837280273437500e+02
5.972350097656250000e+03
5.738737182617187500e+02
1.486035766601562500e+02
4.525604248046875000e+00
6.171282958984375000e+02
4.059486007690429688e+01
2.875972747802734375e+00
6.703989868164062500e+02
1.341694030761718750e+02
6.225138549804687500e+02
4.550045394897460938e+01
5.283381938934326172e-01
4.588534927368164062e+01
2.330024719238281250e+00
3.373100996017456055e+00
6.994826793670654297e-01
7.157974243164062500e+02
7.864394531250000000e+02
3.096033630371093750e+02
4.121272659301757812e+01
2.498619318008422852e+00
7.160745849609375000e+02
2.491871452331542969e+01
1.372499267578125000e+03
4.562427139282226562e+01
7.985297241210937500e+02
1.669671654701232910e+00
1.032930297851562500e+02
2.124272705078125000e+03
6.334879398345947266e-01
7.507196044921875000e+02
3.302444839477539062e+01
4.134259521961212158e-01
1.364037628173828125e+02
5.108308029174804688e+01
2.144673585891723633e+00
7.864329218864440918e-01
1.035673904418945312e+01
3.639385223388671875e+00
1.178348144531250000e+03
1.633678588867187500e+02
2.070565795898437500e+02
7.729627227783203125e+01
2.616006774902343750e+02
1.199294204711914062e+02
1.151664428710937500e+02
4.213945617675781250e+02
2.111131347656250000e+03
1.579554176330566406e+01
1.088941955566406250e+01
2.211709228515625000e+03
3.258614301681518555e+00
4.930270671844482422e+00
5.097799682617187500e+02
2.446931457519531250e+01
1.450229072570800781e+01
7.466775512695312500e+01
3.731005191802978516e+00
2.646717071533203125e+01
2.290264701843261719e+01
3.597499847412109375e+01
3.208928222656250000e+02
7.848343372344970703e+00
2.962004101562500000e+04
4.215756893157958984e+00
7.520260214805603027e-01
3.352463150024414062e+01
1.102773071289062500e+03
6.838401794433593750e+01
8.118688583374023438e+00
4.061224670410156250e+02
1.072587966918945312e+01
6.485487365722656250e+01
2.640318603515625000e+02
2.171005010604858398e+00
1.338381500244140625e+02
1.713699340820312500e+00
1.453011322021484375e+01
3.891070365905761719e+00
3.103972053527832031e+01
1.638324165344238281e+01
6.966583251953125000e+00
4.086082077026367188e+01
4.879763031005859375e+01
1.346669435501098633e+00
1.186428604125976562e+02
7.113719482421875000e+02
9.688127517700195312e+00
5.070239639282226562e+01
1.163571357727050781e+01
6.896097183227539062e+00
1.639689445495605469e+00
5.091641601562500000e+03
1.632892036437988281e+01
6.719906005859375000e+02
2.667417049407958984e+00
2.720957336425781250e+02
1.339562058448791504e+00
2.236862640380859375e+02
3.784829833984375000e+03
2.614056468009948730e-01
2.034278392791748047e+00
1.529239379882812500e+03
4.213864803314208984e+00
1.297370849609375000e+03
4.563157558441162109e+00
4.398303222656250000e+01
1.091278457641601562e+01
1.879391670227050781e+01
6.365369260311126709e-02
1.641909027099609375e+01
3.607654809951782227e+00
7.964309692382812500e+02
1.008352737426757812e+02
1.332186889648437500e+01
6.533176422119140625e+00
2.789238929748535156e+01
1.971604347229003906e+01
1.973818421363830566e+00
5.888831176757812500e+02
1.513425140380859375e+02
1.174709415435791016e+01
2.234444808959960938e+01
1.880626983642578125e+02
1.733267517089843750e+02
2.120805206298828125e+02
8.380885124206542969e-01
1.049083105468750000e+04
1.220749855041503906e+01
5.570328140258789062e+01
2.027039146423339844e+01
9.250881671905517578e-01
1.339074829101562500e+03
1.515207977294921875e+02
1.352271676063537598e+00
9.167139892578125000e+02
8.045854187011718750e+01
1.105984306335449219e+01
4.835998046875000000e+03
9.365229797363281250e+01
7.899931335449218750e+01
6.322503662109375000e+01
1.112035644531250000e+03
2.880322875976562500e+02
3.263039855957031250e+02
4.602349853515625000e+01
2.930823974609375000e+03
6.686402559280395508e-01
2.124039077758789062e+01
5.762838134765625000e+02
1.012634277343750000e+01
6.709695434570312500e+02
1.214023947715759277e+00
1.278068780899047852e+00
5.364553833007812500e+01
3.814078569412231445e+00
1.264509105682373047e+01
2.245507202148437500e+02
9.089632034301757812e-01
1.910085868835449219e+01
8.237318038940429688e+00
5.386885166168212891e+00
4.554146957397460938e+01
1.274381518363952637e+00
1.393268942832946777e+00
3.348199462890625000e+02
1.344853027343750000e+03
4.776382923126220703e+00
1.980397796630859375e+02
1.733772468566894531e+01
9.129364967346191406e+00
3.056749511718750000e+03
4.862258911132812500e+00
3.124723205566406250e+02
5.730429840087890625e+01
3.685506057739257812e+01
1.175579101562500000e+03
4.406387329101562500e+01
2.276367340087890625e+02
8.815611572265625000e+02
2.152374420166015625e+02
6.772197723388671875e+01
3.195613098144531250e+02
4.952335357666015625e+01
1.897123336791992188e+00
6.034370422363281250e+01
2.207595634460449219e+01
9.421097755432128906e+00
1.596956542968750000e+03
5.084210205078125000e+02
9.651701660156250000e+02
2.614418029785156250e+02
1.284021472930908203e+01
3.015105485916137695e+00
8.387444019317626953e-01
5.506061935424804688e+01
1.433745574951171875e+01
1.102044677734375000e+01
1.306743383407592773e+00
1.348956966400146484e+01
7.722629904747009277e-01
1.356912078857421875e+02
5.283886718750000000e+01
9.118064880371093750e+01
1.148068161010742188e+02
2.941089820861816406e+01
1.041458206176757812e+02
2.126664924621582031e+01
7.555160522460937500e+00
2.077395766973495483e-01
8.619290039062500000e+03
3.068005126953125000e+03
2.332276306152343750e+02
2.288256835937500000e+02
1.410543518066406250e+02
9.857413330078125000e+02
2.800900840759277344e+01
3.809969711303710938e+01
2.653597831726074219e+01
3.956701278686523438e+00
7.767069244384765625e+01
2.034436767578125000e+03
8.414402770996093750e+01
9.295213699340820312e+00
8.904596328735351562e+00
1.642773742675781250e+02
4.674010620117187500e+02
1.210750427246093750e+02
1.606489753723144531e+01
1.556172943115234375e+01
1.383547037839889526e-01
1.301224678754806519e-01
4.358784484863281250e+01
4.060611724853515625e+01
5.074950218200683594e+00
2.288683891296386719e+01
2.920322265625000000e+02
6.268257141113281250e+01
1.543731079101562500e+02
1.126799106597900391e+01
2.254098653793334961e+00
1.150375747680664062e+01
4.970244979858398438e+01
1.300485107421875000e+03
2.520141363143920898e+00
1.026011734008789062e+02
1.445884227752685547e+00
4.773721218109130859e+00
2.949073612689971924e-01
1.479108715057373047e+01
4.250790527343750000e+03
2.145495703125000000e+04
8.329929351806640625e+00
1.292377624511718750e+02
8.359613037109375000e+01
7.244230270385742188e+00
1.882780456542968750e+02
6.340781860351562500e+02
9.298245429992675781e+00
7.090879440307617188e+00
3.514770507812500000e+00
8.400968170166015625e+01
3.434343338012695312e+01
2.610864830017089844e+01
3.395248413085937500e+02
7.197559814453125000e+02
7.169334888458251953e+00
6.240859031677246094e+00
5.262134075164794922e+00
2.889075317382812500e+02
1.319599151611328125e+01
3.450265121459960938e+01
3.774822998046875000e+02
1.756009864807128906e+01
1.150612792968750000e+03
1.066201904296875000e+03
2.178590240478515625e+02
1.665599107742309570e+00
2.178915977478027344e+01
