6.926978230476379395e-01
7.355061769485473633e-01
7.077880501747131348e-01
6.883977651596069336e-01
6.620951294898986816e-01
6.862022876739501953e-01
5.888889431953430176e-01
4.910653233528137207e-01
5.116881132125854492e-01
5.103602409362792969e-01
4.795331954956054688e-01
5.066413283348083496e-01
4.896651804447174072e-01
5.213681459426879883e-01
4.883519113063812256e-01
4.412884414196014404e-01
4.694274365901947021e-01
5.073094964027404785e-01
4.561438560485839844e-01
5.676316618919372559e-01
4.937567710876464844e-01
4.449691176414489746e-01
4.436252415180206299e-01
4.585372805595397949e-01
4.733045995235443115e-01
5.164198875427246094e-01
4.499065577983856201e-01
4.479499161243438721e-01
4.375810623168945312e-01
4.955825805664062500e-01
4.944511950016021729e-01
4.515841603279113770e-01
4.661581516265869141e-01
4.217032194137573242e-01
4.180969595909118652e-01
4.269503653049468994e-01
4.533382654190063477e-01
4.106303453445434570e-01
4.443004727363586426e-01
4.200841486454010010e-01
4.104901850223541260e-01
4.848976135253906250e-01
3.930051326751708984e-01
4.197563529014587402e-01
4.196041524410247803e-01
4.809791445732116699e-01
4.462334215641021729e-01
4.856186509132385254e-01
5.232667326927185059e-01
4.466292858123779297e-01
4.783580005168914795e-01
4.217390716075897217e-01
4.191257357597351074e-01
4.215050041675567627e-01
4.192595183849334717e-01
3.812726736068725586e-01
4.576867818832397461e-01
3.857554793357849121e-01
4.448920190334320068e-01
4.569317996501922607e-01
4.271483421325683594e-01
4.163834750652313232e-01
4.262996912002563477e-01
4.281990528106689453e-01
4.256372451782226562e-01
4.537833631038665771e-01
3.908199965953826904e-01
3.833579421043395996e-01
4.522008895874023438e-01
3.557834327220916748e-01
4.448945522308349609e-01
4.382793605327606201e-01
3.865635693073272705e-01
4.008627831935882568e-01
4.620022475719451904e-01
3.613997101783752441e-01
4.470663964748382568e-01
4.191760122776031494e-01
3.892999291419982910e-01
3.763546347618103027e-01
3.529580831527709961e-01
3.283586502075195312e-01
3.587283492088317871e-01
4.420293271541595459e-01
4.618578553199768066e-01
4.142257571220397949e-01
3.991813957691192627e-01
3.844277858734130859e-01
4.723917245864868164e-01
3.862550854682922363e-01
3.854248821735382080e-01
3.803423047065734863e-01
3.925523459911346436e-01
3.969638347625732422e-01
4.468105435371398926e-01
4.092263281345367432e-01
4.187051355838775635e-01
3.889825344085693359e-01
4.133360981941223145e-01
3.884601294994354248e-01
3.491099178791046143e-01
3.756328821182250977e-01
3.822391331195831299e-01
4.081402719020843506e-01
3.769153952598571777e-01
3.523172736167907715e-01
3.491744101047515869e-01
3.217027187347412109e-01
3.939716219902038574e-01
3.932873904705047607e-01
4.220514297485351562e-01
3.735052347183227539e-01
3.589819669723510742e-01
3.918361961841583252e-01
3.221514523029327393e-01
3.871200978755950928e-01
3.461815416812896729e-01
3.729396462440490723e-01
3.679764866828918457e-01
3.681194484233856201e-01
3.715862333774566650e-01
3.909245431423187256e-01
4.887418746948242188e-01
3.193196356296539307e-01
3.749706745147705078e-01
3.976626396179199219e-01
3.949251472949981689e-01
3.383626341819763184e-01
3.435380756855010986e-01
3.704499006271362305e-01
3.838745653629302979e-01
3.650136291980743408e-01
3.478115499019622803e-01
3.684894442558288574e-01
3.253273069858551025e-01
3.523470461368560791e-01
3.573231399059295654e-01
2.991422414779663086e-01
3.804443478584289551e-01
3.558664321899414062e-01
3.860574662685394287e-01
3.586867749691009521e-01
2.964157164096832275e-01
3.155322968959808350e-01
3.767924308776855469e-01
4.493866562843322754e-01
3.583272397518157959e-01
3.587744534015655518e-01
3.446572721004486084e-01
3.757621645927429199e-01
3.262293636798858643e-01
3.186898827552795410e-01
3.336258828639984131e-01
3.564814329147338867e-01
3.525055646896362305e-01
2.939798533916473389e-01
4.027293324470520020e-01
3.719944357872009277e-01
4.043009281158447266e-01
3.317077159881591797e-01
3.515717983245849609e-01
3.224332630634307861e-01
3.206293880939483643e-01
3.280569016933441162e-01
3.802202045917510986e-01
3.401004970073699951e-01
3.570139706134796143e-01
3.481272757053375244e-01
3.584571778774261475e-01
2.983252704143524170e-01
3.218556940555572510e-01
3.444972634315490723e-01
3.478552103042602539e-01
3.273757994174957275e-01
2.909663319587707520e-01
3.314397037029266357e-01
4.251537024974822998e-01
3.167173564434051514e-01
3.427763283252716064e-01
3.249806165695190430e-01
2.848338186740875244e-01
3.481784462928771973e-01
3.082048594951629639e-01
3.171290159225463867e-01
2.616579532623291016e-01
4.164135754108428955e-01
3.093998730182647705e-01
3.011929094791412354e-01
3.458237648010253906e-01
3.052035570144653320e-01
3.120356500148773193e-01
3.585018813610076904e-01
3.356065154075622559e-01
2.593887746334075928e-01
2.629687786102294922e-01
2.957015335559844971e-01
3.649331033229827881e-01
2.597314417362213135e-01
2.806390225887298584e-01
3.074351549148559570e-01
3.886561095714569092e-01
2.899587154388427734e-01
2.928467690944671631e-01
3.044466972351074219e-01
3.147317171096801758e-01
3.143914639949798584e-01
3.003888130187988281e-01
2.379487156867980957e-01
3.004200756549835205e-01
2.570050060749053955e-01
3.400228023529052734e-01
2.444733232259750366e-01
2.708536684513092041e-01
2.695133090019226074e-01
3.081557154655456543e-01
2.893967926502227783e-01
2.553552389144897461e-01
3.616044819355010986e-01
3.287745416164398193e-01
2.956879138946533203e-01
2.782807946205139160e-01
2.674816250801086426e-01
2.674120366573333740e-01
3.127400279045104980e-01
2.592233419418334961e-01
2.899903059005737305e-01
2.614861428737640381e-01
2.892666757106781006e-01
2.601229548454284668e-01
2.752632796764373779e-01
2.283474951982498169e-01
2.353777587413787842e-01
2.897864878177642822e-01
2.442053407430648804e-01
2.892518341541290283e-01
2.986012101173400879e-01
2.207427918910980225e-01
2.228300422430038452e-01
2.540213167667388916e-01
2.500396072864532471e-01
2.776772081851959229e-01
2.151743322610855103e-01
2.338760048151016235e-01
2.388747185468673706e-01
2.843929827213287354e-01
2.141142338514328003e-01
2.074341624975204468e-01
2.665886878967285156e-01
3.009782135486602783e-01
2.792253494262695312e-01
2.226806432008743286e-01
1.884570419788360596e-01
2.774322926998138428e-01
2.735038101673126221e-01
2.523483037948608398e-01
2.137325853109359741e-01
2.758387923240661621e-01
2.051626890897750854e-01
2.456551343202590942e-01
2.371590733528137207e-01
2.245814502239227295e-01
2.030304521322250366e-01
2.640998363494873047e-01
2.602564096450805664e-01
2.478579133749008179e-01
2.207840979099273682e-01
2.109830528497695923e-01
2.248831689357757568e-01
2.584961950778961182e-01
2.258784770965576172e-01
2.591905891895294189e-01
2.208101451396942139e-01
2.189916223287582397e-01
2.382070869207382202e-01
2.454805523157119751e-01
2.112063765525817871e-01
2.032340168952941895e-01
2.658829391002655029e-01
1.961475312709808350e-01
2.173937410116195679e-01
2.467549443244934082e-01
2.257255315780639648e-01
2.243772447109222412e-01
2.121984064579010010e-01
2.162823528051376343e-01
2.405916899442672729e-01
2.144202440977096558e-01
2.035063207149505615e-01
1.788855046033859253e-01
2.287840545177459717e-01
2.068433910608291626e-01
1.957379877567291260e-01
2.365527898073196411e-01
2.028292268514633179e-01
2.316762804985046387e-01
2.144967168569564819e-01
2.056597322225570679e-01
2.402496635913848877e-01
1.978443264961242676e-01
1.433492004871368408e-01
1.725676506757736206e-01
2.104242295026779175e-01
1.965114027261734009e-01
2.328226715326309204e-01
1.669731438159942627e-01
1.768855601549148560e-01
1.898260563611984253e-01
1.810445636510848999e-01
1.670498102903366089e-01
1.932294368743896484e-01
1.611722707748413086e-01
1.871141046285629272e-01
1.547046601772308350e-01
1.713202595710754395e-01
2.241931855678558350e-01
1.866987198591232300e-01
2.431951910257339478e-01
1.732101738452911377e-01
1.778983622789382935e-01
1.727924644947052002e-01
1.985567659139633179e-01
1.522509008646011353e-01
2.079566121101379395e-01
1.709910631179809570e-01
2.065588831901550293e-01
1.990613490343093872e-01
1.632377952337265015e-01
1.703377962112426758e-01
1.436761468648910522e-01
1.898946464061737061e-01
1.607218682765960693e-01
1.738553047180175781e-01
1.640152037143707275e-01
1.558879762887954712e-01
1.723820716142654419e-01
1.816408932209014893e-01
2.001311331987380981e-01
1.786360442638397217e-01
1.643443703651428223e-01
1.943585872650146484e-01
1.420459747314453125e-01
1.353762447834014893e-01
1.634713560342788696e-01
1.251587867736816406e-01
2.193748205900192261e-01
1.445989161729812622e-01
1.292583942413330078e-01
1.552082002162933350e-01
1.865713745355606079e-01
1.499024480581283569e-01
1.412828117609024048e-01
1.753665059804916382e-01
2.780473232269287109e-01
1.298231184482574463e-01
2.182005345821380615e-01
1.385065913200378418e-01
1.425792127847671509e-01
1.585085541009902954e-01
1.290112137794494629e-01
1.430479437112808228e-01
1.725240051746368408e-01
1.681260615587234497e-01
1.749328970909118652e-01
1.339389383792877197e-01
1.396503895521163940e-01
1.412611603736877441e-01
1.130386069416999817e-01
1.432280242443084717e-01
1.344238370656967163e-01
1.035530865192413330e-01
1.626116931438446045e-01
1.284571588039398193e-01
1.460576951503753662e-01
1.023672148585319519e-01
1.574057787656784058e-01
1.369165480136871338e-01
1.958885788917541504e-01
1.742313504219055176e-01
1.264813244342803955e-01
1.968434453010559082e-01
1.206103116273880005e-01
1.731539368629455566e-01
1.246228814125061035e-01
1.200832203030586243e-01
1.119882836937904358e-01
1.101970821619033813e-01
1.579848527908325195e-01
1.337545067071914673e-01
1.464038640260696411e-01
1.153431087732315063e-01
9.020819514989852905e-02
9.438052773475646973e-02
9.510082006454467773e-02
1.223922744393348694e-01
1.034228503704071045e-01
1.805452555418014526e-01
1.070210486650466919e-01
1.244392395019531250e-01
1.522498130798339844e-01
1.501414179801940918e-01
1.037648022174835205e-01
1.547094434499740601e-01
1.080912500619888306e-01
1.024901419878005981e-01
1.936636418104171753e-01
9.584866464138031006e-02
1.155482009053230286e-01
9.996484220027923584e-02
8.959293365478515625e-02
1.220187023282051086e-01
1.752378344535827637e-01
1.135088726878166199e-01
1.321718990802764893e-01
1.287120878696441650e-01
1.162673160433769226e-01
9.303101897239685059e-02
1.096011325716972351e-01
1.227564141154289246e-01
1.477960497140884399e-01
1.360875964164733887e-01
8.307919651269912720e-02
8.808334916830062866e-02
1.242089048027992249e-01
8.078853785991668701e-02
1.119180321693420410e-01
1.090873554348945618e-01
9.816596657037734985e-02
1.295850723981857300e-01
1.022905036807060242e-01
1.217740848660469055e-01
1.296025514602661133e-01
2.089202255010604858e-01
7.182162255048751831e-02
1.208174154162406921e-01
9.875455498695373535e-02
6.929854303598403931e-02
1.259873509407043457e-01
7.879756391048431396e-02
1.401808857917785645e-01
1.088651642203330994e-01
1.296595633029937744e-01
7.614766806364059448e-02
1.041703298687934875e-01
1.409355401992797852e-01
9.999561309814453125e-02
1.307878643274307251e-01
6.460639089345932007e-02
1.738384962081909180e-01
9.219311922788619995e-02
8.157891035079956055e-02
8.515438437461853027e-02
7.975479960441589355e-02
1.194140240550041199e-01
7.064242660999298096e-02
7.759703695774078369e-02
2.035600543022155762e-01
9.919462352991104126e-02
1.012249588966369629e-01
7.862661033868789673e-02
1.193758249282836914e-01
6.559380888938903809e-02
7.998738437891006470e-02
5.484586209058761597e-02
1.159601956605911255e-01
6.251368671655654907e-02
1.460880190134048462e-01
8.628623187541961670e-02
9.971410036087036133e-02
1.531299054622650146e-01
7.217767834663391113e-02
7.109087705612182617e-02
6.609890609979629517e-02
8.361896872520446777e-02
6.833121925592422485e-02
8.823050558567047119e-02
6.492251157760620117e-02
6.723646819591522217e-02
5.257642641663551331e-02
1.101107671856880188e-01
7.836743444204330444e-02
6.742988526821136475e-02
8.233600854873657227e-02
7.058602571487426758e-02
7.690224051475524902e-02
7.879769057035446167e-02
7.032154500484466553e-02
9.896399825811386108e-02
9.996156394481658936e-02
9.508085250854492188e-02
7.766750454902648926e-02
7.735576480627059937e-02
6.813741475343704224e-02
1.653794348239898682e-01
8.452991396188735962e-02
5.862919613718986511e-02
7.028028368949890137e-02
6.945832073688507080e-02
9.214270114898681641e-02
9.705902636051177979e-02
8.506590873003005981e-02
5.884434282779693604e-02
1.234520077705383301e-01
7.233082503080368042e-02
9.820871055126190186e-02
7.834541797637939453e-02
7.636124640703201294e-02
5.199499800801277161e-02
1.248921230435371399e-01
8.458113670349121094e-02
1.083969995379447937e-01
6.019316241145133972e-02
1.237867251038551331e-01
6.082366779446601868e-02
5.101936310529708862e-02
1.244653090834617615e-01
5.970586091279983521e-02
7.350043952465057373e-02
9.952826052904129028e-02
6.498983502388000488e-02
8.603443205356597900e-02
7.898075878620147705e-02
6.106601655483245850e-02
5.460460484027862549e-02
8.106244355440139771e-02
5.748363584280014038e-02
5.764924362301826477e-02
5.581009015440940857e-02
6.703041493892669678e-02
5.961373820900917053e-02
6.361705064773559570e-02
6.301658600568771362e-02
8.107573539018630981e-02
7.756341248750686646e-02
6.961514800786972046e-02
6.518153846263885498e-02
7.091063261032104492e-02
7.293369621038436890e-02
9.342234581708908081e-02
1.182988211512565613e-01
6.786631047725677490e-02
6.795865297317504883e-02
7.829707115888595581e-02
5.928429961204528809e-02
8.043438941240310669e-02
1.034024953842163086e-01
7.367164641618728638e-02
4.987160116434097290e-02
9.265243262052536011e-02
4.728599637746810913e-02
6.682558357715606689e-02
5.031105503439903259e-02
5.476959794759750366e-02
7.394857704639434814e-02
1.370577067136764526e-01
6.448708474636077881e-02
6.082873046398162842e-02
4.950967803597450256e-02
5.491639301180839539e-02
9.310302883386611938e-02
4.969052597880363464e-02
4.030382633209228516e-02
1.039242967963218689e-01
4.822676256299018860e-02
4.744966328144073486e-02
8.423646539449691772e-02
5.248256772756576538e-02
7.242398709058761597e-02
6.000979617238044739e-02
4.045951366424560547e-02
1.045058071613311768e-01
8.851271122694015503e-02
8.672754466533660889e-02
7.183836400508880615e-02
6.674174964427947998e-02
7.178983092308044434e-02
4.566293954849243164e-02
9.695455431938171387e-02
5.903647094964981079e-02
4.866205155849456787e-02
6.237047910690307617e-02
7.610319554805755615e-02
5.189271271228790283e-02
3.596417605876922607e-02
3.603975474834442139e-02
3.983308002352714539e-02
1.352301239967346191e-01
7.809592038393020630e-02
4.217960685491561890e-02
6.306225061416625977e-02
5.013456195592880249e-02
3.764179721474647522e-02
4.863011837005615234e-02
3.580801188945770264e-02
4.333557188510894775e-02
3.730805963277816772e-02
9.755600243806838989e-02
8.340549468994140625e-02
1.425413936376571655e-01
3.979647532105445862e-02
4.980192333459854126e-02
7.056964933872222900e-02
5.621078610420227051e-02
5.166022479534149170e-02
4.790743812918663025e-02
5.379381775856018066e-02
1.163424402475357056e-01
8.267307281494140625e-02
4.141925275325775146e-02
3.999713435769081116e-02
5.561818554997444153e-02
4.746415093541145325e-02
5.413977801799774170e-02
4.837491363286972046e-02
4.970450326800346375e-02
6.791263818740844727e-02
6.384376436471939087e-02
3.184883669018745422e-02
1.044635102152824402e-01
1.108671948313713074e-01
5.272575467824935913e-02
4.437917098402976990e-02
1.091843396425247192e-01
7.651805877685546875e-02
5.134732648730278015e-02
3.841235861182212830e-02
4.678684845566749573e-02
6.602558493614196777e-02
5.867959186434745789e-02
4.077349603176116943e-02
3.782262653112411499e-02
1.091212555766105652e-01
6.271988898515701294e-02
3.258762881159782410e-02
5.184698477387428284e-02
5.425503477454185486e-02
3.368210420012474060e-02
3.458319231867790222e-02
3.066100366413593292e-02
3.702078759670257568e-02
5.518056079745292664e-02
6.390968710184097290e-02
4.180258139967918396e-02
7.061307132244110107e-02
3.064334951341152191e-02
9.455615282058715820e-02
8.291459083557128906e-02
4.052393138408660889e-02
6.085263565182685852e-02
7.499075680971145630e-02
4.734079539775848389e-02
6.327670067548751831e-02
2.090524435043334961e-01
7.883870601654052734e-02
4.381639137864112854e-02
6.732799112796783447e-02
9.273448586463928223e-02
6.837521493434906006e-02
6.044250354170799255e-02
6.559170037508010864e-02
4.332405328750610352e-02
9.023278206586837769e-02
3.079793602228164673e-02
4.393718764185905457e-02
6.762564182281494141e-02
4.394311085343360901e-02
4.363571107387542725e-02
3.605354577302932739e-02
3.434914723038673401e-02
9.762536734342575073e-02
4.990602657198905945e-02
6.988315284252166748e-02
4.230917617678642273e-02
5.574554577469825745e-02
4.500099644064903259e-02
5.457370728254318237e-02
3.774167224764823914e-02
6.390673667192459106e-02
2.544609457254409790e-02
2.943895943462848663e-02
4.779481515288352966e-02
7.493655383586883545e-02
1.029804050922393799e-01
3.759788721799850464e-02
3.648799657821655273e-02
5.743810161948204041e-02
4.370021075010299683e-02
2.897671051323413849e-02
4.740219563245773315e-02
3.332980349659919739e-02
4.777547717094421387e-02
3.499811142683029175e-02
6.807015091180801392e-02
3.645744919776916504e-02
3.820042684674263000e-02
4.174121841788291931e-02
2.966147102415561676e-02
6.064699217677116394e-02
5.159788951277732849e-02
5.660210922360420227e-02
5.393356457352638245e-02
3.064689040184020996e-02
4.999720677733421326e-02
3.723562508821487427e-02
7.255032658576965332e-02
5.264902859926223755e-02
4.624259844422340393e-02
3.448274359107017517e-02
6.478309631347656250e-02
3.894817456603050232e-02
3.210558742284774780e-02
4.351125657558441162e-02
4.303947091102600098e-02
3.108221106231212616e-02
3.712046518921852112e-02
2.726352773606777191e-02
4.014512524008750916e-02
1.172045022249221802e-01
3.815402835607528687e-02
6.644070893526077271e-02
3.611230477690696716e-02
5.172528699040412903e-02
2.630982920527458191e-02
2.617954649031162262e-02
4.520406201481819153e-02
8.388001471757888794e-02
3.751832619309425354e-02
4.162494838237762451e-02
2.406347356736660004e-02
7.708287239074707031e-02
6.448362022638320923e-02
2.173307538032531738e-02
3.667015209794044495e-02
2.075259760022163391e-02
4.333900660276412964e-02
6.476144492626190186e-02
4.748853668570518494e-02
5.312140285968780518e-02
3.822316974401473999e-02
1.012798473238945007e-01
5.174826458096504211e-02
4.524394124746322632e-02
4.726855829358100891e-02
5.079331621527671814e-02
5.505573749542236328e-02
4.145348072052001953e-02
8.126818388700485229e-02
1.817640289664268494e-02
2.652362361550331116e-02
3.440400585532188416e-02
8.369179069995880127e-02
4.453063756227493286e-02
3.726162388920783997e-02
3.047893196344375610e-02
2.666528150439262390e-02
3.728766739368438721e-02
3.740608319640159607e-02
4.808079451322555542e-02
3.057530708611011505e-02
3.320459276437759399e-02
5.325478687882423401e-02
6.330005079507827759e-02
4.772747680544853210e-02
5.747615918517112732e-02
3.356271982192993164e-02
1.004095748066902161e-01
3.976079076528549194e-02
1.519032716751098633e-01
4.507884010672569275e-02
5.634713545441627502e-02
3.922600299119949341e-02
2.323820255696773529e-02
1.080160513520240784e-01
5.838676542043685913e-02
6.004633009433746338e-02
3.112313337624073029e-02
4.653546959161758423e-02
2.628632262349128723e-02
3.648009151220321655e-02
8.432774990797042847e-02
2.246592752635478973e-02
6.796073168516159058e-02
4.714288190007209778e-02
4.482370615005493164e-02
2.232030034065246582e-02
3.461708500981330872e-02
4.657062515616416931e-02
4.522758349776268005e-02
3.821218758821487427e-02
1.568313501775264740e-02
3.415802493691444397e-02
3.264931216835975647e-02
3.841771557927131653e-02
4.210149496793746948e-02
8.249781280755996704e-02
5.776615813374519348e-02
2.630700729787349701e-02
6.334439665079116821e-02
4.695415124297142029e-02
4.024456068873405457e-02
1.817267201840877533e-02
1.238934174180030823e-01
5.801719054579734802e-02
3.182873874902725220e-02
1.606628745794296265e-01
7.107381522655487061e-02
4.261396080255508423e-02
3.846981748938560486e-02
6.472776085138320923e-02
2.774082124233245850e-02
1.982874050736427307e-02
4.909944161772727966e-02
3.649399429559707642e-02
1.818455196917057037e-02
3.175948187708854675e-02
6.563440710306167603e-02
4.640919715166091919e-02
3.177883476018905640e-02
2.218465320765972137e-02
2.344461716711521149e-02
5.635373294353485107e-02
3.251294791698455811e-02
3.443929180502891541e-02
3.259347006678581238e-02
2.654848434031009674e-02
4.632052779197692871e-02
4.253897815942764282e-02
3.487208858132362366e-02
3.259233012795448303e-02
5.481839552521705627e-02
4.692147299647331238e-02
2.979070320725440979e-02
2.651900239288806915e-02
3.496519476175308228e-02
3.498785197734832764e-02
2.523430436849594116e-02
5.770820751786231995e-02
2.976510673761367798e-02
3.970264643430709839e-02
2.851936034858226776e-02
3.062887489795684814e-02
4.845926165580749512e-02
3.895219415426254272e-02
5.273877084255218506e-02
9.287165105342864990e-02
1.259944140911102295e-01
2.566178888082504272e-02
4.301205649971961975e-02
3.494822233915328979e-02
4.114919155836105347e-02
2.179767377674579620e-02
1.706156320869922638e-02
1.899370551109313965e-02
8.550511300563812256e-02
3.764891996979713440e-02
2.387420460581779480e-02
4.393176361918449402e-02
2.425399795174598694e-02
2.185677923262119293e-02
2.715836279094219208e-02
1.650625467300415039e-02
3.267423436045646667e-02
2.725885622203350067e-02
4.746924340724945068e-02
3.115528821945190430e-02
3.738809749484062195e-02
1.751134917140007019e-02
3.308577835559844971e-02
4.196835681796073914e-02
3.963286802172660828e-02
6.953358650207519531e-02
5.443165451288223267e-02
3.599414601922035217e-02
4.352477192878723145e-02
4.515551775693893433e-02
2.675805427134037018e-02
2.246292866766452789e-02
2.535866014659404755e-02
3.661951795220375061e-02
3.997061774134635925e-02
4.197944700717926025e-02
3.693215921521186829e-02
4.738124459981918335e-02
2.390944212675094604e-02
5.504452437162399292e-02
1.091683432459831238e-01
2.754164114594459534e-02
8.598810434341430664e-02
1.751872710883617401e-02
3.525919839739799500e-02
3.269283473491668701e-02
1.166333630681037903e-01
3.645934909582138062e-02
3.193637356162071228e-02
2.163704484701156616e-02
2.744688093662261963e-02
4.063370823860168457e-02
3.154609352350234985e-02
3.391902148723602295e-02
3.121437132358551025e-02
2.971260063350200653e-02
3.784685954451560974e-02
3.507739305496215820e-02
2.557680010795593262e-02
1.529456116259098053e-02
3.138833120465278625e-02
3.782146051526069641e-02
1.900614798069000244e-02
3.259443119168281555e-02
3.195447474718093872e-02
1.872528158128261566e-02
5.226835235953330994e-02
3.078147023916244507e-02
3.337342664599418640e-02
2.452573366463184357e-02
2.362444810569286346e-02
2.934055030345916748e-02
1.494873873889446259e-02
1.933905296027660370e-02
2.627642452716827393e-02
2.853325195610523224e-02
2.320482395589351654e-02
4.010799899697303772e-02
3.710666298866271973e-02
2.939327619969844818e-02
1.872830092906951904e-02
2.825731597840785980e-02
6.161493435502052307e-02
2.319907583296298981e-02
3.135525435209274292e-02
1.994829811155796051e-02
3.168586269021034241e-02
2.812948264181613922e-02
2.473065443336963654e-02
3.013022057712078094e-02
2.824513986706733704e-02
2.376493997871875763e-02
1.859781518578529358e-02
2.313538268208503723e-02
1.755635626614093781e-02
2.569290623068809509e-02
5.067630857229232788e-02
5.852410569787025452e-02
7.585334032773971558e-02
3.191248700022697449e-02
7.669791579246520996e-02
4.367665573954582214e-02
2.302292175590991974e-02
1.496273558586835861e-02
2.168039046227931976e-02
2.315144427120685577e-02
4.940323531627655029e-02
3.496584668755531311e-02
2.428888715803623199e-02
3.073409013450145721e-02
1.675148308277130127e-02
2.921020425856113434e-02
2.296194806694984436e-02
1.238918304443359375e-02
4.988444596529006958e-02
3.468135744333267212e-02
1.564171724021434784e-02
4.189288616180419922e-02
5.293718725442886353e-02
2.735408395528793335e-02
1.340937335044145584e-02
2.861689962446689606e-02
5.806319043040275574e-02
2.396301925182342529e-02
1.903325878083705902e-02
7.036244869232177734e-02
1.889552921056747437e-02
4.995308816432952881e-02
2.403475344181060791e-02
4.450790584087371826e-02
7.501227408647537231e-02
5.250281468033790588e-02
3.632019460201263428e-02
6.403487175703048706e-02
2.676578238606452942e-02
2.767529152333736420e-02
2.363391965627670288e-02
4.439809173345565796e-02
5.088788270950317383e-02
4.588931798934936523e-02
5.043357983231544495e-02
3.406823426485061646e-02
4.756277799606323242e-02
2.818503044545650482e-02
2.314441092312335968e-02
6.741242855787277222e-02
2.293525449931621552e-02
8.764832466840744019e-02
2.881413698196411133e-02
2.738840505480766296e-02
9.773226827383041382e-02
3.234983608126640320e-02
3.234450146555900574e-02
1.302689034491777420e-02
2.879056520760059357e-02
1.741271093487739563e-02
2.127652242779731750e-02
4.890925437211990356e-02
2.043589018285274506e-02
1.114378497004508972e-02
2.930460870265960693e-02
1.959483139216899872e-02
2.486330084502696991e-02
3.387976810336112976e-02
3.275385871529579163e-02
2.813345938920974731e-02
7.913464307785034180e-02
3.426279872655868530e-02
9.085304290056228638e-02
4.531321302056312561e-02
3.945177048444747925e-02
1.001776903867721558e-01
4.206942021846771240e-02
3.670416772365570068e-02
3.981985151767730713e-02
3.157861158251762390e-02
2.209644950926303864e-02
1.458654273301362991e-02
1.304683741182088852e-02
4.229077696800231934e-02
2.092229016125202179e-02
4.247277230024337769e-02
1.887295022606849670e-02
5.433471128344535828e-02
7.246054708957672119e-02
3.028317540884017944e-02
3.684584796428680420e-02
2.962273918092250824e-02
3.796652331948280334e-02
5.401704832911491394e-02
6.413268297910690308e-02
3.138362616300582886e-02
2.801897749304771423e-02
6.027521193027496338e-02
2.503071166574954987e-02
4.036310315132141113e-02
3.128284588456153870e-02
1.480446197092533112e-02
2.758655883371829987e-02
1.097322907298803329e-02
2.085369452834129333e-02
2.415815182030200958e-02
1.523279491811990738e-02
1.530563645064830780e-02
3.006132133305072784e-02
1.806027442216873169e-02
1.564688421785831451e-02
2.863609232008457184e-02
5.512801557779312134e-02
2.680025063455104828e-02
5.454825609922409058e-02
1.988529972732067108e-02
1.991391927003860474e-02
2.239947952330112457e-02
1.865942403674125671e-02
1.989982835948467255e-02
1.024499535560607910e-02
2.737433463335037231e-02
3.194227069616317749e-02
1.647016778588294983e-02
1.470166072249412537e-02
7.546617090702056885e-02
7.445547729730606079e-02
2.725804410874843597e-02
1.076974645256996155e-01
3.416007384657859802e-02
4.641970247030258179e-02
2.881534211337566376e-02
4.719284549355506897e-02
1.644911430776119232e-02
1.044300496578216553e-01
2.375018037855625153e-02
2.143047563731670380e-02
2.283581160008907318e-02
2.357431314885616302e-02
2.739267982542514801e-02
2.529434114694595337e-02
2.967643178999423981e-02
2.225497551262378693e-02
1.951191760599613190e-02
2.630432136356830597e-02
3.325764462351799011e-02
6.927158683538436890e-02
3.131762892007827759e-02
7.634945213794708252e-02
1.724464818835258484e-02
3.221501782536506653e-02
3.640679270029067993e-02
1.647339388728141785e-02
2.534274570643901825e-02
1.207543630152940750e-02
4.643342271447181702e-02
3.355233371257781982e-02
4.769332706928253174e-02
6.931234896183013916e-02
1.818374916911125183e-02
4.434686526656150818e-02
2.247248031198978424e-02
6.833130866289138794e-02
3.990680724382400513e-02
3.532811254262924194e-02
3.279066830873489380e-02
4.087059199810028076e-02
4.020286723971366882e-02
3.544034063816070557e-02
1.922989450395107269e-02
1.331074815243482590e-02
1.386785786598920822e-02
1.263461168855428696e-02
3.308785706758499146e-02
3.083229623734951019e-02
5.052468925714492798e-02
1.828357391059398651e-02
1.065567508339881897e-02
3.090771660208702087e-02
1.722576282918453217e-02
1.443053409457206726e-02
2.117209583520889282e-01
4.457011818885803223e-02
1.705839484930038452e-02
2.537463605403900146e-02
6.050477921962738037e-02
1.545334327965974808e-02
3.001290000975131989e-02
3.682444617152214050e-02
1.155014894902706146e-02
4.701477661728858948e-02
2.613890543580055237e-02
1.445072051137685776e-02
3.614108264446258545e-02
1.935943774878978729e-02
1.469086483120918274e-02
4.128257930278778076e-02
1.151365134865045547e-02
2.450693212449550629e-02
6.566592026501893997e-03
1.775116287171840668e-02
2.423436939716339111e-02
2.316750772297382355e-02
2.193744294345378876e-02
1.422766409814357758e-02
3.204986080527305603e-02
2.832264266908168793e-02
1.848270744085311890e-02
1.288272347301244736e-02
1.150114741176366806e-02
1.819313503801822662e-02
1.247116830199956894e-02
1.818131096661090851e-02
4.158164560794830322e-02
5.080335214734077454e-02
3.316083550453186035e-02
7.011821866035461426e-02
6.919376552104949951e-02
2.886334992945194244e-02
3.742686659097671509e-02
3.016163595020771027e-02
1.324797235429286957e-02
1.414013095200061798e-02
1.815073564648628235e-02
1.645165123045444489e-02
1.090595126152038574e-02
2.043479308485984802e-02
1.299839559942483902e-02
1.130290981382131577e-02
1.705224625766277313e-02
1.894316636025905609e-02
2.945938706398010254e-02
2.385052852332592010e-02
4.925563931465148926e-02
1.039938032627105713e-01
3.063121810555458069e-02
3.201800584793090820e-02
4.932087287306785583e-02
2.426832541823387146e-02
9.290459565818309784e-03
3.510177135467529297e-02
1.243138499557971954e-02
3.356254473328590393e-02
2.038054727017879486e-02
1.463947631418704987e-02
2.013160660862922668e-02
1.027295272797346115e-02
1.180855557322502136e-02
1.401501987129449844e-02
3.048641234636306763e-02
1.971270516514778137e-02
2.937894873321056366e-02
1.198448520153760910e-02
3.651776164770126343e-02
1.511348411440849304e-02
9.850481525063514709e-03
1.495594624429941177e-02
2.145283482968807220e-02
2.247334457933902740e-02
3.437671437859535217e-02
3.053523972630500793e-02
2.107952348887920380e-02
6.024611741304397583e-02
2.457674592733383179e-02
6.935944408178329468e-02
4.598769918084144592e-02
1.917773671448230743e-02
2.560948021709918976e-02
1.609994098544120789e-02
1.141462661325931549e-02
1.535548362880945206e-02
1.874873042106628418e-02
1.827120967209339142e-02
2.081498317420482635e-02
5.736117064952850342e-02
1.903544925153255463e-02
3.290916234254837036e-02
3.160162270069122314e-02
1.179899275302886963e-02
4.488676413893699646e-02
2.140683121979236603e-02
2.529928460717201233e-02
1.514233928173780441e-02
1.557384617626667023e-02
2.302213944494724274e-02
2.135610394179821014e-02
1.768406480550765991e-02
4.166721180081367493e-02
4.199044033885002136e-02
1.579357497394084930e-02
2.087115310132503510e-02
1.762839034199714661e-02
3.521884605288505554e-02
3.278614208102226257e-02
7.499192375689744949e-03
1.469550002366304398e-02
2.405287884175777435e-02
5.749931186437606812e-02
1.563406921923160553e-02
3.235684707760810852e-02
9.411489218473434448e-02
1.646237634122371674e-02
3.344788402318954468e-02
1.841730065643787384e-02
1.787607744336128235e-02
3.131285682320594788e-02
2.062707021832466125e-02
1.921332068741321564e-02
3.140894323587417603e-02
2.421630732715129852e-02
3.025312162935733795e-02
3.700363636016845703e-02
2.842732705175876617e-02
5.429143086075782776e-02
1.428943593055009842e-02
3.865788877010345459e-02
1.758426055312156677e-02
3.405000269412994385e-02
1.353149767965078354e-02
1.042717602103948593e-02
1.041719038039445877e-02
1.849244534969329834e-02
3.943578153848648071e-02
2.695456892251968384e-02
3.013877943158149719e-02
2.931516617536544800e-02
1.102290023118257523e-02
1.628687046468257904e-02
1.085125375539064407e-02
1.541510596871376038e-02
1.771180145442485809e-02
3.620694950222969055e-02
1.095139980316162109e-02
1.582466438412666321e-02
1.615997403860092163e-02
2.245914563536643982e-02
2.532106637954711914e-02
3.501255065202713013e-02
2.348224632441997528e-02
4.795556887984275818e-02
4.634153842926025391e-02
4.275741428136825562e-02
3.332258760929107666e-02
1.141220610588788986e-02
1.479698531329631805e-02
2.741472795605659485e-02
7.882833480834960938e-03
2.707370184361934662e-02
2.945289202034473419e-02
1.231585349887609482e-02
1.150578353554010391e-02
2.313520200550556183e-02
1.918738894164562225e-02
3.737249225378036499e-02
5.225904285907745361e-02
3.050876036286354065e-02
4.105738177895545959e-02
7.908184081315994263e-02
1.296427380293607712e-02
1.007504761219024658e-02
2.006751485168933868e-02
2.495923079550266266e-02
1.646108739078044891e-02
2.583180740475654602e-02
2.389358356595039368e-02
3.911959752440452576e-02
6.673938781023025513e-02
5.621880665421485901e-02
3.594536706805229187e-02
2.546035312116146088e-02
6.656400859355926514e-02
3.492311015725135803e-02
4.551245365291833878e-03
3.150408342480659485e-02
5.560530349612236023e-02
1.569787040352821350e-02
1.594082824885845184e-02
1.820939034223556519e-02
1.249243970960378647e-02
1.043631043285131454e-02
8.963386528193950653e-03
1.728362031280994415e-02
7.938894629478454590e-02
9.764070808887481689e-02
2.099377103149890900e-02
2.360134758055210114e-02
3.123392350971698761e-02
1.250662188977003098e-02
1.234383694827556610e-02
2.498384006321430206e-02
1.976085081696510315e-02
7.313189562410116196e-03
1.280318479984998703e-02
2.598822861909866333e-02
1.243824325501918793e-02
1.883853226900100708e-02
1.730028353631496429e-02
3.268433362245559692e-02
2.363366633653640747e-02
3.593422099947929382e-02
7.992931641638278961e-03
2.575086243450641632e-02
9.245208464562892914e-03
3.719615936279296875e-02
9.168946184217929840e-03
1.194703280925750732e-01
1.045386306941509247e-02
1.684540137648582458e-02
2.393311075866222382e-02
1.980249956250190735e-02
2.497937716543674469e-02
2.544713020324707031e-02
2.651397697627544403e-02
1.736446656286716461e-02
2.264864183962345123e-02
1.809603534638881683e-02
1.580718159675598145e-02
6.549351662397384644e-02
1.767444238066673279e-02
2.429116144776344299e-02
1.991919800639152527e-02
3.699580579996109009e-02
1.363711711019277573e-02
3.106867522001266479e-02
3.438310697674751282e-02
4.947537183761596680e-02
9.378474205732345581e-03
1.551261264830827713e-02
1.933228410780429840e-02
2.401655726134777069e-02
2.210964448750019073e-02
2.231427840888500214e-02
5.363259464502334595e-02
2.110081166028976440e-02
1.705519296228885651e-02
4.041208326816558838e-02
1.901362650096416473e-02
1.070591900497674942e-02
3.599102795124053955e-02
1.512065436691045761e-02
1.777350343763828278e-02
2.393376454710960388e-02
7.361309602856636047e-03
1.905084215104579926e-02
9.770476259291172028e-03
3.370235860347747803e-02
1.114146225154399872e-02
3.766964748501777649e-02
2.686112746596336365e-02
3.150345385074615479e-02
1.423103362321853638e-02
1.276481244713068008e-02
1.621825993061065674e-02
1.133896969258785248e-02
2.507222443819046021e-02
2.629178203642368317e-02
2.126882784068584442e-02
4.923733696341514587e-02
1.069800741970539093e-02
3.382021188735961914e-02
4.785885289311408997e-02
1.394739933311939240e-02
2.527013234794139862e-02
1.782295294106006622e-02
1.248564757406711578e-02
1.841019652783870697e-02
6.493344157934188843e-02
7.916850037872791290e-03
2.491916343569755554e-02
6.632114946842193604e-02
3.285119682550430298e-02
6.311423610895872116e-03
1.722857542335987091e-02
2.085226029157638550e-02
1.887280866503715515e-02
2.069218456745147705e-02
1.334976963698863983e-02
3.840629756450653076e-02
2.018336020410060883e-02
9.270161390304565430e-03
1.890975236892700195e-02
9.582152590155601501e-03
7.471810095012187958e-03
5.666273832321166992e-02
1.217083260416984558e-02
2.402512915432453156e-02
1.687197014689445496e-02
4.149159416556358337e-02
1.635666005313396454e-02
2.431087940931320190e-02
1.357732899487018585e-02
2.094493433833122253e-02
2.738721854984760284e-02
1.699865050613880157e-02
8.957538753747940063e-03
2.075314521789550781e-02
1.220081560313701630e-02
1.550724357366561890e-02
1.334446575492620468e-02
2.544618025422096252e-02
4.180662333965301514e-02
6.954953074455261230e-02
4.182372987270355225e-02
3.471084311604499817e-02
3.888545185327529907e-02
3.709231689572334290e-02
1.505753211677074432e-02
2.722303010523319244e-02
3.570015355944633484e-02
6.715366989374160767e-02
1.828931830823421478e-02
1.311162859201431274e-02
8.342746645212173462e-03
5.271461792290210724e-03
2.691850252449512482e-02
3.037897683680057526e-02
1.343271695077419281e-02
2.073035947978496552e-02
2.975608780980110168e-02
3.665337711572647095e-02
1.113606058061122894e-02
1.486055832356214523e-02
1.053345482796430588e-02
2.205409295856952667e-02
3.253472596406936646e-02
2.722789533436298370e-02
9.780448861420154572e-03
1.208197791129350662e-02
2.151459828019142151e-02
3.491709008812904358e-02
3.079659119248390198e-02
1.530403457581996918e-02
1.669263280928134918e-02
2.121490240097045898e-02
1.494524814188480377e-02
2.981773763895034790e-02
1.945020258426666260e-02
9.576223790645599365e-03
2.822771109640598297e-02
1.753938011825084686e-02
1.751120761036872864e-02
1.130595523864030838e-02
1.697408966720104218e-02
9.717438369989395142e-03
3.287994116544723511e-02
9.192295372486114502e-02
3.744989261031150818e-02
2.649402245879173279e-02
2.604966424405574799e-02
7.450858131051063538e-03
1.454272866249084473e-02
9.626976214349269867e-03
1.334339752793312073e-02
1.145717035979032516e-02
7.823199033737182617e-03
2.332431077957153320e-02
1.962967775762081146e-02
1.111812703311443329e-02
1.308266352862119675e-02
1.266610249876976013e-02
1.281928177922964096e-02
2.413341030478477478e-02
1.191035751253366470e-02
2.734203077852725983e-02
8.207132108509540558e-03
1.924113743007183075e-02
1.007688604295253754e-02
1.097272802144289017e-02
2.671375311911106110e-02
1.251439005136489868e-02
1.455508079379796982e-02
1.379516255110502243e-02
1.109407003968954086e-02
6.192696280777454376e-03
2.084606885910034180e-02
3.007245995104312897e-02
1.986254192888736725e-02
3.927338123321533203e-02
1.639891974627971649e-02
1.395710650831460953e-02
1.760076917707920074e-02
6.445057224482297897e-03
3.488918393850326538e-02
2.931969240307807922e-02
1.349324826151132584e-02
1.137248333543539047e-02
1.688889786601066589e-02
4.223586618900299072e-02
3.712080791592597961e-02
7.079965900629758835e-03
6.045171618461608887e-02
2.182292193174362183e-02
3.134860470890998840e-02
2.090544439852237701e-02
2.334971353411674500e-02
1.911836862564086914e-02
1.542641595005989075e-02
8.165165781974792480e-03
8.490413427352905273e-03
9.136264212429523468e-03
2.598497085273265839e-02
1.885891705751419067e-02
7.349445018917322159e-03
4.477149620652198792e-02
9.538115933537483215e-03
4.437624011188745499e-03
9.860028512775897980e-03
1.112070214003324509e-02
2.030459977686405182e-02
6.117974594235420227e-02
4.781154170632362366e-02
8.953177370131015778e-03
1.820506714284420013e-02
1.971895806491374969e-02
1.026242785155773163e-02
2.387532964348793030e-02
1.923593506217002869e-02
1.743183843791484833e-02
1.748249121010303497e-02
1.263142377138137817e-02
1.766242273151874542e-02
1.511931885033845901e-02
1.250393688678741455e-01
3.430220112204551697e-02
1.566598564386367798e-02
2.788335457444190979e-02
1.064270734786987305e-02
2.378825098276138306e-02
3.776327893137931824e-02
8.407416753470897675e-03
1.005918066948652267e-02
5.154776386916637421e-03
1.124448422342538834e-02
9.188997559249401093e-03
8.375985547900199890e-03
2.289125882089138031e-02
7.532925810664892197e-03
7.642889861017465591e-03
2.706627547740936279e-02
5.073079839348793030e-03
1.219098642468452454e-02
1.297162473201751709e-02
6.011200696229934692e-02
4.646557942032814026e-02
1.617670617997646332e-02
7.614947855472564697e-03
9.577926248311996460e-03
1.919692568480968475e-02
3.536027669906616211e-02
2.715664543211460114e-02
1.797043718397617340e-02
9.045585058629512787e-03
7.648434489965438843e-03
1.064140815287828445e-02
4.225905984640121460e-02
3.332291916012763977e-02
1.461310684680938721e-02
1.741039566695690155e-02
1.829366572201251984e-02
2.841516211628913879e-02
8.285866118967533112e-03
1.459041889756917953e-02
1.622969843447208405e-02
1.087452378123998642e-02
7.478702813386917114e-03
5.842934362590312958e-03
1.377163920551538467e-02
1.139093749225139618e-02
5.860833916813135147e-03
2.518851310014724731e-02
1.451600063592195511e-02
7.397356908768415451e-03
1.191704627126455307e-02
1.965657062828540802e-02
1.848516054451465607e-02
1.790031231939792633e-02
2.438884414732456207e-02
3.545711562037467957e-02
1.718508638441562653e-02
7.372189313173294067e-03
1.628404483199119568e-02
1.962938904762268066e-02
2.000380866229534149e-02
6.851686630398035049e-03
6.477750372141599655e-03
1.914703287184238434e-02
2.772775292396545410e-02
1.209205463528633118e-01
2.108592167496681213e-02
7.572937756776809692e-03
3.064126893877983093e-02
1.122489850968122482e-02
9.672524407505989075e-03
6.895498372614383698e-03
3.107308782637119293e-02
2.308166958391666412e-02
1.837709546089172363e-02
2.231124043464660645e-02
7.400712929666042328e-03
5.678856279700994492e-03
1.410476490855216980e-02
1.654598675668239594e-02
6.122995633631944656e-03
1.032213401049375534e-02
2.926951088011264801e-02
2.117097377777099609e-02
4.381391033530235291e-02
9.133034385740756989e-03
4.715518280863761902e-02
4.265188053250312805e-02
2.003131806850433350e-02
3.341465443372726440e-02
3.474054113030433655e-02
1.130431797355413437e-02
1.071190834045410156e-02
8.611659519374370575e-03
2.073423191905021667e-02
1.714372262358665466e-02
3.928717225790023804e-02
1.019011344760656357e-02
1.343055441975593567e-02
4.038939997553825378e-02
1.657096669077873230e-02
9.296995587646961212e-03
8.477697148919105530e-03
1.887722872197628021e-02
1.511575654149055481e-02
1.344219222664833069e-02
1.908324845135211945e-02
1.312867272645235062e-02
1.073292456567287445e-02
2.083409577608108521e-02
7.696624100208282471e-02
7.010613102465867996e-03
2.805439010262489319e-02
2.880979143083095551e-02
1.776829734444618225e-02
6.246612872928380966e-03
4.112593829631805420e-02
6.832540035247802734e-03
4.681555926799774170e-02
4.023997485637664795e-02
1.434167381376028061e-02
5.984505172818899155e-03
5.352404434233903885e-03
1.213747449219226837e-02
1.326860394328832626e-02
4.898411221802234650e-03
1.329448632895946503e-02
2.749588899314403534e-02
8.249139413237571716e-03
1.382488384842872620e-02
1.856362447142601013e-02
3.136889636516571045e-02
2.409229800105094910e-02
6.700267083942890167e-03
2.513571642339229584e-02
9.696213528513908386e-03
1.775532774627208710e-02
5.322600528597831726e-02
1.404015813022851944e-02
2.159235067665576935e-02
9.237215854227542877e-03
1.752296090126037598e-02
6.911279167979955673e-03
1.874056272208690643e-02
1.561762671917676926e-02
3.173834457993507385e-02
7.703093811869621277e-03
3.157931193709373474e-02
2.393350936472415924e-02
1.843258552253246307e-02
2.667319960892200470e-02
1.417138706892728806e-02
3.184400498867034912e-02
5.351033993065357208e-03
2.265905030071735382e-02
8.745709434151649475e-03
7.344060577452182770e-03
8.221197873353958130e-03
4.638046026229858398e-02
2.173139899969100952e-02
3.181615099310874939e-02
1.578819751739501953e-02
7.677031215280294418e-03
2.247750200331211090e-02
2.339007519185543060e-02
4.775733873248100281e-02
4.287831112742424011e-02
1.415988896042108536e-02
1.050376053899526596e-02
2.566081658005714417e-02
3.247535973787307739e-02
5.464921146631240845e-02
1.455987431108951569e-02
1.729136146605014801e-02
2.192614786326885223e-02
1.027231570333242416e-02
2.656554244458675385e-02
2.322251349687576294e-02
8.477809838950634003e-03
2.511569112539291382e-02
1.408466510474681854e-02
1.026296708732843399e-02
7.818278670310974121e-02
4.530550166964530945e-02
1.608289033174514771e-02
3.175574541091918945e-02
8.611237630248069763e-03
3.744327649474143982e-02
1.933940127491950989e-02
1.396703254431486130e-02
3.300743550062179565e-02
7.247121538966894150e-03
1.459079887717962265e-02
8.573881350457668304e-03
1.195114571601152420e-02
2.937162481248378754e-02
3.006572648882865906e-02
8.015120401978492737e-03
1.844402961432933807e-02
8.004703558981418610e-03
3.823294118046760559e-02
2.628752589225769043e-02
4.155655205249786377e-02
9.775463491678237915e-03
1.910010911524295807e-02
1.373205147683620453e-02
3.529569134116172791e-02
2.098452486097812653e-02
1.811100356280803680e-02
1.555176079273223877e-02
9.585413150489330292e-03
1.670165359973907471e-02
1.807590946555137634e-02
1.037656981498003006e-02
1.712439022958278656e-02
2.584125846624374390e-02
8.091739378869533539e-03
6.173430010676383972e-02
6.511735171079635620e-02
1.276480033993721008e-02
1.787097007036209106e-02
5.472769960761070251e-03
1.856078393757343292e-02
1.261856872588396072e-02
2.119692787528038025e-02
1.110274996608495712e-02
1.144678145647048950e-02
2.549284324049949646e-02
1.281946059316396713e-02
3.531159833073616028e-02
1.492075249552726746e-02
8.244577795267105103e-03
9.951232001185417175e-03
6.374159827828407288e-03
1.217400096356868744e-02
8.894011378288269043e-03
3.224716754630208015e-03
5.294109508395195007e-02
1.464329101145267487e-02
1.226897630840539932e-02
4.716590978205204010e-03
1.676003634929656982e-02
2.675143815577030182e-02
4.724529758095741272e-02
2.406026050448417664e-02
1.856712810695171356e-02
8.252164348959922791e-03
1.587031595408916473e-02
8.898849599063396454e-03
6.951414048671722412e-03
4.431408829987049103e-03
1.079586334526538849e-02
5.141797009855508804e-03
1.075573116540908813e-01
5.967229977250099182e-02
1.291268691420555115e-02
2.494358085095882416e-02
3.102869912981987000e-02
3.174803033471107483e-02
1.371615752577781677e-02
1.022765319794416428e-02
2.201123908162117004e-02
1.119712274521589279e-02
4.240592941641807556e-03
3.386446088552474976e-02
6.469310075044631958e-02
1.463330443948507309e-02
3.649079799652099609e-02
5.832671001553535461e-02
1.440983638167381287e-02
7.437431067228317261e-02
3.986402880400419235e-03
3.258065087720751762e-03
6.533642299473285675e-03
2.044220827519893646e-02
2.993291616439819336e-02
1.120184175670146942e-02
2.238428592681884766e-02
6.336091086268424988e-03
1.820744760334491730e-02
8.387164212763309479e-03
8.213336579501628876e-03
2.490196749567985535e-02
6.103343795984983444e-03
1.421569474041461945e-02
2.533025480806827545e-02
8.396541699767112732e-03
1.249501481652259827e-02
1.179015915840864182e-02
6.041031330823898315e-03
1.320942956954240799e-02
1.046420540660619736e-02
1.329650264233350754e-02
8.550541847944259644e-02
1.915683783590793610e-02
3.987002745270729065e-02
5.316832568496465683e-03
1.785960607230663300e-02
4.094631969928741455e-02
1.130201201885938644e-02
2.697459608316421509e-02
3.786990791559219360e-02
1.302347891032695770e-02
9.124958887696266174e-03
1.260695792734622955e-02
2.356274798512458801e-02
4.803317598998546600e-03
2.635539323091506958e-02
3.907506167888641357e-02
2.632969617843627930e-02
1.282318774610757828e-02
9.256468154489994049e-03
1.783156767487525940e-02
2.006703615188598633e-02
1.737410202622413635e-02
1.693199761211872101e-02
1.607195287942886353e-02
4.585309885442256927e-03
4.514883831143379211e-02
1.187804620712995529e-02
1.818427070975303650e-02
8.484090678393840790e-03
1.811674609780311584e-02
1.998678594827651978e-02
1.873106695711612701e-02
1.118441578000783920e-02
1.043141167610883713e-02
1.589520461857318878e-02
1.318333297967910767e-02
1.573115214705467224e-02
7.496090140193700790e-03
1.054590567946434021e-02
2.517576888203620911e-02
7.928470149636268616e-03
1.790350489318370819e-02
5.614857189357280731e-03
7.911411114037036896e-03
8.436211384832859039e-03
1.520217303186655045e-02
8.333549834787845612e-03
2.325865812599658966e-02
5.321879871189594269e-03
2.000170014798641205e-02
9.485261142253875732e-02
1.413045264780521393e-02
2.379470504820346832e-02
1.439601462334394455e-02
6.509932223707437515e-03
7.696038112044334412e-03
1.660154387354850769e-02
1.615614630281925201e-02
1.025791838765144348e-02
1.804653182625770569e-02
1.225255522876977921e-02
1.475921273231506348e-02
2.167054265737533569e-02
2.014763839542865753e-02
3.323956951498985291e-02
1.659459620714187622e-02
4.779880866408348083e-02
9.915600530803203583e-03
3.212016075849533081e-02
1.690537482500076294e-02
5.922595504671335220e-03
1.486318279057741165e-02
2.440166100859642029e-02
1.839902438223361969e-02
9.963682852685451508e-03
2.409830503165721893e-02
1.222921721637248993e-02
2.908380515873432159e-02
5.593625456094741821e-02
9.168297052383422852e-03
7.617559283971786499e-03
1.471474207937717438e-02
7.184245623648166656e-03
1.771742664277553558e-02
2.530594915151596069e-02
2.759859152138233185e-02
6.189637817442417145e-03
1.592558808624744415e-02
1.299965381622314453e-02
2.970022149384021759e-03
5.679105874150991440e-03
1.918648555874824524e-02
4.102121572941541672e-03
8.435731753706932068e-03
7.671296596527099609e-03
4.022883996367454529e-02
3.439736366271972656e-02
9.159844368696212769e-03
2.276201359927654266e-02
2.722376771271228790e-02
2.113811671733856201e-02
1.766848564147949219e-02
1.172366458922624588e-02
3.001623228192329407e-02
1.560919452458620071e-02
7.111309561878442764e-03
1.025103684514760971e-02
8.507279679179191589e-03
1.168217137455940247e-02
4.451275616884231567e-02
1.353756245225667953e-02
6.651956122368574142e-03
1.455457415431737900e-02
1.144413836300373077e-02
1.935152709484100342e-02
5.586366634815931320e-03
5.733418278396129608e-03
2.522649802267551422e-02
2.156858332455158234e-02
2.661343105137348175e-02
2.420282922685146332e-02
1.888198964297771454e-02
1.445840951055288315e-02
1.325896754860877991e-02
2.461910434067249298e-02
4.375788941979408264e-02
6.609201431274414062e-03
1.395460963249206543e-02
5.098756868392229080e-03
6.418177857995033264e-03
9.133609011769294739e-03
9.039345197379589081e-03
8.089220151305198669e-03
6.366523914039134979e-03
1.473209355026483536e-02
3.500366210937500000e-02
9.375566616654396057e-03
1.976363547146320343e-02
2.064288407564163208e-02
1.297025103121995926e-02
2.500579133629798889e-02
1.773569174110889435e-02
3.315830230712890625e-02
2.343649044632911682e-02
6.811319850385189056e-03
