6.842972040176391602e-01
5.159723758697509766e-01
3.064501285552978516e-01
3.011953234672546387e-01
2.951026558876037598e-01
2.381929606199264526e-01
1.979306191205978394e-01
2.108391225337982178e-01
2.257509678602218628e-01
2.043545693159103394e-01
1.845414936542510986e-01
2.766470611095428467e-01
2.011792361736297607e-01
1.788174211978912354e-01
1.944332569837570190e-01
1.583306193351745605e-01
2.234843671321868896e-01
2.009964585304260254e-01
1.711435317993164062e-01
1.869649142026901245e-01
1.953424960374832153e-01
2.013154476881027222e-01
1.999489665031433105e-01
2.192458212375640869e-01
2.006393074989318848e-01
2.463279515504837036e-01
1.893181204795837402e-01
1.667783111333847046e-01
1.917282938957214355e-01
1.918265521526336670e-01
1.724076867103576660e-01
1.455492228269577026e-01
1.962900161743164062e-01
1.655383110046386719e-01
1.472010314464569092e-01
2.653786540031433105e-01
1.576409935951232910e-01
1.924050152301788330e-01
1.861115843057632446e-01
1.791009306907653809e-01
1.681131869554519653e-01
1.838021427392959595e-01
1.680859327316284180e-01
1.607706248760223389e-01
1.477701365947723389e-01
1.912513971328735352e-01
1.872453242540359497e-01
1.725617051124572754e-01
1.863782554864883423e-01
1.331159174442291260e-01
1.629313230514526367e-01
1.619764268398284912e-01
1.821714788675308228e-01
2.419237494468688965e-01
1.794563233852386475e-01
2.285268902778625488e-01
2.136917114257812500e-01
1.508904397487640381e-01
1.482177376747131348e-01
1.757654696702957153e-01
1.528601944446563721e-01
1.320988237857818604e-01
1.039255559444427490e-01
1.915354281663894653e-01
1.743043512105941772e-01
1.408680677413940430e-01
1.439282745122909546e-01
1.636361926794052124e-01
1.771827936172485352e-01
1.316878944635391235e-01
1.559575498104095459e-01
1.674827933311462402e-01
1.855520457029342651e-01
2.017811834812164307e-01
1.990812420845031738e-01
2.611232995986938477e-01
1.584153622388839722e-01
1.232063993811607361e-01
1.676345020532608032e-01
1.598263680934906006e-01
1.886890232563018799e-01
1.669846773147583008e-01
1.482910662889480591e-01
1.315680891275405884e-01
1.809105277061462402e-01
1.898495554924011230e-01
1.636078059673309326e-01
1.539809256792068481e-01
1.828055530786514282e-01
1.327376961708068848e-01
1.531413495540618896e-01
1.799558401107788086e-01
1.468043923377990723e-01
1.602077037096023560e-01
2.010287046432495117e-01
1.771040111780166626e-01
1.682218909263610840e-01
1.708571761846542358e-01
1.646539270877838135e-01
1.392634212970733643e-01
1.623392999172210693e-01
1.515416502952575684e-01
1.640700697898864746e-01
1.481362581253051758e-01
1.807763278484344482e-01
1.843586713075637817e-01
1.290583759546279907e-01
1.761980503797531128e-01
1.555045098066329956e-01
1.705624759197235107e-01
1.429708153009414673e-01
1.592394709587097168e-01
1.262544691562652588e-01
1.883646994829177856e-01
1.530684530735015869e-01
1.446432620286941528e-01
1.606875956058502197e-01
1.921087205410003662e-01
1.369644999504089355e-01
1.130155771970748901e-01
1.980486810207366943e-01
1.214623451232910156e-01
1.584286540746688843e-01
1.791730672121047974e-01
1.591993868350982666e-01
1.569370627403259277e-01
1.795948445796966553e-01
1.178351491689682007e-01
1.530013680458068848e-01
1.181452050805091858e-01
1.307708323001861572e-01
1.299523413181304932e-01
1.772712469100952148e-01
1.326470375061035156e-01
1.697915792465209961e-01
1.590066850185394287e-01
1.841038316488265991e-01
1.869543194770812988e-01
1.342340111732482910e-01
1.335439980030059814e-01
1.569718718528747559e-01
1.967561095952987671e-01
1.745172291994094849e-01
1.500938087701797485e-01
1.652106046676635742e-01
1.375485807657241821e-01
1.883119046688079834e-01
1.270235925912857056e-01
1.911288648843765259e-01
1.357148438692092896e-01
1.416751742362976074e-01
1.589146852493286133e-01
1.902861595153808594e-01
1.450540721416473389e-01
1.487151831388473511e-01
1.592120081186294556e-01
1.345303803682327271e-01
1.438657194375991821e-01
1.565531343221664429e-01
1.363395452499389648e-01
1.514496803283691406e-01
1.437568217515945435e-01
1.597546190023422241e-01
1.544809192419052124e-01
1.894937008619308472e-01
1.557144522666931152e-01
1.102532595396041870e-01
2.045305669307708740e-01
1.418762058019638062e-01
1.568637639284133911e-01
1.600732654333114624e-01
1.521396040916442871e-01
1.322285532951354980e-01
1.279913634061813354e-01
1.402902305126190186e-01
1.127281188964843750e-01
1.654026359319686890e-01
1.487806141376495361e-01
1.825440078973770142e-01
1.692835092544555664e-01
1.547474265098571777e-01
1.634148210287094116e-01
1.190005838871002197e-01
1.084937080740928650e-01
1.177945733070373535e-01
1.450795382261276245e-01
1.350193172693252563e-01
1.217854619026184082e-01
1.624781191349029541e-01
1.332718878984451294e-01
1.509090363979339600e-01
1.202613711357116699e-01
1.048233136534690857e-01
1.492898315191268921e-01
1.367414146661758423e-01
1.095706298947334290e-01
1.392866373062133789e-01
1.176512241363525391e-01
1.150682568550109863e-01
1.251482963562011719e-01
1.490199863910675049e-01
1.348280310630798340e-01
1.370608657598495483e-01
1.422247439622879028e-01
1.362750977277755737e-01
1.252376884222030640e-01
1.579922884702682495e-01
1.695799231529235840e-01
1.559466868638992310e-01
1.398077458143234253e-01
1.397099643945693970e-01
1.814667880535125732e-01
1.503490507602691650e-01
1.505742967128753662e-01
1.459630429744720459e-01
1.475613266229629517e-01
1.192425563931465149e-01
1.267117559909820557e-01
1.197153255343437195e-01
1.536275446414947510e-01
1.463360935449600220e-01
1.700347512960433960e-01
1.186349317431449890e-01
1.176394820213317871e-01
1.386027783155441284e-01
1.287653148174285889e-01
1.190652772784233093e-01
1.499378234148025513e-01
1.248834580183029175e-01
1.719434857368469238e-01
1.413461267948150635e-01
1.438978016376495361e-01
1.346270292997360229e-01
1.365272402763366699e-01
1.378452628850936890e-01
1.731328517198562622e-01
1.506026685237884521e-01
1.321539282798767090e-01
1.382080465555191040e-01
1.248709037899971008e-01
1.266959160566329956e-01
1.327022761106491089e-01
1.405713111162185669e-01
1.677613109350204468e-01
1.532760262489318848e-01
1.459764987230300903e-01
1.677815318107604980e-01
1.309119313955307007e-01
1.326883584260940552e-01
9.333845973014831543e-02
1.769040077924728394e-01
1.183948963880538940e-01
1.014623418450355530e-01
1.313626021146774292e-01
1.276955157518386841e-01
1.755714416503906250e-01
1.406118571758270264e-01
1.124740019440650940e-01
1.514411419630050659e-01
1.719936579465866089e-01
1.525173932313919067e-01
1.432478576898574829e-01
1.528458297252655029e-01
1.131383702158927917e-01
1.181482523679733276e-01
1.258894205093383789e-01
9.727142006158828735e-02
1.632672697305679321e-01
1.396943628787994385e-01
1.659090071916580200e-01
1.213996037840843201e-01
1.785043329000473022e-01
1.485290825366973877e-01
1.357983052730560303e-01
1.662998050451278687e-01
1.232584193348884583e-01
1.319291591644287109e-01
1.267101317644119263e-01
1.050584092736244202e-01
1.241165101528167725e-01
1.057577878236770630e-01
1.556001603603363037e-01
1.688936352729797363e-01
1.514038145542144775e-01
1.360990852117538452e-01
1.620182096958160400e-01
9.256784617900848389e-02
1.619551032781600952e-01
1.197097972035408020e-01
1.421574354171752930e-01
1.710340678691864014e-01
1.470565199851989746e-01
1.276371777057647705e-01
1.349526643753051758e-01
1.238506436347961426e-01
1.191094368696212769e-01
1.174428835511207581e-01
1.267669200897216797e-01
1.173817813396453857e-01
1.410283893346786499e-01
1.504829376935958862e-01
1.168248206377029419e-01
8.715875446796417236e-02
1.769349128007888794e-01
1.517296433448791504e-01
1.722222119569778442e-01
1.571631878614425659e-01
1.301509141921997070e-01
1.444581151008605957e-01
1.480220109224319458e-01
1.957361400127410889e-01
1.491996645927429199e-01
1.229133903980255127e-01
1.848837733268737793e-01
1.329139769077301025e-01
1.196557581424713135e-01
1.650396883487701416e-01
1.364451050758361816e-01
1.522829681634902954e-01
1.233311071991920471e-01
1.225859671831130981e-01
1.130052208900451660e-01
1.199840530753135681e-01
1.624155044555664062e-01
1.379147171974182129e-01
1.330283135175704956e-01
1.467931866645812988e-01
9.160985052585601807e-02
1.112871542572975159e-01
1.068406030535697937e-01
1.820218265056610107e-01
1.082501485943794250e-01
1.163986027240753174e-01
1.612429171800613403e-01
1.582292616367340088e-01
1.407430917024612427e-01
1.735963076353073120e-01
1.323580294847488403e-01
1.149073019623756409e-01
1.212398931384086609e-01
1.733328998088836670e-01
1.084109991788864136e-01
1.111633032560348511e-01
1.479341685771942139e-01
1.426918357610702515e-01
1.442127674818038940e-01
1.458797156810760498e-01
1.641365885734558105e-01
9.509021788835525513e-02
1.455500870943069458e-01
1.193087771534919739e-01
1.262049674987792969e-01
1.061362922191619873e-01
1.197205632925033569e-01
1.212949752807617188e-01
1.173232048749923706e-01
1.314194351434707642e-01
1.219322085380554199e-01
1.140704602003097534e-01
1.489439457654953003e-01
1.118227764964103699e-01
1.639822572469711304e-01
1.016300842165946960e-01
1.427513062953948975e-01
1.373737603425979614e-01
1.303901523351669312e-01
1.383240520954132080e-01
1.461537033319473267e-01
1.262478530406951904e-01
1.538354903459548950e-01
1.221813857555389404e-01
1.311727464199066162e-01
1.264231353998184204e-01
1.718350201845169067e-01
1.395144760608673096e-01
1.612260639667510986e-01
1.051695793867111206e-01
1.741775870323181152e-01
1.425963044166564941e-01
1.404296755790710449e-01
7.721991837024688721e-02
1.575770676136016846e-01
1.393157988786697388e-01
1.140793785452842712e-01
1.096547544002532959e-01
1.391266137361526489e-01
1.337128281593322754e-01
9.059221297502517700e-02
1.257295012474060059e-01
1.331458836793899536e-01
1.265396475791931152e-01
9.884073585271835327e-02
1.408730149269104004e-01
1.083044558763504028e-01
1.337041854858398438e-01
1.434883922338485718e-01
1.441357582807540894e-01
1.186878755688667297e-01
1.067163050174713135e-01
1.092940270900726318e-01
1.465300321578979492e-01
1.157207041978836060e-01
1.334638595581054688e-01
1.354572772979736328e-01
1.327857375144958496e-01
1.303639858961105347e-01
1.111604273319244385e-01
1.132872477173805237e-01
1.614407896995544434e-01
1.093526333570480347e-01
1.517731398344039917e-01
1.405718773603439331e-01
1.602296084165573120e-01
1.123827844858169556e-01
1.163211613893508911e-01
1.128593236207962036e-01
1.376648396253585815e-01
1.218625158071517944e-01
1.297805309295654297e-01
1.336321532726287842e-01
1.275467276573181152e-01
9.793891012668609619e-02
1.335188001394271851e-01
1.349680870771408081e-01
1.499762386083602905e-01
1.502626836299896240e-01
1.187020689249038696e-01
1.349267065525054932e-01
2.024511098861694336e-01
1.502507030963897705e-01
1.396144628524780273e-01
1.316081285476684570e-01
1.113718450069427490e-01
1.313886195421218872e-01
1.157706081867218018e-01
1.736162304878234863e-01
1.224604621529579163e-01
1.312479376792907715e-01
1.493782401084899902e-01
1.071624979376792908e-01
1.118621602654457092e-01
8.089835196733474731e-02
1.105746775865554810e-01
1.084756404161453247e-01
1.419350951910018921e-01
1.254774332046508789e-01
1.508928835391998291e-01
1.236572936177253723e-01
1.351989805698394775e-01
1.373144090175628662e-01
1.082844734191894531e-01
1.300715506076812744e-01
1.074921861290931702e-01
1.005474478006362915e-01
1.926494836807250977e-01
1.423876136541366577e-01
1.306660622358322144e-01
1.152403652667999268e-01
1.299653053283691406e-01
1.392994225025177002e-01
1.482071429491043091e-01
1.044505089521408081e-01
1.482303589582443237e-01
1.522367596626281738e-01
1.386374831199645996e-01
1.213756352663040161e-01
1.447407305240631104e-01
1.061974912881851196e-01
1.165440753102302551e-01
1.129454597830772400e-01
9.251502901315689087e-02
1.578151732683181763e-01
1.700194776058197021e-01
1.225463598966598511e-01
1.248576715588569641e-01
1.264206916093826294e-01
8.774811029434204102e-02
1.880926340818405151e-01
1.294391304254531860e-01
1.120207235217094421e-01
1.047778874635696411e-01
1.623700112104415894e-01
1.080910861492156982e-01
1.876626461744308472e-01
1.021711230278015137e-01
1.274268478155136108e-01
1.249516457319259644e-01
1.676634550094604492e-01
1.262311935424804688e-01
1.511569917201995850e-01
1.006002798676490784e-01
1.275115162134170532e-01
1.249023973941802979e-01
1.059489250183105469e-01
1.597678065299987793e-01
1.469426602125167847e-01
1.338400989770889282e-01
1.155132949352264404e-01
1.129892170429229736e-01
1.211555674672126770e-01
1.100469380617141724e-01
1.266227066516876221e-01
1.162407100200653076e-01
1.328987330198287964e-01
1.504333168268203735e-01
1.197324171662330627e-01
1.300912797451019287e-01
1.750075370073318481e-01
1.408112347126007080e-01
1.176074817776679993e-01
1.603022515773773193e-01
8.647309988737106323e-02
9.683182090520858765e-02
1.488515585660934448e-01
1.171086505055427551e-01
1.221856102347373962e-01
1.337120682001113892e-01
1.016157567501068115e-01
1.473463177680969238e-01
1.061191782355308533e-01
1.395787596702575684e-01
1.112517565488815308e-01
1.511462628841400146e-01
1.247759312391281128e-01
1.434274315834045410e-01
1.122440397739410400e-01
9.974819421768188477e-02
1.472609639167785645e-01
1.385125964879989624e-01
1.226561069488525391e-01
1.238868907094001770e-01
8.911492675542831421e-02
1.149794161319732666e-01
1.084952428936958313e-01
1.089408472180366516e-01
1.349054872989654541e-01
1.347359120845794678e-01
7.315696030855178833e-02
1.132816001772880554e-01
9.487663209438323975e-02
9.394294023513793945e-02
1.217863187193870544e-01
9.388390183448791504e-02
1.167284995317459106e-01
1.091183125972747803e-01
9.339927881956100464e-02
1.539265066385269165e-01
1.322890222072601318e-01
1.194455921649932861e-01
1.156788915395736694e-01
1.195171177387237549e-01
1.258444637060165405e-01
1.141674816608428955e-01
1.197598278522491455e-01
1.192246600985527039e-01
9.288088977336883545e-02
1.017736792564392090e-01
1.445950865745544434e-01
1.309853643178939819e-01
1.548966467380523682e-01
1.292174756526947021e-01
1.270644217729568481e-01
1.294943094253540039e-01
1.448845714330673218e-01
1.171960830688476562e-01
9.337550401687622070e-02
1.120641157031059265e-01
1.286103129386901855e-01
9.595528244972229004e-02
1.336589604616165161e-01
1.072887107729911804e-01
1.126938238739967346e-01
1.402370780706405640e-01
1.182239130139350891e-01
8.416616171598434448e-02
1.033614128828048706e-01
1.344811469316482544e-01
8.866762369871139526e-02
1.611337512731552124e-01
1.078611463308334351e-01
1.040368154644966125e-01
1.041870787739753723e-01
1.526990681886672974e-01
1.014519035816192627e-01
8.329204469919204712e-02
1.198668703436851501e-01
1.535249650478363037e-01
1.322819739580154419e-01
1.316672712564468384e-01
1.069290190935134888e-01
1.174027845263481140e-01
1.311098933219909668e-01
1.342565268278121948e-01
1.160388439893722534e-01
1.269110590219497681e-01
1.057644262909889221e-01
1.357619613409042358e-01
1.220927014946937561e-01
9.301161766052246094e-02
1.135023683309555054e-01
9.871295094490051270e-02
1.118084043264389038e-01
7.863844931125640869e-02
1.000493317842483521e-01
1.208378002047538757e-01
1.384850740432739258e-01
1.010791137814521790e-01
9.309311211109161377e-02
1.104260608553886414e-01
1.239724457263946533e-01
1.265789419412612915e-01
1.105780228972434998e-01
1.188290715217590332e-01
1.151873171329498291e-01
9.086765348911285400e-02
1.182926371693611145e-01
9.080407023429870605e-02
1.270347833633422852e-01
1.314120143651962280e-01
1.264559030532836914e-01
1.218011006712913513e-01
7.326479256153106689e-02
1.365895420312881470e-01
1.111426800489425659e-01
1.078773140907287598e-01
1.139839440584182739e-01
1.063870340585708618e-01
8.847743272781372070e-02
1.182130873203277588e-01
1.541450619697570801e-01
1.297618746757507324e-01
9.979442507028579712e-02
1.142477691173553467e-01
1.418672949075698853e-01
1.193279996514320374e-01
1.178773716092109680e-01
1.199356839060783386e-01
1.360064148902893066e-01
1.012947931885719299e-01
6.663212180137634277e-02
1.804148107767105103e-01
1.362383514642715454e-01
1.447817683219909668e-01
1.177822276949882507e-01
1.121443435549736023e-01
1.326099038124084473e-01
1.191547513008117676e-01
9.239359945058822632e-02
1.079605296254158020e-01
1.033831611275672913e-01
1.496117711067199707e-01
1.225788220763206482e-01
1.066389679908752441e-01
1.502242684364318848e-01
9.579658508300781250e-02
1.193270236253738403e-01
1.110795587301254272e-01
1.331018656492233276e-01
9.238062053918838501e-02
7.629313319921493530e-02
9.988531470298767090e-02
1.085973680019378662e-01
1.557108461856842041e-01
1.245294213294982910e-01
1.047595441341400146e-01
9.828428179025650024e-02
1.020892560482025146e-01
1.048635318875312805e-01
1.215817853808403015e-01
1.000237241387367249e-01
1.593407392501831055e-01
1.042982265353202820e-01
1.086521446704864502e-01
1.690570414066314697e-01
1.124941632151603699e-01
1.278016716241836548e-01
1.114465445280075073e-01
9.671384841203689575e-02
1.260270029306411743e-01
1.042570099234580994e-01
1.077771186828613281e-01
1.145165190100669861e-01
8.696300536394119263e-02
1.483700126409530640e-01
1.025540232658386230e-01
1.054866388440132141e-01
1.239739879965782166e-01
9.444899857044219971e-02
1.120835095643997192e-01
9.056530147790908813e-02
1.241535097360610962e-01
1.074071303009986877e-01
1.446127742528915405e-01
8.081876486539840698e-02
1.251959204673767090e-01
1.085815653204917908e-01
1.279879212379455566e-01
1.230521202087402344e-01
1.295127421617507935e-01
1.177841722965240479e-01
1.187846586108207703e-01
1.153391748666763306e-01
1.317217051982879639e-01
1.447156965732574463e-01
1.109322905540466309e-01
9.868709743022918701e-02
9.463823586702346802e-02
1.664083451032638550e-01
8.898361027240753174e-02
1.319455802440643311e-01
1.144948303699493408e-01
1.002244055271148682e-01
1.215473935008049011e-01
9.490637481212615967e-02
1.265871822834014893e-01
1.066180393099784851e-01
1.461804807186126709e-01
1.227083429694175720e-01
8.456234633922576904e-02
1.192940026521682739e-01
1.254237890243530273e-01
7.527676969766616821e-02
1.128344088792800903e-01
1.265829801559448242e-01
1.073269546031951904e-01
1.558195501565933228e-01
1.321617364883422852e-01
1.158411577343940735e-01
1.081718131899833679e-01
8.849141001701354980e-02
1.012524813413619995e-01
7.269672304391860962e-02
1.429381966590881348e-01
1.086558848619461060e-01
9.168217331171035767e-02
1.433182358741760254e-01
8.415671437978744507e-02
1.409303545951843262e-01
1.348733305931091309e-01
1.175733283162117004e-01
1.037614941596984863e-01
9.560311585664749146e-02
1.352851837873458862e-01
1.000909060239791870e-01
1.267792880535125732e-01
9.265550971031188965e-02
1.073657348752021790e-01
1.061536967754364014e-01
1.113892048597335815e-01
1.135604754090309143e-01
9.423767030239105225e-02
8.172441273927688599e-02
1.405411660671234131e-01
9.686082601547241211e-02
1.015209257602691650e-01
8.407067507505416870e-02
1.304124295711517334e-01
9.881641715764999390e-02
9.534471482038497925e-02
1.148297861218452454e-01
8.516595512628555298e-02
9.581007808446884155e-02
1.065833568572998047e-01
1.173065006732940674e-01
8.663099259138107300e-02
1.640065908432006836e-01
1.176819354295730591e-01
1.316696703433990479e-01
8.835403621196746826e-02
1.022834777832031250e-01
1.068819463253021240e-01
1.154440492391586304e-01
1.436966657638549805e-01
1.131344214081764221e-01
9.112684428691864014e-02
1.063900664448738098e-01
1.309532970190048218e-01
1.003675460815429688e-01
1.325984150171279907e-01
9.660464525222778320e-02
1.014797464013099670e-01
1.353737711906433105e-01
1.040825098752975464e-01
1.029279306530952454e-01
1.439946144819259644e-01
1.164235323667526245e-01
8.404252678155899048e-02
1.038980111479759216e-01
1.154782101511955261e-01
1.226074695587158203e-01
9.598159044981002808e-02
1.026080325245857239e-01
1.131777316331863403e-01
9.850001335144042969e-02
9.243672341108322144e-02
1.538149267435073853e-01
1.243786588311195374e-01
1.153332442045211792e-01
1.127072125673294067e-01
1.040121838450431824e-01
1.000429987907409668e-01
1.121161207556724548e-01
1.618843078613281250e-01
1.104722470045089722e-01
1.003146767616271973e-01
1.022924780845642090e-01
1.423123478889465332e-01
1.254979372024536133e-01
1.666840761899948120e-01
8.496351540088653564e-02
7.887783646583557129e-02
1.199276074767112732e-01
1.192675754427909851e-01
1.078469678759574890e-01
1.180935278534889221e-01
7.935862243175506592e-02
1.726385951042175293e-01
1.123330146074295044e-01
1.071885973215103149e-01
8.902248740196228027e-02
1.205866783857345581e-01
1.296933442354202271e-01
1.375026255846023560e-01
1.180650889873504639e-01
1.104255393147468567e-01
1.371650099754333496e-01
1.343653351068496704e-01
1.137969046831130981e-01
1.202901676297187805e-01
1.154360026121139526e-01
8.736975491046905518e-02
1.185771450400352478e-01
9.458019584417343140e-02
1.012233570218086243e-01
1.258642077445983887e-01
1.122580543160438538e-01
1.303938627243041992e-01
1.190304979681968689e-01
7.714458554983139038e-02
1.228964999318122864e-01
9.743111580610275269e-02
9.213243424892425537e-02
1.029486954212188721e-01
