LABROC
Large
0.743709
0.973250
0.869523
0.671359
0.823700
0.652126
0.906683
0.796952
0.553143
0.838102
0.911379
1.003082
0.873187
0.827719
1.131702
0.758134
0.979095
0.730826
0.897308
0.694436
0.943380
0.569787
0.827656
0.694267
0.685406
0.993179
0.776083
0.842913
0.776909
0.813370
0.882968
1.005311
0.790235
0.680763
0.674546
0.840036
0.632737
0.756839
0.739790
0.797086
0.946042
0.867087
0.744973
0.735280
0.824021
0.793277
0.776932
0.855399
0.908373
0.731768
0.743489
0.598592
0.913194
0.981424
0.583338
0.689430
0.957901
0.765176
0.796795
0.906347
0.793867
0.878277
0.717097
1.154954
0.956607
0.767994
0.762822
0.884825
1.104257
0.860415
0.807529
0.825340
0.868014
0.952576
1.189266
0.913581
0.687175
0.938110
0.783524
1.071294
0.579967
0.952891
1.078141
0.823740
0.821973
0.928672
0.887883
0.871408
0.771962
0.955173
0.679198
1.086448
0.886864
0.980332
0.889276
0.960865
1.252330
0.815073
0.558263
0.866005
0.890074
0.909576
0.668523
0.819414
1.003325
0.786312
0.650243
0.969786
0.828080
0.980021
0.857991
0.896655
0.752683
0.904597
1.022879
0.844029
1.044846
0.919146
0.716681
1.015314
0.670363
0.972139
0.780317
0.682640
0.892639
0.995074
0.755589
0.817364
0.785878
0.926850
0.688950
0.854982
0.781609
0.720242
1.010177
0.618632
1.359196
0.958456
0.953892
0.543889
1.023831
0.812007
0.762648
0.817627
0.739256
0.894563
0.776915
0.777685
0.798587
0.654564
0.859315
0.776865
0.662776
0.611948
0.895911
0.861516
0.848991
0.871621
0.838070
0.705693
1.143980
0.983088
0.744106
0.757332
0.790106
0.474955
0.785645
0.899385
0.956962
0.800967
0.817599
0.916157
0.988005
0.862364
0.815913
0.818976
0.636362
0.859276
0.740140
0.919453
0.656864
0.936880
0.993076
1.200659
0.965252
0.657620
0.883666
0.984823
1.183346
0.736861
0.819567
0.821275
0.727916
0.782118
0.635665
0.816564
0.938488
1.232826
1.033691
0.733414
0.934471
0.617692
0.652872
0.954129
1.130451
0.842801
0.849483
0.795206
0.684492
0.709493
0.812557
0.870175
0.939607
1.001262
0.937312
0.812205
0.543930
0.783862
0.666606
0.890711
0.765260
0.714792
0.683612
1.070952
1.013018
0.697751
0.623311
0.862380
0.655471
0.930348
0.776007
0.716947
0.856302
0.754976
0.674605
1.061602
0.947898
1.095379
0.955953
0.940476
0.666909
0.853574
0.546125
0.441752
0.749350
0.880473
0.673698
1.011372
0.690630
1.368629
0.523661
0.809149
0.733097
0.908721
0.751549
0.754466
1.291412
0.886777
0.744860
0.830657
0.580738
0.908307
0.917256
0.855682
0.609275
0.856503
0.901151
0.862786
0.955540
0.901059
1.160777
1.026610
0.837703
0.884890
0.905351
0.711642
0.665305
0.850221
0.841719
0.986555
1.007444
0.753226
0.942871
1.142744
0.867977
0.807273
0.800197
1.275370
0.928226
0.674443
0.751964
0.644160
0.830829
1.078970
0.901707
1.506628
0.899123
0.955612
1.014810
1.021989
0.791700
1.039515
0.827010
0.725025
0.723098
1.039302
0.937067
0.911283
0.853791
1.289092
0.840848
0.621252
0.797410
1.069935
0.776656
0.938848
0.819411
0.732739
0.899238
1.185990
0.918166
0.825404
0.680684
0.640239
0.750559
1.069684
0.742075
0.736300
0.750389
0.800761
0.678339
0.748101
0.745759
0.671380
0.625239
0.833412
1.017779
0.773033
0.695947
0.804558
0.936810
0.759770
0.941688
0.911414
0.774674
1.000742
0.682515
0.900620
0.972101
1.170451
0.622822
0.800685
0.895228
0.664705
0.853651
0.595805
0.924326
1.002083
1.077123
0.995552
0.967598
0.795192
0.574154
0.727543
0.858914
0.776248
0.717718
0.859692
0.858033
0.665127
0.876477
0.962649
0.832148
0.943701
0.713053
0.651767
0.834446
0.875877
0.946917
0.780210
0.925050
1.105610
1.210659
0.796803
0.669245
0.779574
1.073161
1.017142
1.125109
0.796546
0.939481
0.951235
0.948349
0.945093
0.837584
0.863276
0.774020
1.084343
0.807070
0.997744
*
0.993998
1.344077
1.134588
1.274290
1.304070
1.065370
1.185050
0.940562
0.766966
0.913396
1.432282
1.253874
0.501793
1.588922
1.346945
0.943893
0.774719
1.685609
0.939293
0.858138
1.300585
1.115981
0.838177
0.944253
1.031010
1.536101
1.528604
0.713898
1.184667
1.250421
1.120994
0.939418
0.945447
1.104896
1.288137
0.976159
1.400152
1.573512
0.699600
1.072070
0.640529
0.810027
0.971749
1.016221
0.915184
1.135881
1.325991
1.018645
1.195933
0.994385
1.252454
1.140993
1.488019
1.159390
1.123751
1.763445
1.028602
0.787426
1.027059
1.192140
0.958012
1.087545
1.441215
1.097829
1.454997
0.818431
1.125816
1.246892
1.346245
1.213146
0.923968
0.938432
0.943406
0.930970
1.047782
1.070364
0.927112
0.918616
0.795323
1.055887
1.185939
1.033008
0.954670
0.851599
0.915654
1.301456
0.918808
0.965015
1.883461
0.852086
0.652430
1.150536
1.176260
1.202653
1.225986
0.921744
2.074100
1.291637
1.061423
0.918020
0.859939
2.570256
0.851233
1.259127
0.951011
1.001705
0.515136
1.037838
0.833183
1.353948
1.347847
2.311410
0.894253
0.815018
0.737589
0.835409
0.993394
1.010589
1.432492
0.996247
1.298053
0.781631
0.911376
1.353880
2.159712
1.163811
0.855254
0.840412
1.046149
0.989238
1.694303
1.176622
1.033899
1.529742
0.963980
1.893566
0.802607
0.833178
1.323764
1.275614
0.891182
1.615373
1.029432
1.241014
0.803033
0.842713
1.018073
0.675668
1.225792
1.305267
0.933068
0.989343
0.778759
1.530243
1.885013
1.035337
1.003567
1.234538
0.786169
0.942874
1.754278
0.883909
1.021453
0.925855
1.343134
0.890106
1.558797
2.080252
1.160619
0.911731
1.383215
0.577641
1.083670
1.007403
0.908828
1.098631
0.939509
1.019951
1.135584
1.478050
1.043267
0.824132
0.908271
1.226653
0.853832
0.923357
0.644600
1.149666
1.176209
0.973568
1.042260
1.195553
1.050191
0.993600
0.936957
1.032314
1.492644
0.876635
1.482773
0.860204
1.104446
0.995887
1.498694
1.395334
1.082457
1.141606
0.736893
0.879445
0.978083
0.778384
0.964879
0.872942
1.032245
1.336691
0.823976
1.099917
2.672065
1.299474
0.738087
0.917913
1.520127
1.381124
1.166342
1.157446
0.789464
1.541160
0.732990
1.171581
0.836392
1.356427
1.403119
1.545797
1.127281
0.834667
0.903759
1.274330
0.751918
0.770265
0.937021
1.221236
1.150800
0.850993
1.036167
0.935388
0.832902
1.066317
0.903812
0.956508
1.211156
1.238074
0.754665
1.871599
0.709529
0.849556
0.869673
1.597898
0.967152
1.680539
1.015670
1.195160
1.054188
1.170637
1.295084
1.235980
1.732979
1.335897
0.945647
1.077495
1.438818
0.703444
0.775952
1.013624
0.723547
0.936543
1.461406
0.959195
1.020286
0.927702
0.760331
1.210311
0.949913
0.672283
0.920460
0.767435
0.968054
1.528467
1.023805
1.130707
1.125895
1.053620
1.414945
0.882707
1.041862
1.111790
0.954284
1.104652
1.094584
1.231256
0.898328
0.996577
1.008292
0.987308
1.615156
0.911749
1.104029
1.159144
1.312327
0.858385
0.823243
1.000648
1.121547
1.221547
1.935228
0.925153
0.871817
0.815384
0.853173
1.383543
0.836594
0.969488
1.018090
0.719483
0.867207
0.894069
1.351290
1.125193
0.825608
0.888575
0.968903
1.072646
0.740482
1.027771
0.803603
0.757537
0.908571
0.956181
0.903792
1.237407
1.140970
1.221687
1.008418
1.325257
0.772035
0.938088
0.765623
1.403993
0.826418
0.834859
0.783154
0.826827
1.101278
0.982660
1.942484
1.090451
0.922720
1.348588
1.108533
1.061055
1.019876
1.403030
1.486647
1.098542
0.885069
1.145391
1.581524
1.305765
0.946525
1.147984
1.013788
1.107937
0.845496
1.161760
1.023203
0.938500
0.905460
1.070204
1.273836
1.038002
0.664133
1.652281
1.097764
0.882734
0.859828
0.647257
0.933006
0.993804
1.365095
1.620451
0.910552
1.321627
0.758179
1.195745
0.782773
0.916786
0.716283
1.652700
0.930463
0.759050
1.122787
1.122831
*
