LABROC
Large
0.000939
0.004019
0.036461
0.020127
0.015750
0.014040
0.008087
1.530244
0.022116
0.003403
0.011723
0.166066
0.844189
0.074487
0.021645
0.029877
0.012550
0.054485
0.025928
2.263225
0.408705
0.002398
0.106534
0.010396
0.004340
0.187807
0.005885
0.003406
0.756281
6.418601
0.813496
0.283240
2.196347
0.033308
0.014900
0.011454
0.019527
0.313737
0.239267
0.853533
0.206227
0.092113
0.138310
0.001099
1.214287
0.367691
0.004180
0.004658
0.721789
0.150223
0.002942
0.033778
0.194909
1.986399
0.626596
0.004134
0.503555
0.052373
0.000592
0.040656
0.000784
0.084488
0.096223
1.276504
0.055975
0.041197
0.075529
0.584006
0.106993
0.003748
0.021224
0.287000
0.090164
0.018882
0.065920
1.624892
0.019353
0.066326
0.003200
0.142448
0.017767
0.078428
0.577555
0.196361
0.012682
0.065297
61.345909
0.286089
0.007522
32.171692
0.058275
0.022437
0.375831
3.238480
0.210419
0.085674
0.233816
6.189931
0.015487
0.180419
0.240388
0.012358
0.006391
0.168703
0.589875
0.091826
0.033158
0.000229
0.003959
0.021828
0.006350
0.249157
0.012964
0.595112
4.620317
0.003024
0.351768
0.021746
0.006767
3.057115
0.072524
4.132332
0.129538
4.336437
0.410218
0.037436
0.013075
0.085368
1.124515
4.168319
0.011576
0.628762
1.150940
0.324169
0.038579
0.172277
1.585255
0.366472
20.884254
0.036638
0.819593
0.029189
0.094434
0.013918
4.687127
31.449657
0.155318
0.080082
7.919488
0.004759
0.066945
0.217826
0.027701
0.013768
0.009437
0.197055
0.068048
9.586922
0.172528
0.000682
0.111853
5.843102
23.197496
0.006729
0.263368
0.001383
0.009016
0.056996
1.085781
0.055379
0.086335
0.022498
0.039622
0.014272
0.228302
0.001345
0.001481
0.272889
0.073246
0.194728
0.003252
0.535937
0.056999
0.990368
0.713802
0.016850
22.890577
3.938101
0.702990
0.009290
0.008915
0.060030
0.127686
0.045395
0.004027
0.010652
0.031480
1.411891
0.770586
0.006162
0.566849
0.002649
0.299430
0.000983
0.001364
0.071599
0.068805
0.403302
0.001004
0.078112
0.016803
0.032675
0.470949
0.241119
0.028805
0.065746
0.013697
0.134886
0.020800
0.354986
0.045717
0.016185
0.002866
0.017275
1.494964
0.011602
0.009465
0.876157
0.003621
1.509306
0.578001
2.132953
0.000381
0.006567
0.018779
2.347159
0.043219
5.511654
0.656234
0.189397
0.002446
0.046690
0.002150
0.001256
0.039304
0.040281
0.005458
0.144109
0.023214
0.101511
0.001005
0.026471
0.010903
1.733002
0.085841
0.000886
32.520176
0.011655
1.168389
2.464339
2.722985
0.058808
0.013511
0.028489
0.002941
0.228298
5.535337
0.010938
0.557791
0.074492
0.323849
0.030923
0.125917
0.208129
0.553836
0.147541
0.003288
0.010603
0.126673
0.023498
0.007064
0.270460
0.081078
0.011747
0.008591
0.045278
0.022481
0.008182
0.048282
0.020231
0.047922
0.054380
0.004002
0.033050
1.285465
0.073525
0.184511
0.074650
1.436459
0.096765
0.032304
5.265072
3.926303
0.322076
0.153426
0.217988
0.283880
0.073789
0.015216
4.813784
0.013698
0.000066
0.227459
0.032328
0.076089
0.010559
0.002931
0.012452
0.360586
0.039517
0.452143
0.001993
0.083359
0.000599
5.653147
0.947291
0.117259
0.057366
0.095466
1.291511
0.118815
0.216258
0.005149
0.034546
0.001034
0.002074
845.005127
0.110353
0.013092
0.005182
363.319214
0.005539
0.017795
0.039924
0.566356
0.509124
0.178137
3.391051
0.224901
62.777992
0.004991
0.042490
0.020940
0.005136
0.041491
0.037132
0.044460
17.955168
5.778138
0.017411
0.210147
0.219132
0.000519
0.012973
0.928882
0.084676
0.027369
0.278856
0.133193
8.232780
0.058415
0.083445
0.026497
0.008400
0.002677
0.800666
0.015019
24.188759
2.625283
0.019131
0.064200
14.036970
3.192382
0.268101
0.000361
18.144577
2.045390
0.012960
10.761502
1.588007
0.074750
0.186277
0.148638
0.392662
0.083321
0.008979
0.007453
0.033667
0.174492
1.704646
*
1.353501
0.127041
1268.891968
0.962468
21.297058
1.440902
0.266019
2.841205
9.223948
14.997622
313.621277
0.603664
0.010830
13970.903320
70.229340
12.582253
0.319941
1519.520996
6.354670
81.118279
63.674931
92.540291
1.053781
0.294048
15.460272
1.243550
1017.372620
0.347148
15.112566
16.040005
9.550976
28.030714
197.305878
13.009496
1105.777588
0.218860
328.122467
13.231282
1.320822
720.957214
3.425900
5.561682
11.599438
581.838989
8.546741
716.416504
183.569885
745.264709
5262.483887
87.315353
4.365966
36.171177
35.647327
318.778900
0.941299
10.037988
27.108927
4.852042
38.071411
17.190292
3.094161
4.914962
198.050446
1005.513672
32.980827
0.199299
31.368954
353.599030
23.966904
642.765686
0.842414
0.390786
1.782259
5.119790
211.605453
49.876835
3.245758
247.909180
0.372841
4397.531738
5.637036
1.057698
91.683243
0.116270
0.135593
9566.961914
80.358391
1.243683
29157.181641
12.133124
108.610023
430.033173
1.609374
0.183048
94.068077
0.329784
46.472843
11.127627
15.549350
3.059576
96.041306
2084.507080
0.917623
82.711967
0.008246
549.327026
0.050406
106.736221
8.211620
3182.614502
7.096108
119.514732
24.267208
0.471687
95.859573
1.814034
1.866799
1.916498
18.030380
6.820618
205.657150
338.057648
33.009365
0.337249
3447.645264
6.683607
7.841650
2.014815
5.966884
0.844575
117813.812500
5.821625
1.591292
2065.899170
0.102754
3127.156006
294.601379
4.536872
29.747845
55.947304
11.052831
62.800446
0.732737
125.514801
0.710883
3.133338
1.767749
26.530399
22.097996
41.327160
1.996874
2.800907
9.731237
104605.453125
126.294067
3.255974
0.112138
267.123322
5.884135
1.790257
2499.674805
27.812080
0.182647
2535.920898
37.880417
4.752045
11812.494141
2369.283447
0.402075
0.251853
0.440351
0.000458
3.291491
0.520115
197.528885
0.126939
0.038020
297.583221
0.333801
250.720963
0.405877
0.054628
2.000989
26.082666
23.297359
3.361219
0.095675
2513.111816
1.621936
9.263051
933.851868
13.642198
41.231686
0.888060
33399.523438
1.174355
3057.440430
1.097051
25.000782
0.830558
219.728073
6.972354
132.779144
6452.725098
8.805780
17377.041016
51.069088
0.034949
5.108697
0.033883
82.939018
0.679892
19.260603
1007.018860
4.212563
65.871132
81.751968
3.843538
0.262322
0.034350
169.971313
8093.553711
178.468475
5.433645
2.152265
7345.254395
0.023148
0.370900
65.500534
1.367637
21066.283203
24531.603516
58395.808594
13.745986
0.323880
10.200000
0.023892
0.437270
3.331464
69.993149
6.213581
0.031450
275.503235
41.591606
3.922610
10.942123
1.238979
0.921372
51.774673
225.870087
7.483487
444.817627
0.255122
0.198445
0.517560
759.351562
0.057270
69.773453
16.258148
47.994553
23.841846
29.746300
9.532924
214.937653
55.003834
3115.600098
4.060444
29.936398
13209.875000
0.177549
11.390382
1100.558350
9.685908
1.911684
1095.817749
196.528412
0.428394
1.925693
6.003325
86.314476
236.754181
43.671375
49.541965
1009.554565
0.452492
6.846766
1.188385
96.806290
186.752823
0.018698
1938.357544
19.562807
9462.160156
37.955143
8.389879
0.800568
11.173396
104336.546875
0.171057
16.572193
7.707812
8.295025
82.237328
0.284602
1.742617
121.620407
7557.768555
0.854090
0.115210
1.221608
1836.503540
1747.180786
24607.873047
0.271635
260.961273
0.918181
0.053099
8661.000977
24.296722
51.055367
130.757126
0.065356
197.219635
1.400915
96646.023438
93.848007
23.984488
1.350938
31.940075
649.880188
11.580649
47506.027344
0.388582
0.018634
91.492348
1.548674
4.353686
767.389771
9.606521
296.529663
1.930883
1323.433716
11.087258
13.491580
0.063193
0.771782
0.202128
0.109951
0.603843
0.120746
0.300003
3.391046
59.427910
0.065280
2327.189453
149.744308
5.763008
4.289502
4.202060
18291.849609
11.084039
0.159818
1.912066
0.261153
393.535980
0.971536
0.545253
3.824013
3.057164
1618.169678
1767.796265
14.339227
3.444760
0.077736
2.289826
1.130461
1.700891
341.896790
0.901319
11.925400
1.936143
2.197349
0.321069
4.054291
61.124844
0.097269
1027.510864
1674.845581
17.520733
61.673027
1.171992
818.994568
0.014189
4.663074
0.039102
4130.114258
4.274944
6.389806
214.277390
1015.965759
*
