6.867730021476745605e-01
6.926717162132263184e-01
6.904740929603576660e-01
6.848201751708984375e-01
6.811773180961608887e-01
6.827509999275207520e-01
6.805098056793212891e-01
6.999217867851257324e-01
6.692538261413574219e-01
6.664575934410095215e-01
6.625430583953857422e-01
6.465651392936706543e-01
6.742834448814392090e-01
6.570498347282409668e-01
6.506997942924499512e-01
6.462907195091247559e-01
6.397314667701721191e-01
5.941278338432312012e-01
6.144022345542907715e-01
5.953882932662963867e-01
6.040977239608764648e-01
5.658061504364013672e-01
5.757554173469543457e-01
6.450654864311218262e-01
5.948262214660644531e-01
5.557920336723327637e-01
5.468690395355224609e-01
5.489090681076049805e-01
5.765143036842346191e-01
5.167831182479858398e-01
5.292188525199890137e-01
5.929821133613586426e-01
5.555643439292907715e-01
5.230122208595275879e-01
5.440205335617065430e-01
5.325372815132141113e-01
4.935530126094818115e-01
5.791913270950317383e-01
4.869813919067382812e-01
5.556030869483947754e-01
5.108900070190429688e-01
5.095696449279785156e-01
5.992944240570068359e-01
5.483452677726745605e-01
5.271937847137451172e-01
5.363264083862304688e-01
5.287101268768310547e-01
5.490314364433288574e-01
5.113384723663330078e-01
4.452469944953918457e-01
4.737654626369476318e-01
4.705098569393157959e-01
4.644599854946136475e-01
5.191988348960876465e-01
5.167742967605590820e-01
5.302146673202514648e-01
5.327925682067871094e-01
5.195425152778625488e-01
4.994112551212310791e-01
4.692560732364654541e-01
4.588471353054046631e-01
4.783689975738525391e-01
5.241569876670837402e-01
4.666577279567718506e-01
4.945293664932250977e-01
4.547156691551208496e-01
4.239542186260223389e-01
5.026777386665344238e-01
4.492977857589721680e-01
5.073147416114807129e-01
4.460327029228210449e-01
4.950748085975646973e-01
4.013375937938690186e-01
4.661677181720733643e-01
4.658206105232238770e-01
5.262781977653503418e-01
4.633658826351165771e-01
5.061087012290954590e-01
4.729363620281219482e-01
4.193160831928253174e-01
4.805927574634552002e-01
4.459828138351440430e-01
4.300827085971832275e-01
4.066135883331298828e-01
4.714666306972503662e-01
4.099152684211730957e-01
5.142705440521240234e-01
4.368448853492736816e-01
4.600724279880523682e-01
4.779735207557678223e-01
4.657209217548370361e-01
4.196251928806304932e-01
4.522489011287689209e-01
4.031404256820678711e-01
4.033473730087280273e-01
4.453643858432769775e-01
4.364113807678222656e-01
4.195977449417114258e-01
4.240605235099792480e-01
4.699945449829101562e-01
4.392418563365936279e-01
4.127873182296752930e-01
4.188143312931060791e-01
4.384317398071289062e-01
4.653990566730499268e-01
4.427739083766937256e-01
3.965138494968414307e-01
4.206874668598175049e-01
3.693382740020751953e-01
3.664584457874298096e-01
4.459699988365173340e-01
4.140070080757141113e-01
4.167473912239074707e-01
3.953597843647003174e-01
4.808798134326934814e-01
4.280427098274230957e-01
4.016916751861572266e-01
3.946202695369720459e-01
4.339995682239532471e-01
4.344008266925811768e-01
4.407188296318054199e-01
4.041355848312377930e-01
4.588908255100250244e-01
4.337030053138732910e-01
4.280281662940979004e-01
3.886276781558990479e-01
3.873268365859985352e-01
4.163675904273986816e-01
4.088543057441711426e-01
4.571057558059692383e-01
4.000121057033538818e-01
3.904501795768737793e-01
3.958666026592254639e-01
4.355858862400054932e-01
3.820219039916992188e-01
3.719965517520904541e-01
4.422048330307006836e-01
3.687805831432342529e-01
3.644027709960937500e-01
4.304502904415130615e-01
4.321696460247039795e-01
3.702962100505828857e-01
4.096144735813140869e-01
3.596957027912139893e-01
3.754855990409851074e-01
3.981818854808807373e-01
4.009532928466796875e-01
3.627540469169616699e-01
3.434500992298126221e-01
4.030903577804565430e-01
4.099262356758117676e-01
4.191908538341522217e-01
3.508443832397460938e-01
4.069765806198120117e-01
3.012482821941375732e-01
4.168171584606170654e-01
4.167787730693817139e-01
4.071481525897979736e-01
3.947906196117401123e-01
3.527855873107910156e-01
4.119992554187774658e-01
3.453785479068756104e-01
3.839204311370849609e-01
3.242903649806976318e-01
4.088036417961120605e-01
3.466900587081909180e-01
4.415796995162963867e-01
3.720114231109619141e-01
3.272846639156341553e-01
4.021173119544982910e-01
4.100873172283172607e-01
3.465116024017333984e-01
3.561937212944030762e-01
3.764506280422210693e-01
3.816221952438354492e-01
3.779407143592834473e-01
3.503884077072143555e-01
3.814657628536224365e-01
3.936037123203277588e-01
3.550828099250793457e-01
3.488367795944213867e-01
4.464803636074066162e-01
3.779842257499694824e-01
3.494957089424133301e-01
3.417356014251708984e-01
3.277838528156280518e-01
3.649586439132690430e-01
3.239022195339202881e-01
3.246098756790161133e-01
3.461621701717376709e-01
3.757803142070770264e-01
3.334033787250518799e-01
3.256804347038269043e-01
3.981138169765472412e-01
3.130182325839996338e-01
4.147792160511016846e-01
4.028371572494506836e-01
3.521615862846374512e-01
3.016643524169921875e-01
3.796842396259307861e-01
3.573414683341979980e-01
3.434605002403259277e-01
3.899590373039245605e-01
2.856380641460418701e-01
3.085884451866149902e-01
2.895430922508239746e-01
3.483808934688568115e-01
4.336188733577728271e-01
3.199669718742370605e-01
3.531209826469421387e-01
3.712603747844696045e-01
3.825912475585937500e-01
2.974050045013427734e-01
3.264802098274230957e-01
3.311982750892639160e-01
3.634110987186431885e-01
3.303364515304565430e-01
3.052212893962860107e-01
3.836264014244079590e-01
3.277455866336822510e-01
3.919313549995422363e-01
3.570517003536224365e-01
3.709452748298645020e-01
3.169466257095336914e-01
3.535653352737426758e-01
3.498063683509826660e-01
3.404232859611511230e-01
3.256775736808776855e-01
3.224547505378723145e-01
3.080927133560180664e-01
3.468321561813354492e-01
3.061355948448181152e-01
3.168206810951232910e-01
3.410796225070953369e-01
2.948311269283294678e-01
3.338409662246704102e-01
2.847462594509124756e-01
2.856932580471038818e-01
3.634257614612579346e-01
3.653680980205535889e-01
2.989058494567871094e-01
3.817395865917205811e-01
2.555093169212341309e-01
3.479177355766296387e-01
3.064498901367187500e-01
4.216071069240570068e-01
3.295220136642456055e-01
3.467446267604827881e-01
3.355627655982971191e-01
4.397237598896026611e-01
2.856457531452178955e-01
3.240647912025451660e-01
3.485546410083770752e-01
3.737756907939910889e-01
3.303471505641937256e-01
3.020962476730346680e-01
3.204481005668640137e-01
3.749749660491943359e-01
3.055536448955535889e-01
3.413692116737365723e-01
3.256812393665313721e-01
3.561595082283020020e-01
3.458059728145599365e-01
3.427598178386688232e-01
3.107624948024749756e-01
3.796685934066772461e-01
2.921232283115386963e-01
3.792321979999542236e-01
2.581625580787658691e-01
3.495985269546508789e-01
3.559309244155883789e-01
3.690026998519897461e-01
3.636102676391601562e-01
3.228312134742736816e-01
3.564662039279937744e-01
3.441754281520843506e-01
2.831199765205383301e-01
3.483842909336090088e-01
3.908766806125640869e-01
3.336934447288513184e-01
2.912901043891906738e-01
3.251239657402038574e-01
2.652763128280639648e-01
2.732284665107727051e-01
3.177843093872070312e-01
3.077480196952819824e-01
3.512006103992462158e-01
3.411820828914642334e-01
3.058202862739562988e-01
3.338126540184020996e-01
3.488762378692626953e-01
2.500482201576232910e-01
3.091266751289367676e-01
3.046951293945312500e-01
2.835841476917266846e-01
2.998574376106262207e-01
2.859580516815185547e-01
3.129173219203948975e-01
2.808940112590789795e-01
3.002534508705139160e-01
3.574076294898986816e-01
3.063237965106964111e-01
3.142731785774230957e-01
3.688592910766601562e-01
3.068279922008514404e-01
3.256254196166992188e-01
3.112031221389770508e-01
3.107561171054840088e-01
3.343106508255004883e-01
2.596006095409393311e-01
3.865221738815307617e-01
3.496704995632171631e-01
3.520773649215698242e-01
3.169617354869842529e-01
2.671829164028167725e-01
2.952955067157745361e-01
3.202647864818572998e-01
2.666659653186798096e-01
2.773876786231994629e-01
3.126451075077056885e-01
3.013510107994079590e-01
2.963033616542816162e-01
2.461627423763275146e-01
2.824980914592742920e-01
2.471205592155456543e-01
2.766148149967193604e-01
2.822786867618560791e-01
3.104828596115112305e-01
3.546769320964813232e-01
3.563793599605560303e-01
2.993087172508239746e-01
2.858916819095611572e-01
2.742245793342590332e-01
3.103748559951782227e-01
3.542411923408508301e-01
3.351905047893524170e-01
2.942813336849212646e-01
3.500957489013671875e-01
3.089987635612487793e-01
3.483226895332336426e-01
2.913713455200195312e-01
2.944030761718750000e-01
3.255023062229156494e-01
3.017327487468719482e-01
3.452127575874328613e-01
3.551055192947387695e-01
2.721775770187377930e-01
3.207356929779052734e-01
3.204967379570007324e-01
3.289223313331604004e-01
2.896438241004943848e-01
3.470100164413452148e-01
2.502137124538421631e-01
3.400637507438659668e-01
3.253661990165710449e-01
3.137584626674652100e-01
2.983389794826507568e-01
3.655094802379608154e-01
2.877601981163024902e-01
3.192908465862274170e-01
2.314455956220626831e-01
3.538871705532073975e-01
2.781447768211364746e-01
3.386425375938415527e-01
3.118316531181335449e-01
2.891212999820709229e-01
3.013177514076232910e-01
3.030076026916503906e-01
3.241953253746032715e-01
2.887454628944396973e-01
3.037370741367340088e-01
2.832781076431274414e-01
3.339737057685852051e-01
3.195913136005401611e-01
2.993971407413482666e-01
2.784239649772644043e-01
2.636971473693847656e-01
3.160314261913299561e-01
2.823312580585479736e-01
2.842203080654144287e-01
2.465469688177108765e-01
3.053974807262420654e-01
2.352799177169799805e-01
2.810382246971130371e-01
3.351049423217773438e-01
2.652520835399627686e-01
2.890291810035705566e-01
3.457235693931579590e-01
3.067164123058319092e-01
2.888559103012084961e-01
3.028242588043212891e-01
2.264242619276046753e-01
3.074082136154174805e-01
3.000707626342773438e-01
3.220098018646240234e-01
3.083972930908203125e-01
3.202921152114868164e-01
2.584514319896697998e-01
2.979257404804229736e-01
2.991725206375122070e-01
2.757144570350646973e-01
3.408472836017608643e-01
2.766040563583374023e-01
2.761176228523254395e-01
3.575142621994018555e-01
2.630317509174346924e-01
2.905584871768951416e-01
2.496228516101837158e-01
3.266137838363647461e-01
3.030714094638824463e-01
2.712292373180389404e-01
3.121930956840515137e-01
2.414787858724594116e-01
3.040610253810882568e-01
3.010666370391845703e-01
2.919164896011352539e-01
2.936997413635253906e-01
2.769838869571685791e-01
3.022997677326202393e-01
3.183887898921966553e-01
3.254331946372985840e-01
3.242924511432647705e-01
3.004986643791198730e-01
3.507114648818969727e-01
2.628842592239379883e-01
3.105236291885375977e-01
2.625885903835296631e-01
2.617878615856170654e-01
3.252419233322143555e-01
2.723716497421264648e-01
3.158438205718994141e-01
2.921590209007263184e-01
2.633977234363555908e-01
3.120127618312835693e-01
2.942007780075073242e-01
2.822666466236114502e-01
2.904159128665924072e-01
2.857331037521362305e-01
3.180723786354064941e-01
3.111751377582550049e-01
2.448239177465438843e-01
2.597931623458862305e-01
2.933605313301086426e-01
2.928207814693450928e-01
2.911789417266845703e-01
2.238766700029373169e-01
2.562364339828491211e-01
3.136131763458251953e-01
2.848102152347564697e-01
3.166116476058959961e-01
3.051645755767822266e-01
2.531097233295440674e-01
3.462871611118316650e-01
2.471874952316284180e-01
2.627462446689605713e-01
2.028077393770217896e-01
2.455008476972579956e-01
2.410854548215866089e-01
2.589533627033233643e-01
2.699296772480010986e-01
2.729798257350921631e-01
2.864787876605987549e-01
3.023138642311096191e-01
2.822070121765136719e-01
2.774298787117004395e-01
3.000094890594482422e-01
3.215515613555908203e-01
2.511501014232635498e-01
2.146479785442352295e-01
2.651635408401489258e-01
2.560867965221405029e-01
2.734757959842681885e-01
2.797172963619232178e-01
2.576123178005218506e-01
2.878835201263427734e-01
2.412866652011871338e-01
2.957940995693206787e-01
2.602070271968841553e-01
3.157612979412078857e-01
2.901683747768402100e-01
2.856178879737854004e-01
2.716938257217407227e-01
2.839947938919067383e-01
2.902281582355499268e-01
2.810307443141937256e-01
3.108069002628326416e-01
2.819110453128814697e-01
2.925224900245666504e-01
3.148545324802398682e-01
3.419778048992156982e-01
2.741671800613403320e-01
2.516982853412628174e-01
2.781682014465332031e-01
2.554905712604522705e-01
3.039266467094421387e-01
2.614076137542724609e-01
2.991178929805755615e-01
2.796868681907653809e-01
2.350617498159408569e-01
2.688976824283599854e-01
2.579960227012634277e-01
2.762216031551361084e-01
2.278319597244262695e-01
3.179628551006317139e-01
2.004844993352890015e-01
2.935234308242797852e-01
2.542329430580139160e-01
2.861822247505187988e-01
2.555022835731506348e-01
2.860078513622283936e-01
2.492029368877410889e-01
2.342338860034942627e-01
2.895387709140777588e-01
2.402846217155456543e-01
3.576452732086181641e-01
2.471193224191665649e-01
2.703208029270172119e-01
2.634488940238952637e-01
3.057258725166320801e-01
2.292511761188507080e-01
2.549399137496948242e-01
3.522695004940032959e-01
3.015133142471313477e-01
2.399810850620269775e-01
2.388985753059387207e-01
3.063699305057525635e-01
2.889448106288909912e-01
2.618409395217895508e-01
3.381439745426177979e-01
3.058480918407440186e-01
2.245424389839172363e-01
2.383376806974411011e-01
2.741740942001342773e-01
2.695624232292175293e-01
2.701804041862487793e-01
2.805897891521453857e-01
3.056308031082153320e-01
2.531182467937469482e-01
2.660580277442932129e-01
2.856175303459167480e-01
2.849335372447967529e-01
2.376888543367385864e-01
2.457944750785827637e-01
2.621484994888305664e-01
2.211997956037521362e-01
3.030855357646942139e-01
2.694517672061920166e-01
2.187873572111129761e-01
2.435745298862457275e-01
2.348546087741851807e-01
2.228973358869552612e-01
2.397781163454055786e-01
2.965570986270904541e-01
2.541016340255737305e-01
2.868680357933044434e-01
2.563802599906921387e-01
2.630891501903533936e-01
2.538468539714813232e-01
2.309446781873703003e-01
2.636222541332244873e-01
3.079743683338165283e-01
3.358273208141326904e-01
2.740524411201477051e-01
2.600923776626586914e-01
2.481660693883895874e-01
2.701219618320465088e-01
2.317321300506591797e-01
2.496368885040283203e-01
2.492739409208297729e-01
2.498055547475814819e-01
2.403431981801986694e-01
2.166756987571716309e-01
2.899180948734283447e-01
2.750156521797180176e-01
3.311702311038970947e-01
2.783671021461486816e-01
2.573050558567047119e-01
2.508777678012847900e-01
2.914291918277740479e-01
2.735776901245117188e-01
2.407581359148025513e-01
2.640005052089691162e-01
2.630443572998046875e-01
2.811528146266937256e-01
1.997138410806655884e-01
2.748928964138031006e-01
2.328197956085205078e-01
2.656120359897613525e-01
3.239577710628509521e-01
3.187488317489624023e-01
2.964860498905181885e-01
2.511661350727081299e-01
2.323803007602691650e-01
3.052454590797424316e-01
2.404746562242507935e-01
1.798116117715835571e-01
3.005429506301879883e-01
2.687759995460510254e-01
2.773339748382568359e-01
2.857168018817901611e-01
2.870662510395050049e-01
2.402234375476837158e-01
2.904101610183715820e-01
2.477861791849136353e-01
3.121474683284759521e-01
2.141311913728713989e-01
2.646720409393310547e-01
2.507155835628509521e-01
2.520561814308166504e-01
3.419190049171447754e-01
2.322068214416503906e-01
2.405469715595245361e-01
2.803808450698852539e-01
2.645050287246704102e-01
2.956899404525756836e-01
2.463486045598983765e-01
2.974497079849243164e-01
2.760222256183624268e-01
2.424715459346771240e-01
2.840609848499298096e-01
2.473754435777664185e-01
2.656569182872772217e-01
2.241186052560806274e-01
3.135164380073547363e-01
2.328744232654571533e-01
2.353195995092391968e-01
2.877883911132812500e-01
2.746955156326293945e-01
1.979678273200988770e-01
2.427684813737869263e-01
2.535625398159027100e-01
2.630616128444671631e-01
3.227669298648834229e-01
2.444326728582382202e-01
3.125827014446258545e-01
2.665132582187652588e-01
2.365574836730957031e-01
2.624866366386413574e-01
3.121487498283386230e-01
2.338015288114547729e-01
3.060615360736846924e-01
2.578444778919219971e-01
2.868850231170654297e-01
2.493332177400588989e-01
2.864501178264617920e-01
2.594832777976989746e-01
2.816480100154876709e-01
2.763653099536895752e-01
2.402993738651275635e-01
2.957584857940673828e-01
2.900568842887878418e-01
2.361999750137329102e-01
2.734022140502929688e-01
2.315447479486465454e-01
2.653107941150665283e-01
2.890820205211639404e-01
2.355549633502960205e-01
2.360221594572067261e-01
2.892211377620697021e-01
2.231314629316329956e-01
2.767969667911529541e-01
2.680115401744842529e-01
2.268267124891281128e-01
2.795351445674896240e-01
2.479380220174789429e-01
2.503839433193206787e-01
2.459258288145065308e-01
2.923112511634826660e-01
2.249259203672409058e-01
2.757992446422576904e-01
1.770028918981552124e-01
2.408446520566940308e-01
2.484113276004791260e-01
2.201345860958099365e-01
2.392938733100891113e-01
2.298803478479385376e-01
2.822294235229492188e-01
2.914224863052368164e-01
2.490654289722442627e-01
2.608149051666259766e-01
3.225689530372619629e-01
2.562112808227539062e-01
2.657814919948577881e-01
1.965529769659042358e-01
2.508027851581573486e-01
2.397848814725875854e-01
2.687283754348754883e-01
2.402681410312652588e-01
2.389559894800186157e-01
3.133431971073150635e-01
2.323998808860778809e-01
2.662553489208221436e-01
2.407395243644714355e-01
2.655943632125854492e-01
2.291903644800186157e-01
2.492946684360504150e-01
2.324288487434387207e-01
2.350972741842269897e-01
3.100013136863708496e-01
2.636138498783111572e-01
2.061338424682617188e-01
2.707809507846832275e-01
2.199439555406570435e-01
2.650751173496246338e-01
2.464681565761566162e-01
2.540091276168823242e-01
2.432918846607208252e-01
2.584204375743865967e-01
1.935164779424667358e-01
2.570812404155731201e-01
3.032762408256530762e-01
2.441400438547134399e-01
2.440466582775115967e-01
2.178117334842681885e-01
2.122926563024520874e-01
2.267626374959945679e-01
2.498367875814437866e-01
2.414081245660781860e-01
2.864202857017517090e-01
2.787482440471649170e-01
2.403252720832824707e-01
2.820799648761749268e-01
2.790284752845764160e-01
2.778091728687286377e-01
2.432454675436019897e-01
2.923178374767303467e-01
2.523344457149505615e-01
3.234771788120269775e-01
2.030926197767257690e-01
2.778482437133789062e-01
1.833474785089492798e-01
2.580842077732086182e-01
2.118211537599563599e-01
3.027004897594451904e-01
2.434186488389968872e-01
2.366610914468765259e-01
2.235123515129089355e-01
2.727732956409454346e-01
2.300235033035278320e-01
1.924034655094146729e-01
2.066297084093093872e-01
2.755889594554901123e-01
2.035239338874816895e-01
2.370591014623641968e-01
3.172204196453094482e-01
2.512833774089813232e-01
3.179235458374023438e-01
2.300388813018798828e-01
2.183247655630111694e-01
2.340016961097717285e-01
2.933513522148132324e-01
2.242483049631118774e-01
2.339455932378768921e-01
2.392421662807464600e-01
2.567784786224365234e-01
2.847923040390014648e-01
3.053812682628631592e-01
2.608964443206787109e-01
2.551483511924743652e-01
2.474311888217926025e-01
2.455416619777679443e-01
2.829896211624145508e-01
2.442101836204528809e-01
2.100303173065185547e-01
2.361315190792083740e-01
2.576521933078765869e-01
2.349997013807296753e-01
2.214904725551605225e-01
3.368438184261322021e-01
2.549141347408294678e-01
2.894756495952606201e-01
2.162500023841857910e-01
2.864409387111663818e-01
2.421324700117111206e-01
2.734585702419281006e-01
2.237043827772140503e-01
2.447237074375152588e-01
2.740675806999206543e-01
2.552691698074340820e-01
2.416284978389739990e-01
2.845087349414825439e-01
2.109589278697967529e-01
2.496093958616256714e-01
2.430979907512664795e-01
2.836037576198577881e-01
2.570342123508453369e-01
2.503850460052490234e-01
1.956567615270614624e-01
1.891468167304992676e-01
3.172805011272430420e-01
2.553304433822631836e-01
2.466816008090972900e-01
2.684299647808074951e-01
2.341346442699432373e-01
2.811375260353088379e-01
2.459919452667236328e-01
2.203287780284881592e-01
1.981939226388931274e-01
2.937437891960144043e-01
2.576305866241455078e-01
2.632550001144409180e-01
2.446458488702774048e-01
2.529844939708709717e-01
2.230879217386245728e-01
1.996275633573532104e-01
2.060176134109497070e-01
2.150105237960815430e-01
2.825329303741455078e-01
2.331463694572448730e-01
2.565225660800933838e-01
2.607232332229614258e-01
