1.990146562457084656e-02
1.020672023296356201e-01
3.408932313323020935e-02
7.004311773926019669e-04
5.474329460412263870e-03
1.368619322776794434e+00
1.614297553896903992e-02
1.799355377443134785e-03
1.046031899750232697e-02
6.184239313006401062e-02
1.875990768894553185e-03
6.095058284699916840e-03
3.033551154658198357e-03
2.743162040133029222e-04
2.766353078186511993e-03
1.055223750881850719e-03
2.682302147150039673e-02
1.955208426807075739e-04
3.190837800502777100e-02
5.161450244486331940e-04
2.452923357486724854e-01
1.105311419814825058e-02
4.360771551728248596e-02
3.382252901792526245e-02
3.387367725372314453e-01
2.664298517629504204e-03
8.030983060598373413e-02
3.182624466717243195e-03
1.577341556549072266e-02
3.185231387615203857e-01
1.989285374293103814e-04
4.286362127459142357e-06
1.451355521567165852e-03
3.581746947020292282e-03
7.301605492830276489e-02
1.874140463769435883e-02
1.867966027930378914e-03
3.346661469549871981e-05
7.933330722153186798e-03
3.674558596685528755e-03
2.099790275096893311e-01
5.537668243050575256e-02
4.096501215826719999e-04
1.737482643127441406e+01
6.240658164024353027e-01
1.932943984866142273e-02
2.907234942540526390e-03
2.957581877708435059e-01
1.596733229234814644e-03
1.471316348761320114e-02
1.055125668644905090e-01
1.708254963159561157e-02
5.236008763313293457e-01
5.506465677171945572e-03
4.002865462098270655e-04
2.153276465833187103e-03
8.930961485020816326e-04
3.633191436529159546e-02
3.160330466926097870e-03
1.746577978134155273e+00
3.178790211677551270e-03
2.582985639572143555e+00
2.647350309416651726e-03
4.484754172153770924e-04
1.602111458778381348e-01
7.904108613729476929e-03
1.931165754795074463e-01
7.298531476408243179e-03
6.679307818412780762e-01
2.645528912544250488e-01
2.378315548412501812e-05
2.652026891708374023e+00
5.917329690419137478e-04
8.815131150186061859e-03
1.865149140357971191e-01
2.082711011171340942e-01
3.969509154558181763e-03
1.668476313352584839e-02
1.891933232545852661e-01
1.769695314578711987e-03
3.884163126349449158e-02
5.625046789646148682e-02
4.527477547526359558e-02
3.601743810577318072e-05
1.617283705854788423e-04
7.082038791850209236e-04
5.432535203908628318e-07
1.612607948482036591e-02
1.852968037128448486e-01
9.597074240446090698e-04
1.089494954794645309e-02
2.098530530929565430e-02
4.042101209051907063e-04
4.852817580103874207e-02
6.659171194769442081e-04
2.550123333930969238e-01
8.546312153339385986e-02
1.392733305692672729e-02
1.151019241660833359e-02
1.008146852254867554e-01
5.044064521789550781e+00
1.256303489208221436e-02
6.219078786671161652e-04
3.477001737337559462e-04
1.147641055285930634e-02
5.341735482215881348e-01
1.981281116604804993e-02
1.859271153807640076e-02
3.598704040050506592e-01
2.867980487644672394e-02
7.036529015749692917e-03
1.814249992370605469e+00
2.017382346093654633e-02
1.265254318714141846e-01
1.034922897815704346e-02
1.985348202288150787e-02
1.391484681516885757e-02
1.198714831843972206e-03
5.372576997615396976e-04
7.310928404331207275e-02
1.610987819731235504e-04
1.067510008811950684e+00
5.292851924896240234e-01
1.207263097167015076e-01
3.274042455814196728e-06
9.090512245893478394e-02
2.802213653922080994e-03
2.196028508478775620e-04
1.915682479739189148e-02
8.295860886573791504e-02
6.481340527534484863e-01
1.070182397961616516e-02
2.893155440688133240e-03
4.055408644489943981e-04
1.698221452534198761e-02
1.385891344398260117e-02
9.305206127464771271e-03
1.414615035057067871e+00
9.040687233209609985e-02
9.964754581451416016e-01
3.364087082445621490e-03
4.549269378185272217e-02
5.870659947395324707e-01
2.319406509399414062e+00
2.303197145462036133e+00
2.509454265236854553e-02
2.315039157867431641e+00
1.006168127059936523e-02
1.492728479206562042e-02
7.515060249716043472e-03
6.548407021909952164e-03
1.187857538461685181e-01
4.730771481990814209e-02
1.787691959179937840e-03
1.436687167733907700e-02
8.826512843370437622e-03
2.582574263215065002e-03
1.754935644567012787e-02
8.189979125745594501e-04
1.222321734530851245e-04
1.119377091526985168e-02
1.656565145822241902e-04
2.547946199774742126e-02
1.144695401191711426e+00
4.034894332289695740e-02
1.098921597003936768e-01
1.444331109523773193e-01
4.583689570426940918e-02
3.853023052215576172e-01
2.791432489175349474e-04
7.658989168703556061e-03
1.206275634467601776e-02
5.565004175878129900e-05
2.183123491704463959e-02
2.196021378040313721e-03
1.304452300071716309e+00
1.228809822350740433e-02
2.033733762800693512e-02
7.021731231361627579e-03
2.404783666133880615e-02
1.711854189634323120e-01
8.950064890086650848e-03
1.122849062085151672e-01
5.141791328787803650e-02
3.334125757217407227e+00
9.166915901005268097e-03
7.004906074143946171e-04
3.279376402497291565e-02
5.556376576423645020e-01
9.764335118234157562e-03
4.820607602596282959e-02
2.693383954465389252e-03
1.689590862952172756e-04
9.720852598547935486e-03
7.576765026897192001e-03
1.016039308160543442e-02
3.836449980735778809e-01
3.279634937644004822e-02
9.845676831901073456e-04
9.894827380776405334e-03
2.439772244542837143e-03
2.323873527348041534e-02
5.062869284301996231e-03
7.360311225056648254e-03
1.012186706066131592e-02
1.674778875894844532e-03
1.482764780521392822e-01
2.397855997085571289e+00
2.954642754048109055e-03
1.522436970844864845e-03
5.246800370514392853e-03
3.066312521696090698e-02
5.477039376273751259e-04
2.033727429807186127e-02
6.789543479681015015e-02
1.576745414733886719e+01
3.919478505849838257e-02
4.416033159941434860e-03
1.489549322286620736e-04
4.158892333507537842e-01
4.133530557155609131e-01
1.861023530364036560e-02
1.271477318368852139e-03
5.118628591299057007e-02
1.456604513805359602e-04
5.633919965475797653e-03
3.261561505496501923e-04
1.898746871948242188e+01
7.312294244766235352e-01
5.084483418613672256e-04
9.532779455184936523e-03
1.945443684235215187e-03
1.389699708670377731e-02
1.757861929945647717e-03
3.617856204509735107e-01
4.342830274254083633e-03
1.865237504243850708e-01
1.573445834219455719e-02
1.145701184868812561e-01
7.809873204678297043e-05
3.680096007883548737e-03
1.003121659159660339e-01
2.094762027263641357e-01
9.939676383510231972e-04
1.020834315568208694e-02
4.636360798031091690e-03
5.151153076440095901e-03
2.211498022079467773e-01
2.231287211179733276e-02
2.336020767688751221e-01
4.201453179121017456e-03
9.745244383811950684e-01
1.637614514038432389e-05
1.230691224336624146e-01
1.822539977729320526e-02
1.568533852696418762e-02
4.724907875061035156e+00
2.267064712941646576e-02
3.999673295766115189e-03
3.628725111484527588e-01
3.006528597325086594e-03
3.226054250262677670e-04
6.302669644355773926e-01
4.727737046778202057e-03
2.973239170387387276e-03
3.576667979359626770e-03
1.947384327650070190e-03
6.641086935997009277e-01
2.453407738357782364e-03
9.114672429859638214e-03
2.192907094955444336e+00
4.253081232309341431e-02
3.451105579733848572e-02
1.806021481752395630e-02
1.266215258510783315e-04
3.150729462504386902e-02
5.496054422110319138e-03
5.879489704966545105e-03
8.373148739337921143e-02
1.384786248207092285e+00
7.108499854803085327e-02
3.796740784309804440e-04
5.414683837443590164e-03
1.651970483362674713e-02
1.885158853838220239e-04
1.016043592244386673e-03
2.537515163421630859e+00
4.627790153026580811e-01
1.099168293876573443e-04
3.844695538282394409e-02
1.913754642009735107e-02
2.285480150021612644e-04
2.079542912542819977e-02
2.643854729831218719e-02
3.208656853530555964e-04
6.557534448802471161e-03
6.189798936247825623e-03
1.278537698090076447e-02
2.659817934036254883e-01
2.041129395365715027e-02
2.427216768264770508e+00
1.343834161758422852e+00
5.311785340309143066e-01
1.072841048240661621e+00
1.501285934448242188e+01
4.264166578650474548e-03
2.497203946113586426e-01
5.917623057030141354e-04
3.195211989805102348e-03
7.944115996360778809e-02
8.125962615013122559e-01
1.180918607860803604e-02
3.135029459372162819e-03
8.010890334844589233e-02
2.483161224517971277e-04
8.205181360244750977e-02
4.559935769066214561e-05
1.892801076173782349e-01
3.105931216850876808e-03
2.072732662782073021e-03
1.686868429183959961e+00
3.302183002233505249e-03
6.596409715712070465e-03
1.535242497920989990e-01
9.538017329759895802e-04
8.877815306186676025e-02
1.202405616641044617e-02
1.206142711453139782e-03
1.110079931095242500e-03
9.995322907343506813e-04
2.603796543553471565e-03
2.108425498008728027e-01
6.186482030898332596e-03
4.419955890625715256e-03
3.296586917713284492e-03
2.572379708290100098e-01
3.949840553104877472e-03
3.499918966554105282e-04
1.297259330749511719e-01
1.873563081026077271e-01
3.758640959858894348e-04
3.860425786115229130e-04
3.552792593836784363e-03
2.516503334045410156e+00
3.017297131009399891e-04
1.796853542327880859e-02
6.858399510383605957e-02
9.732558391988277435e-03
1.076737046241760254e-01
2.442693710327148438e-02
3.046653792262077332e-02
2.865367569029331207e-02
3.407775466257589869e-06
2.198831643909215927e-03
6.139020551927387714e-04
2.983068989124149084e-04
4.985000938177108765e-02
8.205521851778030396e-03
3.662185370922088623e-02
1.237665861845016479e-01
4.213067889213562012e-02
4.887615796178579330e-04
7.639916148036718369e-03
2.402194030582904816e-02
7.984098196029663086e-01
9.011228568851947784e-03
1.884621940553188324e-02
2.875601639971137047e-04
6.160327233374118805e-03
1.607251761015504599e-05
3.585331141948699951e-02
8.450545370578765869e-03
2.599905245006084442e-02
3.462488763034343719e-03
2.129411935806274414e+00
4.943602471030317247e-05
5.167274270206689835e-03
1.145101990550756454e-02
8.013193495571613312e-03
1.219133194535970688e-02
1.426487863063812256e-01
1.598818344064056873e-04
2.953870296478271484e-01
2.301766723394393921e-02
2.482847496867179871e-02
4.734354972839355469e+00
1.735866165161132812e+01
7.717594504356384277e-03
2.769088896457105875e-04
1.111222736653871834e-04
1.178385131061077118e-02
7.019036449491977692e-03
5.614003539085388184e-01
2.617332267761230469e+01
3.532784103299491107e-05
3.039801120758056641e+00
1.335239708423614502e-01
2.680358663201332092e-02
2.074598596664145589e-04
9.506732021691277623e-05
4.337882041931152344e+00
9.565888977050781250e+01
1.106688110351562500e+03
3.874678134918212891e+00
2.750999069213867188e+01
1.848518252372741699e+00
4.866906738281250000e+02
8.878864288330078125e+00
2.552499389648437500e+01
1.948859691619873047e+00
3.741639328002929688e+01
2.683288764953613281e+01
6.346989059448242188e+01
9.210602194070816040e-02
1.067628402709960938e+02
1.858500289916992188e+01
2.865273681640625000e+03
6.661770019531250000e+02
2.587970924377441406e+01
9.859871864318847656e+00
1.963628997802734375e+02
6.033838748931884766e+00
7.230030536651611328e+00
4.914443969726562500e+01
6.264437437057495117e-01
3.639434814453125000e+00
3.881770507812500000e+03
1.363317260742187500e+02
1.334360595703125000e+03
1.921674438476562500e+03
4.362770843505859375e+01
7.896810531616210938e+00
1.207287597656250000e+01
2.778576904296875000e+03
2.870537185668945312e+01
9.628116455078125000e+02
8.036491274833679199e-01
4.695755541324615479e-01
7.851210594177246094e+00
3.711928710937500000e+02
8.517536010742187500e+02
3.307091903686523438e+01
4.363547325134277344e+00
1.376085693359375000e+03
8.203269195556640625e+01
2.229023361206054688e+01
5.504904174804687500e+01
6.179130172729492188e+01
3.979521036148071289e+00
1.659088867187500000e+03
1.889154663085937500e+03
4.149795532226562500e+02
2.874465637207031250e+02
1.280700588226318359e+01
1.517730045318603516e+01
6.204629898071289062e+00
2.337872982025146484e+00
1.443116950988769531e+01
2.068323326110839844e+01
1.908917724609375000e+03
6.392329711914062500e+02
5.392618408203125000e+02
1.316294860839843750e+02
1.709305000305175781e+01
4.698840618133544922e+00
4.698252868652343750e+02
8.279068756103515625e+01
4.032701416015625000e+03
2.597715454101562500e+02
1.345361022949218750e+02
1.105539724230766296e-01
3.132908020019531250e+02
1.919689178466796875e+01
6.556750488281250000e+01
1.140071964263916016e+01
2.166153717041015625e+02
1.634490966796875000e+01
6.009962081909179688e+01
6.597429809570312500e+02
4.094548034667968750e+01
2.067883491516113281e+01
1.297811031341552734e+01
2.476213836669921875e+01
2.562239885330200195e+00
8.677331924438476562e+00
1.016030406951904297e+01
2.175726592540740967e-01
4.328694534301757812e+01
1.148715972900390625e+02
9.358171224594116211e-01
5.236196289062500000e+02
5.586256103515625000e+02
1.117980480194091797e+01
6.825061798095703125e+01
2.236251525878906250e+02
1.669253295898437500e+03
3.029094219207763672e+00
3.830875976562500000e+03
7.878589034080505371e-01
8.310184326171875000e+02
2.336189079284667969e+01
1.299082469940185547e+01
7.158650875091552734e+00
7.198026275634765625e+01
4.853857421875000000e+01
1.083733444213867188e+02
1.359601497650146484e+00
5.747330859375000000e+04
2.557186718750000000e+04
1.141783714294433594e+00
5.294746160507202148e-01
5.562665527343750000e+03
2.310578155517578125e+02
9.480783939361572266e-01
2.338728141784667969e+01
1.896397583007812500e+03
7.283370971679687500e+01
1.570267333984375000e+02
9.804161071777343750e+01
4.213314533233642578e+00
9.353483276367187500e+02
2.662322998046875000e+03
8.908498046875000000e+03
1.568721160888671875e+02
1.231510257720947266e+01
2.133790283203125000e+03
3.463703002929687500e+02
6.737448215484619141e+00
3.717114990234375000e+03
1.177640380859375000e+02
1.125848632812500000e+03
4.253140563964843750e+02
2.029803693294525146e-01
1.283607330322265625e+02
2.352212667465209961e-01
2.353355407714843750e+01
1.172306060791015625e+00
3.150902404785156250e+02
2.687861022949218750e+02
3.594111938476562500e+02
8.545014953613281250e+01
3.803093194961547852e+00
7.822043457031250000e+02
7.424848937988281250e+01
1.776474609375000000e+02
1.060746479034423828e+01
1.081569824218750000e+03
1.720418781042098999e-01
4.645055847167968750e+02
1.410809936523437500e+03
5.279898047447204590e-01
3.199901123046875000e+03
3.207247161865234375e+01
1.822550445795059204e-01
5.190822219848632812e+01
1.223834838867187500e+02
1.758974075317382812e+01
8.630485534667968750e-01
6.706592559814453125e+01
6.565141677856445312e+00
8.008259887695312500e+02
8.452360229492187500e+02
5.129461669921875000e+02
1.909617767333984375e+02
6.494161376953125000e+02
2.485132751464843750e+02
1.233810058593750000e+03
1.025862045288085938e+02
1.667007812500000000e+04
1.718914184570312500e+02
2.183090972900390625e+01
1.992338867187500000e+04
3.138437843322753906e+01
3.727061748504638672e+00
2.312835693359375000e+02
5.624882221221923828e+00
3.938048934936523438e+01
3.879566650390625000e+02
5.145805358886718750e+00
1.230170059204101562e+02
6.507341766357421875e+01
2.402527160644531250e+02
5.328602905273437500e+02
1.388066291809082031e+01
9.321928906250000000e+04
6.966040134429931641e+00
1.875489234924316406e+00
4.982121276855468750e+01
1.801463378906250000e+03
4.083301086425781250e+02
7.677396392822265625e+01
1.283772705078125000e+03
6.270137310028076172e+00
1.244271545410156250e+02
1.920740814208984375e+02
7.502611637115478516e+00
8.592771911621093750e+01
7.694011330604553223e-01
2.618758010864257812e+01
1.638588142395019531e+01
5.080051879882812500e+02
2.709116516113281250e+02
1.765627670288085938e+01
2.296521186828613281e+01
2.195884895324707031e+01
3.951386690139770508e+00
2.327206115722656250e+02
7.815783691406250000e+02
9.034856796264648438e+00
2.584193115234375000e+02
1.167936992645263672e+01
2.973272705078125000e+01
7.020763754844665527e-01
8.637624023437500000e+03
1.837571716308593750e+01
1.843655395507812500e+03
2.741062164306640625e+00
5.606547927856445312e+01
3.383497714996337891e+00
3.084449958801269531e+01
7.279201660156250000e+03
4.798371195793151855e-01
6.961680650711059570e-01
1.304258496093750000e+04
2.867614746093750000e+00
1.231072021484375000e+03
2.671450233459472656e+01
3.998415527343750000e+02
6.796936798095703125e+01
5.550655841827392578e+00
5.773970484733581543e-02
1.858682823181152344e+01
1.402028918266296387e+00
1.353439453125000000e+03
2.827258911132812500e+02
4.741983032226562500e+01
3.815646171569824219e+00
1.306926116943359375e+02
2.576553649902343750e+02
2.811825275421142578e+00
6.606906250000000000e+03
6.699997901916503906e+00
4.324523162841796875e+01
6.306415939331054688e+01
1.960863037109375000e+02
1.500807800292968750e+02
1.466960601806640625e+02
5.869155406951904297e+00
2.171156835937500000e+04
1.882831573486328125e+02
5.495614624023437500e+01
1.868932485580444336e+00
1.160423532128334045e-01
3.856307373046875000e+03
3.031050415039062500e+02
9.702606797218322754e-01
3.689190917968750000e+03
1.713047790527343750e+01
1.033472919464111328e+01
9.180753906250000000e+03
2.802466583251953125e+01
6.791341400146484375e+01
4.145473098754882812e+01
2.180395507812500000e+02
2.325037841796875000e+03
1.815292816162109375e+02
5.232318115234375000e+02
6.817470703125000000e+03
1.220153689384460449e+00
2.948581314086914062e+01
5.484138793945312500e+02
1.455778408050537109e+01
8.741967010498046875e+01
1.845524191856384277e+00
5.131745338439941406e-01
6.001628417968750000e+02
3.687471628189086914e+00
1.463606357574462891e+01
1.810641021728515625e+02
6.219645977020263672e+00
1.270621681213378906e+01
3.912292098999023438e+01
3.676486730575561523e+00
4.227315902709960938e+01
2.385751485824584961e+00
6.349396705627441406e-01
8.669053344726562500e+02
4.159697265625000000e+03
2.019775772094726562e+01
3.063500976562500000e+02
1.553893184661865234e+01
5.044570922851562500e+00
2.278758789062500000e+03
2.856306457519531250e+01
1.599992431640625000e+03
6.680668640136718750e+01
6.765222930908203125e+01
3.300611083984375000e+03
1.594225120544433594e+01
2.341402282714843750e+02
1.812480926513671875e+02
3.756367111206054688e+01
5.404934692382812500e+01
5.504463500976562500e+02
2.436004028320312500e+02
1.234816360473632812e+01
4.397724609375000000e+02
3.385481262207031250e+01
3.518449544906616211e+00
8.989132690429687500e+02
2.098616455078125000e+03
2.151442626953125000e+03
4.133671951293945312e+01
5.869655227661132812e+01
1.216608166694641113e+00
1.786845207214355469e+00
1.376125717163085938e+01
1.993665885925292969e+01
2.123000335693359375e+01
7.403483986854553223e-01
3.956331253051757812e+01
2.269602298736572266e+00
1.100262908935546875e+02
2.467352104187011719e+01
3.433172607421875000e+02
4.546263427734375000e+02
3.509818420410156250e+02
2.695985603332519531e+01
1.745063781738281250e+01
2.165745162963867188e+01
1.966421961784362793e+00
4.957763437500000000e+05
1.775578613281250000e+03
3.406733322143554688e+01
3.842051315307617188e+01
7.991059875488281250e+01
2.814278076171875000e+03
4.617691421508789062e+01
7.179573822021484375e+01
1.749870452880859375e+02
3.754124641418457031e+00
7.607998657226562500e+01
5.077869415283203125e+01
3.399624023437500000e+02
3.040126562118530273e+00
1.764627838134765625e+02
1.234243652343750000e+03
1.310849365234375000e+03
5.935419464111328125e+01
2.877833175659179688e+01
3.899952316284179688e+01
1.550930261611938477e+00
3.288377076387405396e-02
1.849300079345703125e+02
2.795658569335937500e+02
1.400792026519775391e+01
8.840406036376953125e+01
1.921905364990234375e+02
2.294304199218750000e+02
2.814768981933593750e+02
8.519188880920410156e+00
1.751934289932250977e+00
8.806114196777343750e+00
6.101582031250000000e+02
3.108281555175781250e+02
1.280663299560546875e+01
1.088407836914062500e+03
8.505443930625915527e-01
3.235143661499023438e+00
3.515901789069175720e-02
7.733148097991943359e+00
9.361519775390625000e+02
2.695437500000000000e+03
2.590447664260864258e+00
2.786103210449218750e+02
1.255730514526367188e+02
7.967116355895996094e+00
2.741555419921875000e+03
3.199159667968750000e+03
7.500694274902343750e+00
5.651845932006835938e+00
1.977689981460571289e+00
2.011223754882812500e+02
1.166640853881835938e+01
1.884812316894531250e+02
4.840203857421875000e+02
1.532473144531250000e+03
1.567294120788574219e+01
2.790333747863769531e+00
1.925190448760986328e+00
1.121089859008789062e+02
7.170384216308593750e+01
2.576788330078125000e+02
1.410631713867187500e+03
1.196000099182128906e+01
3.824728393554687500e+02
2.020892944335937500e+03
2.787121276855468750e+02
1.358442497253417969e+01
7.260986328125000000e+00
