4.480475187301635742e-02
1.168379411101341248e-01
6.182893365621566772e-02
2.578447107225656509e-03
2.765220124274492264e-03
7.899979591369628906e+00
1.364229433238506317e-02
3.707224677782505751e-04
2.122273854911327362e-02
1.028027832508087158e-01
1.829824061132967472e-03
6.603525485843420029e-03
7.733851671218872070e-03
5.234253476373851299e-04
1.258754753507673740e-03
5.273628514260053635e-03
8.647480048239231110e-03
3.922213509213179350e-04
1.691961288452148438e-02
9.555611759424209595e-04
1.465667039155960083e-01
1.861584000289440155e-02
3.540630638599395752e-02
8.432289212942123413e-02
6.176528930664062500e-01
6.336709484457969666e-03
1.001950427889823914e-01
8.318203501403331757e-03
1.536596119403839111e-01
2.366744041442871094e+00
2.285207592649385333e-04
8.338519364770036191e-06
1.349996076896786690e-03
3.100100718438625336e-02
9.413503855466842651e-02
1.181379891932010651e-02
8.821947500109672546e-03
1.125657217926345766e-04
8.628450334072113037e-03
1.311512431129813194e-03
2.130350828170776367e+00
1.066647022962570190e-01
1.640541711822152138e-03
1.824867630004882812e+01
1.216058060526847839e-01
4.942577704787254333e-02
8.030204102396965027e-03
1.687512278556823730e+00
1.777526689693331718e-03
6.723926216363906860e-02
2.844249904155731201e-01
1.958125233650207520e-01
1.659028828144073486e-01
1.166820432990789413e-02
5.301458295434713364e-04
2.078949939459562302e-03
6.663459353148937225e-03
2.600835869088768959e-03
8.740398101508617401e-03
4.638373374938964844e+00
6.828953325748443604e-02
1.619288802146911621e+00
1.902650692500174046e-03
7.382846088148653507e-04
9.260269999504089355e-02
8.003879338502883911e-03
2.722783982753753662e-01
3.804764244705438614e-03
2.624695301055908203e-01
4.944873452186584473e-01
5.558432530960999429e-05
3.452026844024658203e+00
4.585763963405042887e-04
3.746041096746921539e-03
7.062079012393951416e-02
1.026948466897010803e-01
5.387189332395792007e-03
8.534662425518035889e-03
2.369785904884338379e-01
6.659212522208690643e-03
8.009918034076690674e-02
1.912927068769931793e-02
2.947022207081317902e-02
1.293613458983600140e-04
1.665359712205827236e-03
5.211043171584606171e-04
1.501124529568187427e-06
4.391492903232574463e-02
2.504376173019409180e-01
5.246362416073679924e-04
1.954362727701663971e-02
9.978098794817924500e-03
7.403010386042296886e-04
6.374692916870117188e-02
6.047804839909076691e-03
3.686996996402740479e-01
4.048776924610137939e-01
3.503534942865371704e-02
2.369949035346508026e-02
7.844107151031494141e-01
7.606719493865966797e+00
6.967853754758834839e-02
9.268252179026603699e-04
3.458513645455241203e-03
2.697447501122951508e-02
1.070767164230346680e+00
3.700174018740653992e-02
1.188675407320261002e-02
2.566362917423248291e-01
3.575772047042846680e-02
6.296304520219564438e-03
6.005008220672607422e-01
5.837807804346084595e-02
2.042622566223144531e-01
2.318159490823745728e-02
1.213346980512142181e-02
4.643034562468528748e-02
3.495469223707914352e-03
1.137783518061041832e-03
2.084197290241718292e-02
2.917553356382995844e-04
7.631072998046875000e+00
4.906746149063110352e-01
1.806560307741165161e-01
1.616598274267744273e-05
2.982115559279918671e-02
8.508522994816303253e-03
2.969603228848427534e-04
1.006526872515678406e-01
8.322700858116149902e-02
4.734447896480560303e-01
5.966422613710165024e-03
9.207297116518020630e-03
5.584135069511830807e-04
5.001996830105781555e-02
1.215464156121015549e-02
2.272145263850688934e-02
2.143433809280395508e+00
8.799068629741668701e-02
4.543576836585998535e-01
1.341300364583730698e-02
4.839608818292617798e-02
4.981816709041595459e-01
3.850677013397216797e+00
2.190135717391967773e+00
3.209708258509635925e-02
5.573937892913818359e-01
6.624787300825119019e-02
1.083594635128974915e-01
8.111072704195976257e-03
3.504342632368206978e-03
1.575469374656677246e-01
1.178006157279014587e-01
2.612221986055374146e-03
4.546532779932022095e-02
1.304844859987497330e-02
5.575823131948709488e-03
4.144416004419326782e-02
1.085040974430739880e-03
2.423788973828777671e-04
4.000929743051528931e-02
8.302110945805907249e-04
5.434763059020042419e-02
2.202747583389282227e+00
1.047519072890281677e-01
7.499478012323379517e-02
1.225603595376014709e-01
6.366557627916336060e-02
1.419033885002136230e+00
3.815506934188306332e-04
2.945009060204029083e-02
2.827715687453746796e-02
1.065827091224491596e-04
9.101977339014410973e-04
4.206113517284393311e-03
7.115884423255920410e-01
5.533471237868070602e-03
6.872311234474182129e-02
4.146017134189605713e-03
1.544075757265090942e-01
1.955890282988548279e-02
6.610368192195892334e-02
7.475200295448303223e-02
2.301477640867233276e-02
1.354784011840820312e+01
4.540283232927322388e-03
1.027004700154066086e-02
3.595734760165214539e-02
5.898439884185791016e-01
1.128296367824077606e-02
1.527342647314071655e-01
3.804622683674097061e-03
6.333959754556417465e-05
8.771976456046104431e-03
2.197396196424961090e-02
1.925650425255298615e-02
5.689054727554321289e-01
2.043204158544540405e-01
2.411391760688275099e-04
2.373667806386947632e-02
2.387694781646132469e-03
6.085088942199945450e-03
5.377051886171102524e-03
3.885304182767868042e-02
2.249974058941006660e-03
2.761813811957836151e-03
5.137694627046585083e-02
1.678546714782714844e+01
1.800223020836710930e-03
5.432647303678095341e-04
2.852021018043160439e-03
2.446044683456420898e-01
1.046393008437007666e-04
3.930741921067237854e-02
3.360238671302795410e-02
4.336157608032226562e+01
1.318886131048202515e-01
4.088802728801965714e-03
2.285709138959646225e-03
3.838619470596313477e+00
4.789560735225677490e-01
7.063540630042552948e-03
2.908376278355717659e-03
1.536494344472885132e-01
2.075211959891021252e-04
7.067317143082618713e-03
1.703362329863011837e-03
5.101987838745117188e+00
2.654580175876617432e-01
1.247907173819839954e-03
2.023320086300373077e-02
3.339064866304397583e-02
2.030130289494991302e-02
2.491153590381145477e-02
2.609218657016754150e-01
1.210200227797031403e-02
1.222911551594734192e-01
2.530742436647415161e-02
9.517947584390640259e-02
1.006110542220994830e-04
5.166133400052785873e-03
2.616595923900604248e-01
1.720556169748306274e-01
1.573748141527175903e-02
2.046836912631988525e-02
2.009679097682237625e-03
9.099113941192626953e-02
1.761543303728103638e-01
8.759758621454238892e-02
6.755137443542480469e-01
8.065351285040378571e-03
1.389423966407775879e+00
1.815849100239574909e-05
1.617776155471801758e-01
7.196662947535514832e-03
1.162910386919975281e-01
1.563067626953125000e+01
4.513017833232879639e-02
4.711785353720188141e-03
3.746651113033294678e-01
5.444156471639871597e-03
3.661093069240450859e-04
9.452085494995117188e-01
4.370774608105421066e-03
7.896548137068748474e-03
4.237415269017219543e-02
2.915065735578536987e-02
1.602670431137084961e+00
1.717837178148329258e-03
6.143301725387573242e-03
1.687879204750061035e+00
1.493366360664367676e-01
8.772375434637069702e-02
5.121266469359397888e-03
1.362223265459761024e-04
4.984609782695770264e-03
1.743197813630104065e-02
4.347873385995626450e-03
8.639762401580810547e-01
7.746408581733703613e-01
3.808063864707946777e-01
3.198800608515739441e-03
1.460823882371187210e-02
1.422281749546527863e-02
4.125696141272783279e-04
1.877515693195164204e-03
2.011514902114868164e+00
5.469555377960205078e+00
6.709188455715775490e-04
7.502161711454391479e-02
3.154808655381202698e-02
3.842976002488285303e-04
2.456737309694290161e-02
2.344563789665699005e-02
6.316539365798234940e-04
1.641479134559631348e-02
8.358424901962280273e-02
2.374271117150783539e-02
5.177380442619323730e-01
1.860322058200836182e-02
2.979843616485595703e+00
6.592724323272705078e-01
1.054274916648864746e+00
4.920933842658996582e-01
7.377270221710205078e+00
3.654702566564083099e-03
7.350528240203857422e-02
4.455728456377983093e-03
1.855136826634407043e-02
1.367278844118118286e-01
2.098670721054077148e+00
1.258871238678693771e-02
5.393531545996665955e-02
1.421920806169509888e-01
5.036767106503248215e-04
3.721850216388702393e-01
2.966999018099159002e-04
6.480905413627624512e-02
1.371439080685377121e-03
7.094483822584152222e-03
2.787084579467773438e-01
2.619375241920351982e-03
2.726075798273086548e-02
3.162741065025329590e-01
1.350726233795285225e-03
9.706781506538391113e-01
6.095959339290857315e-03
2.196257002651691437e-03
1.770138391293585300e-03
1.396991428919136524e-03
1.113560423254966736e-02
2.473847270011901855e-01
1.246878784149885178e-02
2.062437497079372406e-02
3.616967005655169487e-03
1.021991595625877380e-01
7.502331864088773727e-03
2.698566066101193428e-03
8.988874405622482300e-02
6.882331371307373047e-01
3.557435935363173485e-03
2.496679662726819515e-04
4.264934919774532318e-03
4.621696472167968750e+00
3.060784656554460526e-04
1.277943979948759079e-02
8.055335283279418945e-02
7.946438156068325043e-03
6.109585613012313843e-02
5.124111101031303406e-02
5.325920879840850830e-02
3.398618428036570549e-03
1.009367042570374906e-05
5.931961350142955780e-03
5.525471642613410950e-04
1.192067938973195851e-04
1.055575534701347351e-02
3.073638491332530975e-02
1.162499841302633286e-02
5.351921170949935913e-02
4.407167434692382812e-02
5.772278527729213238e-04
1.584515161812305450e-02
3.021857887506484985e-02
1.039857625961303711e+00
2.463888842612504959e-03
2.907115733250975609e-03
2.562662120908498764e-04
1.050685420632362366e-01
7.189936150098219514e-05
2.162221670150756836e-01
2.415843158960342407e-01
1.840322762727737427e-01
8.232151158154010773e-03
1.605236768722534180e+00
2.592996170278638601e-04
1.291366573423147202e-02
1.550062559545040131e-02
5.789280869066715240e-03
3.176411613821983337e-02
3.703930601477622986e-02
2.216765133198350668e-04
3.628718256950378418e-01
2.007469981908798218e-01
5.127826333045959473e-02
3.155717372894287109e+00
5.168621063232421875e+00
1.943749608471989632e-03
1.344523858278989792e-03
3.267018473707139492e-04
1.062926873564720154e-01
2.325347810983657837e-02
6.513717770576477051e-01
1.306574249267578125e+01
1.706511684460565448e-04
1.491753339767456055e+00
2.226178348064422607e-01
7.832280546426773071e-02
3.101563488598912954e-04
1.007434548228047788e-04
6.651810646057128906e+00
2.665868377685546875e+01
3.225702514648437500e+02
1.302678346633911133e+00
3.835566282272338867e+00
1.005843257904052734e+01
8.451759338378906250e+01
2.197937488555908203e+00
5.792583847045898438e+01
1.339187383651733398e+00
1.204718780517578125e+01
4.649103164672851562e+01
3.924873733520507812e+01
4.919378831982612610e-02
1.032786750793457031e+01
1.517553520202636719e+01
2.216189956665039062e+01
1.603488159179687500e+02
1.094980049133300781e+01
2.642555618286132812e+01
1.043202209472656250e+02
2.972822904586791992e+00
8.532212257385253906e+00
5.058696365356445312e+01
1.083516240119934082e+00
7.215352058410644531e-01
2.421204223632812500e+02
9.774920654296875000e+01
3.139994140625000000e+03
3.167566833496093750e+02
1.866963577270507812e+01
8.265138626098632812e+00
2.512045145034790039e+00
4.209798339843750000e+03
4.223991012573242188e+01
2.444393348693847656e+01
9.791215062141418457e-01
1.302563697099685669e-01
1.485824704170227051e+00
1.004305572509765625e+02
1.336210327148437500e+03
2.310175323486328125e+01
5.200527191162109375e+00
4.997886047363281250e+02
3.488275909423828125e+01
3.562659835815429688e+01
1.618905067443847656e+01
2.815527343750000000e+01
2.537925004959106445e+00
1.708840942382812500e+03
2.275745391845703125e+02
4.586370544433593750e+02
8.283088684082031250e+01
1.313238811492919922e+01
1.453752136230468750e+01
2.496809720993041992e+00
5.458950996398925781e+00
1.822476625442504883e+00
1.202756309509277344e+01
1.871172241210937500e+03
3.207588195800781250e+02
3.054033813476562500e+02
3.900939941406250000e+01
1.353341007232666016e+01
3.388658761978149414e+00
9.171022033691406250e+01
2.933016014099121094e+01
1.588859741210937500e+03
1.556820526123046875e+02
2.460595855712890625e+02
7.539208978414535522e-02
9.325022125244140625e+01
3.943637132644653320e+00
1.243462524414062500e+02
7.218569278717041016e+00
7.077772521972656250e+01
1.129744911193847656e+01
6.678560638427734375e+01
1.287695770263671875e+02
4.919271469116210938e+01
2.187804794311523438e+01
7.472224712371826172e+00
5.336521625518798828e+00
1.158487796783447266e+01
2.640137290954589844e+01
7.622096061706542969e+00
1.440474838018417358e-01
4.247456359863281250e+01
9.001429557800292969e+00
1.678585052490234375e+00
3.301561584472656250e+02
1.527507019042968750e+02
1.160819911956787109e+01
6.759544372558593750e+01
1.627712249755859375e+02
3.099754638671875000e+02
1.122074127197265625e+00
1.905970825195312500e+03
1.350027799606323242e+00
5.655014038085937500e+02
4.678656101226806641e+00
9.450981140136718750e+00
1.563685989379882812e+01
4.789800720214843750e+02
9.339141845703125000e+01
4.670392608642578125e+01
1.509812235832214355e+00
4.392967285156250000e+03
7.875822265625000000e+03
1.409728825092315674e-01
1.453852772712707520e+00
8.674474487304687500e+02
1.293566284179687500e+02
1.054209423065185547e+01
4.294094085693359375e+01
8.091862792968750000e+02
2.697587280273437500e+02
9.552278137207031250e+01
2.717623519897460938e+01
3.056100606918334961e+00
7.198946533203125000e+02
1.233677612304687500e+03
1.980240112304687500e+03
3.268483886718750000e+02
3.505982589721679688e+01
1.398972167968750000e+03
9.276928710937500000e+01
4.355569362640380859e+00
4.971099853515625000e+02
3.836694717407226562e+01
4.356125183105468750e+02
3.204826965332031250e+02
2.560366690158843994e-01
2.836750793457031250e+01
3.520228564739227295e-01
2.155440139770507812e+01
9.801756739616394043e-01
3.055248413085937500e+02
1.084858016967773438e+02
2.754428100585937500e+02
3.338391113281250000e+01
9.730544090270996094e-01
5.134466552734375000e+02
1.355268402099609375e+02
2.688975219726562500e+02
2.134766578674316406e+01
3.350248413085937500e+02
7.873513102531433105e-01
1.432172393798828125e+02
3.414228515625000000e+02
1.732459664344787598e-01
8.761292266845703125e+01
3.855507278442382812e+01
3.025407530367374420e-02
2.040779685974121094e+01
8.389783477783203125e+01
1.605448365211486816e+00
6.884118318557739258e-01
5.913620471954345703e+00
2.279376983642578125e+01
5.412219238281250000e+02
2.424835510253906250e+02
2.110501098632812500e+02
1.902398681640625000e+02
1.641783905029296875e+02
9.309622955322265625e+01
1.220116729736328125e+02
6.482327270507812500e+01
5.714420898437500000e+03
1.769643211364746094e+01
5.823444843292236328e+00
4.274796386718750000e+03
1.453028297424316406e+01
4.880811870098114014e-01
2.317493286132812500e+02
5.671306610107421875e+00
3.515644073486328125e+00
5.186535644531250000e+01
1.622246742248535156e+00
1.765396690368652344e+01
3.376915740966796875e+01
1.451101074218750000e+02
6.746911621093750000e+02
8.836121559143066406e+00
5.245640625000000000e+04
8.250410079956054688e+00
3.861801028251647949e-01
4.003852081298828125e+01
2.963509826660156250e+02
5.438767623901367188e+01
5.219744491577148438e+01
6.472341918945312500e+02
4.880457401275634766e+00
1.089717483520507812e+02
1.951217041015625000e+02
7.889365673065185547e+00
7.713489532470703125e+01
1.580879807472229004e+00
5.195143222808837891e+00
7.964316844940185547e+00
5.005953598022460938e+01
4.713692474365234375e+01
7.682385921478271484e+00
2.593789100646972656e+01
8.110255241394042969e+00
5.963757991790771484e+00
9.021961212158203125e+01
7.244746704101562500e+02
1.982182145118713379e+00
4.148843765258789062e+01
2.583544731140136719e+00
2.298774719238281250e+01
3.544459342956542969e-01
4.369814453125000000e+03
4.008248329162597656e+00
1.100281860351562500e+03
3.777199268341064453e+00
1.162343139648437500e+02
1.100197792053222656e+00
2.634703369140625000e+02
3.737807373046875000e+03
2.299153655767440796e-01
2.908624410629272461e+00
3.882244384765625000e+03
1.235244846343994141e+01
6.233324584960937500e+02
1.069609260559082031e+01
7.255834197998046875e+01
2.779968261718750000e+01
1.172081375122070312e+01
4.761487618088722229e-02
3.472664117813110352e+00
1.551450371742248535e+00
8.886359252929687500e+02
1.245760498046875000e+02
3.894168472290039062e+01
4.873073101043701172e+00
5.090248870849609375e+01
1.537905426025390625e+02
9.796273112297058105e-01
2.769159423828125000e+03
4.866355514526367188e+01
7.762059783935546875e+01
1.409134769439697266e+01
1.004770202636718750e+02
2.336285972595214844e+01
1.469698791503906250e+02
1.408603549003601074e+00
4.420114746093750000e+03
3.283536376953125000e+02
8.239637756347656250e+01
5.965990543365478516e+00
7.766957581043243408e-02
2.902636718750000000e+03
1.000705566406250000e+02
2.180033683776855469e+00
1.762176879882812500e+03
1.537671184539794922e+01
2.897916555404663086e+00
5.932629882812500000e+03
5.228081703186035156e+00
3.619338226318359375e+01
2.918202781677246094e+01
1.911729583740234375e+02
8.750078735351562500e+02
1.616158599853515625e+02
3.860975036621093750e+02
9.113931274414062500e+02
5.760087966918945312e-01
1.232935428619384766e+01
3.557404174804687500e+02
2.480893325805664062e+01
1.399788818359375000e+02
9.547815322875976562e-01
9.924843162298202515e-02
2.012440109252929688e+01
3.979235887527465820e+00
7.702964305877685547e+00
6.635317230224609375e+01
1.232873201370239258e+00
3.266122817993164062e+01
2.428967475891113281e+01
5.248258590698242188e+00
9.186975860595703125e+01
9.091740250587463379e-01
8.949998021125793457e-01
3.470807189941406250e+02
3.046092773437500000e+03
4.311502075195312500e+01
1.764718780517578125e+02
7.390448093414306641e+00
5.800144672393798828e+00
1.728124511718750000e+03
9.788894653320312500e+00
2.779737854003906250e+02
9.395125579833984375e+01
1.559181404113769531e+01
6.170647583007812500e+02
1.349090766906738281e+01
8.988549804687500000e+01
2.226018066406250000e+02
2.133875656127929688e+01
1.109002914428710938e+02
5.156949462890625000e+02
1.435587615966796875e+02
3.265802145004272461e+00
6.003022460937500000e+02
1.069075393676757812e+01
2.193738365173339844e+01
1.702786865234375000e+02
1.329529907226562500e+03
4.347248229980468750e+02
2.100798950195312500e+02
1.314916229248046875e+01
1.102560520172119141e+00
1.686663031578063965e+00
3.907141876220703125e+01
1.693037605285644531e+01
2.328505277633666992e+00
3.239955902099609375e-01
8.102944374084472656e+00
2.251555204391479492e+00
3.561494750976562500e+02
1.872924804687500000e+01
1.474427032470703125e+02
4.297834777832031250e+02
3.329914093017578125e+01
2.429470634460449219e+01
1.218883323669433594e+01
4.891091346740722656e+00
1.416471362113952637e+00
1.450915781250000000e+05
2.741869201660156250e+02
2.380627632141113281e+01
2.133671569824218750e+01
2.056901931762695312e+01
5.315079956054687500e+02
2.230488014221191406e+01
1.174669933319091797e+01
2.828357849121093750e+02
1.675163388252258301e+00
2.271368789672851562e+01
5.525093078613281250e+01
1.435166625976562500e+02
2.126869916915893555e+00
3.681383132934570312e+01
8.452460479736328125e+01
9.320252685546875000e+02
2.638492393493652344e+01
2.756060600280761719e+01
1.407163715362548828e+01
1.814837694168090820e+00
4.060816392302513123e-02
1.974270935058593750e+02
1.354817352294921875e+02
3.571624040603637695e+00
8.732835769653320312e+00
1.929247131347656250e+02
1.184176864624023438e+02
3.941408691406250000e+02
1.770699119567871094e+01
2.180085182189941406e-01
2.340668869018554688e+01
1.529086151123046875e+02
1.505176696777343750e+02
5.057708263397216797e+00
1.160418167114257812e+02
6.842243075370788574e-01
3.191565036773681641e+00
1.067254468798637390e-01
2.227450370788574219e+01
4.475067382812500000e+03
1.309704101562500000e+03
3.484478712081909180e+00
3.981771545410156250e+02
2.480193138122558594e+01
7.966622829437255859e+00
5.069346618652343750e+02
5.519321289062500000e+02
7.377229690551757812e+00
1.891026496887207031e+00
1.666319727897644043e+00
9.655379486083984375e+01
7.827193737030029297e+00
3.082434844970703125e+01
5.471417846679687500e+02
9.510515747070312500e+02
2.290325355529785156e+01
4.868264198303222656e+00
8.796226501464843750e+00
1.300621490478515625e+02
2.043439483642578125e+01
2.207886695861816406e+01
3.802216796875000000e+02
2.166892242431640625e+01
3.045850219726562500e+02
1.123650756835937500e+03
3.262459411621093750e+02
4.062360763549804688e+00
3.605330228805541992e+00
