6.599041819572448730e-02
1.326187551021575928e-01
1.075255274772644043e-01
4.856631159782409668e-03
5.078047979623079300e-03
1.090235471725463867e+00
1.665650494396686554e-02
2.225304488092660904e-03
1.100741624832153320e-01
1.219140440225601196e-01
2.431572647765278816e-03
1.728265080600976944e-03
1.279677636921405792e-02
1.209104782901704311e-03
2.400167984887957573e-03
1.088213548064231873e-02
2.657242491841316223e-02
2.139342250302433968e-03
3.170030936598777771e-02
3.438932821154594421e-03
2.661528885364532471e-01
6.631688773632049561e-02
5.524684116244316101e-02
3.213347494602203369e-02
9.765814542770385742e-01
8.995048701763153076e-03
1.526652723550796509e-01
3.537219390273094177e-02
8.733999729156494141e-02
6.667552947998046875e+00
1.417840976500883698e-04
1.120029446610715240e-05
3.745230380445718765e-03
7.739872206002473831e-03
2.083081938326358795e-02
2.665091492235660553e-02
5.278788972645998001e-03
2.096168609568849206e-04
1.938628032803535461e-02
7.200569380074739456e-03
3.024995326995849609e+00
1.532849222421646118e-01
2.178148366510868073e-03
6.965721607208251953e+00
1.644550710916519165e-01
6.049434840679168701e-02
5.929277278482913971e-03
1.113411545753479004e+00
1.632535248063504696e-03
6.138037145137786865e-02
2.697838544845581055e-01
5.378887057304382324e-02
4.425710067152976990e-02
2.677321806550025940e-02
5.462571862153708935e-04
2.656596945598721504e-03
3.385395975783467293e-03
1.757628982886672020e-03
4.964215215295553207e-03
4.433238029479980469e+00
3.797964379191398621e-02
1.073551058769226074e+00
2.588030416518449783e-03
7.426724303513765335e-03
3.107074089348316193e-02
1.995271444320678711e-02
1.563246548175811768e-01
7.924298755824565887e-03
1.873291254043579102e+00
8.715960979461669922e-01
2.891552685468923301e-05
3.734553575515747070e+00
6.767722079530358315e-04
7.123089861124753952e-03
1.579895466566085815e-01
4.452600777149200439e-01
5.752047989517450333e-03
8.815664798021316528e-03
2.083398699760437012e-01
3.566303290426731110e-03
4.778543114662170410e-02
2.258595637977123260e-02
3.901608288288116455e-02
4.447339742910116911e-04
2.181369578465819359e-03
5.174167919903993607e-03
2.159548557756352238e-06
6.883991509675979614e-02
9.160861372947692871e-02
3.148776711896061897e-03
3.273537009954452515e-02
4.238874092698097229e-02
1.374062034301459789e-03
6.629804521799087524e-02
1.946171978488564491e-03
1.449745297431945801e+00
2.451903969049453735e-01
1.071746572852134705e-01
1.241849455982446671e-02
1.939443498849868774e-01
1.234122371673583984e+01
4.385142400860786438e-02
1.175724086351692677e-03
5.702372640371322632e-03
1.353386975824832916e-02
2.759257256984710693e-01
2.212508954107761383e-02
8.919513784348964691e-03
7.469059526920318604e-02
6.549619138240814209e-02
2.629109425470232964e-03
2.823966145515441895e-01
7.862916588783264160e-02
2.144850194454193115e-01
2.676927149295806885e-01
2.455681934952735901e-02
1.755594462156295776e-02
1.572552509605884552e-02
5.381294526159763336e-03
2.504283748567104340e-02
9.722163667902350426e-04
3.226291656494140625e+01
2.481682151556015015e-01
7.551992684602737427e-02
1.412231813446851447e-05
9.386111050844192505e-03
1.604059338569641113e-02
3.510125679895281792e-04
5.761197805404663086e-01
4.041158780455589294e-02
1.551880836486816406e+00
9.152646176517009735e-03
7.586652413010597229e-03
2.430310472846031189e-03
4.790389537811279297e-02
2.025034651160240173e-02
1.395331788808107376e-02
3.921925067901611328e+00
9.502229839563369751e-02
4.364252090454101562e-01
4.370478540658950806e-02
3.677315637469291687e-02
1.171393871307373047e+00
1.143344163894653320e+00
2.155639886856079102e+00
5.474195256829261780e-02
2.900997698307037354e-01
9.656545519828796387e-02
1.915547996759414673e-01
1.170593313872814178e-02
5.614621099084615707e-03
4.502271115779876709e-01
6.930682808160781860e-02
1.030144188553094864e-02
9.477039426565170288e-02
8.734856732189655304e-03
5.789962597191333771e-03
5.184798315167427063e-02
3.567845851648598909e-04
4.102181701455265284e-04
3.618746623396873474e-02
1.048121368512511253e-03
2.035885863006114960e-02
4.516060948371887207e-01
1.992183178663253784e-01
2.133148610591888428e-01
7.706584930419921875e-01
1.255028545856475830e-01
5.821778774261474609e-01
2.368374727666378021e-03
8.999257348477840424e-03
3.804683685302734375e-02
2.650346432346850634e-04
2.969478722661733627e-03
1.022787205874919891e-02
6.335818767547607422e-01
8.674704469740390778e-03
1.807493120431900024e-01
3.530301153659820557e-02
4.502545297145843506e-01
3.244704380631446838e-02
2.692325413227081299e-01
3.013135679066181183e-02
1.014695465564727783e-01
2.529609203338623047e+00
1.313847862184047699e-02
7.487621624022722244e-03
3.805396705865859985e-02
2.621599137783050537e-01
6.746984552592039108e-03
9.574606269598007202e-02
2.715009450912475586e-02
8.696165605215355754e-05
1.463462831452488899e-03
7.672195322811603546e-03
1.478798687458038330e-02
1.070255994796752930e+00
5.255388841032981873e-02
1.952532678842544556e-03
4.030699282884597778e-02
3.433425910770893097e-03
1.832724548876285553e-02
3.453335957601666451e-03
5.413461476564407349e-02
4.268436692655086517e-03
3.301232121884822845e-03
1.230588257312774658e-01
2.472639846801757812e+01
1.057027606293559074e-03
3.164451802149415016e-03
3.969077486544847488e-03
1.091662496328353882e-01
3.282369652879424393e-05
4.472898319363594055e-02
6.911470741033554077e-02
4.968369960784912109e+00
2.784524261951446533e-01
9.610849432647228241e-03
1.368023920804262161e-02
5.856731534004211426e-01
6.607254147529602051e-01
2.708126790821552277e-03
2.435990981757640839e-02
1.301276832818984985e-01
2.928396861534565687e-04
4.872415214776992798e-02
2.359620528295636177e-03
5.300992012023925781e+00
4.465368092060089111e-01
9.611550485715270042e-04
1.755277253687381744e-02
2.236727997660636902e-02
4.774517379701137543e-03
4.040548950433731079e-02
7.051585614681243896e-02
3.489093109965324402e-02
4.904698953032493591e-02
2.304282039403915405e-02
7.002966105937957764e-02
9.123956260737031698e-05
1.160266436636447906e-02
3.820354938507080078e-01
2.463939972221851349e-02
1.571163535118103027e-02
8.724945597350597382e-03
6.340790074318647385e-03
2.417355403304100037e-02
1.847319006919860840e-01
3.725977614521980286e-02
5.692601799964904785e-01
5.574419628828763962e-03
1.688022732734680176e+00
3.136620216537266970e-05
8.434812724590301514e-02
6.103070452809333801e-03
1.046234667301177979e-01
3.812969589233398438e+01
1.410338729619979858e-01
2.149886637926101685e-02
7.781741768121719360e-02
3.750778734683990479e-02
2.096462529152631760e-03
6.893655061721801758e-01
6.969609763473272324e-03
3.158077970147132874e-02
1.543477643281221390e-02
1.105233468115329742e-02
3.586053133010864258e+00
4.670759197324514389e-03
3.511113347485661507e-03
2.135784387588500977e+00
1.525588631629943848e-01
2.294822037220001221e-01
1.184391207061707973e-03
1.558830990688875318e-04
8.462872356176376343e-03
1.176306232810020447e-02
5.727481562644243240e-03
1.661906838417053223e+00
1.705865502357482910e+00
1.701177507638931274e-01
1.235887780785560608e-02
1.769535802304744720e-02
6.002869922667741776e-03
1.332883141003549099e-03
1.411511562764644623e-02
8.988898277282714844e+00
8.030438423156738281e+00
3.533372189849615097e-03
4.725942015647888184e-02
6.644023209810256958e-02
1.607206650078296661e-03
4.323146492242813110e-02
3.750221803784370422e-02
7.215458317659795284e-04
1.507635321468114853e-02
2.049812823534011841e-01
2.692861296236515045e-02
3.610596895217895508e+00
6.152094900608062744e-02
4.684238910675048828e+00
1.041789650917053223e+00
1.275704801082611084e-01
1.620906114578247070e+00
4.876527309417724609e+00
1.308353804051876068e-02
4.227264970541000366e-02
6.813689600676298141e-03
5.702687893062829971e-03
7.099326252937316895e-01
6.167033314704895020e-01
1.114855706691741943e-02
6.903772801160812378e-02
1.101364865899085999e-01
2.192591549828648567e-03
9.032119065523147583e-02
5.666711513185873628e-05
9.592709690332412720e-02
2.341744722798466682e-03
2.691891975700855255e-03
1.568179726600646973e-01
4.530490841716527939e-04
2.213327772915363312e-02
8.287642598152160645e-01
8.164704777300357819e-03
3.810378015041351318e-01
1.211497560143470764e-02
3.226758912205696106e-03
6.238893140107393265e-03
2.248630160465836525e-03
1.032580528408288956e-02
2.035213708877563477e-01
7.284245640039443970e-02
3.944611176848411560e-02
9.133977000601589680e-04
1.627434641122817993e-01
4.399207979440689087e-02
3.210314316675066948e-03
5.388865619897842407e-02
1.146945953369140625e+00
2.548346109688282013e-02
7.017499883659183979e-04
3.145778318867087364e-03
1.697552323341369629e+00
1.970505691133439541e-04
2.616015076637268066e-02
1.365833133459091187e-01
5.065536499023437500e-02
2.478704974055290222e-02
1.167313605546951294e-01
3.052830696105957031e-02
7.219041232019662857e-03
4.532426828518509865e-05
1.954660285264253616e-03
8.205736521631479263e-04
4.018325125798583031e-04
1.814451441168785095e-02
4.289364442229270935e-02
1.843169517815113068e-02
2.633211016654968262e-01
7.020828872919082642e-02
1.245421706698834896e-03
1.733452454209327698e-02
1.699097082018852234e-02
9.317001700401306152e-01
5.837018601596355438e-03
1.851774007081985474e-02
1.086565680452622473e-04
1.523427814245223999e-01
3.621182622737251222e-05
3.529753535985946655e-02
4.646337777376174927e-02
3.728178441524505615e-01
8.470598608255386353e-02
3.662153005599975586e+00
2.519988338463008404e-04
1.602876372635364532e-02
9.281024336814880371e-03
1.317382231354713440e-02
2.060532942414283752e-02
8.085216581821441650e-02
4.588049487210810184e-04
1.808334469795227051e+00
7.482919096946716309e-02
2.460128627717494965e-02
3.277062654495239258e+00
1.032321929931640625e+01
5.899526877328753471e-04
1.254859380424022675e-03
1.087778800865635276e-04
1.795137077569961548e-01
2.099202573299407959e-02
3.200687766075134277e-01
1.237311935424804688e+01
9.480665903538465500e-05
9.529821276664733887e-01
2.529531121253967285e-01
3.630033135414123535e-02
2.581288805231451988e-03
4.065765533596277237e-04
2.125065088272094727e+00
2.142229461669921875e+01
2.378165130615234375e+02
7.788476943969726562e-01
5.008771419525146484e+00
1.577432632446289062e+00
1.523726348876953125e+02
3.176916122436523438e+00
2.440520935058593750e+02
3.825728893280029297e-01
7.363406658172607422e+00
8.446068763732910156e+00
2.050100517272949219e+01
3.827923536300659180e-02
1.255011844635009766e+01
2.838563919067382812e+01
2.032381629943847656e+01
1.001210021972656250e+02
2.541423225402832031e+01
2.378638648986816406e+01
9.382885742187500000e+01
1.678660011291503906e+01
1.024660110473632812e+01
2.580839347839355469e+01
9.642918705940246582e-01
2.413463592529296875e+00
8.090577697753906250e+01
1.731110076904296875e+02
1.243891357421875000e+03
7.879615478515625000e+02
2.088274002075195312e+01
2.937742710113525391e+00
2.583352088928222656e+00
5.209896240234375000e+02
7.389558315277099609e+00
3.467773056030273438e+01
5.480501055717468262e-01
1.369337588548660278e-01
9.872473478317260742e-01
2.092699584960937500e+02
1.292380126953125000e+03
2.160976219177246094e+01
1.507916331291198730e+00
2.070397949218750000e+02
1.715583038330078125e+01
3.150225639343261719e+01
1.653552246093750000e+01
9.859803199768066406e+00
2.208261728286743164e+00
1.898333740234375000e+03
9.405905914306640625e+01
1.575955352783203125e+02
1.337952995300292969e+01
1.389097595214843750e+01
9.945928573608398438e+00
1.877659559249877930e+00
1.894096493721008301e+00
1.740304350852966309e+00
5.853953361511230469e+00
1.013280151367187500e+03
1.252909851074218750e+02
3.754757995605468750e+02
2.195090293884277344e+01
1.914107131958007812e+01
1.889747977256774902e+00
2.474761772155761719e+01
2.056729316711425781e+01
1.765611816406250000e+03
3.217419433593750000e+02
8.042301940917968750e+01
6.350486725568771362e-02
1.176048965454101562e+02
3.137306213378906250e+00
6.929589843750000000e+01
8.845140457153320312e+00
1.096766510009765625e+02
3.000754356384277344e+00
1.072267532348632812e+01
1.020081253051757812e+02
1.085659313201904297e+01
3.688159704208374023e+00
2.493920326232910156e+00
6.517429351806640625e+00
1.220546150207519531e+01
1.956920814514160156e+01
2.082845687866210938e+01
1.021014526486396790e-01
3.568483734130859375e+01
8.005201339721679688e+00
1.472173690795898438e+01
3.108849182128906250e+02
4.041830139160156250e+02
4.450257492065429688e+01
3.393983078002929688e+01
2.292253303527832031e+01
1.721792755126953125e+02
1.469797492027282715e+00
5.450960449218750000e+03
1.176519274711608887e+00
6.469605255126953125e+01
3.067519187927246094e+00
1.036023902893066406e+01
7.619741439819335938e+00
2.676164550781250000e+02
3.841727828979492188e+01
1.570187473297119141e+01
3.825702667236328125e+00
1.160666137695312500e+03
2.441429931640625000e+03
3.623795807361602783e-01
1.796842515468597412e-01
1.340329437255859375e+02
7.659326171875000000e+01
6.465429306030273438e+00
1.660012359619140625e+02
1.434324584960937500e+03
8.521337890625000000e+01
5.166195678710937500e+01
3.529627609252929688e+01
5.410848140716552734e+00
2.549500427246093750e+02
4.324662597656250000e+03
6.567933959960937500e+02
2.359259948730468750e+02
9.667271614074707031e+00
2.241193084716796875e+02
2.567896080017089844e+01
1.039061546325683594e+01
1.211248291015625000e+03
1.776517295837402344e+01
3.492147827148437500e+02
9.084617614746093750e+01
2.707633078098297119e-01
2.388459587097167969e+01
2.432008236646652222e-01
1.251610755920410156e+01
1.214408397674560547e+00
1.354671936035156250e+02
6.765139007568359375e+01
1.312231445312500000e+02
7.901403808593750000e+01
8.214694261550903320e-02
3.502164916992187500e+02
1.379671669006347656e+01
3.063173828125000000e+02
2.392075538635253906e+01
2.892110595703125000e+02
1.842590212821960449e+00
6.529500579833984375e+01
1.646474456787109375e+02
4.179326593875885010e-01
1.799890289306640625e+02
2.127903556823730469e+01
2.785798311233520508e-01
2.977066993713378906e+01
9.892978668212890625e+00
9.541820883750915527e-01
1.789272904396057129e+00
3.043495655059814453e+00
1.262749385833740234e+01
1.292185363769531250e+02
1.492378540039062500e+02
9.668782043457031250e+01
4.300143814086914062e+01
9.912788391113281250e+01
4.662438964843750000e+01
1.433256530761718750e+02
5.627809524536132812e+01
1.049921752929687500e+03
2.363935852050781250e+01
1.210159540176391602e+00
6.814005737304687500e+02
5.877310276031494141e+00
8.783671855926513672e-01
2.788155212402343750e+02
4.381956577301025391e+00
6.231807231903076172e+00
9.703486633300781250e+01
3.216445207595825195e+00
3.834342575073242188e+01
2.450815963745117188e+01
1.995892181396484375e+02
3.626882629394531250e+02
7.645206451416015625e+00
4.107363281250000000e+03
5.477747440338134766e+00
3.271654844284057617e-01
2.284870719909667969e+01
1.014200973510742188e+02
1.784635734558105469e+01
1.188648605346679688e+01
2.587321166992187500e+02
3.765814542770385742e+00
2.010905838012695312e+01
4.570196914672851562e+01
3.063993930816650391e+00
6.951385498046875000e+01
1.903340816497802734e+00
1.142287731170654297e+01
6.456006526947021484e+00
3.811104583740234375e+01
4.066271209716796875e+01
8.735059738159179688e+00
1.048846626281738281e+01
1.360371303558349609e+01
7.191935539245605469e+00
4.753977584838867188e+01
1.291093383789062500e+03
2.691814899444580078e+00
4.517951965332031250e+01
5.504915237426757812e+00
7.170996189117431641e+00
2.541013062000274658e-01
2.748191406250000000e+03
3.593945503234863281e+00
1.056518325805664062e+02
1.602485656738281250e+01
6.477025604248046875e+01
1.736222386360168457e+00
1.875687866210937500e+02
1.054359375000000000e+03
8.239860832691192627e-02
2.674082994461059570e+00
6.100863037109375000e+02
1.503611564636230469e+00
1.616374389648437500e+03
8.540580749511718750e+00
1.757937240600585938e+01
1.605432891845703125e+01
2.037482070922851562e+01
5.228771641850471497e-02
1.758215427398681641e+00
4.488304257392883301e-01
4.892611389160156250e+02
9.231351852416992188e+00
8.486804962158203125e+01
3.465917587280273438e+00
1.861471366882324219e+01
2.706625175476074219e+01
4.154033660888671875e-01
4.699220886230468750e+02
5.730112838745117188e+01
3.991690063476562500e+01
1.268561840057373047e+01
8.003037261962890625e+01
3.414611816406250000e+01
2.208289527893066406e+01
2.384348154067993164e+00
1.396167846679687500e+03
1.260884552001953125e+02
1.675548744201660156e+01
1.416075325012207031e+01
1.331015378236770630e-01
1.943518188476562500e+03
3.618192291259765625e+01
3.934150934219360352e+00
1.976094482421875000e+03
1.316226768493652344e+01
4.103889465332031250e+00
1.945840209960937500e+03
1.178245830535888672e+01
1.068355102539062500e+02
4.781905746459960938e+01
5.195066528320312500e+02
1.490163452148437500e+03
1.336423683166503906e+01
7.168138885498046875e+01
4.313510131835937500e+02
2.753069877624511719e+00
6.725051403045654297e+00
2.225505371093750000e+02
5.070952987670898438e+01
1.750949707031250000e+02
3.072646856307983398e-01
1.513285338878631592e-01
3.513474273681640625e+01
2.376149892807006836e+00
9.758571624755859375e+00
6.720280456542968750e+01
4.333394050598144531e+00
1.965105056762695312e+01
6.488172531127929688e+00
1.922579765319824219e+01
1.843592453002929688e+01
2.731497526168823242e+00
1.682550239562988281e+01
9.842182006835937500e+02
4.062853759765625000e+03
7.434708404541015625e+01
3.096265983581542969e+01
1.817294692993164062e+01
5.961347579956054688e+00
7.619957885742187500e+02
1.175054740905761719e+01
1.845680999755859375e+02
6.443973541259765625e+01
2.044208526611328125e+01
1.243295974731445312e+02
2.969546318054199219e+01
1.132919998168945312e+02
1.936351013183593750e+02
2.574228858947753906e+01
2.100026130676269531e+00
4.346130981445312500e+02
4.351637649536132812e+01
8.118479728698730469e+00
1.603681640625000000e+02
3.472159147262573242e+00
1.017869472503662109e+01
1.680486145019531250e+02
1.948145294189453125e+02
4.497760925292968750e+02
3.830908813476562500e+02
5.343786239624023438e+00
5.014374256134033203e-01
4.749383628368377686e-01
3.017633676528930664e+00
9.795543670654296875e+00
3.023400306701660156e+00
3.157376945018768311e-01
2.580178499221801758e+00
2.173178911209106445e+00
3.881644592285156250e+02
8.501104354858398438e+00
1.607886810302734375e+02
7.282478332519531250e+01
1.840951728820800781e+01
3.491717147827148438e+01
1.442247104644775391e+01
1.322438812255859375e+01
2.505560636520385742e+00
1.664113867187500000e+04
2.302807312011718750e+02
1.200080966949462891e+01
3.113438606262207031e+00
2.059617233276367188e+01
1.482514038085937500e+03
2.176809310913085938e+01
4.923730850219726562e+00
1.734496154785156250e+02
7.996978163719177246e-01
1.384389495849609375e+01
1.118545455932617188e+02
1.622873229980468750e+02
2.833733797073364258e+00
3.296980285644531250e+01
6.013631439208984375e+01
1.742940429687500000e+03
1.279075336456298828e+01
2.493622207641601562e+01
9.039957046508789062e+00
1.384297609329223633e+00
1.270293593406677246e-01
3.672946548461914062e+01
2.396726989746093750e+01
1.651099681854248047e+00
7.488557815551757812e+00
1.252314300537109375e+02
1.540361938476562500e+02
6.489285888671875000e+02
1.089928722381591797e+01
1.381535977125167847e-01
2.099785995483398438e+01
1.295818328857421875e+02
2.365197143554687500e+02
7.127460002899169922e+00
1.907901153564453125e+02
1.777547299861907959e-01
2.185169696807861328e+00
3.337788283824920654e-01
1.489419269561767578e+01
1.052487670898437500e+03
6.027612915039062500e+02
1.664714431762695312e+01
3.760610046386718750e+02
1.785022544860839844e+01
1.453673458099365234e+01
5.849214477539062500e+02
6.780886077880859375e+01
4.389789581298828125e+00
4.842348575592041016e+00
1.606985330581665039e+00
2.795806274414062500e+02
6.590292930603027344e+00
8.014833450317382812e+00
1.414866943359375000e+02
3.697972412109375000e+03
8.666593551635742188e+00
1.629209160804748535e+00
5.306651592254638672e+00
3.351499633789062500e+02
1.452213001251220703e+01
4.181583404541015625e+00
2.966058959960937500e+02
1.037003421783447266e+01
1.419606933593750000e+02
3.625936889648437500e+02
2.532326049804687500e+02
8.638875007629394531e+00
9.233085632324218750e+00
