9.078016504645347595e-03
1.171268895268440247e-01
2.622327767312526703e-02
1.303499680943787098e-03
9.692673571407794952e-03
3.996685028076171875e+00
4.273425787687301636e-03
1.106500043533742428e-03
1.181308366358280182e-02
3.299283236265182495e-02
2.159482799470424652e-03
7.792821619659662247e-03
7.140201982110738754e-03
2.812019665725529194e-04
9.087548824027180672e-04
1.746897236444056034e-03
2.789034508168697357e-02
1.679212145972996950e-04
1.262082625180482864e-02
1.812528062146157026e-04
3.466320931911468506e-01
1.694611273705959320e-02
5.718303099274635315e-02
5.568284168839454651e-02
1.344687193632125854e-01
5.840844009071588516e-03
3.400834649801254272e-02
3.134282073006033897e-03
3.173591196537017822e-02
4.612257182598114014e-01
1.535341434646397829e-04
5.159355623618466780e-06
2.833232982084155083e-03
5.522232037037611008e-03
1.194107010960578918e-01
2.401394769549369812e-02
6.207379512488842010e-03
6.104004569351673126e-05
1.879587210714817047e-02
9.299683384597301483e-03
1.489020287990570068e-01
2.141233533620834351e-02
1.123798429034650326e-03
1.111249732971191406e+01
1.020516306161880493e-01
3.376331925392150879e-02
2.046720823273062706e-03
9.376531094312667847e-02
9.712470346130430698e-04
2.242172881960868835e-02
1.687068045139312744e-01
1.487240009009838104e-02
5.143985152244567871e-01
9.245956316590309143e-03
2.516623644623905420e-04
2.137511968612670898e-03
2.993372501805424690e-03
4.909826815128326416e-02
2.519483910873532295e-03
1.241258502006530762e+00
3.081590170040726662e-03
2.607139825820922852e+00
2.327967202290892601e-03
1.002639299258589745e-03
1.338519901037216187e-01
6.736375857144594193e-03
2.026977986097335815e-01
9.176313877105712891e-03
3.114921450614929199e-01
3.249745070934295654e-01
1.394244827679358423e-05
2.394874572753906250e+00
7.131939637474715710e-04
4.560677800327539444e-03
1.706553399562835693e-01
2.916014790534973145e-01
1.158692874014377594e-02
2.224110066890716553e-02
7.969389855861663818e-02
1.366764190606772900e-03
1.459643710404634476e-02
5.785897374153137207e-02
2.163312770426273346e-02
5.197454083827324212e-05
2.599552390165627003e-04
3.459064464550465345e-04
3.156628281431039795e-06
1.963640004396438599e-02
3.109132349491119385e-01
1.050915801897644997e-03
4.208272323012351990e-03
2.290133014321327209e-02
4.284219176042824984e-04
1.956488937139511108e-01
3.536304866429418325e-04
3.213254213333129883e-01
9.732974320650100708e-02
8.387049660086631775e-03
8.390041999518871307e-03
1.403409391641616821e-01
1.671830534934997559e+00
1.775531657040119171e-02
3.473990655038505793e-04
3.625763347372412682e-04
1.567829586565494537e-02
1.250450730323791504e+00
3.414477407932281494e-02
8.180717006325721741e-03
6.809923648834228516e-01
8.427074179053306580e-03
3.537354990839958191e-02
8.157927989959716797e-01
5.319648236036300659e-02
2.709748446941375732e-01
2.677261829376220703e-02
6.419526878744363785e-03
1.621675491333007812e-02
1.284086494706571102e-03
3.217389748897403479e-04
6.877198815345764160e-02
5.857575524714775383e-05
1.527308225631713867e+00
6.581537723541259766e-01
2.848488986492156982e-01
1.587817860126961023e-05
1.653383076190948486e-01
1.525680301710963249e-03
1.557659998070448637e-04
1.341418083757162094e-02
3.623667731881141663e-02
2.764866352081298828e-01
1.405373867601156235e-02
1.800862606614828110e-03
7.219244143925607204e-04
1.897242106497287750e-02
1.504475530236959457e-02
1.162843033671379089e-02
1.193479418754577637e+00
4.330632835626602173e-02
2.825573980808258057e-01
8.756576105952262878e-03
5.671279132366180420e-02
2.892124056816101074e-01
2.248919725418090820e+00
7.390053272247314453e+00
1.756683923304080963e-02
7.939966917037963867e-01
1.907594874501228333e-02
1.138996798545122147e-02
3.043946344405412674e-03
6.283910945057868958e-03
5.308812484145164490e-02
6.857495009899139404e-02
1.964869676157832146e-03
1.196839753538370132e-02
4.331094399094581604e-02
4.080691840499639511e-03
2.191350795328617096e-02
1.114805694669485092e-03
4.290292854420840740e-04
2.461405284702777863e-02
8.005341078387573361e-05
2.297401987016201019e-02
1.359826326370239258e+00
1.147875636816024780e-01
5.084826797246932983e-02
2.648277282714843750e-01
6.050972267985343933e-02
7.399893999099731445e-01
3.441544249653816223e-04
1.752908527851104736e-02
1.018836628645658493e-02
2.164330908271949738e-05
4.541524220257997513e-03
7.790417876094579697e-03
2.040534973144531250e+00
1.194923743605613708e-02
5.045916419476270676e-03
1.077178400009870529e-02
5.755156278610229492e-03
2.392772957682609558e-02
4.784520249813795090e-03
4.455864802002906799e-02
1.061420813202857971e-01
2.457907915115356445e+00
1.792718283832073212e-02
9.437010739929974079e-04
3.551542013883590698e-02
1.607101112604141235e-01
1.234230492264032364e-02
4.991002753376960754e-02
1.911655534058809280e-03
6.526544893858954310e-05
1.721340231597423553e-02
1.444720756262540817e-02
1.713819988071918488e-02
3.940353691577911377e-01
1.415283381938934326e-01
3.421544097363948822e-04
1.239583548158407211e-02
1.288880011998116970e-03
2.693708986043930054e-02
5.982823669910430908e-03
4.632502328604459763e-03
6.889662705361843109e-03
1.058029592968523502e-03
1.524406298995018005e-02
1.037459945678710938e+01
4.163443110883235931e-03
1.069952733814716339e-03
9.203693829476833344e-03
1.221839897334575653e-02
1.801356411306187510e-04
1.312296930700540543e-02
8.334878832101821899e-03
6.703505992889404297e+00
6.576977670192718506e-02
2.226157812401652336e-03
2.374878386035561562e-04
3.893992424011230469e+00
2.482767105102539062e-01
2.251483686268329620e-02
1.236201846040785313e-03
2.390743419528007507e-02
5.315920134307816625e-05
5.482409149408340454e-03
3.788263129536062479e-04
5.641083240509033203e+00
2.773227393627166748e-01
1.264072488993406296e-03
2.347707934677600861e-02
3.428254742175340652e-03
4.902944900095462799e-03
1.911981846205890179e-03
8.198605775833129883e-01
2.321351785212755203e-03
3.361858725547790527e-01
8.239699527621269226e-03
1.807877421379089355e-02
1.754781696945428848e-04
3.397330408915877342e-03
1.075236573815345764e-01
8.420898020267486572e-02
1.589755178429186344e-03
1.522282417863607407e-02
2.159278839826583862e-03
5.359153449535369873e-02
1.634101718664169312e-01
5.159745365381240845e-02
3.098656237125396729e-01
2.984138904139399529e-03
6.082738637924194336e-01
1.055412394634913653e-05
8.707057684659957886e-02
9.337666444480419159e-03
1.629557274281978607e-02
1.344745254516601562e+01
1.422758586704730988e-02
2.778058405965566635e-03
1.767968833446502686e-01
2.215550048276782036e-03
4.573556943796575069e-04
1.738967895507812500e+00
2.601095102727413177e-02
2.969001652672886848e-03
3.676805412396788597e-03
1.764164888300001621e-03
1.988026857376098633e+00
5.445539718493819237e-04
8.487220853567123413e-03
1.487595915794372559e+00
6.209404394030570984e-02
2.787038311362266541e-02
2.983134472742676735e-03
2.863478439394384623e-04
2.038948982954025269e-02
9.011224843561649323e-03
3.805223153904080391e-03
6.698495894670486450e-02
1.795772194862365723e+00
5.790410190820693970e-02
5.520991398952901363e-04
5.116787273436784744e-03
6.202793214470148087e-03
3.417296466068364680e-05
1.547829015180468559e-03
9.443962574005126953e-01
3.300303518772125244e-01
7.833026756998151541e-05
7.551110535860061646e-02
9.159247390925884247e-03
6.551889237016439438e-05
1.029093563556671143e-02
1.693884097039699554e-02
3.221817314624786377e-04
4.125621635466814041e-03
1.279493980109691620e-02
7.324669510126113892e-03
7.891011238098144531e-02
1.063738390803337097e-02
2.701602697372436523e+00
3.709079504013061523e+00
1.995011121034622192e-01
2.109594643115997314e-01
8.728439331054687500e+00
2.051910618320107460e-03
8.422000706195831299e-02
2.161075361073017120e-03
4.901851061731576920e-03
5.370444804430007935e-02
3.810020089149475098e-01
1.075775083154439926e-02
1.812862697988748550e-03
5.369541049003601074e-02
3.665710100904107094e-04
4.559120908379554749e-02
1.057701156241819263e-04
5.146422237157821655e-02
3.368101315572857857e-03
8.925737347453832626e-04
6.897991895675659180e-01
3.697227686643600464e-03
1.676390506327152252e-02
8.158687353134155273e-01
4.961846279911696911e-04
2.740519344806671143e-01
5.385154858231544495e-03
1.548336120322346687e-03
1.143675530329346657e-03
2.412987174466252327e-03
2.339417813345789909e-03
2.058323770761489868e-01
8.125837193801999092e-04
1.607971079647541046e-02
4.301050677895545959e-03
5.810451507568359375e-02
9.624764323234558105e-03
7.376863504759967327e-04
1.468556672334671021e-01
3.343427777290344238e-01
1.305427285842597485e-03
1.567552099004387856e-04
8.302134461700916290e-03
7.823897004127502441e-01
2.766654943116009235e-04
4.468981921672821045e-02
8.839330077171325684e-02
2.720683114603161812e-03
1.134863644838333130e-01
2.276405505836009979e-02
5.020381882786750793e-02
3.899898007512092590e-02
5.617148417513817549e-06
1.463206019252538681e-03
1.093385741114616394e-03
2.550327917560935020e-04
8.548947051167488098e-03
8.440417237579822540e-03
1.866027154028415680e-02
3.393448144197463989e-02
4.168942943215370178e-02
3.689066797960549593e-04
3.813097020611166954e-03
8.110264316201210022e-03
4.469468891620635986e-01
7.089408114552497864e-03
1.192487031221389771e-01
1.767648383975028992e-03
2.928553381934762001e-03
2.493905958544928581e-05
1.780581921339035034e-01
5.221755430102348328e-02
5.609721411019563675e-03
3.070256905630230904e-03
6.335204601287841797e+00
1.190950388263445348e-05
1.791385118849575520e-03
2.330244984477758408e-03
1.831306330859661102e-02
5.597088485956192017e-03
1.665917336940765381e-01
8.566529868403449655e-05
3.468712866306304932e-01
7.783439010381698608e-02
5.354856699705123901e-02
3.347959041595458984e+00
8.982218742370605469e+00
9.387614205479621887e-03
1.041848445311188698e-03
1.909471757244318724e-04
6.806068588048219681e-03
2.120462618768215179e-02
5.307717993855476379e-02
5.184319972991943359e+00
4.334740515332669020e-05
4.055418014526367188e+00
5.549590289592742920e-02
9.845504164695739746e-02
1.185532019007951021e-04
1.102786554838530719e-04
4.309002876281738281e+00
2.329626464843750000e+02
5.070872192382812500e+02
4.697710990905761719e+00
2.009615707397460938e+01
1.300461053848266602e+00
5.873051757812500000e+02
3.939517974853515625e+00
4.001606369018554688e+01
1.190813422203063965e+00
4.366022491455078125e+01
4.318430709838867188e+01
7.448497772216796875e+01
8.547370135784149170e-02
1.047096481323242188e+02
3.487459182739257812e+01
3.405351318359375000e+03
1.245997558593750000e+03
3.054847717285156250e+01
1.078961277008056641e+01
2.732621765136718750e+02
1.523922681808471680e+00
1.187585735321044922e+01
1.178975372314453125e+02
9.011341333389282227e-01
4.824070930480957031e+00
1.120067675781250000e+04
5.588954925537109375e+01
2.075992431640625000e+03
3.196375122070312500e+02
1.533696746826171875e+01
2.875436019897460938e+01
6.016643047332763672e+00
6.719710937500000000e+03
6.166729354858398438e+01
7.028757324218750000e+02
3.565616607666015625e+00
5.213884711265563965e-01
5.491593551635742188e+01
2.890625610351562500e+02
1.127415649414062500e+03
1.021480560302734375e+01
9.177000045776367188e+00
1.989923339843750000e+03
2.143770408630371094e+01
3.832562255859375000e+01
4.518357086181640625e+01
6.655048370361328125e+01
1.942174315452575684e+00
4.877391601562500000e+03
3.147444335937500000e+03
1.268851440429687500e+03
5.231704101562500000e+02
9.786738395690917969e+00
2.055736160278320312e+01
1.534644484519958496e+00
9.297843933105468750e+00
1.056884098052978516e+01
1.584249305725097656e+01
2.727024658203125000e+03
6.268986816406250000e+02
4.303345031738281250e+02
1.235482559204101562e+02
2.305847549438476562e+01
7.125239372253417969e+00
7.373801879882812500e+02
9.996148681640625000e+01
3.631825439453125000e+03
1.000595321655273438e+02
8.507408142089843750e+01
2.922687307000160217e-02
3.668109741210937500e+02
2.014727783203125000e+01
8.917609405517578125e+01
1.662684440612792969e+01
2.378563232421875000e+02
1.178401184082031250e+01
3.796361160278320312e+01
3.595306701660156250e+02
4.957117462158203125e+01
3.774325180053710938e+01
1.344750404357910156e+01
1.558458614349365234e+01
5.935988903045654297e+00
5.555068969726562500e+00
1.818328857421875000e+01
7.815675735473632812e-01
3.250006866455078125e+01
7.633879089355468750e+01
1.093791007995605469e+00
3.040034790039062500e+02
3.061265258789062500e+02
7.801994800567626953e+00
1.863847808837890625e+02
1.955355224609375000e+02
2.549026367187500000e+03
5.992045879364013672e+00
1.511106811523437500e+03
1.610709786415100098e+00
6.958679199218750000e+03
1.026031970977783203e+01
1.402113437652587891e+00
4.908035278320312500e+00
1.362580871582031250e+02
5.613741302490234375e+01
3.899604797363281250e+02
5.703677535057067871e-01
4.999714843750000000e+04
1.143384609375000000e+05
3.546637594699859619e-01
4.903727471828460693e-01
6.586836914062500000e+03
9.972972106933593750e+01
1.840267062187194824e+00
5.562697219848632812e+01
2.380619384765625000e+03
1.095796279907226562e+02
5.757468414306640625e+01
4.998057556152343750e+01
5.882534503936767578e+00
1.516901733398437500e+03
4.497229003906250000e+03
5.235852050781250000e+03
2.089586486816406250e+02
2.718245697021484375e+01
1.834677734375000000e+03
6.239676666259765625e+01
6.356163978576660156e+00
1.919139770507812500e+03
1.126220092773437500e+02
1.340498168945312500e+03
8.291387329101562500e+02
2.040854990482330322e-01
2.920667724609375000e+02
7.722519636154174805e-01
1.464063549041748047e+01
9.428914189338684082e-01
3.216621704101562500e+02
1.509677124023437500e+02
1.023038558959960938e+02
1.304575653076171875e+02
6.200153350830078125e+00
1.235272216796875000e+03
2.294123687744140625e+02
4.688895568847656250e+02
2.583035087585449219e+01
7.657748413085937500e+02
1.528421938419342041e-01
5.434184570312500000e+02
2.716365722656250000e+03
7.562287449836730957e-01
4.823456054687500000e+03
3.528637313842773438e+01
3.885012865066528320e-01
4.416781234741210938e+01
4.163743591308593750e+02
1.572156715393066406e+01
1.138647556304931641e+00
5.282084274291992188e+01
1.004655742645263672e+01
1.443986083984375000e+03
4.713556823730468750e+02
2.383506622314453125e+02
7.841223144531250000e+01
3.674888671875000000e+03
1.184214706420898438e+02
1.662289672851562500e+03
7.781961059570312500e+01
7.276866406250000000e+04
1.659469451904296875e+02
5.955491256713867188e+01
1.019045800781250000e+04
1.430548954010009766e+01
7.044095396995544434e-01
2.698283386230468750e+02
1.111817359924316406e+01
6.829000854492187500e+01
2.434181060791015625e+02
2.949982166290283203e+00
5.678722763061523438e+01
4.416080856323242188e+01
4.110903930664062500e+02
2.242164611816406250e+02
2.846766662597656250e+01
4.760305937500000000e+05
5.798092842102050781e+00
1.258858203887939453e+01
5.769013214111328125e+01
3.248646728515625000e+03
1.909365600585937500e+03
1.055074462890625000e+02
2.172249145507812500e+02
6.897045135498046875e+00
8.055005645751953125e+01
5.146015625000000000e+02
9.057408332824707031e+00
9.700632476806640625e+01
2.299351453781127930e+00
6.703788757324218750e+00
3.163301086425781250e+01
5.054851684570312500e+02
3.149556579589843750e+02
1.042407608032226562e+01
3.122616195678710938e+01
5.924185562133789062e+01
1.480738639831542969e+00
2.094129943847656250e+02
5.098920898437500000e+03
1.406125736236572266e+01
5.117095565795898438e+01
1.740081214904785156e+01
2.776859474182128906e+01
2.560357749462127686e-01
1.142333398437500000e+04
1.054966259002685547e+01
1.461054687500000000e+03
1.158585548400878906e+01
5.177348709106445312e+01
1.579936861991882324e+00
1.533576202392578125e+02
5.147770507812500000e+03
4.047624766826629639e-01
6.134512424468994141e+00
1.405710546875000000e+04
5.916438579559326172e+00
6.009899291992187500e+02
2.427697181701660156e+01
3.113047180175781250e+02
9.329109191894531250e+01
2.715170860290527344e+01
1.764813661575317383e-01
6.772759246826171875e+01
1.190564870834350586e+00
1.583479858398437500e+03
3.928254394531250000e+02
5.857593536376953125e+01
3.248263359069824219e+00
3.798551559448242188e+01
3.313533782958984375e+01
1.890671610832214355e+00
1.458717871093750000e+04
4.120191192626953125e+01
2.673079299926757812e+01
8.325969696044921875e+01
2.420811614990234375e+02
3.492031250000000000e+02
5.159462890625000000e+02
2.187949657440185547e+00
2.563249414062500000e+04
6.404582214355468750e+01
3.827922058105468750e+01
2.928478002548217773e+00
1.141548529267311096e-01
1.845064331054687500e+03
2.950478820800781250e+02
1.252901315689086914e+00
1.271066015625000000e+04
1.783256530761718750e+01
6.262993335723876953e+00
5.160589843750000000e+03
5.636045837402343750e+01
6.679563903808593750e+01
1.537818145751953125e+02
2.032035217285156250e+02
1.910545043945312500e+03
3.477244567871093750e+02
2.903616943359375000e+02
2.660083398437500000e+04
9.230781793594360352e-01
5.536182403564453125e+01
4.126202697753906250e+02
1.260731220245361328e+01
1.199057998657226562e+02
6.907728910446166992e-01
1.148789882659912109e+00
6.726324462890625000e+02
3.057199716567993164e+00
4.745990276336669922e+00
4.261581420898437500e+02
3.581032276153564453e+00
2.721019554138183594e+01
1.005565414428710938e+02
2.563824653625488281e+00
5.207870864868164062e+01
1.116551280021667480e+00
1.090296864509582520e+00
6.311121215820312500e+02
1.340569091796875000e+03
2.745780372619628906e+01
1.708277221679687500e+03
9.007073402404785156e+00
2.652550935745239258e+00
2.765074462890625000e+03
4.140163803100585938e+01
9.503674926757812500e+02
8.620108032226562500e+01
5.675054550170898438e+01
1.107646362304687500e+03
1.154016399383544922e+01
2.948927307128906250e+02
1.494485717773437500e+03
3.631140518188476562e+01
4.496178054809570312e+01
2.363782196044921875e+02
5.540386962890625000e+02
2.650423240661621094e+01
4.010691833496093750e+02
1.364601135253906250e+02
5.924333572387695312e+00
3.214831054687500000e+03
1.614808227539062500e+03
3.424931884765625000e+03
7.427026367187500000e+01
6.926507568359375000e+01
4.580587863922119141e+00
3.068694174289703369e-01
4.835022735595703125e+01
2.065464591979980469e+01
2.757058143615722656e+01
8.892274498939514160e-01
1.382593441009521484e+01
1.311507701873779297e+00
2.978877563476562500e+02
1.604101562500000000e+02
3.731905212402343750e+02
1.111978881835937500e+03
1.528638610839843750e+02
1.157254104614257812e+02
9.249846458435058594e+00
2.291662025451660156e+01
7.615998387336730957e-01
4.231558437500000000e+05
1.962287719726562500e+03
4.561938476562500000e+01
9.627771759033203125e+01
5.591255187988281250e+01
5.322719238281250000e+03
1.158733367919921875e+02
5.681891632080078125e+01
2.453738098144531250e+02
2.794211626052856445e+00
1.290744934082031250e+02
1.156680374145507812e+02
3.074340209960937500e+02
3.616116762161254883e+00
6.997119140625000000e+01
1.319499877929687500e+03
3.613094177246093750e+02
1.259374542236328125e+02
6.610350036621093750e+01
6.504894256591796875e+01
2.196291446685791016e+00
6.196307763457298279e-02
3.387268066406250000e+02
1.143794067382812500e+03
3.994385147094726562e+01
5.349246597290039062e+01
2.846092834472656250e+02
1.511733703613281250e+02
2.483025512695312500e+02
1.006122207641601562e+01
2.490322351455688477e+00
8.223050117492675781e+00
8.055090332031250000e+02
4.810067749023437500e+02
1.147603988647460938e+01
1.244147583007812500e+03
4.697015762329101562e+00
3.662886619567871094e+00
5.486956238746643066e-02
3.111853218078613281e+01
3.256742919921875000e+03
1.055033789062500000e+04
2.778118371963500977e+00
6.663997192382812500e+02
7.188295745849609375e+01
5.989604949951171875e+00
1.773171508789062500e+03
1.119076904296875000e+03
3.220833063125610352e+00
4.417338180541992188e+01
2.276208639144897461e+00
2.980983581542968750e+02
2.575203704833984375e+01
8.029737548828125000e+02
5.504019775390625000e+02
7.887119140625000000e+02
5.175836944580078125e+01
7.603031635284423828e+00
3.507319927215576172e+00
1.520713958740234375e+02
3.820206298828125000e+02
9.677282714843750000e+01
3.783030700683593750e+02
1.436122989654541016e+01
5.304053955078125000e+02
3.494161621093750000e+03
6.172401733398437500e+02
6.812524795532226562e+00
7.043297290802001953e+00
