3.452360630035400391e-02
1.155624464154243469e-01
6.219185888767242432e-02
3.609498264268040657e-03
1.452434156090021133e-02
2.204279899597167969e+00
3.123581036925315857e-02
5.684676580131053925e-04
7.923344522714614868e-02
1.042096391320228577e-01
2.433430869132280350e-03
6.694121751934289932e-03
1.010628417134284973e-02
1.461158273741602898e-03
1.491129864007234573e-03
2.475165063515305519e-03
1.296982262283563614e-02
1.342679955996572971e-03
7.900758646428585052e-03
1.224667066708207130e-03
1.085850000381469727e-01
6.209974363446235657e-02
1.953983865678310394e-02
6.141484528779983521e-02
9.538195133209228516e-01
2.600359171628952026e-02
1.086785495281219482e-01
6.204346194863319397e-03
3.807238116860389709e-02
1.414441108703613281e+00
6.720016972394660115e-05
8.662373147672042251e-06
8.550076163373887539e-04
2.212834544479846954e-02
6.471188366413116455e-02
1.451878156512975693e-02
7.210031617432832718e-03
1.476364268455654383e-04
1.376237068325281143e-02
2.349885646253824234e-03
1.422189593315124512e+00
2.365388870239257812e-01
1.447071786969900131e-03
3.227867126464843750e+01
1.985009312629699707e-01
1.030916199088096619e-01
1.302275154739618301e-02
1.641591310501098633e+00
2.671725582331418991e-03
4.544802010059356689e-02
1.078736186027526855e-01
7.321906089782714844e-02
6.406638771295547485e-02
3.096310608088970184e-02
3.453788522165268660e-04
1.545371720567345619e-03
2.054680371657013893e-03
9.712243452668190002e-03
1.019238028675317764e-02
2.705564737319946289e+00
4.991596564650535583e-02
3.505746364593505859e+00
8.912243065424263477e-04
1.004038262180984020e-03
7.388384640216827393e-02
2.307878434658050537e-02
8.499969840049743652e-01
6.857601460069417953e-03
3.318591117858886719e-01
1.344185709953308105e+00
5.854621122125536203e-05
2.585342407226562500e+00
6.026013870723545551e-04
6.950838025659322739e-03
1.408794522285461426e-01
6.877911835908889771e-02
1.457205507904291153e-03
3.932781517505645752e-03
2.321586161851882935e-01
1.910188049077987671e-02
7.904005050659179688e-02
1.768200658261775970e-02
4.855487495660781860e-02
9.861002763500437140e-05
1.201367704197764397e-03
1.171225798316299915e-03
4.105555035494035110e-06
2.117708139121532440e-02
1.314606517553329468e-01
1.170342089608311653e-03
5.171196162700653076e-02
2.422153577208518982e-02
3.543755738064646721e-04
4.377729818224906921e-02
4.937668330967426300e-03
5.947808027267456055e-01
8.437077999114990234e-01
2.728135511279106140e-02
4.615585133433341980e-02
3.267114758491516113e-01
4.980642795562744141e+00
4.062168300151824951e-02
1.182682928629219532e-03
3.221831284463405609e-03
7.785137277096509933e-03
1.140791058540344238e+00
3.122109733521938324e-02
6.685247179120779037e-03
3.341150283813476562e-01
1.651185601949691772e-01
2.077132696285843849e-03
5.796205401420593262e-01
5.101940408349037170e-02
1.785017251968383789e-01
1.937742717564105988e-02
3.256879001855850220e-02
2.624066360294818878e-02
6.711988709867000580e-03
2.627154346555471420e-03
4.670610278844833374e-02
5.771835567429661751e-04
1.539680957794189453e+00
3.562088608741760254e-01
9.590999037027359009e-02
9.946986210707109421e-06
1.196730230003595352e-02
5.375159904360771179e-03
1.816976000554859638e-04
1.102262511849403381e-01
5.326275154948234558e-02
4.340622127056121826e-01
2.986931940540671349e-03
8.870148099958896637e-03
7.374208653345704079e-04
9.846276044845581055e-02
4.567215219140052795e-03
2.897334657609462738e-02
1.408729910850524902e+00
1.468329578638076782e-01
6.901002526283264160e-01
1.656867936253547668e-02
3.571657463908195496e-02
8.303543329238891602e-01
9.766576290130615234e-01
1.927093744277954102e+00
1.436790637671947479e-02
2.186653017997741699e-01
2.484584972262382507e-02
1.240175738930702209e-01
1.498803030699491501e-02
4.692222923040390015e-03
3.377404510974884033e-01
8.583270758390426636e-02
4.440597258508205414e-03
3.081552125513553619e-02
9.223071858286857605e-03
3.477252321317791939e-03
5.774020031094551086e-02
3.581038326956331730e-04
1.817502779886126518e-04
1.550755277276039124e-02
2.317426493391394615e-03
2.476951666176319122e-02
4.420691013336181641e+00
3.178388178348541260e-01
1.351164430379867554e-01
1.625703722238540649e-01
2.203104794025421143e-01
8.895291090011596680e-01
4.715741088148206472e-04
1.839885674417018890e-02
6.057840585708618164e-02
1.215520242112688720e-04
3.427440533414483070e-03
2.048512455075979233e-03
9.695339202880859375e-01
4.800578579306602478e-03
3.366480395197868347e-02
7.179549429565668106e-03
1.548767238855361938e-01
2.284340560436248779e-02
8.022306859493255615e-02
2.494327574968338013e-01
1.219530925154685974e-01
2.713732337951660156e+01
3.724788082763552666e-03
1.400452945381402969e-02
3.998884931206703186e-02
3.452939689159393311e-01
1.054028421640396118e-02
7.484655827283859253e-02
7.413590326905250549e-03
3.936612847610376775e-05
3.187554422765970230e-03
1.573174260556697845e-02
6.180272903293371201e-03
7.852839827537536621e-01
5.654108524322509766e-02
9.198020561598241329e-04
1.962175592780113220e-02
9.298326447606086731e-03
2.971483208239078522e-02
3.381203161552548409e-03
2.818953990936279297e-02
2.901013242080807686e-03
2.275085309520363808e-03
2.440975047647953033e-02
9.225617408752441406e+00
1.792477094568312168e-03
8.391894516535103321e-04
6.718318909406661987e-03
1.238608434796333313e-01
1.025984602165408432e-04
9.698525071144104004e-02
3.036437742412090302e-02
2.107101249694824219e+01
1.059494540095329285e-01
4.868196323513984680e-03
8.151644840836524963e-03
5.045829296112060547e+00
6.078419089317321777e-01
3.411770565435290337e-03
7.486964575946331024e-03
6.904724240303039551e-02
1.718689309200271964e-04
9.636860340833663940e-03
2.409034641459584236e-03
4.082043170928955078e+00
3.056492209434509277e-01
7.190855685621500015e-04
3.498176485300064087e-02
3.113842569291591644e-02
1.804562471807003021e-02
1.523964479565620422e-02
2.851454913616180420e-01
9.908576495945453644e-03
8.845797926187515259e-02
1.150496862828731537e-02
1.296673119068145752e-01
1.561211392981931567e-04
5.335148889571428299e-03
2.213014215230941772e-01
1.588837355375289917e-01
1.056698057800531387e-02
2.495313994586467743e-02
5.671886261552572250e-03
4.518593847751617432e-02
3.632436394691467285e-01
4.113857448101043701e-02
1.838848292827606201e-01
2.418792108073830605e-03
1.608502864837646484e+00
3.284749254817143083e-05
3.366168215870857239e-02
7.590669207274913788e-03
1.491772830486297607e-01
1.582786750793457031e+01
5.959543213248252869e-02
1.791217736899852753e-02
4.498021602630615234e-01
2.933915890753269196e-02
6.448097410611808300e-04
6.966767907142639160e-01
4.029759671539068222e-03
1.419469993561506271e-02
6.806954741477966309e-02
1.283687446266412735e-02
1.023090004920959473e+00
1.156305195763707161e-03
6.673914846032857895e-03
2.785699605941772461e+00
2.338235676288604736e-01
9.184471517801284790e-02
6.556799635291099548e-03
2.608990180306136608e-04
2.097215130925178528e-02
9.252527728676795959e-03
3.578959032893180847e-03
2.333735466003417969e+00
7.931799888610839844e-01
4.303084015846252441e-01
1.294096000492572784e-03
3.082443960011005402e-03
1.889595016837120056e-02
2.093601360684260726e-04
1.388767617754638195e-03
1.769429683685302734e+00
2.046189308166503906e+00
3.208136768080294132e-04
1.069309115409851074e-01
3.954472020268440247e-02
3.616915200836956501e-04
3.134546801447868347e-02
1.878079026937484741e-02
2.188220387324690819e-03
1.947016827762126923e-02
5.191113799810409546e-02
1.923647150397300720e-02
1.512287855148315430e+00
2.182525955140590668e-02
5.119712829589843750e+00
7.253863811492919922e-01
2.803328931331634521e-01
1.240975975990295410e+00
1.190219116210937500e+01
3.571832785382866859e-03
5.082516372203826904e-02
1.025107409805059433e-02
1.781368814408779144e-02
1.551602631807327271e-01
2.614878416061401367e-01
1.006701868027448654e-02
2.122945897281169891e-02
5.738428607583045959e-02
3.719701198861002922e-04
2.767628431320190430e-01
1.995835627894848585e-04
4.442940652370452881e-02
1.029793056659400463e-03
1.175927091389894485e-02
2.381007522344589233e-01
9.751660400070250034e-04
2.095424197614192963e-02
6.474325060844421387e-01
1.296650152653455734e-03
6.640288829803466797e-01
4.695976618677377701e-03
2.531206468120217323e-03
6.477775168605148792e-04
1.571013708598911762e-03
1.037507597357034683e-02
1.353526562452316284e-01
2.197656035423278809e-02
3.807486593723297119e-02
3.767124377191066742e-03
1.398517936468124390e-01
8.605872280895709991e-03
1.347672310657799244e-03
2.672734856605529785e-02
4.838848114013671875e-01
9.065472520887851715e-03
5.238280864432454109e-04
2.762992633506655693e-03
1.505207419395446777e+00
3.888989740516990423e-04
1.181554514914751053e-02
2.686102092266082764e-01
1.223501469939947128e-02
5.540908128023147583e-02
6.807993352413177490e-02
1.250459700822830200e-01
7.786447647958993912e-03
5.245773991191526875e-06
3.189339302480220795e-03
9.905906626954674721e-04
1.877202303148806095e-04
1.481891795992851257e-02
2.335563488304615021e-02
9.894208982586860657e-03
3.761797770857810974e-02
3.150308877229690552e-02
1.009085099212825298e-03
1.022352743893861771e-02
4.412832483649253845e-02
1.402207136154174805e+00
3.455793485045433044e-03
1.991702616214752197e-02
1.769480877555906773e-04
8.893027901649475098e-02
3.592183566070161760e-05
1.105911955237388611e-01
4.122676253318786621e-01
4.385336935520172119e-01
1.116593834012746811e-02
2.463227987289428711e+00
1.029660459607839584e-03
7.692232728004455566e-03
1.920168288052082062e-02
1.746066100895404816e-02
5.254605785012245178e-02
5.307778716087341309e-02
1.612870983080938458e-04
9.694136381149291992e-01
9.947720170021057129e-02
3.971208631992340088e-02
7.155514717102050781e+00
1.827053451538085938e+01
9.954085107892751694e-04
6.796747329644858837e-04
3.341423580422997475e-04
1.197925806045532227e-01
2.408695966005325317e-02
3.309078514575958252e-01
5.599003791809082031e+00
2.448187478876207024e-05
5.884993076324462891e-01
1.333530098199844360e-01
1.432657800614833832e-02
1.225630985572934151e-03
8.339923078892752528e-05
3.675004482269287109e+00
2.963836288452148438e+01
3.901812438964843750e+02
1.122670531272888184e+00
9.279932022094726562e+00
4.515613555908203125e+00
9.511857604980468750e+01
1.332872867584228516e+00
2.970963439941406250e+02
2.387979269027709961e+00
8.266955375671386719e+00
8.778350067138671875e+01
1.848152160644531250e+01
1.515634506940841675e-01
8.948691368103027344e+00
1.910926628112792969e+01
2.557868957519531250e+01
2.489927062988281250e+02
6.014667034149169922e+00
1.524585342407226562e+01
2.928679466247558594e+01
9.163177490234375000e+00
5.016995429992675781e+00
3.928725433349609375e+01
6.374146342277526855e-01
1.471137285232543945e+00
2.075666656494140625e+02
5.894418716430664062e+01
9.804535522460937500e+02
1.479015350341796875e+02
8.171990394592285156e+00
4.742280960083007812e+00
6.351242661476135254e-01
2.628572021484375000e+03
2.879742622375488281e+01
2.366347122192382812e+01
5.142361521720886230e-01
8.393059670925140381e-02
1.350255012512207031e+00
1.730859222412109375e+02
1.039750732421875000e+03
4.574645996093750000e+01
5.340529441833496094e+00
1.091290039062500000e+03
2.479368972778320312e+01
6.233244323730468750e+01
1.693894767761230469e+01
1.234441089630126953e+01
4.411612033843994141e+00
2.422572753906250000e+03
1.107206954956054688e+02
7.533305053710937500e+02
4.694262313842773438e+01
2.403349876403808594e+01
1.125433349609375000e+01
5.712902069091796875e+00
1.098510622978210449e+00
3.492034435272216797e+00
4.199534416198730469e+00
7.234683837890625000e+02
4.135608215332031250e+02
5.247879638671875000e+02
1.189268016815185547e+01
2.186878585815429688e+01
4.251600265502929688e+00
9.179501342773437500e+01
1.198600158691406250e+02
5.474367187500000000e+03
1.206754989624023438e+02
1.037081375122070312e+02
6.677851080894470215e-02
1.009218063354492188e+02
3.326055288314819336e+00
1.396941070556640625e+02
5.286742210388183594e+00
4.098571014404296875e+01
3.416329145431518555e+00
2.140003585815429688e+01
1.182469406127929688e+02
1.221489944458007812e+02
1.629748916625976562e+01
2.669156312942504883e+00
1.266596221923828125e+01
1.038655376434326172e+01
2.388648223876953125e+01
5.312159538269042969e+00
2.297598719596862793e-01
2.683423614501953125e+01
7.093520641326904297e+00
6.211862087249755859e+00
3.818228454589843750e+02
1.915927581787109375e+02
2.231325721740722656e+01
7.549372100830078125e+01
1.297681427001953125e+02
3.494728088378906250e+02
2.571303367614746094e+00
2.773419677734375000e+03
2.378171443939208984e+00
2.037922363281250000e+02
3.187757968902587891e+00
4.628502368927001953e+00
5.242114639282226562e+01
5.833482666015625000e+02
3.033017921447753906e+01
6.344129562377929688e+01
7.285899639129638672e+00
2.091401855468750000e+03
8.618517578125000000e+03
5.241252779960632324e-01
4.773783981800079346e-01
7.994551391601562500e+02
9.342709350585937500e+01
5.525893211364746094e+00
2.576175117492675781e+01
1.304083740234375000e+03
2.684998168945312500e+02
1.341557769775390625e+02
2.871181297302246094e+01
3.715719699859619141e+00
3.904703063964843750e+02
6.049885253906250000e+02
1.282879882812500000e+03
2.234987182617187500e+02
1.388678741455078125e+01
4.816714782714843750e+02
6.927181243896484375e+01
2.862140893936157227e+00
4.498041687011718750e+02
2.407197189331054688e+01
3.601399536132812500e+02
9.382339477539062500e+01
5.364483594894409180e-01
3.298229598999023438e+01
1.013950228691101074e+00
5.569274902343750000e+00
1.425006389617919922e+00
8.122727966308593750e+01
1.412598571777343750e+02
3.896636352539062500e+02
2.564050483703613281e+01
3.730950057506561279e-01
4.989884948730468750e+02
5.329311752319335938e+01
1.819593048095703125e+02
1.114276790618896484e+01
2.000942535400390625e+02
2.857395112514495850e-01
2.105714263916015625e+02
6.688363647460937500e+02
2.199872285127639771e-01
1.465511169433593750e+02
2.982324790954589844e+01
5.513307452201843262e-02
2.244702148437500000e+01
9.066778564453125000e+01
2.570561170578002930e+00
1.443138241767883301e+00
3.697681427001953125e+00
1.761400413513183594e+01
2.258769836425781250e+02
5.316588134765625000e+02
1.350048370361328125e+02
3.245333251953125000e+02
3.825726318359375000e+02
1.042831726074218750e+02
6.452188873291015625e+01
9.695088195800781250e+01
2.995911865234375000e+03
3.424747085571289062e+01
8.554028511047363281e+00
2.815911621093750000e+03
1.073788452148437500e+01
7.718877196311950684e-01
1.476603240966796875e+02
3.246822118759155273e+00
7.993441581726074219e+00
2.805511093139648438e+01
1.945118308067321777e+00
3.741255950927734375e+01
3.714558029174804688e+01
1.402508087158203125e+02
1.141116577148437500e+03
2.012546730041503906e+01
9.683256250000000000e+04
6.269015312194824219e+00
7.614545226097106934e-01
3.229534530639648438e+01
1.316938323974609375e+02
3.553524017333984375e+01
4.955236053466796875e+01
3.949617309570312500e+02
5.399299621582031250e+00
8.185076904296875000e+01
7.941938781738281250e+01
2.033707618713378906e+00
1.335573883056640625e+02
3.374948203563690186e-01
4.601938724517822266e+00
5.231165409088134766e+00
1.588342285156250000e+02
1.491920928955078125e+02
1.466527938842773438e+01
1.982728767395019531e+01
2.118622970581054688e+01
1.165576648712158203e+01
7.295887756347656250e+01
3.879087524414062500e+02
3.120363712310791016e+00
2.940818405151367188e+01
1.493672752380371094e+01
8.790930747985839844e+00
6.592018604278564453e-01
6.048250488281250000e+03
6.709789276123046875e+00
5.052044372558593750e+02
3.561686754226684570e+00
1.234676895141601562e+02
1.920359730720520020e+00
4.077804260253906250e+02
2.729229492187500000e+03
2.382812052965164185e-01
2.486865997314453125e+00
1.776368652343750000e+03
5.595597267150878906e+00
4.036352539062500000e+02
2.137112236022949219e+01
2.415165901184082031e+01
1.867048263549804688e+01
1.932559394836425781e+01
6.763894855976104736e-02
3.615036249160766602e+00
7.055889368057250977e-01
4.971450500488281250e+02
7.925236511230468750e+01
5.107143783569335938e+01
4.917847633361816406e+00
1.612662696838378906e+01
2.746997680664062500e+02
2.268332958221435547e+00
1.394600952148437500e+03
2.084557151794433594e+01
1.152854003906250000e+02
2.635863685607910156e+01
1.501699829101562500e+02
1.048545379638671875e+02
8.429868316650390625e+01
3.812101125717163086e+00
4.269768554687500000e+03
9.019423675537109375e+01
2.328171730041503906e+01
6.610486984252929688e+00
1.512313485145568848e-01
1.338574340820312500e+03
9.627105712890625000e+01
3.771036863327026367e+00
2.138799072265625000e+03
2.507035636901855469e+01
6.295135974884033203e+00
7.104953125000000000e+03
3.131587600708007812e+01
3.633554840087890625e+01
2.191900253295898438e+01
5.229910888671875000e+02
1.412053100585937500e+03
9.953607177734375000e+01
4.398364257812500000e+02
2.512735443115234375e+02
4.699676334857940674e-01
1.162681484222412109e+01
1.493518218994140625e+02
4.894706726074218750e+01
9.477652740478515625e+01
1.001757264137268066e+00
1.248222962021827698e-01
6.213175582885742188e+01
4.031358242034912109e+00
9.469207763671875000e+00
9.337267303466796875e+01
2.654595375061035156e+00
4.509045028686523438e+01
1.903254699707031250e+01
4.408134937286376953e+00
3.553231811523437500e+01
2.724198400974273682e-01
2.033439159393310547e+00
2.612046813964843750e+02
1.744872924804687500e+03
1.183675765991210938e+01
1.182539367675781250e+02
1.158778953552246094e+01
1.032854175567626953e+01
1.207315673828125000e+03
1.050465869903564453e+01
4.260480346679687500e+02
1.052578048706054688e+02
6.525369644165039062e+00
4.797295532226562500e+02
2.754787445068359375e+01
5.645465469360351562e+01
3.982398071289062500e+02
3.037816047668457031e+01
3.973181533813476562e+01
5.410338134765625000e+02
1.915317382812500000e+02
5.875211715698242188e+00
4.902274780273437500e+02
1.060742378234863281e+01
1.691881561279296875e+01
2.044035034179687500e+02
4.997218933105468750e+02
3.356905517578125000e+02
3.249091186523437500e+02
1.020657253265380859e+01
4.284705221652984619e-01
2.408488273620605469e+00
2.671317100524902344e+01
1.159353160858154297e+01
2.706280231475830078e+00
9.237617254257202148e-01
7.025060176849365234e+00
2.789799928665161133e+00
4.624233398437500000e+02
2.009496307373046875e+01
9.208040618896484375e+01
3.054329223632812500e+02
2.319855308532714844e+01
2.116726112365722656e+01
1.541259670257568359e+01
7.631708145141601562e+00
1.008816123008728027e+00
9.376307031250000000e+04
1.030199340820312500e+03
2.305540847778320312e+01
1.974799537658691406e+01
1.174396896362304688e+01
6.595285034179687500e+02
7.255035400390625000e+00
8.985395431518554688e+00
1.109876327514648438e+02
1.244776606559753418e+00
5.221591567993164062e+01
5.082704925537109375e+01
6.008827209472656250e+01
1.833256959915161133e+00
2.078220176696777344e+01
1.904021453857421875e+02
9.534640502929687500e+02
3.487439346313476562e+01
2.289753150939941406e+01
4.835763931274414062e+01
7.551728248596191406e+00
2.882525697350502014e-02
1.038310470581054688e+02
5.493460845947265625e+01
2.680436849594116211e+00
9.515386581420898438e+00
1.347701416015625000e+02
1.642379760742187500e+02
1.812644348144531250e+02
9.111766815185546875e+00
1.889638304710388184e-01
8.694475173950195312e+00
2.852534179687500000e+02
4.877779846191406250e+02
6.713424205780029297e+00
2.397678070068359375e+02
7.343668937683105469e-01
2.537053346633911133e+00
4.210855811834335327e-02
2.423417091369628906e+01
2.596664062500000000e+03
1.344773559570312500e+03
5.897030353546142578e+00
6.675516967773437500e+02
5.248113250732421875e+01
7.746208667755126953e+00
3.170076660156250000e+03
2.096451873779296875e+02
8.044459342956542969e+00
1.976580500602722168e+00
1.986989617347717285e+00
1.095670852661132812e+02
6.146080017089843750e+00
1.193299102783203125e+01
1.929121093750000000e+02
9.148672485351562500e+02
2.141392898559570312e+01
4.169082164764404297e+00
8.629007339477539062e+00
5.751927947998046875e+01
1.720197677612304688e+01
2.772047805786132812e+01
1.396860351562500000e+02
2.374886703491210938e+01
2.977409362792968750e+02
6.757807617187500000e+02
1.020917739868164062e+02
6.739494800567626953e+00
6.748924732208251953e+00
