5.815562792122364044e-03
4.947103559970855713e-02
3.001238219439983368e-02
4.186931182630360126e-04
2.858957042917609215e-03
1.803635835647583008e+00
8.492629975080490112e-03
1.256580813787877560e-03
8.963471278548240662e-03
4.328824207186698914e-02
1.110244076699018478e-03
6.736690644174814224e-03
1.192682655528187752e-03
4.427627427503466606e-04
6.426828331314027309e-04
1.219637808389961720e-03
1.325544249266386032e-02
2.223247865913435817e-04
1.046013925224542618e-02
3.089350939262658358e-04
2.064190655946731567e-01
1.230022683739662170e-02
4.112403467297554016e-02
4.618740081787109375e-02
2.672439515590667725e-01
2.460782183334231377e-03
3.169213235378265381e-02
4.668806679546833038e-03
8.965506218373775482e-03
2.805188596248626709e-01
1.037792535498738289e-04
3.071841092605609447e-06
1.139281434006989002e-03
1.442244858480989933e-03
9.818244725465774536e-02
4.328443203121423721e-03
6.283572409301996231e-03
1.102189344237558544e-04
6.494863424450159073e-03
1.853156369179487228e-03
2.092915922403335571e-01
3.184161335229873657e-02
5.451442557387053967e-04
2.752000045776367188e+01
8.250566571950912476e-02
3.828357905149459839e-02
3.391504986211657524e-03
2.220851927995681763e-01
1.721032313071191311e-03
1.426977198570966721e-02
3.761702775955200195e-02
9.624199010431766510e-03
5.229434370994567871e-01
1.616482809185981750e-02
1.488535344833508134e-04
1.644385629333555698e-03
1.868677907623350620e-03
1.255248952656984329e-02
4.126491025090217590e-03
9.669313430786132812e-01
2.125156810507178307e-03
4.015258312225341797e+00
1.729684765450656414e-03
1.690466073341667652e-03
1.817661225795745850e-01
1.287470944225788116e-02
4.954344779253005981e-02
8.252576924860477448e-03
1.795911937952041626e-01
4.464351534843444824e-01
1.974182123376522213e-05
1.575836539268493652e+00
8.137337863445281982e-04
7.060661446303129196e-03
1.501833647489547729e-01
1.107935383915901184e-01
4.528635647147893906e-03
2.393855899572372437e-02
6.793099641799926758e-02
1.216177130118012428e-03
7.390753831714391708e-03
3.804741799831390381e-02
1.290368195623159409e-02
1.236904645338654518e-04
1.524037070339545608e-04
8.839936344884335995e-04
1.594477112121239770e-06
1.125707756727933884e-02
4.243267178535461426e-01
4.357990110293030739e-04
4.664761014282703400e-03
1.085178647190332413e-02
5.107726319693028927e-04
4.552188143134117126e-02
3.414263774175196886e-04
1.065431311726570129e-01
2.225541621446609497e-01
7.650794461369514465e-03
3.188022645190358162e-03
6.296861916780471802e-02
3.478791236877441406e+00
1.553140394389629364e-02
2.575493126641958952e-04
7.538769277743995190e-04
2.337140962481498718e-02
8.030559420585632324e-01
5.476794391870498657e-02
7.798293605446815491e-03
8.470903635025024414e-01
1.229078788310289383e-02
7.305439561605453491e-03
7.418630719184875488e-01
2.703081257641315460e-02
2.212934046983718872e-01
9.148549288511276245e-03
6.357932463288307190e-03
4.837289080023765564e-02
1.942080096341669559e-03
3.798417747020721436e-04
6.745905429124832153e-02
5.366331970435567200e-05
2.575258493423461914e+00
6.785165667533874512e-01
9.555368125438690186e-02
1.071877341018989682e-05
1.497887372970581055e-01
3.141575027257204056e-03
4.334193072281777859e-04
9.039219468832015991e-03
5.157892778515815735e-02
9.358297586441040039e-01
4.348633438348770142e-02
4.969015717506408691e-03
1.334169530309736729e-03
1.387080643326044083e-02
1.221595238894224167e-02
1.116520911455154419e-02
2.463199138641357422e+00
1.436588317155838013e-01
3.157826066017150879e-01
6.264990195631980896e-03
2.769048139452934265e-02
3.518423438072204590e-01
5.014028549194335938e+00
1.596518707275390625e+01
1.972538419067859650e-02
1.456371188163757324e+00
3.497378155589103699e-02
4.330119863152503967e-02
1.966228708624839783e-03
1.959479972720146179e-02
3.389568254351615906e-02
1.314665973186492920e-01
1.235289149917662144e-03
7.849894464015960693e-03
8.259624242782592773e-03
3.391602076590061188e-03
1.785295642912387848e-02
3.366516437381505966e-03
4.342502797953784466e-04
6.781697273254394531e-03
4.771357998833991587e-05
3.299953415989875793e-02
1.597963452339172363e+00
6.562988460063934326e-02
1.010207906365394592e-01
7.352668046951293945e-02
1.876170188188552856e-02
5.701455473899841309e-01
3.178193001076579094e-04
9.634424932301044464e-03
7.196838036179542542e-03
1.468266054871492088e-05
5.899299401789903641e-03
6.475882139056921005e-03
2.375307321548461914e+00
5.951618310064077377e-03
4.825594834983348846e-03
6.640583276748657227e-03
1.589660532772541046e-02
3.619104623794555664e-02
5.221311002969741821e-03
5.340663343667984009e-02
5.109944567084312439e-02
6.046895384788513184e-01
1.885263621807098389e-02
8.183202589862048626e-04
9.980102069675922394e-03
1.127370074391365051e-01
8.039452135562896729e-03
2.595952898263931274e-02
5.787353729829192162e-04
1.185190631076693535e-04
1.257128641009330750e-02
3.134057298302650452e-02
4.544284939765930176e-02
4.055792093276977539e-01
6.322598457336425781e-02
3.660227521322667599e-04
1.446071639657020569e-02
9.776476072147488594e-04
4.199386015534400940e-02
3.350701648741960526e-03
7.177105173468589783e-03
6.879590917378664017e-03
1.273597474209964275e-03
1.542485877871513367e-02
2.928705930709838867e+00
6.654571741819381714e-03
1.457787118852138519e-03
9.083957411348819733e-03
1.558415684849023819e-02
3.697661159094423056e-04
1.012944709509611130e-02
7.281647995114326477e-03
4.199189186096191406e+00
7.047877460718154907e-02
9.815142489969730377e-03
3.202238804078660905e-05
3.725094556808471680e+00
4.434676766395568848e-01
4.456412047147750854e-02
8.489192114211618900e-04
3.105997107923030853e-02
9.199840133078396320e-05
3.453722922131419182e-03
4.073539457749575377e-04
6.269863605499267578e+00
3.529421687126159668e-01
6.410087225958704948e-04
8.251975290477275848e-03
3.249098313972353935e-03
1.696581579744815826e-02
1.895703841000795364e-03
4.747723639011383057e-01
4.037990234792232513e-03
1.902186125516891479e-01
1.450643595308065414e-02
2.025273814797401428e-02
5.722463538404554129e-05
6.288251373916864395e-03
6.494046002626419067e-02
1.091580763459205627e-01
1.622154959477484226e-03
1.619796827435493469e-02
1.075825304724276066e-03
7.082917261868715286e-03
1.107195168733596802e-01
2.948159910738468170e-02
3.070409595966339111e-01
3.983909264206886292e-03
1.026512384414672852e+00
1.551368950458709151e-05
2.127480506896972656e-01
1.477110106498003006e-02
2.611378207802772522e-02
4.141007423400878906e+00
1.022893562912940979e-02
3.472359385341405869e-03
3.047492802143096924e-01
2.370387082919478416e-03
3.941090544685721397e-04
1.325958132743835449e+00
5.140799656510353088e-02
2.327271271497011185e-03
1.494952244684100151e-03
4.949376918375492096e-03
1.101514577865600586e+00
1.193887204863131046e-03
5.953559651970863342e-03
1.612288475036621094e+00
5.307257175445556641e-02
3.107221424579620361e-02
1.291668321937322617e-02
3.229794383514672518e-04
8.708925917744636536e-03
1.337160356342792511e-02
7.500825915485620499e-03
1.126236096024513245e-02
2.387353420257568359e+00
6.383486092090606689e-02
1.231391797773540020e-04
5.575084127485752106e-03
1.280464418232440948e-02
4.645236549549736083e-05
2.535574603825807571e-03
1.384820699691772461e+00
7.551076412200927734e-01
2.033605123870074749e-04
1.350891124457120895e-02
8.803399279713630676e-03
2.412219764664769173e-04
8.531574159860610962e-03
9.395970962941646576e-03
2.678602468222379684e-04
2.709180815145373344e-03
5.833929870277643204e-03
7.337089627981185913e-03
2.408320158720016479e-01
6.719148717820644379e-03
1.089166045188903809e+00
8.674965858459472656e+00
1.984549164772033691e-01
2.636836469173431396e-01
5.849162578582763672e+00
1.028561266139149666e-03
5.968327820301055908e-02
1.471612369641661644e-03
8.432319387793540955e-03
1.762641221284866333e-02
1.339341998100280762e+00
8.107070811092853546e-03
1.247533480636775494e-03
6.749750673770904541e-02
3.084340423811227083e-04
9.785345196723937988e-02
3.554724389687180519e-05
1.698964834213256836e-01
4.214216023683547974e-03
5.077893147245049477e-04
6.549636721611022949e-01
8.782045915722846985e-03
1.108585577458143234e-02
1.140294820070266724e-01
6.185862584970891476e-04
2.015091478824615479e-01
8.512764237821102142e-03
1.142588560469448566e-03
7.546966662630438805e-04
6.617407198064029217e-04
1.326941768638789654e-03
1.986536383628845215e-01
1.354191917926073074e-03
1.026301737874746323e-02
1.530810631811618805e-02
9.281033277511596680e-02
3.966820426285266876e-03
3.271492605563253164e-04
7.652407139539718628e-02
1.659681797027587891e-01
6.604157970286905766e-04
9.349735773866996169e-05
1.626121811568737030e-02
1.698100328445434570e+00
2.878990489989519119e-04
2.450096420943737030e-02
9.066503494977951050e-02
4.172016400843858719e-03
9.752286225557327271e-02
6.631835550069808960e-02
9.079058468341827393e-02
3.145740926265716553e-02
2.625318302307277918e-06
9.626328828744590282e-04
2.555399260018020868e-04
2.315271558472886682e-04
1.013930514454841614e-02
7.602728158235549927e-02
2.302950806915760040e-02
1.865961775183677673e-02
3.803949803113937378e-02
1.705000468064099550e-04
2.289700554683804512e-03
9.180524386465549469e-03
4.206717312335968018e-01
5.572798196226358414e-03
6.633593887090682983e-02
1.228478155098855495e-03
3.456189064309000969e-03
8.032431651372462511e-06
3.525246083736419678e-01
4.121194779872894287e-02
1.181491371244192123e-02
1.272839144803583622e-03
4.147677421569824219e+00
2.381865488132461905e-05
4.892036784440279007e-03
1.299019088037312031e-03
1.892760582268238068e-02
3.155311802402138710e-03
1.588802188634872437e-01
7.369360537268221378e-05
2.897339165210723877e-01
4.561194404959678650e-02
2.337698265910148621e-02
1.292335629463195801e+00
1.137859916687011719e+01
2.660666359588503838e-03
3.931829123757779598e-04
1.455914316466078162e-04
4.970703274011611938e-03
1.181352231651544571e-02
1.033906117081642151e-01
8.784214019775390625e+00
9.893227252177894115e-05
9.937364578247070312e+00
1.162124350666999817e-01
3.699018433690071106e-02
1.674754894338548183e-04
9.688754653325304389e-05
3.600352764129638672e+00
1.322107238769531250e+02
1.211129272460937500e+03
3.882423162460327148e+00
3.844767379760742188e+01
2.800989389419555664e+00
9.888899536132812500e+02
1.999328613281250000e+00
3.705072021484375000e+01
1.719465970993041992e+00
2.991404342651367188e+01
5.994509506225585938e+01
6.108303070068359375e+01
1.790870428085327148e-01
1.429482116699218750e+02
1.873233795166015625e+01
1.486777221679687500e+03
1.226657348632812500e+03
3.869906997680664062e+01
2.020773315429687500e+01
1.641830902099609375e+02
7.689371109008789062e+00
1.278907585144042969e+01
4.320877990722656250e+02
1.651467561721801758e+00
2.061625957489013672e+00
1.458196289062500000e+04
7.453396606445312500e+01
2.145973388671875000e+03
1.769747009277343750e+02
1.076105594635009766e+01
9.637405395507812500e+00
1.189883422851562500e+01
3.225779541015625000e+03
1.821362152099609375e+02
1.754084320068359375e+02
1.738370180130004883e+00
1.471133828163146973e+00
1.951215934753417969e+01
8.656623840332031250e+01
4.044602539062500000e+03
6.421799468994140625e+01
4.618662357330322266e+00
2.591908691406250000e+03
3.482614135742187500e+01
2.911272239685058594e+01
5.965768814086914062e+01
8.239884948730468750e+01
3.783131122589111328e+00
4.223627929687500000e+03
1.820673583984375000e+03
2.555432617187500000e+03
3.034506530761718750e+02
4.512489700317382812e+01
8.290321350097656250e+00
2.685683250427246094e+00
5.310900688171386719e+00
6.269937992095947266e+00
1.969298553466796875e+01
1.957689453125000000e+03
5.257871093750000000e+02
8.085769042968750000e+02
9.047922515869140625e+01
4.080502700805664062e+01
5.201818943023681641e+00
1.244742797851562500e+03
4.936669540405273438e+01
3.408967773437500000e+03
5.006683044433593750e+02
8.638686370849609375e+01
4.442605003714561462e-02
6.661354370117187500e+02
5.691403961181640625e+01
7.523802947998046875e+01
2.793767356872558594e+01
9.887644958496093750e+01
1.803071212768554688e+01
4.576126098632812500e+01
1.491497802734375000e+03
2.245104026794433594e+01
2.672997665405273438e+01
1.462644672393798828e+01
2.795027160644531250e+01
1.041505336761474609e+01
2.937203168869018555e+00
7.177999877929687500e+01
1.103758215904235840e+00
3.274635696411132812e+01
1.410863800048828125e+02
1.936953663825988770e-01
1.304520263671875000e+02
3.380821533203125000e+02
1.541914272308349609e+01
2.132024536132812500e+02
2.931890563964843750e+02
1.853080688476562500e+03
8.358549118041992188e+00
3.782375976562500000e+03
4.557125866413116455e-01
6.016109863281250000e+03
1.655977058410644531e+01
4.183175563812255859e+00
3.469687938690185547e+00
2.523427886962890625e+02
8.071142578125000000e+01
1.471474304199218750e+02
1.005617380142211914e+00
5.907576562500000000e+04
1.569301875000000000e+05
7.377275228500366211e-01
6.371598839759826660e-01
1.135792773437500000e+04
8.357831573486328125e+01
2.679344415664672852e+00
2.699146652221679688e+01
2.330704345703125000e+03
2.372003021240234375e+02
9.176048278808593750e+01
1.447978973388671875e+02
3.834736824035644531e+00
8.794891357421875000e+02
3.952809082031250000e+03
6.046474121093750000e+03
2.312756347656250000e+02
6.212052536010742188e+01
2.489823974609375000e+03
9.671262359619140625e+01
5.166035652160644531e+00
5.122156372070312500e+02
1.354414367675781250e+02
6.569622558593750000e+03
1.751226074218750000e+03
2.156929224729537964e-01
2.697407226562500000e+02
8.103680610656738281e-01
1.556639003753662109e+01
2.756016016006469727e+00
4.733959350585937500e+02
3.636665344238281250e+02
2.238814735412597656e+01
5.121117019653320312e+01
1.230135726928710938e+01
1.086220458984375000e+03
1.959377899169921875e+02
7.417307739257812500e+02
2.287484931945800781e+01
1.126814208984375000e+03
7.083799242973327637e-01
1.477232910156250000e+03
3.321758789062500000e+03
1.066304445266723633e+00
2.955391601562500000e+03
8.355735778808593750e+01
1.920349597930908203e-01
1.335731201171875000e+02
3.157875671386718750e+02
3.679965591430664062e+01
1.948467373847961426e+00
9.530399322509765625e+01
1.207659339904785156e+01
1.516808471679687500e+03
1.403157043457031250e+02
1.409427490234375000e+02
1.267651519775390625e+02
9.256885375976562500e+02
2.988150329589843750e+02
1.904666137695312500e+03
1.548447113037109375e+02
3.570460937500000000e+04
1.735951538085937500e+02
2.774189376831054688e+01
2.570063867187500000e+04
5.879501724243164062e+01
8.109365701675415039e-01
5.540822753906250000e+02
1.279175662994384766e+01
2.823551750183105469e+01
4.941046447753906250e+02
8.461421012878417969e+00
1.313121490478515625e+02
7.237109375000000000e+01
1.690579223632812500e+02
6.102987060546875000e+02
1.136074352264404297e+01
3.258554375000000000e+05
1.109072399139404297e+01
6.678623676300048828e+00
5.178569793701171875e+01
3.048461425781250000e+03
1.168498291015625000e+03
2.818465805053710938e+01
1.561111297607421875e+02
1.037315750122070312e+01
6.838411712646484375e+01
5.918118286132812500e+02
2.852196121215820312e+01
9.046654510498046875e+01
1.185815095901489258e+00
5.387341022491455078e+00
3.475076293945312500e+01
6.883260498046875000e+02
3.995554809570312500e+02
1.432882404327392578e+01
1.369596405029296875e+02
8.749235534667968750e+01
2.206301689147949219e+00
2.812453308105468750e+02
1.414303100585937500e+03
1.315772056579589844e+01
1.822293395996093750e+02
4.394495391845703125e+01
1.501839447021484375e+01
5.457236766815185547e-01
1.764858593750000000e+04
4.454426288604736328e+00
1.680982177734375000e+03
4.574418067932128906e+00
1.249435195922851562e+02
9.274721145629882812e-01
1.293585968017578125e+02
7.568970214843750000e+03
4.069150686264038086e-01
6.344105005264282227e-01
2.848667382812500000e+04
4.325727939605712891e+00
1.348626464843750000e+03
4.066745376586914062e+01
7.725865478515625000e+02
1.291899414062500000e+02
1.394230556488037109e+01
2.476817369461059570e-01
1.605022735595703125e+02
3.405285596847534180e+00
1.109262084960937500e+03
4.225821533203125000e+02
8.737378692626953125e+01
2.414802789688110352e+00
3.696551895141601562e+01
5.725480651855468750e+01
1.051930904388427734e+00
4.797158593750000000e+04
2.483926582336425781e+01
4.681164550781250000e+01
7.931610870361328125e+01
1.482991180419921875e+02
2.124853210449218750e+02
7.556650543212890625e+01
2.607063531875610352e+00
1.994585937500000000e+04
1.417501831054687500e+02
5.425320816040039062e+01
7.405821800231933594e+00
1.839122921228408813e-01
2.986965332031250000e+03
6.602906494140625000e+02
8.042883276939392090e-01
2.916005859375000000e+03
2.094005584716796875e+01
6.049774169921875000e+00
1.416298046875000000e+04
2.636470336914062500e+02
7.143182373046875000e+01
2.157468872070312500e+02
2.039627532958984375e+02
6.920657714843750000e+03
1.645053253173828125e+02
6.844629516601562500e+02
1.416013085937500000e+04
1.125138401985168457e+00
5.506067276000976562e+01
6.865906372070312500e+02
2.900695991516113281e+01
1.572726593017578125e+02
2.078030586242675781e+00
1.380676865577697754e+00
2.731261596679687500e+02
4.465989589691162109e+00
5.433961391448974609e+00
1.254224853515625000e+02
2.327902317047119141e+00
1.367438030242919922e+01
7.175655364990234375e+01
5.611023426055908203e+00
6.386836242675781250e+01
5.492213964462280273e-01
5.664288520812988281e+00
9.115300292968750000e+02
2.852587402343750000e+03
1.129486694335937500e+02
2.286251068115234375e+02
1.583159637451171875e+01
3.830526351928710938e+00
1.994259643554687500e+03
7.527847290039062500e+01
1.269054687500000000e+03
1.507652740478515625e+02
1.987182044982910156e+01
2.520212402343750000e+03
2.655095863342285156e+01
8.846874237060546875e+01
6.674647827148437500e+02
6.811289978027343750e+01
1.344187622070312500e+02
6.621287841796875000e+02
2.275378723144531250e+02
9.667716979980468750e+00
4.706024169921875000e+02
1.113736343383789062e+02
5.160098075866699219e+00
1.294033325195312500e+03
4.698905273437500000e+03
5.874645507812500000e+03
8.656066131591796875e+01
4.915921783447265625e+01
3.899060964584350586e+00
3.796770870685577393e-01
2.503084754943847656e+01
5.584767150878906250e+01
1.532399177551269531e+01
6.022070050239562988e-01
2.578470802307128906e+01
1.608193755149841309e+00
2.065990600585937500e+02
4.216837692260742188e+01
2.299233703613281250e+02
1.044981567382812500e+03
1.193799133300781250e+02
1.201696166992187500e+02
3.301702499389648438e+01
3.463420486450195312e+01
2.433891445398330688e-01
9.897023750000000000e+05
5.961924316406250000e+03
5.612999725341796875e+01
6.541149139404296875e+01
1.362550354003906250e+02
1.042480761718750000e+04
5.369518661499023438e+01
1.012646408081054688e+02
1.611806335449218750e+02
1.673496842384338379e+00
8.678524017333984375e+01
3.331051940917968750e+02
2.296880950927734375e+02
4.175442218780517578e+00
7.452490997314453125e+01
1.300322021484375000e+03
1.229711425781250000e+03
3.040555114746093750e+02
1.253612594604492188e+02
5.456025695800781250e+01
1.029249310493469238e+00
4.249233752489089966e-02
2.781514282226562500e+02
4.871269226074218750e+02
2.393803596496582031e+01
2.137306365966796875e+02
1.582088134765625000e+03
1.123499069213867188e+02
1.204125900268554688e+02
6.747632503509521484e+00
2.459246873855590820e+00
8.842814445495605469e+00
3.121792297363281250e+02
4.920877380371093750e+02
2.528063392639160156e+01
8.156763305664062500e+02
3.016363859176635742e+00
2.026747703552246094e+00
8.316771686077117920e-02
3.073555183410644531e+01
2.861879150390625000e+03
8.102767089843750000e+03
2.010060310363769531e+00
9.985077514648437500e+02
1.465210113525390625e+02
8.866689682006835938e+00
1.324801269531250000e+03
3.645542968750000000e+03
1.662315726280212402e+00
3.703038787841796875e+01
3.493019819259643555e+00
5.269331054687500000e+02
2.220898056030273438e+01
2.078630065917968750e+02
5.190020751953125000e+02
4.342037963867187500e+02
1.233608150482177734e+01
3.885368347167968750e+00
3.588485002517700195e+00
1.817799530029296875e+02
4.083762512207031250e+02
4.021741943359375000e+02
8.628061523437500000e+02
6.667582702636718750e+01
8.640396118164062500e+02
7.763929687500000000e+03
1.997501220703125000e+02
6.547648906707763672e+00
1.732874107360839844e+01
