9.716396778821945190e-02
8.382062613964080811e-02
3.587447479367256165e-02
1.353945932351052761e-03
2.512779319658875465e-03
4.873398303985595703e+00
1.152452081441879272e-02
7.199453539215028286e-04
1.330528594553470612e-02
8.527166396379470825e-02
1.021966687403619289e-03
2.515251282602548599e-03
5.580717232078313828e-03
6.969925016164779663e-04
2.365618478506803513e-03
6.558059714734554291e-03
1.135591138154268265e-02
3.806039749179035425e-04
2.303693257272243500e-02
1.807480002753436565e-03
3.967167437076568604e-01
2.043446712195873260e-02
5.390853807330131531e-02
2.559052594006061554e-02
6.588935256004333496e-01
4.239274188876152039e-03
5.308374762535095215e-02
4.362377338111400604e-03
1.174401566386222839e-01
1.720606386661529541e-01
8.131693903123959899e-05
3.908880535163916647e-05
3.995769366156309843e-04
1.162106916308403015e-02
3.564343973994255066e-02
1.758676837198436260e-03
5.085162352770566940e-03
1.474097807658836246e-04
1.585021428763866425e-02
1.339535694569349289e-03
2.520832121372222900e-01
1.390703320503234863e-01
4.331346135586500168e-04
2.218738365173339844e+01
9.792575240135192871e-02
3.908989205956459045e-02
2.548728138208389282e-03
5.956853032112121582e-01
1.217534299939870834e-03
8.983745239675045013e-03
1.871460825204849243e-01
4.704195261001586914e-02
1.472913175821304321e-01
4.418105352669954300e-03
6.766805890947580338e-04
1.497044460847973824e-03
9.671478532254695892e-03
3.860624739900231361e-03
2.654479583725333214e-03
9.865558743476867676e-01
1.043013110756874084e-02
1.922381281852722168e+00
1.082013826817274094e-03
1.074612257070839405e-03
1.184782758355140686e-01
1.450539100915193558e-02
1.098824888467788696e-01
1.034781336784362793e-02
3.194694817066192627e-01
1.332537531852722168e+00
2.268642856506630778e-05
5.092590332031250000e+00
2.530080673750489950e-04
8.936814963817596436e-03
3.342657387256622314e-01
3.276491537690162659e-02
1.119455602020025253e-02
7.864768616855144501e-03
2.469190210103988647e-01
7.884075865149497986e-03
1.824580691754817963e-02
1.533909421414136887e-02
1.372972223907709122e-02
1.491587754571810365e-04
4.474599263630807400e-04
7.744612521491944790e-04
2.576443648649728857e-06
5.403416603803634644e-02
8.571325987577438354e-02
5.442090332508087158e-04
3.329314058646559715e-03
1.080707740038633347e-02
5.458668456412851810e-04
9.479195624589920044e-02
6.726932479068636894e-04
8.090762794017791748e-02
1.795576810836791992e-01
4.946905374526977539e-02
8.624386973679065704e-03
2.418409585952758789e-01
1.658940434455871582e+00
3.825434669852256775e-02
3.772544150706380606e-04
1.673156977631151676e-03
1.182694826275110245e-02
6.684554815292358398e-01
4.400492832064628601e-02
8.463252335786819458e-03
1.792805939912796021e-01
7.126969750970602036e-03
6.828987039625644684e-03
1.478573083877563477e+00
1.191810891032218933e-01
1.679472029209136963e-01
6.302125751972198486e-03
9.121272712945938110e-03
3.474369272589683533e-02
1.878444338217377663e-03
4.688820918090641499e-04
6.406420469284057617e-02
9.361553238704800606e-04
4.707736015319824219e+00
4.797641336917877197e-01
1.209663674235343933e-01
1.221491402247920632e-05
1.320006884634494781e-02
2.451912034302949905e-03
1.916857436299324036e-04
2.359991520643234253e-02
6.678422540426254272e-02
4.119299650192260742e-01
1.642660703510046005e-03
7.478968705981969833e-03
5.094702937640249729e-04
3.682544827461242676e-02
1.819541491568088531e-02
1.892628893256187439e-02
4.507116973400115967e-01
5.553363636136054993e-02
3.479214310646057129e-01
1.223090291023254395e-02
2.489407360553741455e-02
3.811103701591491699e-01
2.353757858276367188e+00
6.078550815582275391e+00
5.754569545388221741e-02
1.121276974678039551e+00
7.332696765661239624e-02
2.142749726772308350e-01
5.861023906618356705e-03
1.878779381513595581e-02
7.120003551244735718e-02
3.577879816293716431e-02
2.464827848598361015e-03
3.692685440182685852e-02
7.937402464449405670e-03
5.201597232371568680e-03
1.435362920165061951e-02
5.355779430828988552e-04
6.597167812287807465e-04
1.019837427884340286e-02
2.974367816932499409e-04
3.165903687477111816e-02
2.118623256683349609e+00
2.033778838813304901e-02
8.993000537157058716e-02
1.903492212295532227e-01
6.007898598909378052e-02
9.544507265090942383e-01
2.404447586741298437e-04
5.113419145345687866e-02
2.429382503032684326e-02
1.787187284207902849e-05
2.143923426046967506e-03
3.066156059503555298e-03
6.618760228157043457e-01
4.954077769070863724e-03
1.798821799457073212e-02
2.671019872650504112e-03
7.529984414577484131e-02
8.043655008077621460e-02
1.060065720230340958e-02
5.078164488077163696e-02
2.768339775502681732e-02
3.544040918350219727e+00
6.327539682388305664e-03
6.482203025370836258e-03
1.414634007960557938e-02
4.183800816535949707e-01
1.843030191957950592e-02
5.976155027747154236e-02
2.276142360642552376e-03
2.708498686843086034e-05
2.354457974433898926e-02
1.460298057645559311e-02
5.472878459841012955e-03
1.022742629051208496e+00
8.067020773887634277e-02
3.171289863530546427e-04
1.364049874246120453e-02
3.456109901890158653e-03
3.633454069495201111e-02
9.325203485786914825e-03
1.372095290571451187e-02
6.324625574052333832e-03
7.080080686137080193e-04
6.921450048685073853e-02
9.479487419128417969e+00
4.568384960293769836e-03
1.382047892548143864e-03
1.117523293942213058e-02
6.358072161674499512e-02
2.756029134616255760e-04
1.818032860755920410e-01
1.117868721485137939e-02
8.445650100708007812e+00
8.371762931346893311e-02
3.450769698247313499e-03
1.586961210705339909e-03
3.504441499710083008e+00
2.782443463802337646e-01
8.911942131817340851e-03
6.451908499002456665e-03
7.806129008531570435e-02
2.421092940494418144e-04
6.475804839283227921e-03
4.340726591181010008e-04
6.609994411468505859e+00
2.553360462188720703e-01
1.146777300164103508e-03
3.598941490054130554e-02
3.973632119596004486e-03
8.453265763819217682e-03
1.828045956790447235e-02
4.954816699028015137e-01
4.854091443121433258e-03
3.893927335739135742e-01
1.000528875738382339e-02
3.298116102814674377e-02
4.607262962963432074e-05
6.048439536243677139e-03
1.224117204546928406e-01
1.721545904874801636e-01
5.384510383009910583e-03
2.358640916645526886e-02
2.814137842506170273e-03
5.548045039176940918e-02
2.765877842903137207e-01
3.827008232474327087e-02
5.068724155426025391e-01
4.272800404578447342e-03
1.303204178810119629e+00
1.499241079727653414e-05
1.527194231748580933e-01
4.602042026817798615e-03
5.308992415666580200e-02
7.190560817718505859e+00
5.100394785404205322e-02
7.003303617238998413e-03
5.407498478889465332e-01
2.704514889046549797e-03
9.327728766947984695e-04
6.766152381896972656e-01
1.126576028764247894e-02
1.994671067222952843e-03
6.202358286827802658e-03
1.341180130839347839e-02
2.657717227935791016e+00
1.177310012280941010e-03
1.123114302754402161e-02
2.714189291000366211e+00
1.422626674175262451e-01
4.146984219551086426e-02
1.926382421515882015e-03
1.734526304062455893e-04
5.131946876645088196e-03
7.038079667836427689e-03
1.432132627815008163e-02
1.179804503917694092e-01
1.703065156936645508e+00
7.167741656303405762e-02
9.136155131272971630e-04
2.206951379776000977e-02
3.487684065476059914e-03
4.928820635541342199e-05
2.003588946536183357e-03
3.378345966339111328e+00
3.069953680038452148e+00
3.305368300061672926e-04
2.395423687994480133e-02
1.746791414916515350e-02
8.373690798180177808e-05
2.782790921628475189e-02
1.991931349039077759e-02
6.450231885537505150e-04
1.815024204552173615e-02
9.300357662141323090e-03
1.918150484561920166e-02
7.422313690185546875e-01
1.543234847486019135e-02
3.066833019256591797e+00
1.638615131378173828e+00
3.229878544807434082e-01
3.793531656265258789e-01
1.118329429626464844e+01
3.264550352469086647e-03
1.549750864505767822e-01
5.442497786134481430e-03
3.310602158308029175e-03
5.067232623696327209e-02
6.069665551185607910e-01
8.491856046020984650e-03
6.068112328648567200e-02
8.814938366413116455e-02
5.666998331435024738e-04
7.766839116811752319e-02
1.505315012764185667e-04
1.291808485984802246e-01
7.826578803360462189e-03
6.458818912506103516e-03
7.526777386665344238e-01
1.084990217350423336e-03
5.076082423329353333e-02
1.172811388969421387e-01
1.397566404193639755e-03
2.210169732570648193e-01
9.569273330271244049e-03
8.532803039997816086e-04
1.316037960350513458e-03
4.090588772669434547e-04
8.120855782181024551e-04
2.638100385665893555e-01
2.348848385736346245e-03
1.243669912219047546e-02
3.079897956922650337e-03
1.169354543089866638e-01
4.814771469682455063e-03
1.215467578731477261e-03
6.021813303232192993e-02
3.261620104312896729e-01
3.371864790096879005e-03
2.078957768389955163e-04
2.427423140034079552e-03
2.642147064208984375e+00
1.427652168786153197e-04
1.864655129611492157e-02
7.712955772876739502e-02
8.662308566272258759e-03
1.390297710895538330e-01
3.924190998077392578e-02
3.130792826414108276e-02
3.171270340681076050e-02
2.849476231858716346e-06
5.180379375815391541e-03
1.265780068933963776e-03
2.729691041167825460e-04
2.245900966227054596e-02
2.125215716660022736e-02
3.384013846516609192e-02
3.608511388301849365e-02
2.464537508785724640e-02
3.953087143599987030e-04
7.607957348227500916e-03
4.069749731570482254e-03
1.983720809221267700e-01
4.680924117565155029e-03
9.968406520783901215e-03
2.799924404826015234e-04
7.701687514781951904e-03
5.845377017976716161e-05
3.312945738434791565e-02
8.106456696987152100e-02
9.806981682777404785e-02
2.012060955166816711e-02
6.116736412048339844e+00
3.837054100586101413e-05
3.152065211907029152e-03
8.944032713770866394e-03
4.476073663681745529e-03
4.780399147421121597e-03
1.377934366464614868e-01
2.559564891271293163e-04
1.997949331998825073e-01
3.183981776237487793e-02
2.995316497981548309e-02
4.987464904785156250e+00
1.110743999481201172e+01
2.439573407173156738e-03
1.904330711113288999e-04
3.225577238481491804e-04
3.427591174840927124e-02
7.440129760652780533e-03
8.970971405506134033e-02
1.358330154418945312e+01
4.987814463675022125e-05
5.078816413879394531e+00
1.376372575759887695e-01
5.517127364873886108e-02
2.836719213519245386e-04
6.717076030327007174e-05
8.104641914367675781e+00
3.731777191162109375e+01
4.809411926269531250e+02
1.111784815788269043e+00
2.095071792602539062e+01
1.780861258506774902e+00
2.474003295898437500e+02
5.532419681549072266e+00
4.676886367797851562e+01
1.062073945999145508e+00
1.247006130218505859e+01
3.353968811035156250e+01
3.622486495971679688e+01
6.722941994667053223e-02
1.022084274291992188e+02
1.384137630462646484e+01
2.571754150390625000e+02
1.599787292480468750e+02
1.667315292358398438e+01
2.486919021606445312e+01
3.765548095703125000e+02
1.745326995849609375e+00
4.343524932861328125e+00
8.574897766113281250e+01
9.609957337379455566e-01
2.352200269699096680e+00
7.427281494140625000e+02
1.351123962402343750e+02
3.958112792968750000e+03
2.972751770019531250e+02
3.519558715820312500e+01
2.333973312377929688e+01
1.367362260818481445e+00
2.537670166015625000e+03
7.070058441162109375e+01
3.937020874023437500e+01
2.389457941055297852e+00
2.892378866672515869e-01
1.858276486396789551e+00
8.970668792724609375e+01
7.864004516601562500e+02
4.305937194824218750e+01
2.106690645217895508e+00
1.093125854492187500e+03
1.582712841033935547e+01
2.239432525634765625e+01
2.046822547912597656e+01
1.072210311889648438e+02
2.942644834518432617e+00
1.453752319335937500e+03
1.066661621093750000e+03
3.176716308593750000e+02
5.639839172363281250e+01
1.253049564361572266e+01
3.215404129028320312e+01
1.392134284973144531e+01
6.888902187347412109e+00
2.097270965576171875e+00
1.697074508666992188e+01
2.138791992187500000e+03
2.326703491210937500e+02
5.955059814453125000e+02
7.178958129882812500e+01
8.558631134033203125e+01
3.572253227233886719e+00
3.262848510742187500e+02
2.503451347351074219e+01
5.060524414062500000e+03
4.582977600097656250e+02
1.437134094238281250e+02
7.570232450962066650e-02
3.906939697265625000e+02
4.180076599121093750e+00
1.159336853027343750e+02
2.920900154113769531e+01
1.081212005615234375e+02
2.215668487548828125e+01
5.175224685668945312e+01
3.040726318359375000e+02
6.040027236938476562e+01
2.056938362121582031e+01
2.502559185028076172e+00
9.705906867980957031e+00
1.078072929382324219e+01
3.195372390747070312e+01
8.648631095886230469e+00
3.075564205646514893e-01
2.218052864074707031e+01
3.418651580810546875e+01
3.528768301010131836e+00
2.816503601074218750e+02
3.804545288085937500e+02
3.390851593017578125e+01
7.200161743164062500e+01
9.873336791992187500e+01
6.849605712890625000e+02
2.531808376312255859e+00
6.328316406250000000e+03
1.140264391899108887e+00
1.157744262695312500e+03
6.424178600311279297e+00
1.760716056823730469e+01
7.006072998046875000e+01
4.544009399414062500e+02
6.579032897949218750e+01
1.358202819824218750e+02
3.112179517745971680e+00
1.663610742187500000e+04
6.728964355468750000e+03
1.733523607254028320e-01
2.912509739398956299e-01
1.200772851562500000e+04
1.880167846679687500e+02
1.695225238800048828e+00
4.049383163452148438e+01
1.313722778320312500e+03
2.221056060791015625e+02
1.318046569824218750e+02
3.157521057128906250e+01
6.731903076171875000e+00
1.329247192382812500e+03
2.588778808593750000e+03
2.610540039062500000e+03
3.609271545410156250e+02
6.133251571655273438e+01
1.074153442382812500e+03
7.195610809326171875e+01
6.158257961273193359e+00
7.691320800781250000e+02
4.260343170166015625e+01
1.386758789062500000e+03
1.471032409667968750e+02
1.627540737390518188e-01
6.838760375976562500e+01
4.769229590892791748e-01
1.294725799560546875e+01
9.263784885406494141e-01
1.912917846679687500e+03
2.394038391113281250e+02
2.086690979003906250e+02
6.790622711181640625e+01
7.441744804382324219e-01
7.531627807617187500e+02
1.099856948852539062e+02
3.274022827148437500e+02
2.152373313903808594e+01
5.053388977050781250e+02
7.134755253791809082e-01
5.907466430664062500e+02
1.544912231445312500e+03
6.739642620086669922e-01
4.336289978027343750e+02
1.974758720397949219e+01
2.113935947418212891e-01
4.458118057250976562e+01
5.356554412841796875e+01
8.235835075378417969e+00
8.923224806785583496e-01
1.852861404418945312e+01
6.128787231445312500e+01
3.128778686523437500e+02
2.685514221191406250e+02
2.165962677001953125e+02
3.866948547363281250e+02
2.553751525878906250e+02
2.422830352783203125e+02
4.831878967285156250e+02
1.143001327514648438e+02
5.334295410156250000e+03
4.675505065917968750e+01
8.796775817871093750e+00
1.033012597656250000e+04
2.441440391540527344e+01
2.492441684007644653e-01
1.713028564453125000e+02
8.110279083251953125e+00
1.605769348144531250e+01
9.784200286865234375e+01
4.457295417785644531e+00
4.816431045532226562e+01
1.074699478149414062e+02
7.787785339355468750e+01
3.061561889648437500e+02
4.998057556152343750e+01
5.791512890625000000e+04
2.300147294998168945e+00
8.493158817291259766e-01
2.168006439208984375e+02
1.445980102539062500e+03
3.081127929687500000e+02
1.153669509887695312e+02
7.115100097656250000e+02
6.759717464447021484e+00
8.740028381347656250e+01
3.576639404296875000e+02
3.102546453475952148e+00
6.306232833862304688e+01
1.162023782730102539e+00
7.536809921264648438e+00
2.848956489562988281e+01
1.332340698242187500e+02
1.544353179931640625e+02
1.565236186981201172e+01
2.395077896118164062e+01
2.728556060791015625e+01
1.063010573387145996e+00
9.992378997802734375e+01
5.523694458007812500e+02
2.792041540145874023e+00
3.547882080078125000e+02
1.389605426788330078e+01
1.110315895080566406e+01
6.136743426322937012e-01
2.082770507812500000e+04
2.873332500457763672e+00
1.173407348632812500e+03
2.152513980865478516e+00
5.867190170288085938e+01
1.395055890083312988e+00
8.821048736572265625e+01
8.195950195312500000e+03
2.680925726890563965e-01
2.519012928009033203e+00
2.208881640625000000e+04
6.372852802276611328e+00
6.282099609375000000e+02
5.195048809051513672e+00
2.044623870849609375e+02
4.910791778564453125e+01
9.451305389404296875e+00
4.593080282211303711e-02
5.973073959350585938e+00
9.896531105041503906e-01
1.175162719726562500e+03
1.125806121826171875e+02
5.936667633056640625e+01
6.746666908264160156e+00
9.960634613037109375e+01
6.207093048095703125e+01
1.021555304527282715e+00
1.186812255859375000e+03
4.545952224731445312e+01
3.611791992187500000e+01
6.426103210449218750e+01
3.443266906738281250e+02
7.387481689453125000e+01
1.647425537109375000e+02
3.459269046783447266e+00
4.058779541015625000e+03
2.950632019042968750e+02
4.759130859375000000e+01
3.027760982513427734e+00
1.633734107017517090e-01
2.570268554687500000e+03
2.958349609375000000e+02
3.420687675476074219e+00
5.499798828125000000e+03
4.548659133911132812e+01
4.713047504425048828e+00
4.975582031250000000e+03
7.282138347625732422e+00
1.212172698974609375e+02
3.889746093750000000e+01
4.950288696289062500e+02
2.305565185546875000e+03
1.035482330322265625e+02
8.227655639648437500e+02
3.950815429687500000e+03
8.895552754402160645e-01
1.381550598144531250e+01
2.815093994140625000e+02
3.173144912719726562e+01
2.516427307128906250e+02
1.436540365219116211e+00
4.407546818256378174e-01
1.353172302246093750e+02
3.371845483779907227e+00
8.508554458618164062e+00
3.540966033935546875e+01
3.214233636856079102e+00
4.451790618896484375e+01
7.978263092041015625e+01
4.494702339172363281e+00
4.811640167236328125e+01
1.906340956687927246e+00
7.616502046585083008e-01
9.614898681640625000e+02
1.160747460937500000e+04
4.263962554931640625e+01
4.612603454589843750e+02
1.471129131317138672e+01
3.075735569000244141e+00
6.246088867187500000e+02
2.864077568054199219e+01
1.349698974609375000e+03
1.489356384277343750e+02
3.268702697753906250e+01
1.332793090820312500e+03
2.847759246826171875e+01
9.658657836914062500e+01
4.733444824218750000e+02
5.737166595458984375e+01
2.347059440612792969e+01
4.248328552246093750e+02
2.132552337646484375e+02
1.745621871948242188e+01
8.849507446289062500e+02
2.649143791198730469e+01
4.748214721679687500e+00
2.920639648437500000e+02
7.011604614257812500e+02
5.302559204101562500e+02
1.139716796875000000e+02
7.346593379974365234e+00
8.939173817634582520e-01
4.546063840389251709e-01
2.224351501464843750e+01
4.453523254394531250e+01
1.052938652038574219e+01
7.886710762977600098e-01
1.711405754089355469e+01
4.578328132629394531e-01
2.360447082519531250e+02
2.082773208618164062e+01
4.007464904785156250e+02
1.291930236816406250e+02
1.104252166748046875e+02
1.932383346557617188e+01
1.975053787231445312e+01
8.195679664611816406e+00
4.061975479125976562e-01
2.200701250000000000e+05
3.280680236816406250e+02
7.349857330322265625e+01
6.221476364135742188e+01
4.195398712158203125e+01
1.564860839843750000e+03
8.426841735839843750e+01
9.648360443115234375e+01
2.563997192382812500e+02
2.681513547897338867e+00
6.644464111328125000e+01
5.100942611694335938e+01
1.865683135986328125e+02
2.451572895050048828e+00
3.348159408569335938e+01
1.811259307861328125e+02
9.148816528320312500e+02
5.814634323120117188e+01
5.966619491577148438e+01
4.627005767822265625e+01
2.763462305068969727e+00
5.068667978048324585e-02
4.863271484375000000e+02
2.070888671875000000e+02
2.472179412841796875e+01
3.335355758666992188e+01
1.648956451416015625e+02
1.490856323242187500e+02
2.057861480712890625e+02
1.179226112365722656e+01
4.436682462692260742e-01
8.185972213745117188e+00
1.631486511230468750e+02
5.952291870117187500e+01
2.618286705017089844e+01
9.320856933593750000e+02
2.580269098281860352e+00
1.831129431724548340e+00
5.700010061264038086e-02
7.585889816284179688e+00
3.227468750000000000e+03
2.055085449218750000e+03
8.145883560180664062e+00
7.308786010742187500e+02
4.009207916259765625e+01
7.030945777893066406e+00
2.640301269531250000e+03
6.350079956054687500e+02
5.968690872192382812e+00
1.092899036407470703e+01
2.277620077133178711e+00
6.958147430419921875e+01
3.265760183334350586e+00
6.646397399902343750e+01
3.959743652343750000e+02
8.496033325195312500e+02
4.102317047119140625e+01
3.739023685455322266e+00
9.606626510620117188e+00
1.729379882812500000e+02
6.458727264404296875e+01
2.114410972595214844e+01
6.346837768554687500e+02
1.057661247253417969e+01
2.848918457031250000e+02
2.022744995117187500e+03
1.852663726806640625e+02
8.609552383422851562e+00
2.298771142959594727e+00
