6.100338418036699295e-03
2.742578387260437012e-01
4.915793612599372864e-02
1.060678041540086269e-03
1.006950065493583679e-02
9.889238357543945312e+00
3.667098470032215118e-03
4.147343803197145462e-03
1.375918183475732803e-02
1.178843751549720764e-01
8.482070406898856163e-04
2.109962515532970428e-03
9.073559194803237915e-03
5.116718821227550507e-04
2.657207369338721037e-04
2.322043525055050850e-03
2.137180231511592865e-02
1.450455310987308621e-04
5.190201848745346069e-02
3.160743508487939835e-04
4.182562530040740967e-01
5.835885647684335709e-03
3.560013696551322937e-02
1.982225105166435242e-02
3.693080544471740723e-01
3.686740528792142868e-03
3.167948499321937561e-02
6.439816672354936600e-03
2.417797595262527466e-02
8.310477137565612793e-01
7.525171531597152352e-05
7.393971372948726639e-07
8.143750601448118687e-04
4.051786381751298904e-03
6.415253877639770508e-02
1.758986338973045349e-02
8.481929078698158264e-03
1.003465804387815297e-04
1.921177469193935394e-02
3.333433298394083977e-03
2.085908651351928711e-01
4.418409243226051331e-02
1.193176954984664917e-03
4.595178604125976562e+00
1.276007443666458130e-01
2.548016048967838287e-02
1.728224800899624825e-03
6.169652193784713745e-02
7.988403085619211197e-04
6.493349093943834305e-03
9.260065108537673950e-02
1.245120167732238770e-02
2.118282169103622437e-01
2.606216352432966232e-03
6.480536831077188253e-05
1.777862315066158772e-03
3.885234473273158073e-03
2.018765546381473541e-02
2.487805904820561409e-03
2.528537988662719727e+00
1.266706851311028004e-03
5.210328102111816406e+00
8.681312319822609425e-04
2.381287486059591174e-04
1.679810583591461182e-01
3.194153308868408203e-03
1.276197284460067749e-01
1.901129446923732758e-02
4.074882864952087402e-01
1.712951660156250000e-01
2.442476215946953744e-05
1.445093512535095215e+00
1.251526759006083012e-03
4.068899899721145630e-03
3.860091567039489746e-01
1.477437168359756470e-01
3.880753880366683006e-03
8.270950987935066223e-03
1.179866120219230652e-01
2.615166828036308289e-03
7.270361762493848801e-03
5.758107453584671021e-02
2.705880999565124512e-02
4.769929364556446671e-05
1.846504601417109370e-04
6.242753006517887115e-04
1.811950710361998063e-06
2.626635320484638214e-02
1.682748496532440186e-01
2.041395055130124092e-03
8.671193383634090424e-03
2.240122109651565552e-02
2.627860812935978174e-04
9.751412272453308105e-02
2.885604044422507286e-04
3.894957900047302246e-01
5.659591034054756165e-02
2.387336641550064087e-02
3.512724302709102631e-03
9.069571644067764282e-02
6.773657798767089844e-01
1.841782219707965851e-02
4.532217280939221382e-04
2.976056130137294531e-04
2.856065146625041962e-02
7.568158507347106934e-01
1.383005529642105103e-01
6.267733406275510788e-03
1.874229758977890015e-01
8.457563817501068115e-03
3.220412135124206543e-02
1.449640244245529175e-01
4.394670948386192322e-02
1.649720221757888794e-01
3.647736506536602974e-03
9.110800921916961670e-03
2.223224192857742310e-02
1.410547993145883083e-03
7.708535413257777691e-04
4.583320394158363342e-02
3.796927339863032103e-04
1.395016670227050781e+00
2.538501024246215820e-01
1.481048315763473511e-01
1.217699718836229295e-05
3.692472353577613831e-02
6.657726480625569820e-04
2.072002389468252659e-04
1.235787011682987213e-02
1.233752518892288208e-01
5.097320675849914551e-01
9.229869581758975983e-03
3.904741490259766579e-03
4.594692145474255085e-04
7.102035451680421829e-03
1.146455854177474976e-02
9.724440984427928925e-03
1.152211189270019531e+00
1.499384343624114990e-01
9.744938611984252930e-01
7.321564946323633194e-03
2.974981442093849182e-02
1.511885672807693481e-01
6.997992396354675293e-01
3.171185731887817383e+00
1.025159657001495361e-02
1.139979362487792969e+00
1.063380856066942215e-02
3.133065998554229736e-02
3.785722423344850540e-03
1.261727605015039444e-02
3.849530220031738281e-02
3.487390652298927307e-02
2.457105088979005814e-03
3.256306052207946777e-02
3.631720319390296936e-02
3.985332325100898743e-03
2.665549702942371368e-02
6.971251568756997585e-04
3.060352755710482597e-04
3.839033842086791992e-02
2.457209120620973408e-05
1.317342091351747513e-02
1.099604249000549316e+00
2.173592150211334229e-02
1.290024966001510620e-01
2.473272383213043213e-01
5.076668038964271545e-02
9.717329740524291992e-01
1.165483627119101584e-04
1.472642924636602402e-02
2.594632469117641449e-02
1.511445134383393452e-05
2.248890697956085205e-03
6.046178750693798065e-03
4.376983046531677246e-01
4.890539217740297318e-03
5.287689156830310822e-03
1.290288753807544708e-02
7.225912064313888550e-03
2.237350307404994965e-02
1.631612330675125122e-02
9.184752404689788818e-02
5.503857880830764771e-02
1.296539783477783203e+00
1.045958511531352997e-02
2.727277576923370361e-03
2.968037128448486328e-02
2.113097459077835083e-01
1.455329917371273041e-02
2.548666857182979584e-02
2.202318515628576279e-03
1.356388529529795051e-04
1.687829941511154175e-02
1.539318356662988663e-02
4.397652670741081238e-02
1.182081460952758789e+00
1.531799286603927612e-01
3.486019559204578400e-04
8.050205186009407043e-03
5.390884354710578918e-03
3.991205245256423950e-02
5.936635658144950867e-03
2.457472961395978928e-03
9.874686598777770996e-03
4.680415149778127670e-04
2.475360035896301270e-02
9.181425094604492188e+00
6.172924302518367767e-03
2.085139974951744080e-03
5.925238598138093948e-03
4.955617338418960571e-02
4.455108137335628271e-04
1.325695365667343140e-01
3.197630122303962708e-02
1.421398830413818359e+01
9.537231177091598511e-02
4.066138062626123428e-03
1.712436205707490444e-04
2.850041866302490234e+00
1.074810102581977844e-01
2.010118030011653900e-02
1.720834523439407349e-03
3.667055815458297729e-02
9.623960067983716726e-05
8.847759105265140533e-03
3.854409151244908571e-04
6.483895301818847656e+00
1.122145727276802063e-01
6.041307933628559113e-04
8.298746310174465179e-03
1.321894000284373760e-03
1.108299102634191513e-02
9.026697953231632710e-04
7.980505824089050293e-01
5.557542201131582260e-03
4.389775097370147705e-01
1.495566871017217636e-02
6.549115758389234543e-03
1.843402715167030692e-04
4.800430033355951309e-03
7.958468049764633179e-02
1.797497570514678955e-01
1.182244857773184776e-03
1.369576063007116318e-02
8.579427376389503479e-04
6.214749813079833984e-02
4.898427799344062805e-02
2.402481064200401306e-02
2.878582775592803955e-01
7.749241311103105545e-03
1.593274354934692383e+00
2.841513014573138207e-05
6.291258335113525391e-02
1.154808141291141510e-02
2.944540791213512421e-02
1.829406356811523438e+01
1.266260072588920593e-02
8.846211247146129608e-03
6.928162574768066406e-01
1.163256703875958920e-03
3.724196576513350010e-04
2.139388799667358398e+00
2.680365741252899170e-02
7.738547283224761486e-04
7.360680028796195984e-03
2.536061918362975121e-03
2.486825704574584961e+00
5.181559827178716660e-04
8.731408976018428802e-03
2.152863502502441406e+00
1.605916768312454224e-02
9.915252774953842163e-02
5.070353858172893524e-03
1.652940263738855720e-04
1.524263154715299606e-02
5.857651587575674057e-03
3.531665774062275887e-03
7.308568805456161499e-02
1.357072949409484863e+00
4.543875530362129211e-02
6.412566290237009525e-04
4.661556798964738846e-03
1.149266399443149567e-02
8.953833457781001925e-05
1.233043964020907879e-03
2.128921031951904297e+00
1.078938603401184082e+00
1.462482614442706108e-04
1.898039318621158600e-02
7.493722252547740936e-03
8.528844773536548018e-05
1.470648590475320816e-02
1.337921246886253357e-02
3.283473197370767593e-04
6.520709488540887833e-03
1.239776238799095154e-02
3.515780903398990631e-03
1.263214200735092163e-01
6.482975557446479797e-03
2.618495941162109375e+00
3.386955976486206055e+00
1.115479543805122375e-01
8.430746793746948242e-01
9.743192672729492188e+00
2.786926692351698875e-03
4.166946560144424438e-02
1.075107837095856667e-03
5.097765009850263596e-03
3.175200894474983215e-02
9.562734365463256836e-01
1.409630943089723587e-02
2.833466744050383568e-03
1.843863911926746368e-02
3.040796727873384953e-04
8.970735967159271240e-02
5.154656901140697300e-05
1.264172345399856567e-01
1.385199488140642643e-03
9.380343253724277020e-04
7.368275523185729980e-01
7.727647316642105579e-04
2.246642112731933594e-02
1.427904218435287476e-01
4.547479096800088882e-03
2.885453104972839355e-01
4.556202329695224762e-03
3.245906846132129431e-04
5.443140980787575245e-04
7.116880151443183422e-04
1.646462362259626389e-03
1.174747124314308167e-01
2.857103710994124413e-03
5.364666692912578583e-03
6.045475136488676071e-03
5.133303999900817871e-02
1.334947161376476288e-02
3.804863954428583384e-04
4.415241628885269165e-02
5.916977673768997192e-02
7.492714212276041508e-04
5.958370456937700510e-05
8.519899100065231323e-03
9.898922443389892578e-01
2.430364838801324368e-04
7.134649902582168579e-02
1.541215479373931885e-01
2.690179040655493736e-03
9.104250371456146240e-02
1.487227249890565872e-02
6.715920567512512207e-02
2.147603407502174377e-02
2.408893124083988369e-06
1.315663335844874382e-03
5.702584167011082172e-04
1.209605325129814446e-04
1.818596199154853821e-02
4.260036628693342209e-03
5.122990906238555908e-02
1.977253891527652740e-02
1.374493259936571121e-02
3.647767880465835333e-04
4.685406107455492020e-03
3.821056568995118141e-03
2.114481329917907715e-01
8.161049336194992065e-03
4.353255033493041992e-02
3.709631273522973061e-04
3.171793650835752487e-03
1.863045872596558183e-05
7.730282843112945557e-02
2.984193712472915649e-02
6.635493785142898560e-02
4.680562764406204224e-03
1.569769501686096191e+00
3.180504791089333594e-05
3.265319624915719032e-03
7.373997941613197327e-03
2.034384571015834808e-02
7.696323562413454056e-03
7.098856568336486816e-02
1.423796202288940549e-04
1.827655732631683350e-01
9.650600701570510864e-02
2.441265992820262909e-02
4.176548004150390625e+00
6.740940093994140625e+00
2.453267341479659081e-03
2.740777272265404463e-04
9.606344974599778652e-05
2.016800269484519958e-02
2.845199033617973328e-02
5.935802310705184937e-02
1.124461078643798828e+01
8.265477663371711969e-05
9.280613899230957031e+00
8.352870494127273560e-02
5.476187169551849365e-02
3.736117214430123568e-04
1.170356554212048650e-04
1.988984704017639160e+00
2.596940002441406250e+02
1.667492797851562500e+03
2.908604621887207031e+00
4.611507034301757812e+01
3.083144664764404297e+00
3.212857177734375000e+03
8.233543395996093750e+00
4.731414794921875000e+01
2.833125829696655273e+00
4.800897598266601562e+01
1.874158096313476562e+01
1.151173629760742188e+02
1.511605083942413330e-01
5.125362777709960938e+01
3.673006057739257812e+01
1.842199218750000000e+03
1.882400665283203125e+02
3.456789398193359375e+01
2.160762977600097656e+01
3.804833679199218750e+02
2.474065780639648438e+00
1.321587467193603516e+01
1.129524383544921875e+02
1.089253783226013184e+00
4.509193897247314453e+00
6.763461914062500000e+03
1.195725326538085938e+02
1.896991821289062500e+03
8.515192871093750000e+02
1.885397911071777344e+01
8.592148780822753906e+00
2.845589637756347656e+00
1.514311645507812500e+03
5.267459487915039062e+01
4.438660583496093750e+02
4.059160232543945312e+00
6.716547012329101562e-01
1.917900466918945312e+01
2.053737487792968750e+02
1.500976074218750000e+03
2.736990165710449219e+01
7.016609191894531250e+00
9.873285522460937500e+02
1.924869918823242188e+01
2.318949508666992188e+01
2.601203308105468750e+02
4.484828567504882812e+01
2.763266086578369141e+00
1.504645751953125000e+03
2.044686279296875000e+03
1.384897949218750000e+03
2.146988830566406250e+02
1.064362812042236328e+01
4.459301948547363281e+00
1.750934600830078125e+00
1.820053291320800781e+01
4.350706100463867188e+00
2.792002868652343750e+01
5.785150878906250000e+03
1.809915008544921875e+02
5.842128906250000000e+02
6.398089981079101562e+01
2.596816062927246094e+01
5.730205535888671875e+00
6.122939453125000000e+02
3.093527603149414062e+01
5.345416992187500000e+03
2.802831420898437500e+02
6.938215637207031250e+01
7.320952415466308594e-02
1.377489929199218750e+02
1.859829521179199219e+01
1.671504211425781250e+02
1.094160652160644531e+01
1.830749511718750000e+02
2.119885635375976562e+01
1.483204078674316406e+01
1.857662597656250000e+03
6.103461456298828125e+01
1.627858543395996094e+01
1.010249137878417969e+01
1.700938034057617188e+01
6.845414161682128906e+00
9.427557945251464844e+00
2.767277526855468750e+01
3.645687401294708252e-01
4.686587524414062500e+01
1.659490051269531250e+02
2.312847614288330078e+00
4.153895568847656250e+02
1.264467651367187500e+03
9.094588279724121094e+00
1.004846420288085938e+02
1.085978546142578125e+02
2.156123779296875000e+03
7.010332107543945312e+00
2.720538330078125000e+03
1.209256529808044434e+00
4.257785156250000000e+03
8.112365722656250000e+00
1.049083709716796875e+01
6.853925704956054688e+00
1.117458953857421875e+02
1.854840850830078125e+02
1.917511444091796875e+02
3.610172510147094727e+00
2.818915625000000000e+04
6.741094531250000000e+04
3.199701011180877686e-01
8.083553314208984375e-01
4.063148193359375000e+03
1.758731689453125000e+02
2.113352775573730469e+00
1.433396625518798828e+01
1.421408081054687500e+03
2.446838836669921875e+02
1.192493438720703125e+02
2.367894134521484375e+02
5.050875186920166016e+00
1.435831298828125000e+03
8.558325195312500000e+03
6.540958984375000000e+03
2.208200073242187500e+02
5.953501129150390625e+01
1.443082275390625000e+03
1.402566986083984375e+02
4.456062793731689453e+00
1.212102172851562500e+03
1.835249023437500000e+02
2.509697753906250000e+03
5.126090087890625000e+02
2.511088550090789795e-01
1.690800170898437500e+02
6.639949679374694824e-01
3.016596984863281250e+01
4.667275249958038330e-01
9.215165405273437500e+02
2.306088409423828125e+02
1.719105987548828125e+02
1.285415496826171875e+02
5.917014598846435547e+00
5.889847412109375000e+02
5.807239151000976562e+01
3.890205383300781250e+02
8.810724258422851562e+00
7.025982666015625000e+02
3.661909401416778564e-01
6.072414550781250000e+02
1.901819213867187500e+03
6.614504456520080566e-01
5.659049804687500000e+03
3.674629974365234375e+01
1.791413426399230957e-01
1.249793930053710938e+02
3.299736022949218750e+02
2.052664947509765625e+01
2.758382081985473633e+00
1.604646492004394531e+01
2.056345939636230469e+01
1.638390625000000000e+03
8.647109985351562500e+01
1.973506774902343750e+02
8.076994323730468750e+01
4.080328979492187500e+02
1.912342376708984375e+02
2.490118408203125000e+03
9.876472473144531250e+01
2.906556445312500000e+04
9.270879364013671875e+01
3.277051162719726562e+01
2.259065039062500000e+04
2.199958229064941406e+01
7.910035848617553711e-01
5.164304199218750000e+02
7.681878566741943359e+00
1.272617149353027344e+01
2.338335113525390625e+02
1.081177711486816406e+01
2.913490104675292969e+01
1.087168655395507812e+02
1.607251434326171875e+02
2.876526489257812500e+02
2.608828926086425781e+01
1.613265937500000000e+05
3.194268941879272461e+00
9.072887420654296875e+00
9.814811706542968750e+01
4.029960205078125000e+03
1.272305419921875000e+03
6.256193542480468750e+01
2.357539215087890625e+02
2.745778465270996094e+01
4.457009506225585938e+01
3.532084045410156250e+02
1.987972450256347656e+01
1.447837371826171875e+02
2.879635095596313477e+00
1.199280738830566406e+01
2.234520912170410156e+01
4.789213867187500000e+02
4.321149902343750000e+02
1.726121139526367188e+01
2.345081710815429688e+01
4.848572540283203125e+01
2.392820119857788086e+00
1.246402206420898438e+02
2.697703125000000000e+03
2.476490592956542969e+01
1.177994232177734375e+02
2.725724983215332031e+01
4.114695739746093750e+01
7.599676847457885742e-01
7.063057031250000000e+04
1.759674835205078125e+01
1.289733520507812500e+03
7.974693298339843750e+00
6.572401428222656250e+01
2.485138416290283203e+00
1.052288436889648438e+02
7.148443847656250000e+03
5.365588665008544922e-01
3.440010786056518555e+00
2.541064257812500000e+04
4.962802886962890625e+00
7.590098266601562500e+02
2.249901962280273438e+01
1.946159362792968750e+02
5.766364669799804688e+01
7.753316879272460938e+00
6.229355931282043457e-02
8.128305435180664062e+00
2.508258104324340820e+00
6.687846679687500000e+02
1.935373535156250000e+02
1.336735992431640625e+02
3.974225997924804688e+00
4.175259780883789062e+01
6.366066360473632812e+01
2.653446674346923828e+00
1.144181445312500000e+04
4.820266723632812500e+01
9.017707824707031250e+01
6.880809020996093750e+01
1.529485778808593750e+02
1.352467803955078125e+02
4.339554138183593750e+02
1.022610902786254883e+00
8.841523437500000000e+03
1.490361633300781250e+02
1.060634689331054688e+02
1.301678085327148438e+01
4.119486808776855469e-01
1.357011840820312500e+03
6.101392822265625000e+02
2.494962930679321289e+00
8.309970703125000000e+03
1.200539207458496094e+01
1.137897586822509766e+01
1.878968750000000000e+04
3.278197860717773438e+01
2.548939971923828125e+02
1.227204895019531250e+02
3.695712280273437500e+02
1.743040893554687500e+03
6.770579833984375000e+02
2.798640747070312500e+02
1.935190820312500000e+04
4.252347648143768311e-01
2.249567222595214844e+01
7.800005493164062500e+02
7.085113525390625000e+00
1.369210510253906250e+02
1.186454057693481445e+00
1.018763899803161621e+00
1.358010009765625000e+03
5.113353729248046875e+00
1.027233028411865234e+01
2.423454284667968750e+02
3.135450363159179688e+00
2.311363220214843750e+01
3.823812103271484375e+01
4.673599243164062500e+00
6.774451446533203125e+01
2.226463556289672852e+00
1.258643746376037598e+00
5.134941406250000000e+02
4.565328125000000000e+03
1.289235992431640625e+02
9.586236572265625000e+02
1.477859878540039062e+01
2.947880268096923828e+00
5.379927734375000000e+03
5.454172515869140625e+01
1.478140380859375000e+03
3.501116333007812500e+02
5.949465560913085938e+01
3.359107421875000000e+03
6.349776840209960938e+01
1.365649719238281250e+02
3.031570739746093750e+02
3.951871109008789062e+01
2.662270736694335938e+01
1.193268188476562500e+03
6.064274902343750000e+02
1.837413978576660156e+01
3.293609924316406250e+02
3.758226776123046875e+01
7.575577259063720703e+00
1.086307495117187500e+03
3.840690673828125000e+03
4.776881835937500000e+03
3.670516204833984375e+01
8.803253173828125000e+01
9.609358310699462891e-01
7.536340355873107910e-01
3.991914272308349609e+00
2.601436996459960938e+01
9.990553855895996094e+00
3.765125870704650879e-01
3.460645294189453125e+01
6.780812144279479980e-01
2.226641235351562500e+02
5.418841552734375000e+01
4.585989990234375000e+02
9.205639648437500000e+02
3.883564453125000000e+02
4.423246383666992188e+01
1.305138397216796875e+01
1.730640029907226562e+01
2.417898476123809814e-01
4.381549375000000000e+05
2.341187988281250000e+03
3.497424316406250000e+01
6.546425628662109375e+01
8.726918792724609375e+01
3.615324462890625000e+03
7.336026763916015625e+01
7.232244873046875000e+01
5.828967285156250000e+01
2.020028591156005859e+00
3.044794464111328125e+01
1.260129623413085938e+02
7.892938842773437500e+02
4.899686813354492188e+00
1.233832931518554688e+02
2.732001708984375000e+03
5.087083740234375000e+02
1.067945098876953125e+02
2.166060638427734375e+01
2.963181304931640625e+01
1.944571733474731445e+00
5.663224682211875916e-02
4.682047729492187500e+02
2.510970001220703125e+02
1.945385932922363281e+01
1.502916870117187500e+02
6.919927978515625000e+01
2.450147552490234375e+02
3.110509948730468750e+02
5.475529193878173828e+00
2.509587526321411133e+00
1.998454284667968750e+01
4.579912719726562500e+02
1.798185729980468750e+02
1.899390792846679688e+01
5.550395507812500000e+02
1.377591609954833984e+00
2.499464511871337891e+00
5.548263341188430786e-02
1.439769649505615234e+01
5.501419921875000000e+03
1.437269921875000000e+04
2.026789903640747070e+00
2.144669189453125000e+02
6.689702606201171875e+01
8.545225143432617188e+00
2.604450195312500000e+03
4.209858398437500000e+03
8.503950119018554688e+00
1.188667583465576172e+01
1.959032297134399414e+00
1.962306365966796875e+02
1.506291389465332031e+01
2.694752502441406250e+02
2.554917236328125000e+03
9.234696044921875000e+02
5.583050727844238281e+00
2.412167072296142578e+00
2.451141357421875000e+00
4.996766052246093750e+02
5.069992065429687500e+02
1.232153778076171875e+02
1.579745239257812500e+03
3.339822387695312500e+01
7.962145385742187500e+02
5.038987792968750000e+03
3.982593688964843750e+02
5.517705154418945312e+01
9.554780960083007812e+00
