2.012888155877590179e-02
7.890915125608444214e-02
5.377240478992462158e-02
1.642146962694823742e-03
7.954020053148269653e-03
2.690843105316162109e+00
3.271152824163436890e-02
9.602979407645761967e-04
1.243475452065467834e-02
6.918690353631973267e-02
8.922805427573621273e-04
5.784250330179929733e-03
3.685049712657928467e-03
8.068989845924079418e-04
1.414646743796765804e-03
3.672409337013959885e-03
1.965715549886226654e-02
1.714979152893647552e-04
3.300649300217628479e-02
2.834861399605870247e-03
1.503341436386108398e+00
3.242825344204902649e-02
5.189959332346916199e-02
1.590742543339729309e-02
3.547258675098419189e-01
1.054312381893396378e-02
5.423576757311820984e-02
5.675451830029487610e-03
5.773633345961570740e-02
8.788102269172668457e-01
5.515912926057353616e-05
1.179909850179683417e-05
1.155817881226539612e-03
1.898147910833358765e-02
1.741010509431362152e-02
6.786507554352283478e-03
2.688813023269176483e-03
1.781156315701082349e-04
1.271779276430606842e-02
4.907351452857255936e-03
3.822588920593261719e-01
1.544276624917984009e-01
2.935816999524831772e-03
1.518352985382080078e+01
9.637602418661117554e-02
8.889551460742950439e-02
1.005619019269943237e-02
3.437123596668243408e-01
2.430008025839924812e-03
1.185653079301118851e-02
1.088279038667678833e-01
7.617895305156707764e-02
1.119792535901069641e-01
9.526545181870460510e-03
5.769210401922464371e-04
3.551945788785815239e-03
6.145660299807786942e-03
4.546730779111385345e-03
6.447363179177045822e-03
1.956680178642272949e+00
1.616186089813709259e-02
1.518982648849487305e+00
8.832280873320996761e-04
1.057615969330072403e-03
1.049625799059867859e-01
7.372478954493999481e-03
1.146336421370506287e-01
6.779158953577280045e-03
5.098412036895751953e-01
1.222666501998901367e+00
1.757160316628869623e-05
4.713524818420410156e+00
4.332787939347326756e-04
4.647438880056142807e-03
2.926716506481170654e-01
4.058712348341941833e-02
4.806297831237316132e-03
7.244124077260494232e-03
1.262547671794891357e-01
6.389311980456113815e-03
1.195089612156152725e-02
9.901841171085834503e-03
7.002872414886951447e-03
2.639409503899514675e-04
2.496389206498861313e-04
2.435275353491306305e-03
2.079368186969077215e-06
3.534537553787231445e-02
4.036946967244148254e-02
4.027467686682939529e-03
6.905650720000267029e-03
2.131172083318233490e-02
6.180634954944252968e-04
6.002264842391014099e-02
3.176608297508209944e-04
1.668723225593566895e-01
1.954197138547897339e-01
9.796017408370971680e-02
1.569115929305553436e-02
1.751178503036499023e-01
9.372368454933166504e-01
3.253468126058578491e-02
2.458253584336489439e-04
6.812451756559312344e-04
1.277920231223106384e-02
6.131412386894226074e-01
3.380952402949333191e-02
2.802220406010746956e-03
1.014302447438240051e-01
5.615109950304031372e-02
5.705530289560556412e-03
1.195832967758178711e+00
8.041166514158248901e-02
1.610777527093887329e-01
2.197401970624923706e-02
1.192199345678091049e-02
4.639387130737304688e-02
3.602912183851003647e-03
6.265414413064718246e-04
7.625807076692581177e-02
6.329356110654771328e-04
3.280457973480224609e+00
4.564421176910400391e-01
8.946146070957183838e-02
1.696502113190945238e-05
5.341428797692060471e-03
7.725189905613660812e-03
2.053587231785058975e-04
1.049806252121925354e-01
8.642259240150451660e-02
9.480162858963012695e-01
2.298344392329454422e-03
7.112958468496799469e-03
1.164548099040985107e-03
1.196545660495758057e-01
1.493193302303552628e-02
1.028487645089626312e-02
8.106346130371093750e-01
1.482236087322235107e-01
2.176143974065780640e-01
1.355032995343208313e-02
3.252315521240234375e-02
5.667762160301208496e-01
2.551541805267333984e+00
5.865788459777832031e+00
1.424078736454248428e-02
1.033774614334106445e+00
2.529481239616870880e-02
4.492036625742912292e-02
5.744425579905509949e-03
6.021541543304920197e-03
1.619374901056289673e-01
8.306199312210083008e-02
4.651491530239582062e-03
4.730020463466644287e-02
5.609210580587387085e-03
8.613310754299163818e-03
4.691157117486000061e-02
3.515494172461330891e-04
8.966720197349786758e-04
2.861911430954933167e-02
7.881726196501404047e-05
3.797634690999984741e-02
1.094752907752990723e+00
5.975151807069778442e-02
7.355555891990661621e-02
2.068938612937927246e-01
6.763488054275512695e-02
6.974419355392456055e-01
2.357069024583324790e-04
1.257499121129512787e-02
5.021780356764793396e-02
2.194785884057637304e-05
4.412761889398097992e-03
2.971080597490072250e-03
1.293004631996154785e+00
7.641741540282964706e-03
3.112621605396270752e-02
1.810990390367805958e-03
9.355701506137847900e-02
3.898485004901885986e-02
4.318137094378471375e-02
5.403956398367881775e-02
7.030179351568222046e-02
2.702442407608032227e+00
6.229434162378311157e-03
5.345176439732313156e-03
1.968623325228691101e-02
4.006780683994293213e-01
9.094290435314178467e-03
6.233518570661544800e-02
2.859820146113634109e-03
1.170363248093053699e-04
1.163278333842754364e-02
1.972758956253528595e-02
6.935347337275743484e-03
5.809322595596313477e-01
4.015459120273590088e-02
2.958214899990707636e-04
1.613207161426544189e-02
5.153069272637367249e-03
1.053038705140352249e-02
1.217047963291406631e-02
1.738741435110569000e-02
8.380445651710033417e-03
7.008895627222955227e-04
5.447076261043548584e-02
5.303238391876220703e+00
2.805505413562059402e-03
2.766372868791222572e-03
9.534379467368125916e-03
2.841437421739101410e-02
3.439327992964535952e-04
1.365316063165664673e-01
6.155635416507720947e-02
2.018726348876953125e+01
3.383506461977958679e-02
5.866207648068666458e-03
3.032955341041088104e-03
3.179787874221801758e+00
3.048754334449768066e-01
1.423951052129268646e-02
3.881116630509495735e-03
4.037965461611747742e-02
1.865414960775524378e-04
1.404016837477684021e-02
2.895240613725036383e-04
9.983751296997070312e+00
2.170597165822982788e-01
1.919267466291785240e-03
4.040381312370300293e-02
2.074760850518941879e-03
1.599655114114284515e-02
8.179508149623870850e-03
2.413710951805114746e-01
4.183518700301647186e-03
1.498568058013916016e-01
1.571327634155750275e-02
3.778585419058799744e-02
1.579269592184573412e-04
4.112883470952510834e-03
1.247519031167030334e-01
7.195813953876495361e-02
5.581531673669815063e-03
1.184155233204364777e-02
4.122976213693618774e-03
2.984111197292804718e-02
1.118031069636344910e-01
2.555117942392826080e-02
1.952501237392425537e-01
3.151394892483949661e-03
9.425188302993774414e-01
8.729022738407365978e-06
2.701218426227569580e-01
4.870367236435413361e-03
2.367880195379257202e-02
8.227355003356933594e+00
1.717485114932060242e-02
1.387912966310977936e-02
4.313346147537231445e-01
1.517407968640327454e-02
1.649680547416210175e-03
8.348345756530761719e-01
5.692415405064821243e-03
3.912069369107484818e-03
1.388607360422611237e-02
2.266308665275573730e-02
1.805506587028503418e+00
1.839168136939406395e-03
4.059872776269912720e-02
2.520267724990844727e+00
5.500356853008270264e-02
4.410884529352188110e-02
2.171333413571119308e-03
5.439179367385804653e-04
7.691788952797651291e-03
6.352059543132781982e-03
7.379689253866672516e-03
3.248335123062133789e-01
8.588132858276367188e+00
1.403781175613403320e-01
7.340144366025924683e-04
1.260051317512989044e-02
8.966339752078056335e-03
4.034847006550990045e-05
1.534679089672863483e-03
3.565224885940551758e+00
3.949246883392333984e+00
3.289070737082511187e-04
1.934672892093658447e-02
2.392382174730300903e-02
6.895535625517368317e-05
2.646631561219692230e-02
2.856623567640781403e-02
6.180649506859481335e-04
3.023037500679492950e-02
5.454315990209579468e-02
1.295211631804704666e-02
8.386829495429992676e-01
1.372250355780124664e-02
5.456712245941162109e+00
2.802306175231933594e+00
2.093707919120788574e-01
9.994873404502868652e-01
1.811047172546386719e+01
4.742704797536134720e-03
1.058960631489753723e-01
1.351576764136552811e-02
1.576794078573584557e-03
1.406780183315277100e-01
3.389058113098144531e-01
1.692163757979869843e-02
3.353245556354522705e-02
4.743652790784835815e-02
4.724370082840323448e-04
1.078657731413841248e-01
6.427241896744817495e-05
9.684764593839645386e-02
6.320905406028032303e-03
7.269255816936492920e-03
4.329812228679656982e-01
4.788002697750926018e-04
5.810265988111495972e-02
2.006710022687911987e-01
1.736363512463867664e-03
3.119459450244903564e-01
1.162379514425992966e-02
3.714098827913403511e-03
2.537212334573268890e-03
4.459210031200200319e-04
8.485740050673484802e-03
1.760007739067077637e-01
3.592154709622263908e-03
7.746425922960042953e-03
1.771895680576562881e-03
4.408912360668182373e-01
7.033385802060365677e-03
3.632139996625483036e-04
4.918035864830017090e-02
5.501589179039001465e-01
3.055912442505359650e-03
2.761098730843514204e-04
3.751033451408147812e-03
9.346144676208496094e+00
2.819904475472867489e-04
8.052877150475978851e-03
1.906329989433288574e-01
3.118566237390041351e-03
6.894865632057189941e-02
2.195668965578079224e-02
7.469256967306137085e-02
2.002102881669998169e-02
4.076243840245297179e-06
4.297413863241672516e-03
1.687788055278360844e-03
1.019384726532734931e-04
1.855195313692092896e-02
2.226985432207584381e-02
5.565053969621658325e-02
5.317957699298858643e-02
4.944898560643196106e-02
5.782063235528767109e-04
9.157404303550720215e-03
1.670182123780250549e-02
4.407840967178344727e-01
2.721364377066493034e-03
8.331890217959880829e-03
2.812328166328370571e-04
8.617291226983070374e-03
2.931983544840477407e-05
4.235478863120079041e-02
5.754646286368370056e-02
7.600007951259613037e-02
1.008009351789951324e-02
1.514759182929992676e+00
1.905751414597034454e-04
6.635544355958700180e-03
1.400733459740877151e-02
7.743294350802898407e-03
2.102690376341342926e-02
1.927676796913146973e-01
2.761522773653268814e-04
3.759931921958923340e-01
2.441169023513793945e-01
2.052854001522064209e-02
5.962363719940185547e+00
3.301771926879882812e+01
2.525814576074481010e-03
7.288557244464755058e-04
1.848067331593483686e-04
6.090077757835388184e-02
6.798306480050086975e-03
1.872632056474685669e-01
2.069612121582031250e+01
4.247179094818420708e-05
1.715642809867858887e+00
1.098067536950111389e-01
4.957152158021926880e-02
5.026594153605401516e-04
1.238429686054587364e-04
1.969087958335876465e+00
3.459396362304687500e+01
9.402637329101562500e+02
1.274104714393615723e+00
1.875518417358398438e+01
3.529212474822998047e+00
2.543865814208984375e+02
5.894880771636962891e+00
4.944836425781250000e+01
1.873421072959899902e+00
1.299705123901367188e+01
8.575629425048828125e+01
3.404151153564453125e+01
5.423602834343910217e-02
4.095087814331054688e+01
1.422763824462890625e+01
3.778251647949218750e+02
1.225749282836914062e+02
1.603675842285156250e+01
1.558843898773193359e+01
4.299562683105468750e+02
2.955901861190795898e+00
6.707358837127685547e+00
2.267596244812011719e+01
6.140717864036560059e-01
2.290226936340332031e+00
1.615961303710937500e+03
8.193367004394531250e+01
2.605164306640625000e+03
4.203605957031250000e+02
1.650976371765136719e+01
1.073373317718505859e+01
2.501029014587402344e+00
4.072326660156250000e+03
2.870149803161621094e+01
3.360081100463867188e+01
4.549995660781860352e-01
2.037474960088729858e-01
1.277128934860229492e+00
2.883196105957031250e+02
1.113295654296875000e+03
5.061998367309570312e+01
9.474003791809082031e+00
1.075347534179687500e+03
5.248317337036132812e+01
2.758525848388671875e+01
1.659141349792480469e+01
2.310901451110839844e+01
1.818287611007690430e+00
1.547980590820312500e+03
1.287668823242187500e+03
4.547527465820312500e+02
5.055210876464843750e+01
7.404932022094726562e+00
2.787473869323730469e+01
1.253026580810546875e+01
9.288715362548828125e+00
2.985016822814941406e+00
1.270328140258789062e+01
2.211316894531250000e+03
2.223977813720703125e+02
4.273127136230468750e+02
4.137929916381835938e+01
9.800412750244140625e+01
4.604551792144775391e+00
2.898969726562500000e+02
2.341335296630859375e+01
3.355249267578125000e+03
1.895804443359375000e+02
1.258703918457031250e+02
4.153687879443168640e-02
3.188547668457031250e+02
1.140328884124755859e+01
1.506041870117187500e+02
1.291294288635253906e+01
8.505360412597656250e+01
1.072576713562011719e+01
3.082296752929687500e+01
1.654367065429687500e+02
3.212991714477539062e+01
1.323673439025878906e+01
4.382323741912841797e+00
3.370764255523681641e+00
2.566124153137207031e+01
1.131899166107177734e+01
1.728085708618164062e+01
1.405871361494064331e-01
2.212634658813476562e+01
2.260242080688476562e+01
1.340498065948486328e+01
1.523804016113281250e+02
4.207327880859375000e+02
4.044828033447265625e+01
8.935069274902343750e+01
1.419943389892578125e+02
4.855768432617187500e+02
1.866026639938354492e+00
3.220679931640625000e+03
1.424591422080993652e+00
1.140262573242187500e+03
4.415040016174316406e+00
7.166201591491699219e+00
4.354653549194335938e+01
3.972736511230468750e+02
7.545603942871093750e+01
5.951914215087890625e+01
2.222249746322631836e+00
4.609070312500000000e+03
6.011619140625000000e+03
1.815039217472076416e-01
1.146524906158447266e+00
5.122984375000000000e+03
1.617218475341796875e+02
1.122704267501831055e+00
4.734904098510742188e+01
2.035140136718750000e+03
2.014214324951171875e+02
1.349989166259765625e+02
1.576641273498535156e+01
9.055495262145996094e+00
8.682887573242187500e+02
1.174510620117187500e+03
5.474857910156250000e+03
4.100924682617187500e+02
4.673748779296875000e+01
4.389897155761718750e+02
6.123823928833007812e+01
4.151723384857177734e+00
1.063646728515625000e+03
3.543783569335937500e+01
1.049332153320312500e+03
3.346116638183593750e+02
2.035285234451293945e-01
1.249453659057617188e+02
3.671803474426269531e-01
7.461890220642089844e+00
4.862816333770751953e-01
3.755560302734375000e+02
5.045169067382812500e+02
2.749043273925781250e+02
5.366360092163085938e+01
1.879346370697021484e+00
4.969594726562500000e+02
1.117147827148437500e+02
1.389982147216796875e+02
1.587934875488281250e+01
3.837850952148437500e+02
3.153418302536010742e-01
2.974457702636718750e+02
7.567594604492187500e+02
3.341324329376220703e-01
3.399734191894531250e+02
4.592826461791992188e+01
9.686826914548873901e-02
6.618282318115234375e+01
3.303750610351562500e+01
7.474267005920410156e+00
1.456045508384704590e+00
1.300301456451416016e+01
5.406415557861328125e+01
7.311135253906250000e+02
1.441000823974609375e+02
1.038440246582031250e+02
8.938034820556640625e+01
3.799380187988281250e+02
2.516414184570312500e+02
8.461135253906250000e+02
6.894185638427734375e+01
5.479125488281250000e+03
8.140859222412109375e+01
3.555664300918579102e+00
7.379004394531250000e+03
2.265840911865234375e+01
5.732106566429138184e-01
9.885279083251953125e+01
1.287069892883300781e+01
5.662286281585693359e+00
1.412988586425781250e+02
4.542368412017822266e+00
5.229626464843750000e+01
7.079561614990234375e+01
1.682085418701171875e+02
8.256600952148437500e+02
2.688872528076171875e+01
8.327435937500000000e+04
3.690761804580688477e+00
6.563478112220764160e-01
1.542055816650390625e+02
6.779189453125000000e+02
4.459359741210937500e+02
5.919122695922851562e+01
6.832368774414062500e+02
1.139587974548339844e+01
3.573112487792968750e+01
1.774358978271484375e+02
5.915387630462646484e+00
7.490689849853515625e+01
8.364918231964111328e-01
5.131178855895996094e+00
2.860325813293457031e+01
7.222492218017578125e+01
7.339235687255859375e+01
1.426143646240234375e+01
2.091029167175292969e+01
2.147913932800292969e+01
1.651914238929748535e+00
8.601602172851562500e+01
6.994824218750000000e+02
1.531113028526306152e+00
5.826385498046875000e+02
1.548509502410888672e+01
9.161379814147949219e+00
5.524399876594543457e-01
9.255654296875000000e+03
5.876584529876708984e+00
1.371517211914062500e+03
2.169116735458374023e+00
4.066822052001953125e+01
1.509285330772399902e+00
1.341867980957031250e+02
8.457658203125000000e+03
6.263044476509094238e-01
1.120991110801696777e+00
9.040211914062500000e+03
4.127514362335205078e+00
4.746307373046875000e+02
5.465836524963378906e+00
1.677624664306640625e+02
3.349687576293945312e+01
2.132784652709960938e+01
6.340441107749938965e-02
2.096824407577514648e+00
2.098309040069580078e+00
5.346895751953125000e+02
1.093190917968750000e+02
4.079051589965820312e+01
2.892986774444580078e+00
5.353549957275390625e+01
8.946955108642578125e+01
2.132494449615478516e+00
2.897969238281250000e+03
3.625398254394531250e+01
2.169506454467773438e+01
5.189618301391601562e+01
1.554894561767578125e+02
7.770217895507812500e+01
1.479207916259765625e+02
1.959632754325866699e+00
6.322760253906250000e+03
1.241592636108398438e+02
4.628569412231445312e+01
2.540016174316406250e+00
2.875130176544189453e-01
5.201367675781250000e+03
5.222125854492187500e+02
1.469936132431030273e+00
3.136259277343750000e+03
2.976955604553222656e+01
7.985717296600341797e+00
9.166161132812500000e+03
2.391097068786621094e+01
1.508504180908203125e+02
9.860887145996093750e+01
2.609851684570312500e+02
1.545801757812500000e+03
1.046734542846679688e+02
4.992555541992187500e+02
1.416123779296875000e+03
1.631828665733337402e+00
3.852210617065429688e+01
1.520437011718750000e+02
1.820982551574707031e+01
1.537582092285156250e+02
1.130215406417846680e+00
5.126463174819946289e-01
6.196243286132812500e+01
6.194060802459716797e+00
2.476436853408813477e+00
1.330044708251953125e+02
1.492758846282958984e+01
4.571929931640625000e+01
3.077307891845703125e+01
3.553833723068237305e+00
5.119911956787109375e+01
3.824573457241058350e-01
8.665677905082702637e-01
1.682905395507812500e+03
8.410412109375000000e+03
2.276468086242675781e+01
3.101777343750000000e+02
9.335997581481933594e+00
2.135655164718627930e+00
2.239621582031250000e+03
4.143223953247070312e+01
1.034066284179687500e+03
1.616244812011718750e+02
2.613047027587890625e+01
4.428901672363281250e+02
2.970894813537597656e+01
1.009123764038085938e+02
4.731350708007812500e+02
9.199276733398437500e+01
2.950898551940917969e+01
2.760642395019531250e+02
4.403291320800781250e+02
1.214608192443847656e+01
3.101135253906250000e+02
1.573635005950927734e+01
5.000886440277099609e+00
6.208466796875000000e+02
1.103735229492187500e+03
5.467373046875000000e+02
2.152124023437500000e+02
1.066705608367919922e+01
5.385506153106689453e-01
7.756755948066711426e-01
8.142720222473144531e+00
2.511178207397460938e+01
1.321345233917236328e+01
9.855428934097290039e-01
3.027771186828613281e+01
3.444926142692565918e-01
2.341732788085937500e+02
1.418117046356201172e+01
9.015025329589843750e+01
1.072296218872070312e+02
1.149574584960937500e+02
2.942461013793945312e+01
6.731874847412109375e+01
7.746053695678710938e+00
4.977128505706787109e-01
3.777553125000000000e+05
4.577284240722656250e+02
6.380936813354492188e+01
3.767284011840820312e+01
5.451347351074218750e+01
2.857843994140625000e+03
5.399872970581054688e+01
6.288692855834960938e+01
2.624916992187500000e+02
3.517174243927001953e+00
6.503873443603515625e+01
8.144734191894531250e+01
2.415615844726562500e+02
1.526041626930236816e+00
3.742289733886718750e+01
2.978783874511718750e+02
2.237280761718750000e+03
7.689138793945312500e+01
4.420551681518554688e+01
4.316138458251953125e+01
5.727010726928710938e+00
6.426145136356353760e-02
2.585686035156250000e+02
1.489384918212890625e+02
1.079671001434326172e+01
2.420841598510742188e+01
1.447655181884765625e+02
4.689675903320312500e+02
3.013669738769531250e+02
1.211775302886962891e+01
5.118445754051208496e-01
5.835011959075927734e+00
1.228799362182617188e+02
1.325400238037109375e+02
9.492659568786621094e+00
6.794567871093750000e+02
1.697093963623046875e+00
2.311402082443237305e+00
3.614567220211029053e-02
4.585369586944580078e+00
1.657459228515625000e+03
6.983156738281250000e+02
5.089517593383789062e+00
3.028670654296875000e+02
2.025923461914062500e+02
1.977477073669433594e+01
4.201299804687500000e+03
4.421697692871093750e+02
8.912172317504882812e+00
1.676803970336914062e+01
1.509316921234130859e+00
2.955391540527343750e+02
1.123693561553955078e+01
2.790697097778320312e+01
2.800402832031250000e+02
1.674546875000000000e+03
2.670693016052246094e+01
5.211470603942871094e+00
2.824772596359252930e+00
2.183089904785156250e+02
2.051641845703125000e+01
8.403095245361328125e+01
5.020663757324218750e+02
1.112057781219482422e+01
2.397146606445312500e+02
8.504581909179687500e+02
1.552979125976562500e+02
1.150491428375244141e+01
2.980428934097290039e+00
