1.787533424794673920e-02
1.589871346950531006e-01
1.566104963421821594e-02
4.935048054903745651e-04
8.165872655808925629e-03
5.153780937194824219e+00
9.811633266508579254e-03
2.128455787897109985e-03
1.184985600411891937e-02
6.075961887836456299e-02
1.143846195191144943e-03
3.579382319003343582e-03
5.353839136660099030e-03
3.764481225516647100e-04
9.658453636802732944e-04
2.873822348192334175e-03
2.812229841947555542e-02
1.296904229093343019e-04
2.245184034109115601e-02
3.893333196174353361e-04
3.467718362808227539e-01
6.485588382929563522e-03
3.907876461744308472e-02
3.738157078623771667e-02
5.666771531105041504e-01
4.183321259915828705e-03
1.965404860675334930e-02
5.053826607763767242e-03
1.889555715024471283e-02
2.207151651382446289e-01
2.497822861187160015e-04
4.875123067904496565e-06
3.038655966520309448e-03
1.467109378427267075e-02
1.031986922025680542e-01
1.736600324511528015e-02
2.666047308593988419e-03
1.525684638181701303e-04
1.309427898377180099e-02
4.440965596586465836e-03
2.193062603473663330e-01
6.312849372625350952e-02
1.531561836600303650e-03
1.540315246582031250e+01
2.005589604377746582e-01
2.133629657328128815e-02
1.328504295088350773e-03
1.218009740114212036e-01
8.584763854742050171e-04
1.923773624002933502e-02
6.820587813854217529e-02
7.448862306773662567e-03
2.996622920036315918e-01
6.657621823251247406e-03
1.918046036735177040e-04
3.568307030946016312e-03
2.265738090500235558e-03
3.694098815321922302e-02
6.799522321671247482e-03
1.943503379821777344e+00
9.309821762144565582e-03
1.976672768592834473e+00
2.237721113488078117e-03
5.099123809486627579e-04
1.018859520554542542e-01
5.816960241645574570e-03
2.819712758064270020e-01
8.602072484791278839e-03
3.196153938770294189e-01
3.150953054428100586e-01
2.312637843715492636e-05
2.706673860549926758e+00
8.006234420463442802e-04
8.517307229340076447e-03
5.881853103637695312e-01
2.666931152343750000e-01
1.172096841037273407e-02
1.282830163836479187e-02
7.416771352291107178e-02
6.855201441794633865e-03
7.529336027801036835e-03
2.728702127933502197e-02
4.347759857773780823e-02
6.044967449270188808e-05
3.357505192980170250e-04
3.984273935202509165e-04
1.723753143778594676e-06
1.338851731270551682e-02
7.643748074769973755e-02
1.496830373071134090e-03
1.198441069573163986e-02
1.489909552037715912e-02
5.832213792018592358e-04
2.531225234270095825e-02
2.810794394463300705e-04
4.126108586788177490e-01
1.519141346216201782e-01
1.147872582077980042e-02
6.980578880757093430e-03
4.571592435240745544e-02
1.209304332733154297e+00
1.304516382515430450e-02
2.331815485376864672e-04
7.795857964083552361e-04
1.341191027313470840e-02
1.025473713874816895e+00
2.149549499154090881e-02
1.339144818484783173e-02
2.564443647861480713e-01
1.146426890045404434e-02
8.422056213021278381e-03
6.745329499244689941e-01
2.848729304969310760e-02
3.938244655728340149e-02
1.769051514565944672e-02
1.157869398593902588e-02
3.859304264187812805e-02
1.880378229543566704e-03
3.712991892825812101e-04
6.230179965496063232e-02
1.531526067992672324e-04
1.874986171722412109e+00
2.312867939472198486e-01
8.742297440767288208e-02
1.229384633916197345e-05
4.739502817392349243e-02
2.716416958719491959e-03
1.751304225763306022e-04
1.658490672707557678e-02
6.337121874094009399e-02
5.443201661109924316e-01
2.674030698835849762e-02
4.230090882629156113e-03
3.260189841967076063e-04
1.750882714986801147e-02
2.139361202716827393e-02
1.005534082651138306e-02
1.062941074371337891e+00
7.976931333541870117e-02
3.479931354522705078e-01
1.492724847048521042e-02
2.709989063441753387e-02
8.200565576553344727e-01
1.961275935173034668e+00
5.037355422973632812e+00
2.230934426188468933e-02
1.129983186721801758e+00
1.351617928594350815e-02
2.332821488380432129e-02
1.709024771116673946e-03
6.805864162743091583e-03
3.299324959516525269e-02
2.496442198753356934e-02
2.709917258471250534e-03
9.462546557188034058e-03
8.697746321558952332e-03
3.501225961372256279e-03
2.307203970849514008e-02
5.106513272039592266e-04
5.160502623766660690e-04
3.748240694403648376e-02
4.676399476011283696e-05
1.507000718265771866e-02
1.654898762702941895e+00
3.590459376573562622e-02
1.331071108579635620e-01
2.422873973846435547e-01
3.154837340116500854e-02
3.754783272743225098e-01
1.019905976136215031e-04
1.626257412135601044e-02
1.332541275769472122e-02
1.251114372280426323e-05
5.526897031813859940e-03
2.162908436730504036e-03
1.708790063858032227e+00
2.051045000553131104e-02
7.506071124225854874e-03
5.200644955039024353e-03
9.962642565369606018e-03
2.445485442876815796e-02
3.376694861799478531e-03
6.674472242593765259e-02
7.530151307582855225e-02
5.785107612609863281e+00
7.555457297712564468e-03
1.289909239858388901e-03
2.135614491999149323e-02
3.603311181068420410e-01
2.036320231854915619e-02
8.404172956943511963e-02
2.256422769278287888e-03
1.680035493336617947e-04
4.830134660005569458e-02
1.318235602229833603e-02
4.591000080108642578e-02
1.206769704818725586e+00
9.582215547561645508e-02
5.386672564782202244e-04
1.110705826431512833e-02
3.986864350736141205e-03
2.446989528834819794e-02
5.003706086426973343e-03
3.816447686403989792e-03
8.011332713067531586e-03
1.321197603829205036e-03
3.284242376685142517e-02
1.153620529174804688e+01
3.869980340823531151e-03
3.203349187970161438e-03
4.799248650670051575e-03
1.968627609312534332e-02
2.908582682721316814e-04
2.457995153963565826e-02
1.425048056989908218e-02
3.505635070800781250e+01
6.391562521457672119e-02
1.052513625472784042e-02
8.464490383630618453e-05
8.247702717781066895e-01
2.348332554101943970e-01
2.639505267143249512e-02
2.446576021611690521e-03
2.755313180387020111e-02
4.313137105782516301e-05
9.536425583064556122e-03
4.122641985304653645e-04
3.705663204193115234e+00
4.866646826267242432e-01
1.614282839000225067e-03
5.547118838876485825e-03
5.464275833219289780e-03
1.992437243461608887e-02
1.658254186622798443e-03
2.534349262714385986e-01
5.301115103065967560e-03
3.530625104904174805e-01
8.797037415206432343e-03
2.136969380080699921e-02
1.265276223421096802e-04
2.962088212370872498e-03
8.232761919498443604e-02
7.225946336984634399e-02
7.525599212385714054e-04
2.052799798548221588e-02
2.569856122136116028e-03
1.630358584225177765e-02
1.268927752971649170e-01
1.272424682974815369e-02
2.573970854282379150e-01
6.694306619465351105e-03
3.606525957584381104e-01
7.149802058847853914e-06
1.379704773426055908e-01
5.196044594049453735e-02
3.634957224130630493e-02
2.604853630065917969e+01
2.671202085912227631e-02
2.337526530027389526e-03
6.416198015213012695e-01
3.952208906412124634e-03
3.207616682630032301e-04
2.791818857192993164e+00
1.458616741001605988e-02
3.643616568297147751e-03
2.204013057053089142e-03
5.067434161901473999e-03
2.343495130538940430e+00
5.409305449575185776e-04
1.089394744485616684e-02
2.117735385894775391e+00
3.388706967234611511e-02
3.685766831040382385e-02
1.388729270547628403e-02
2.665423089638352394e-04
2.745639346539974213e-02
3.279023570939898491e-03
5.759782623499631882e-03
1.054571643471717834e-01
1.485311031341552734e+00
4.793097078800201416e-02
2.526189200580120087e-04
4.317872226238250732e-03
6.422169040888547897e-03
6.950830720597878098e-05
1.026815152727067471e-03
1.342678308486938477e+00
7.091313600540161133e-01
7.206748705357313156e-05
3.804308921098709106e-02
1.279587298631668091e-02
1.924356183735653758e-04
1.753210276365280151e-02
2.093162387609481812e-02
8.379058999707922339e-05
3.776651574298739433e-03
9.071080014109611511e-03
4.412114154547452927e-03
1.320860683917999268e-01
3.691512858495116234e-03
5.003781795501708984e+00
2.053668737411499023e+00
2.351376265287399292e-01
9.711128473281860352e-01
1.691353607177734375e+01
2.904033055528998375e-03
5.246031284332275391e-02
1.060737180523574352e-03
2.423722064122557640e-03
4.630500450730323792e-02
3.023137748241424561e-01
1.192760560661554337e-02
3.893844084814190865e-03
4.572281613945960999e-02
8.952924399636685848e-04
1.279801875352859497e-01
9.203596709994599223e-05
1.844116300344467163e-01
5.297958850860595703e-03
8.482624543830752373e-04
1.015779972076416016e+00
2.024933230131864548e-03
7.517009973526000977e-03
2.093687206506729126e-01
1.637211884371936321e-03
2.460563480854034424e-01
4.756263922899961472e-03
1.009403145872056484e-03
7.519898936152458191e-04
3.691269957926124334e-04
2.984558697789907455e-03
1.303763985633850098e-01
2.055402612313628197e-03
2.447937801480293274e-02
5.938365589827299118e-03
4.028453305363655090e-02
9.417214430868625641e-03
4.683243751060217619e-04
4.971494898200035095e-02
9.461845457553863525e-02
4.414144495967775583e-04
1.072091472451575100e-04
5.377736408263444901e-03
8.286948204040527344e-01
7.607583393109962344e-05
2.920596860349178314e-02
2.043846249580383301e-01
4.772177431732416153e-03
1.480935215950012207e-01
1.983504928648471832e-02
4.848960787057876587e-02
1.272074040025472641e-02
3.048116013815160841e-06
3.424382535740733147e-03
7.233668584376573563e-04
1.880490308394655585e-04
1.278630923479795456e-02
1.116511877626180649e-02
6.901414692401885986e-02
1.845049858093261719e-02
1.572251133620738983e-02
4.024215741083025932e-04
3.085354110226035118e-03
5.999753717333078384e-03
5.196377038955688477e-01
8.139899000525474548e-03
3.049831278622150421e-02
3.333320200908929110e-04
5.859827622771263123e-03
1.569504820508882403e-05
3.529287129640579224e-02
2.808300033211708069e-02
7.902672886848449707e-02
3.421265166252851486e-03
2.029071569442749023e+00
9.808105824049562216e-05
8.820336312055587769e-03
1.362101268023252487e-02
1.012429967522621155e-02
6.024873349815607071e-03
3.186064958572387695e-01
1.148856536019593477e-04
3.147715926170349121e-01
8.095814287662506104e-02
4.496892914175987244e-02
1.861942410469055176e+00
2.996247768402099609e+00
5.255907308310270309e-03
2.923137217294424772e-04
1.184349966933950782e-04
1.347640808671712875e-02
1.572508923709392548e-02
1.963686347007751465e-01
3.839376449584960938e+00
5.512037387234158814e-05
3.714714765548706055e+00
1.026501506567001343e-01
6.987389177083969116e-02
1.375173014821484685e-04
7.438266766257584095e-05
4.882652759552001953e+00
3.654256896972656250e+02
1.689907104492187500e+03
2.392127037048339844e+00
3.877965545654296875e+01
1.735754609107971191e+00
6.998033447265625000e+02
8.081096649169921875e+00
2.852508354187011719e+01
1.347215175628662109e+00
3.782769775390625000e+01
1.965837097167968750e+01
1.166583633422851562e+02
1.131528839468955994e-01
1.461977386474609375e+02
8.860649871826171875e+01
1.015608825683593750e+03
5.186366577148437500e+02
3.278472900390625000e+01
1.588402080535888672e+01
1.808940887451171875e+02
1.067704200744628906e+00
1.584617328643798828e+01
9.082404327392578125e+01
2.515357971191406250e+00
2.789943218231201172e+00
5.733658203125000000e+03
3.622793197631835938e+01
1.068590087890625000e+03
3.580055541992187500e+02
2.602705192565917969e+01
1.365027904510498047e+01
7.023673057556152344e+00
3.117080078125000000e+03
5.037437820434570312e+01
5.367868652343750000e+02
1.138101100921630859e+00
1.060201764106750488e+00
6.160778999328613281e+00
1.875582275390625000e+02
7.838726196289062500e+02
4.846197509765625000e+01
1.751544189453125000e+01
9.980717163085937500e+02
1.442598533630371094e+01
2.278848838806152344e+01
3.846424102783203125e+01
3.794226837158203125e+01
2.089981317520141602e+00
1.100031616210937500e+03
1.023232238769531250e+03
5.215717773437500000e+02
3.875698547363281250e+02
1.272703933715820312e+01
8.803802490234375000e+00
3.582111120223999023e+00
8.549235343933105469e+00
1.309144878387451172e+01
1.093116092681884766e+01
5.116583496093750000e+03
1.420914062500000000e+03
5.002742919921875000e+02
6.921076202392578125e+01
1.209606361389160156e+01
5.904439449310302734e+00
5.171448364257812500e+02
5.455186843872070312e+01
5.866314941406250000e+03
1.745845794677734375e+02
3.848475265502929688e+01
6.240056827664375305e-02
3.382824401855468750e+02
1.598149013519287109e+01
1.106126708984375000e+02
1.100005340576171875e+01
1.785215911865234375e+02
2.075133705139160156e+01
2.726648712158203125e+01
1.221192993164062500e+03
9.752647399902343750e+01
2.002840614318847656e+01
5.602841377258300781e+00
2.974485969543457031e+01
7.389077186584472656e+00
1.037554931640625000e+01
9.678392410278320312e+00
1.268485546112060547e+00
3.432490921020507812e+01
3.815261840820312500e+01
1.859780669212341309e+00
2.739346923828125000e+02
8.370878295898437500e+02
7.068429946899414062e+00
7.071366882324218750e+01
2.229761657714843750e+02
3.168583496093750000e+03
5.141659259796142578e+00
2.325037841796875000e+03
5.913172364234924316e-01
2.255582031250000000e+03
7.811494827270507812e+00
4.051846981048583984e+00
9.365519523620605469e+00
1.553182067871093750e+02
6.040563201904296875e+01
2.336013793945312500e+02
9.140195846557617188e-01
4.141834765625000000e+04
4.804649218750000000e+04
2.010534703731536865e-01
2.607870399951934814e-01
5.552383300781250000e+03
1.136649322509765625e+02
4.214600324630737305e-01
3.250669479370117188e+01
1.301556518554687500e+03
2.192404632568359375e+02
9.530258178710937500e+01
1.099071044921875000e+02
5.867094039916992188e+00
1.138944335937500000e+03
5.882858886718750000e+03
2.806324707031250000e+03
2.101409149169921875e+02
3.438039779663085938e+01
1.085007568359375000e+03
1.300333709716796875e+02
7.420296669006347656e+00
9.437273559570312500e+02
1.178684768676757812e+02
2.947251708984375000e+03
1.174147216796875000e+03
2.465727180242538452e-01
1.460030212402343750e+02
4.912929832935333252e-01
2.214536857604980469e+01
8.949537277221679688e-01
5.154948120117187500e+02
2.164794769287109375e+02
1.081604385375976562e+02
1.776084899902343750e+02
3.191208839416503906e+00
1.713141357421875000e+03
1.060876007080078125e+02
4.011797485351562500e+02
2.474395561218261719e+01
6.438918457031250000e+02
2.625913321971893311e-01
6.672009887695312500e+02
1.717371582031250000e+03
7.582339644432067871e-01
2.300701171875000000e+03
3.143739318847656250e+01
1.537315547466278076e-01
4.217283248901367188e+01
1.083050003051757812e+02
9.391618728637695312e+00
1.262482047080993652e+00
3.894286346435546875e+01
1.648921012878417969e+01
1.261565429687500000e+03
3.374850769042968750e+02
4.003156127929687500e+02
2.107666015625000000e+02
3.391647949218750000e+02
2.829067382812500000e+02
1.820894165039062500e+03
9.002541351318359375e+01
4.402649218750000000e+04
1.487593383789062500e+02
2.823164749145507812e+01
2.670074414062500000e+04
1.505418968200683594e+01
2.095381975173950195e+00
2.096433868408203125e+02
6.638175010681152344e+00
3.792314910888671875e+01
1.320986175537109375e+02
6.766281604766845703e+00
7.972038269042968750e+01
4.619817733764648438e+01
1.549790802001953125e+02
2.017540283203125000e+02
1.341486072540283203e+01
4.595504062500000000e+05
3.220182895660400391e+00
4.700096607208251953e+00
4.965300369262695312e+01
2.090372802734375000e+03
8.624136962890625000e+02
1.294672698974609375e+02
3.780918884277343750e+02
9.707825660705566406e+00
1.864756317138671875e+02
1.927848358154296875e+02
3.637684249877929688e+01
3.242078857421875000e+02
1.374227643013000488e+00
2.045856094360351562e+01
2.167213630676269531e+01
1.051141113281250000e+03
2.335386657714843750e+02
1.627896118164062500e+01
3.997157287597656250e+01
3.570311737060546875e+01
2.753844976425170898e+00
1.570730895996093750e+02
2.544487060546875000e+03
2.057308197021484375e+01
2.515677490234375000e+02
1.546467018127441406e+01
1.700384330749511719e+01
4.279883801937103271e-01
2.617062500000000000e+04
1.200012302398681641e+01
4.778690917968750000e+03
4.207899093627929688e+00
9.604693603515625000e+01
1.223188757896423340e+00
7.829100036621093750e+01
3.494471679687500000e+03
7.461927533149719238e-01
1.975300192832946777e+00
1.848707617187500000e+04
3.436843156814575195e+00
1.238720458984375000e+03
2.781656837463378906e+01
1.533195953369140625e+02
1.452995452880859375e+02
1.191546440124511719e+01
5.967872217297554016e-02
3.273948669433593750e+01
3.518902540206909180e+00
1.758818115234375000e+03
1.579435577392578125e+02
3.992800521850585938e+01
3.104439020156860352e+00
3.685983276367187500e+01
4.633564376831054688e+01
1.436382889747619629e+00
1.843164062500000000e+04
3.967602157592773438e+01
1.549262046813964844e+01
3.350563812255859375e+01
1.555225219726562500e+02
1.643115234375000000e+02
3.455991821289062500e+02
2.019855499267578125e+00
2.313660937500000000e+04
9.201316070556640625e+01
4.493760299682617188e+01
1.977824330329895020e+00
9.829878062009811401e-02
4.083460693359375000e+03
9.132532958984375000e+02
2.439290523529052734e+00
5.800375976562500000e+03
3.351260375976562500e+01
5.769370555877685547e+00
9.679262695312500000e+03
6.334939956665039062e+01
1.086391830444335938e+02
8.947343444824218750e+01
1.665715026855468750e+02
3.562720947265625000e+03
1.437098541259765625e+02
4.369552001953125000e+02
2.356997656250000000e+04
2.526276409626007080e-01
5.758550262451171875e+01
3.549670715332031250e+02
8.675317764282226562e+00
1.289933929443359375e+02
2.429053306579589844e+00
9.052610397338867188e-01
1.555612548828125000e+03
3.066924333572387695e+00
8.116398811340332031e+00
2.236962890625000000e+02
2.241139888763427734e+00
1.735840606689453125e+01
6.418141174316406250e+01
4.210750102996826172e+00
6.351030731201171875e+01
1.085831761360168457e+00
6.973196268081665039e-01
5.241557617187500000e+02
2.244061035156250000e+03
4.749611663818359375e+01
5.338233642578125000e+02
7.190641880035400391e+00
3.062434673309326172e+00
4.227064941406250000e+03
4.045142364501953125e+01
5.632231445312500000e+02
1.372061462402343750e+02
5.772125244140625000e+01
5.359206542968750000e+02
1.704155921936035156e+01
1.851041564941406250e+02
8.533370361328125000e+02
2.784224700927734375e+01
6.147466659545898438e+01
1.047086547851562500e+03
5.745497436523437500e+02
1.321450138092041016e+01
2.500399627685546875e+02
1.379146118164062500e+02
5.648178577423095703e+00
1.465273681640625000e+03
1.190952880859375000e+03
3.528902343750000000e+03
8.577289581298828125e+01
3.533771896362304688e+01
1.617502450942993164e+00
6.220545768737792969e-01
4.647483825683593750e+01
3.925118637084960938e+01
3.173533821105957031e+01
6.520248055458068848e-01
3.901386260986328125e+01
8.197243213653564453e-01
9.583635711669921875e+01
3.677114486694335938e+01
3.670428161621093750e+02
1.152481933593750000e+03
1.744375457763671875e+02
8.670107269287109375e+01
1.734913444519042969e+01
1.145974731445312500e+01
2.784999012947082520e-01
3.081444062500000000e+05
1.757975463867187500e+03
6.545114135742187500e+01
2.016652526855468750e+02
1.928432655334472656e+01
3.094229980468750000e+03
3.984317398071289062e+01
3.754036331176757812e+01
7.526059722900390625e+01
3.650413990020751953e+00
3.858802413940429688e+01
1.090057373046875000e+02
6.244998779296875000e+02
1.798778295516967773e+00
1.764351043701171875e+02
1.695640502929687500e+03
4.513334655761718750e+02
1.461948089599609375e+02
1.619920539855957031e+01
5.786791992187500000e+01
1.818633675575256348e+00
2.608121000230312347e-02
2.528944854736328125e+02
7.298762817382812500e+02
2.250869941711425781e+01
7.723390197753906250e+01
3.562792358398437500e+02
1.773443756103515625e+02
1.470971374511718750e+02
5.715929985046386719e+00
4.229865550994873047e+00
7.861739635467529297e+00
4.181076660156250000e+02
6.245633544921875000e+02
6.624148845672607422e+00
2.239734863281250000e+03
7.199097871780395508e-01
3.187573671340942383e+00
5.798356235027313232e-02
1.665154266357421875e+01
4.963610351562500000e+03
4.198051269531250000e+03
2.913168430328369141e+00
3.887236633300781250e+02
8.054229736328125000e+01
1.003766059875488281e+01
5.753107910156250000e+03
1.977202880859375000e+03
3.912538528442382812e+00
1.998788833618164062e+01
2.503247261047363281e+00
2.348149871826171875e+02
2.951735115051269531e+01
1.535741424560546875e+02
4.890910949707031250e+02
8.209076538085937500e+02
2.633762359619140625e+01
3.774969816207885742e+00
3.789423465728759766e+00
1.928462524414062500e+02
2.560166015625000000e+02
3.322785339355468750e+02
2.876697998046875000e+02
2.572683906555175781e+01
3.837172241210937500e+02
2.419408447265625000e+03
9.440513916015625000e+02
1.066476154327392578e+01
3.811655998229980469e+00
