1.228617355227470398e-01
7.625176012516021729e-02
3.320240229368209839e-02
4.427663516253232956e-03
5.123670212924480438e-03
3.278571128845214844e+00
2.231043577194213867e-02
7.174887578003108501e-04
4.795928299427032471e-02
4.595984145998954773e-02
1.326436991803348064e-03
6.844667717814445496e-03
3.314174944534897804e-03
2.433162881061434746e-03
3.492421936243772507e-03
3.198617370799183846e-03
1.283604744821786880e-02
3.656217013485729694e-04
2.077851444482803345e-02
1.027137390337884426e-03
4.146511852741241455e-01
1.498611550778150558e-02
4.586010426282882690e-02
1.133425086736679077e-01
6.454464793205261230e-01
1.624281145632266998e-02
5.941393598914146423e-02
7.475734688341617584e-03
6.419805437326431274e-02
3.143550157546997070e-01
8.223304030252620578e-05
7.466741863026982173e-06
9.412122890353202820e-04
1.051298342645168304e-02
6.052298471331596375e-02
1.558227743953466415e-02
8.607086725533008575e-03
1.602998672751709819e-04
1.557395048439502716e-02
3.917740657925605774e-03
3.473647832870483398e-01
2.937379181385040283e-01
7.979974034242331982e-04
2.271500968933105469e+01
1.451864689588546753e-01
8.755342662334442139e-02
5.615234375000000000e-03
1.454699158668518066e+00
1.258313655853271484e-03
1.784879527986049652e-02
7.374567538499832153e-02
9.519745409488677979e-02
6.533618271350860596e-02
1.510439440608024597e-02
6.004905444569885731e-04
1.412642071954905987e-03
2.310152631253004074e-03
1.629487262107431889e-03
5.745482631027698517e-03
1.622914791107177734e+00
8.316382765769958496e-03
2.172613859176635742e+00
2.914850134402513504e-03
2.528881654143333435e-03
1.556857079267501831e-01
1.020957063883543015e-02
1.042997837066650391e+00
1.554714236408472061e-02
3.919025063514709473e-01
8.221680521965026855e-01
3.597473551053553820e-05
3.359966039657592773e+00
4.418084281496703625e-04
4.107162822037935257e-03
7.121232897043228149e-02
1.172055825591087341e-01
4.867014940828084946e-03
5.276840645819902420e-03
1.678458750247955322e-01
3.301295218989253044e-03
4.537059739232063293e-02
1.309583336114883423e-02
3.253572061657905579e-02
4.903807348455302417e-05
3.823391161859035492e-04
9.251782321371138096e-04
1.401150143465201836e-06
2.693607471883296967e-02
3.145191371440887451e-01
2.412920352071523666e-03
1.691505499184131622e-02
4.690793529152870178e-02
5.803641979582607746e-04
5.617260560393333435e-02
2.229454228654503822e-03
4.701058864593505859e-01
3.644472658634185791e-01
3.198573365807533264e-02
5.687263328582048416e-03
3.421283364295959473e-01
9.940518379211425781e+00
9.115294367074966431e-02
4.580715612974017859e-04
1.373077626340091228e-03
5.006426945328712463e-02
1.552837252616882324e+00
5.249284207820892334e-02
1.697414182126522064e-02
1.784809231758117676e-01
2.488000094890594482e-01
1.872006221674382687e-03
1.476398944854736328e+00
4.066472500562667847e-02
3.447659611701965332e-01
3.081831894814968109e-02
1.651685312390327454e-02
6.691010296344757080e-02
1.627858728170394897e-03
2.078160876408219337e-03
3.385544568300247192e-02
8.406488923355937004e-04
9.356219291687011719e+00
7.241521477699279785e-01
6.328640878200531006e-02
9.561873412167187780e-06
1.354967057704925537e-02
9.039055556058883667e-03
1.474934542784467340e-04
6.569269299507141113e-02
1.003795117139816284e-01
5.110933184623718262e-01
2.190645551308989525e-03
4.849887918680906296e-03
6.615347228944301605e-04
7.705805450677871704e-02
6.804556120187044144e-03
2.536250092089176178e-02
1.248144507408142090e+00
4.275664314627647400e-02
1.749797910451889038e-01
1.657251082360744476e-02
3.386396914720535278e-02
8.898146152496337891e-01
2.466598272323608398e+00
5.671733856201171875e+00
5.041655898094177246e-02
4.651670157909393311e-01
5.612881481647491455e-02
8.628792315721511841e-02
2.513058669865131378e-02
7.780539337545633316e-03
2.175200134515762329e-01
6.250661611557006836e-02
4.110642708837985992e-03
3.916069120168685913e-02
6.379533559083938599e-03
5.212904885411262512e-03
3.965086489915847778e-02
7.779103470966219902e-04
1.653872168390080333e-04
1.622667908668518066e-02
2.791403385344892740e-04
4.656452685594558716e-02
5.450782775878906250e-01
5.144219100475311279e-02
6.787064671516418457e-02
3.662250638008117676e-01
1.923535913228988647e-01
9.332870841026306152e-01
4.192087508272379637e-04
1.818356849253177643e-02
2.761268056929111481e-02
1.226454187417402864e-04
7.308268919587135315e-03
2.720936201512813568e-03
8.911437392234802246e-01
1.337403338402509689e-02
2.075322531163692474e-02
9.776765480637550354e-03
7.057029753923416138e-02
3.517018258571624756e-02
3.210438415408134460e-02
7.931258529424667358e-02
1.235692128539085388e-01
3.949746847152709961e+00
2.828141674399375916e-03
6.731861270964145660e-03
3.011184372007846832e-02
1.823902130126953125e-01
9.364522993564605713e-03
6.665002554655075073e-02
5.857916548848152161e-03
1.803895574994385242e-04
6.482966709882020950e-03
6.224961206316947937e-02
3.889388404786586761e-03
4.892170727252960205e-01
9.282065182924270630e-02
5.440333625301718712e-04
2.824139967560768127e-02
2.104424173012375832e-03
7.299464195966720581e-03
1.145219895988702774e-02
2.418494038283824921e-02
1.754146767780184746e-03
3.028924576938152313e-03
8.121991157531738281e-02
1.958506393432617188e+01
5.271635018289089203e-03
2.539698500186204910e-03
3.137612249702215195e-03
1.288517117500305176e-01
1.299832656513899565e-04
1.427477002143859863e-01
3.343520313501358032e-02
7.646205425262451172e+00
3.538130968809127808e-02
5.944550503045320511e-03
5.715569946914911270e-03
3.926025629043579102e+00
1.541438221931457520e+00
3.039463190361857414e-03
6.243997253477573395e-03
1.511973440647125244e-01
3.355570079293102026e-04
9.889789856970310211e-03
6.641121581196784973e-04
7.159693717956542969e+00
6.591197848320007324e-01
8.577554253861308098e-04
3.846453130245208740e-02
5.468912888318300247e-03
2.430090308189392090e-02
5.375112965703010559e-02
3.073407709598541260e-01
1.165972277522087097e-02
1.136882826685905457e-01
1.306793745607137680e-02
1.148671507835388184e-01
4.607267328538000584e-05
2.075294265523552895e-03
2.235679030418395996e-01
1.684904247522354126e-01
7.340091746300458908e-03
2.545232884585857391e-02
3.516126191243529320e-03
9.133498370647430420e-02
2.423658221960067749e-01
4.942396283149719238e-02
4.746510386466979980e-01
1.113175507634878159e-02
8.163086175918579102e-01
2.701814264582935721e-05
3.970284387469291687e-02
1.062969677150249481e-02
6.264144927263259888e-02
3.674133300781250000e+01
5.733501166105270386e-02
1.150816120207309723e-02
3.702788352966308594e-01
5.538766738027334213e-03
8.034094935283064842e-04
3.516066968441009521e-01
4.650597926229238510e-03
2.494596689939498901e-02
2.310285344719886780e-02
7.387766148895025253e-03
3.246796131134033203e+00
1.248260610736906528e-03
2.451390027999877930e-02
2.634478569030761719e+00
1.080751866102218628e-01
5.895829200744628906e-02
1.820750534534454346e-03
4.805672215297818184e-04
1.317352708429098129e-02
7.888622581958770752e-03
3.778605954721570015e-03
3.235846757888793945e-01
1.575565576553344727e+00
2.483827769756317139e-01
5.775951431132853031e-04
1.715062744915485382e-02
5.226659122854471207e-03
4.837652886635623872e-05
1.592292916029691696e-03
2.820476531982421875e+00
3.640217065811157227e+00
2.807991986628621817e-04
4.710237681865692139e-02
2.490192092955112457e-02
3.299400268588215113e-04
5.631072912365198135e-03
3.129327297210693359e-02
8.982973522506654263e-04
1.782677322626113892e-02
9.748689830303192139e-02
4.855853319168090820e-02
7.319780588150024414e-01
9.583940729498863220e-03
1.363197445869445801e+00
8.108413219451904297e-01
1.002915576100349426e-01
6.626248359680175781e-01
1.265902805328369141e+01
5.029149819165468216e-03
5.431124567985534668e-02
8.649409748613834381e-03
7.238036487251520157e-03
3.064784407615661621e-01
9.024721384048461914e-01
1.831511408090591431e-02
3.198722004890441895e-02
8.268557488918304443e-02
5.282401689328253269e-04
6.357474625110626221e-02
1.387886368320323527e-05
1.349391788244247437e-01
1.229869551025331020e-03
4.305756185203790665e-03
1.979799866676330566e-01
3.413431986700743437e-04
2.751837112009525299e-02
2.755059003829956055e-01
1.693364814855158329e-03
4.063558280467987061e-01
2.375721186399459839e-02
2.399754943326115608e-03
5.422504618763923645e-04
1.186469686217606068e-03
1.747018843889236450e-02
1.297060251235961914e-01
7.286500185728073120e-03
5.397636443376541138e-03
1.680430490523576736e-03
7.181148231029510498e-02
5.343410652130842209e-03
8.899397216737270355e-04
4.882822185754776001e-02
5.340844988822937012e-01
8.724858053028583527e-03
3.355118969921022654e-04
3.574625356122851372e-03
3.010041236877441406e+00
8.520284318365156651e-04
1.973306573927402496e-02
1.136326193809509277e-01
6.115002091974020004e-03
3.459788858890533447e-02
2.160513959825038910e-02
1.118473112583160400e-01
1.100959163159132004e-02
2.715798927965806797e-06
3.908696584403514862e-03
3.960781614296138287e-04
2.894346253015100956e-04
1.117780711501836777e-02
1.545350439846515656e-02
1.255320850759744644e-02
6.996704638004302979e-02
4.216823354363441467e-02
5.794917815364897251e-04
1.583771035075187683e-02
2.051488123834133148e-02
5.168496370315551758e-01
3.519316669553518295e-03
7.823463529348373413e-03
6.713717011734843254e-04
2.890912629663944244e-02
2.935114025603979826e-05
5.286561325192451477e-02
7.480230927467346191e-02
9.542082250118255615e-02
3.989371005445718765e-03
8.700333833694458008e-01
7.853866554796695709e-04
5.056834779679775238e-03
8.505566045641899109e-03
1.590858586132526398e-02
3.061643801629543304e-02
4.904122278094291687e-02
1.265031169168651104e-04
6.000095605850219727e-01
7.918971031904220581e-02
3.652582317590713501e-02
1.493645286560058594e+01
1.095353221893310547e+01
1.000563264824450016e-03
4.695107636507600546e-04
6.184535450302064419e-04
1.182370111346244812e-01
4.942075349390506744e-03
5.022585391998291016e-01
8.995669364929199219e+00
6.674375617876648903e-05
4.145568370819091797e+00
3.534615337848663330e-01
5.610121414065361023e-02
5.785582470707595348e-04
8.221453026635572314e-05
6.197363853454589844e+00
4.844575881958007812e+01
4.264370422363281250e+02
3.261655569076538086e+00
1.838739967346191406e+01
3.068681478500366211e+00
1.628521270751953125e+02
2.410478830337524414e+00
1.355674285888671875e+02
1.784399151802062988e+00
1.526041793823242188e+01
7.347453308105468750e+01
2.933066940307617188e+01
1.460196524858474731e-01
7.054672241210937500e+01
1.583436298370361328e+01
6.693675231933593750e+01
1.588213500976562500e+02
1.281420421600341797e+01
2.435754203796386719e+01
2.196579895019531250e+02
1.484895944595336914e+00
7.971030235290527344e+00
1.377554931640625000e+02
6.059949398040771484e-01
1.828635931015014648e+00
2.049430236816406250e+02
5.879975509643554688e+01
2.528389160156250000e+03
8.425701141357421875e+01
1.209391021728515625e+01
1.139440155029296875e+01
2.076311349868774414e+00
2.597509765625000000e+03
7.125856018066406250e+01
4.139926147460937500e+01
1.440238356590270996e+00
2.676999270915985107e-01
1.092971324920654297e+00
4.744148864746093750e+02
3.570093078613281250e+02
6.038331222534179688e+01
5.846821784973144531e+00
8.116529541015625000e+02
3.223313903808593750e+01
2.367027664184570312e+01
1.260665702819824219e+01
3.524322509765625000e+01
2.194236040115356445e+00
1.499747680664062500e+03
2.798148498535156250e+02
6.376188964843750000e+02
2.684787368774414062e+01
2.488511657714843750e+01
1.967697143554687500e+01
1.615858793258666992e+00
3.758777618408203125e+00
2.998291492462158203e+00
1.008254814147949219e+01
9.875851440429687500e+02
2.755844421386718750e+02
4.428912048339843750e+02
4.603988265991210938e+01
3.394157028198242188e+01
4.203238487243652344e+00
1.749320678710937500e+02
8.669309234619140625e+01
4.745334472656250000e+03
2.027024078369140625e+02
1.417165374755859375e+02
8.394308388233184814e-02
1.210574951171875000e+02
4.104267597198486328e+00
1.983219451904296875e+02
6.760078907012939453e+00
4.724924087524414062e+01
1.686379623413085938e+01
1.721748352050781250e+01
1.905355529785156250e+02
2.263111877441406250e+01
2.250099945068359375e+01
4.572317600250244141e+00
1.137965488433837891e+01
8.409619331359863281e+00
1.958174324035644531e+01
1.395399379730224609e+01
1.450482010841369629e-01
1.700288581848144531e+01
1.802767753601074219e+01
5.909332752227783203e+00
3.126993408203125000e+02
2.212729187011718750e+02
4.596867752075195312e+01
6.596583557128906250e+01
8.131552124023437500e+01
4.476281738281250000e+02
1.355955958366394043e+00
1.567387207031250000e+03
8.197962045669555664e-01
4.783533020019531250e+02
1.120092964172363281e+01
1.392706871032714844e+01
1.652080535888671875e+01
4.483431396484375000e+02
9.298239135742187500e+01
2.634351539611816406e+01
3.833091974258422852e+00
4.623911621093750000e+03
1.098363867187500000e+04
5.266306996345520020e-01
5.181391239166259766e-01
3.851698242187500000e+03
1.806448974609375000e+02
3.149843931198120117e+00
5.180678939819335938e+01
1.526085937500000000e+03
1.565964050292968750e+02
1.199659652709960938e+02
3.499492263793945312e+01
4.288503170013427734e+00
1.452600585937500000e+03
2.000844360351562500e+03
3.129485839843750000e+03
3.327261047363281250e+02
2.087508010864257812e+01
6.522191162109375000e+02
6.629615020751953125e+01
3.033408403396606445e+00
4.194731750488281250e+02
5.463294219970703125e+01
7.732071533203125000e+02
1.080462112426757812e+02
2.446862459182739258e-01
4.099701690673828125e+01
7.503180503845214844e-01
8.295153617858886719e+00
5.990015864372253418e-01
4.258075561523437500e+02
8.471950531005859375e+01
3.748051757812500000e+02
4.179890441894531250e+01
5.917152166366577148e-01
6.338206176757812500e+02
4.513631439208984375e+01
1.168550567626953125e+02
1.754356002807617188e+01
4.338225708007812500e+02
7.597017288208007812e-01
2.016479492187500000e+02
8.641652832031250000e+02
1.789489090442657471e-01
1.534576873779296875e+02
1.397081851959228516e+01
5.924903973937034607e-02
3.863293457031250000e+01
4.525205993652343750e+01
4.204766273498535156e+00
1.088106751441955566e+00
4.269448280334472656e+00
1.650656890869140625e+01
2.112851257324218750e+02
1.856979827880859375e+02
3.455225830078125000e+02
4.555423736572265625e+01
2.064574432373046875e+02
2.278198089599609375e+02
6.449617919921875000e+02
2.918451232910156250e+02
6.741599121093750000e+03
4.135706710815429688e+01
8.924434661865234375e+00
5.506291015625000000e+03
1.549977016448974609e+01
2.483094692230224609e+00
1.754719238281250000e+02
1.226782417297363281e+01
1.069421100616455078e+01
3.747126007080078125e+01
5.431169033050537109e+00
6.367108345031738281e+00
8.571762084960937500e+01
2.711356201171875000e+02
3.467402954101562500e+02
1.719457244873046875e+01
2.158822265625000000e+04
5.137202739715576172e+00
6.742221713066101074e-01
8.411064910888671875e+01
5.329476928710937500e+02
1.279425201416015625e+02
3.155475425720214844e+01
6.958682250976562500e+02
6.680073738098144531e+00
6.009672546386718750e+01
1.904761505126953125e+02
2.721239805221557617e+00
5.162567138671875000e+01
2.135927915573120117e+00
3.452697038650512695e+00
5.992666721343994141e+00
5.713412475585937500e+01
8.692945861816406250e+01
1.946252441406250000e+01
2.255933952331542969e+01
7.444238185882568359e+00
5.495993137359619141e+00
1.551761474609375000e+02
6.480278930664062500e+02
4.999420642852783203e+00
9.209208679199218750e+01
8.354105949401855469e+00
1.233368206024169922e+01
3.169272541999816895e-01
1.121063671875000000e+04
7.804729938507080078e+00
7.124174804687500000e+02
1.558061003684997559e+00
8.547892761230468750e+01
1.678965330123901367e+00
3.267349548339843750e+02
1.058857031250000000e+04
1.922786235809326172e-01
3.555209636688232422e+00
7.053811035156250000e+03
1.891308212280273438e+01
7.566544799804687500e+02
9.503105163574218750e+00
1.094652557373046875e+02
5.979464721679687500e+01
1.647060203552246094e+01
5.379641056060791016e-02
4.312352657318115234e+00
1.087912917137145996e+00
1.063608154296875000e+03
6.574269866943359375e+01
3.985952377319335938e+01
3.388459205627441406e+00
2.412592887878417969e+01
1.609869995117187500e+02
7.068638205528259277e-01
1.903835327148437500e+03
2.757649803161621094e+01
7.311253356933593750e+01
1.903158569335937500e+01
3.507467651367187500e+02
5.704132843017578125e+01
1.437911376953125000e+02
3.391042947769165039e+00
4.428055175781250000e+03
1.231121902465820312e+02
7.036238098144531250e+01
6.436397552490234375e+00
2.370636612176895142e-01
1.196962646484375000e+03
3.343663635253906250e+02
1.171425580978393555e+00
3.041004638671875000e+03
3.492507553100585938e+01
1.172343730926513672e+01
3.739158691406250000e+03
1.172315788269042969e+01
8.904687500000000000e+01
4.016357421875000000e+01
3.246060485839843750e+02
4.865066894531250000e+03
6.734154510498046875e+01
6.292727661132812500e+02
9.805531616210937500e+02
1.294064640998840332e+00
4.496561050415039062e+01
1.090064697265625000e+02
5.570455932617187500e+01
1.272842941284179688e+02
1.324163079261779785e+00
3.358675241470336914e-01
8.119908905029296875e+01
9.041034698486328125e+00
2.720618009567260742e+00
6.446186065673828125e+01
3.386530160903930664e+00
4.980970382690429688e+01
1.217929077148437500e+01
9.931992530822753906e+00
1.857907867431640625e+01
2.122779488563537598e-01
1.095361948013305664e+00
4.410926208496093750e+02
3.323609375000000000e+03
1.640931129455566406e+01
3.570688781738281250e+02
6.207772254943847656e+00
9.923123359680175781e+00
6.458108520507812500e+02
1.861351203918457031e+01
6.236958007812500000e+02
1.949199981689453125e+02
1.591339015960693359e+01
1.070632202148437500e+03
2.113251686096191406e+01
1.236954421997070312e+02
1.117831497192382812e+02
3.477590942382812500e+01
2.403146934509277344e+01
5.320632934570312500e+02
9.915283966064453125e+01
1.900332450866699219e+01
3.551719360351562500e+02
1.022363853454589844e+01
8.353899002075195312e+00
4.651610107421875000e+02
9.561027832031250000e+02
9.886080322265625000e+02
1.623705291748046875e+02
1.063712120056152344e+01
1.164734005928039551e+00
6.588234901428222656e-01
5.879022598266601562e+00
5.442498397827148438e+01
2.555687665939331055e+00
1.883750706911087036e-01
6.536058902740478516e+00
3.422358930110931396e-01
3.780744018554687500e+02
1.297400188446044922e+01
8.943615722656250000e+01
2.660267028808593750e+02
1.174932937622070312e+02
2.127400779724121094e+01
1.084968948364257812e+01
2.408531379699707031e+01
1.239970088005065918e+00
1.193153906250000000e+05
6.340924072265625000e+02
3.481177139282226562e+01
1.495985698699951172e+01
1.543450927734375000e+01
1.133418212890625000e+03
3.019613265991210938e+01
1.587974548339843750e+01
1.193636932373046875e+02
4.810837268829345703e+00
6.421790313720703125e+01
5.913968276977539062e+01
6.075009155273437500e+01
2.284710407257080078e+00
3.963168334960937500e+01
1.386228485107421875e+02
1.693935302734375000e+03
4.764585113525390625e+01
3.812331390380859375e+01
6.713727569580078125e+01
2.919799804687500000e+00
5.089979246258735657e-02
9.480983734130859375e+01
1.272759857177734375e+02
3.805382013320922852e+00
9.119747161865234375e+00
1.348256072998046875e+02
1.394190063476562500e+02
1.665960388183593750e+02
1.083840942382812500e+01
2.629806101322174072e-01
1.403281021118164062e+01
1.609013519287109375e+02
1.595950164794921875e+02
7.401359558105468750e+00
2.661898803710937500e+02
1.640964984893798828e+00
2.659225702285766602e+00
8.674415200948715210e-02
9.042065620422363281e+00
2.051798583984375000e+03
1.159765380859375000e+03
2.266263961791992188e+00
2.848046569824218750e+02
6.515991973876953125e+01
3.764320135116577148e+00
8.842399902343750000e+02
6.019429931640625000e+02
3.042289733886718750e+00
6.254649639129638672e+00
1.644618272781372070e+00
2.222104797363281250e+02
7.543707847595214844e+00
3.869952392578125000e+01
5.182722778320312500e+02
1.175735595703125000e+03
1.106251430511474609e+01
7.354572296142578125e+00
4.465488910675048828e+00
1.584753417968750000e+02
6.977634906768798828e+00
7.566739654541015625e+01
2.565571289062500000e+02
1.556263065338134766e+01
4.747995910644531250e+02
1.859565429687500000e+03
2.985191040039062500e+02
5.343184471130371094e+00
5.132519245147705078e+00
