8.053302019834518433e-02
5.804505944252014160e-02
7.830771803855895996e-02
8.267303928732872009e-03
1.169183012098073959e-02
1.312461376190185547e+00
5.047173798084259033e-02
7.435317151248455048e-03
1.208412125706672668e-01
5.528278648853302002e-02
3.674829378724098206e-02
1.793728023767471313e-02
1.024503707885742188e-01
5.288037005811929703e-03
3.740005195140838623e-02
1.633063890039920807e-02
3.437940031290054321e-02
9.699389338493347168e-02
9.534347802400588989e-03
3.794142976403236389e-02
1.213410124182701111e-01
5.122356116771697998e-02
1.656716912984848022e-01
2.944956533610820770e-02
3.792354583740234375e+00
1.687667332589626312e-02
1.908587962388992310e-01
5.498629808425903320e-02
8.349291682243347168e-01
1.782286763191223145e+00
4.518025671131908894e-04
1.184848835691809654e-03
1.222397573292255402e-02
2.334734797477722168e-01
2.222600392997264862e-02
5.849943310022354126e-02
1.472762227058410645e-02
4.619994433596730232e-04
2.209656536579132080e-01
2.883582934737205505e-02
2.664667367935180664e+00
5.117595791816711426e-01
1.667964830994606018e-02
4.041840076446533203e+00
1.162153184413909912e-01
1.477795988321304321e-01
1.904090680181980133e-02
4.266500771045684814e-01
4.800322465598583221e-03
6.897356510162353516e-01
8.032515048980712891e-01
3.788172826170921326e-02
8.363892883062362671e-02
1.961046904325485229e-01
2.029629424214363098e-03
1.944834250025451183e-03
1.932276645675301552e-03
8.064178377389907837e-02
5.229680333286523819e-03
3.126884937286376953e+00
2.511947751045227051e-01
6.797249794006347656e+00
8.303841575980186462e-03
4.569822922348976135e-02
1.141890436410903931e-01
4.264289736747741699e-01
4.071434438228607178e-01
4.076749086380004883e-02
6.369134783744812012e-01
1.145914554595947266e+00
2.253139100503176451e-04
3.023100376129150391e+00
6.771705229766666889e-04
1.468297243118286133e-01
2.706998884677886963e-01
5.197411179542541504e-01
3.575532510876655579e-02
1.446041278541088104e-02
5.904794335365295410e-01
4.825472831726074219e-02
1.256021112203598022e-01
4.353038221597671509e-02
3.800614550709724426e-02
1.082956325262784958e-03
6.741636432707309723e-03
4.689717665314674377e-03
1.554401242174208164e-04
1.122819632291793823e-01
1.268258988857269287e-01
3.524408442899584770e-03
2.444421127438545227e-02
3.707935661077499390e-02
1.690676552243530750e-03
1.564603447914123535e-01
6.793311983346939087e-02
2.646480798721313477e+00
7.331678271293640137e-01
1.422338336706161499e-01
4.011279344558715820e-02
3.237143456935882568e-01
1.615139842033386230e+00
3.172095492482185364e-02
2.384981838986277580e-03
1.879744045436382294e-02
4.822279140353202820e-02
2.228216826915740967e-01
7.588164880871772766e-03
8.206603676080703735e-02
9.392121434211730957e-01
5.726431682705879211e-02
5.822691135108470917e-03
2.103331685066223145e-01
4.124948084354400635e-01
9.858518838882446289e-01
1.834735274314880371e-01
1.585804671049118042e-02
5.780826136469841003e-02
4.500833526253700256e-02
5.435982719063758850e-03
7.116328924894332886e-02
1.397120021283626556e-02
3.000128746032714844e+00
1.373192071914672852e-01
1.162749901413917542e-01
6.271721213124692440e-04
1.687412336468696594e-02
7.086592726409435272e-03
1.587865757755935192e-03
1.552421003580093384e-01
8.895939588546752930e-02
5.546402335166931152e-01
1.150708943605422974e-01
1.224625669419765472e-02
5.800784099847078323e-03
5.159025639295578003e-02
3.613689169287681580e-02
2.853561751544475555e-02
1.008560135960578918e-01
2.541626058518886566e-02
7.456938028335571289e-01
2.204719930887222290e-02
2.974792756140232086e-02
2.986553430557250977e+00
6.052710056304931641e+00
1.665375947952270508e+00
3.212412446737289429e-02
1.277820616960525513e-01
1.518603563308715820e-01
2.732192277908325195e-01
2.918145433068275452e-02
1.710692979395389557e-02
8.832561373710632324e-01
1.154733002185821533e-01
7.493504323065280914e-03
5.121801421046257019e-02
3.832023590803146362e-02
4.985013511031866074e-03
4.821612313389778137e-02
1.122013782151043415e-03
2.420966047793626785e-03
6.450166702270507812e-01
4.649148136377334595e-02
6.715676933526992798e-02
1.377613306045532227e+00
8.466786146163940430e-01
5.825446844100952148e-01
4.793126881122589111e-01
4.366568326950073242e-01
7.437186837196350098e-01
1.082142814993858337e-03
4.720595777034759521e-01
2.492631226778030396e-01
7.334651425480842590e-03
3.720975294709205627e-02
3.524765744805335999e-02
6.212113499641418457e-01
9.121951647102832794e-03
2.879650890827178955e-02
2.307505905628204346e-02
5.757076263427734375e+00
5.584456399083137512e-02
4.919734224677085876e-02
9.010591357946395874e-02
2.807369641959667206e-02
3.831115007400512695e+00
1.664261147379875183e-02
2.850826084613800049e-02
1.110155135393142700e-01
1.444108247756958008e+00
8.710575290024280548e-03
2.457455843687057495e-01
9.040597081184387207e-02
1.394868013449013233e-03
2.169929444789886475e-02
1.296930294483900070e-02
3.367581963539123535e-02
2.944540679454803467e-01
3.447739407420158386e-02
1.524338731542229652e-03
5.090292170643806458e-02
3.368642553687095642e-02
1.588407903909683228e-01
3.416072577238082886e-02
1.094315052032470703e-01
1.492095831781625748e-02
8.217534050345420837e-03
2.984303236007690430e-02
7.467535495758056641e+00
2.434290945529937744e-03
1.692551886662840843e-03
2.860618196427822113e-02
1.720967441797256470e-01
8.064235444180667400e-04
2.984059229493141174e-02
6.036348640918731689e-02
1.292571187019348145e+00
6.184511184692382812e-01
1.000441387295722961e-01
4.462704062461853027e-02
4.559863090515136719e+00
1.303576707839965820e+00
5.390760954469442368e-03
3.333604335784912109e-02
5.001681447029113770e-01
7.794861448928713799e-04
8.270231634378433228e-02
9.394882246851921082e-03
1.353980422019958496e+00
6.966625452041625977e-01
3.874607617035508156e-03
7.577916234731674194e-02
3.124753534793853760e-01
1.349401380866765976e-02
2.209259420633316040e-01
5.074855312705039978e-02
2.214014232158660889e-01
1.942192763090133667e-01
1.925056986510753632e-02
4.400268495082855225e-01
8.541123825125396252e-04
1.768738925457000732e-01
5.904234200716018677e-02
1.512029115110635757e-02
4.503276571631431580e-02
6.392412632703781128e-02
2.678893879055976868e-02
3.588809445500373840e-02
2.672964893281459808e-02
4.218215867877006531e-02
6.275128722190856934e-01
1.367493066936731339e-02
8.599575757980346680e-01
4.345311608631163836e-04
1.894911080598831177e-01
8.137755095958709717e-02
3.312054276466369629e-02
2.646869421005249023e+00
4.412171989679336548e-02
1.982035934925079346e-01
1.088897213339805603e-01
9.551913291215896606e-02
8.571834303438663483e-03
6.080526113510131836e-01
9.542061947286128998e-03
9.077028185129165649e-02
3.857304453849792480e-01
1.187672615051269531e-01
9.528273344039916992e-01
2.851370954886078835e-04
4.270257800817489624e-02
3.018059968948364258e+00
6.905859708786010742e-01
1.602898985147476196e-01
1.558313146233558655e-02
2.285484515596181154e-04
1.827948354184627533e-02
9.917561896145343781e-03
1.044876780360937119e-02
3.342786729335784912e-01
2.938025444746017456e-02
3.459399640560150146e-01
1.272705942392349243e-01
1.506535150110721588e-02
1.430062204599380493e-02
1.146397320553660393e-03
1.037982106208801270e-02
7.065608501434326172e-01
5.586753368377685547e+00
3.923091106116771698e-03
1.778743267059326172e-01
1.056922320276498795e-02
1.012320909649133682e-02
1.679359823465347290e-01
1.918196119368076324e-02
7.444785907864570618e-03
7.117765955626964569e-03
5.630239844322204590e-01
4.307482019066810608e-02
3.469498157501220703e-01
5.465853810310363770e-01
4.158935546875000000e+00
5.952327251434326172e-01
1.176509141921997070e+00
2.490895748138427734e+00
1.780708432197570801e+00
5.999895185232162476e-02
9.416635148227214813e-03
1.160457581281661987e-01
1.186934933066368103e-01
2.436704337596893311e-01
1.756198048591613770e+00
8.164225518703460693e-02
4.944102838635444641e-02
1.725930869579315186e-01
2.355941571295261383e-02
1.561869531869888306e-01
9.714878979139029980e-04
1.489713042974472046e-01
2.153012435883283615e-03
4.127597436308860779e-02
1.165338873863220215e+00
2.133790869265794754e-03
1.554658114910125732e-01
8.403966426849365234e-01
1.757167726755142212e-01
1.202344059944152832e+00
6.091112736612558365e-03
3.881642129272222519e-03
3.700482845306396484e-02
5.174718331545591354e-03
2.593563636764883995e-03
6.707671284675598145e-01
5.277597308158874512e-01
1.667663097381591797e+00
6.410680245608091354e-03
7.884220778942108154e-02
1.989344358444213867e-01
4.843534436076879501e-03
1.531682014465332031e-01
1.861307621002197266e+00
1.460354179143905640e-01
6.059047766029834747e-03
8.064874447882175446e-03
1.085781455039978027e+00
8.615479455329477787e-04
1.007753610610961914e-02
5.509238243103027344e-01
3.174366056919097900e-02
1.248722746968269348e-01
1.187749147415161133e+00
4.430322721600532532e-02
1.843868754804134369e-02
9.131046244874596596e-04
3.180721402168273926e-02
2.833655290305614471e-02
2.981081139296293259e-03
7.315737195312976837e-03
2.216621935367584229e-01
4.674665257334709167e-02
4.466221109032630920e-02
1.788786947727203369e-01
1.864106208086013794e-02
2.323023229837417603e-02
1.627500914037227631e-02
1.010659933090209961e+00
3.234656527638435364e-02
1.024031117558479309e-01
2.015692647546529770e-03
7.954802513122558594e-01
1.777324941940605640e-04
5.361567437648773193e-02
2.326023764908313751e-02
1.430731892585754395e+00
1.670223660767078400e-02
8.147408962249755859e-01
5.140303168445825577e-03
1.161945089697837830e-01
1.708616614341735840e-01
4.413978382945060730e-02
8.266802877187728882e-03
1.006570085883140564e-01
8.738156408071517944e-03
1.042947649955749512e+00
2.520699203014373779e-01
3.071355223655700684e-01
4.651525616645812988e-01
2.295861482620239258e+00
7.472323719412088394e-03
2.674303017556667328e-02
4.562426358461380005e-03
3.658202663064002991e-02
7.257826626300811768e-02
7.746369838714599609e-01
2.681955814361572266e+00
2.202623989433050156e-03
1.104560732841491699e+00
4.664117097854614258e-01
3.004963509738445282e-02
4.479962401092052460e-03
5.456649232655763626e-03
1.170197844505310059e+00
1.004917049407958984e+01
1.255696582794189453e+01
9.674475789070129395e-01
7.257726788520812988e-01
3.994143486022949219e+00
3.572188949584960938e+01
4.700102329254150391e+00
2.845592689514160156e+01
2.330084890127182007e-01
4.771495342254638672e+00
2.435628700256347656e+01
7.455559730529785156e+00
2.267795950174331665e-01
3.496888160705566406e+00
1.070889759063720703e+01
1.029312801361083984e+01
2.488112258911132812e+01
4.527194976806640625e+00
2.057846260070800781e+01
5.832838058471679688e+00
2.421138763427734375e+00
1.738366508483886719e+01
1.151857471466064453e+01
5.497537136077880859e+00
1.745274782180786133e+00
9.309978485107421875e+00
1.418252944946289062e+01
2.764938354492187500e+02
2.960152053833007812e+01
9.560397863388061523e-01
2.646632194519042969e+00
1.209533333778381348e+00
4.241584167480468750e+02
5.272167682647705078e+00
1.318682384490966797e+01
5.699505209922790527e-01
3.297811746597290039e-02
8.289689064025878906e+00
4.529843521118164062e+01
2.160576019287109375e+02
1.732706832885742188e+01
6.618067622184753418e-01
1.038553085327148438e+02
3.264554738998413086e+00
1.130550098419189453e+01
9.682089805603027344e+00
7.829829216003417969e+00
1.965957760810852051e+00
3.969095458984375000e+02
2.396248245239257812e+01
1.615503120422363281e+01
1.128834915161132812e+01
3.474110412597656250e+01
1.153823280334472656e+01
3.778603374958038330e-01
1.637436151504516602e-01
4.059219837188720703e+00
1.590713620185852051e+00
2.108374595642089844e+01
2.759270286560058594e+01
2.013961791992187500e+02
2.519327640533447266e+00
4.451205253601074219e+00
3.272297620773315430e+00
2.971903610229492188e+01
1.572918224334716797e+01
2.779081726074218750e+02
7.349250793457031250e+01
3.234573364257812500e+01
5.544408410787582397e-02
3.414578628540039062e+01
5.215367078781127930e-01
7.371907043457031250e+01
4.251801013946533203e+00
1.270561408996582031e+01
4.239885330200195312e+00
3.625594854354858398e+00
7.948184013366699219e+00
1.355449962615966797e+01
2.400847673416137695e+00
3.128823339939117432e-01
7.311653137207031250e+00
5.210000991821289062e+00
2.357192039489746094e+00
7.178043127059936523e-01
1.913013905286788940e-01
3.394363403320312500e+01
5.952034950256347656e+00
3.967340946197509766e+00
1.531915187835693359e+01
3.432144546508789062e+01
1.857618713378906250e+01
1.427714061737060547e+01
4.518249511718750000e+01
7.538811683654785156e+00
2.238172769546508789e+00
1.866613922119140625e+02
4.313486576080322266e+00
5.138171768188476562e+01
4.209014892578125000e+00
1.349142909049987793e+00
7.360852360725402832e-01
4.147477111816406250e+02
1.305806636810302734e+01
1.006989479064941406e+01
3.211718797683715820e+00
2.536194152832031250e+02
4.363099670410156250e+02
3.523323535919189453e-01
6.665048748254776001e-02
5.370271301269531250e+01
6.976873397827148438e+00
5.213501453399658203e+00
1.865174293518066406e+01
6.640612792968750000e+01
2.663069915771484375e+01
5.858201026916503906e+00
1.254521965980529785e+00
7.974410057067871094e+00
6.886236190795898438e+00
1.901633300781250000e+02
2.084655151367187500e+02
8.191312408447265625e+01
3.461235761642456055e+00
6.778710937500000000e+01
3.550029277801513672e+00
1.111138439178466797e+01
1.054690628051757812e+02
1.363984298706054688e+01
2.972564697265625000e+01
2.949508056640625000e+02
3.498219847679138184e-01
8.620325088500976562e+00
1.030540987849235535e-01
2.311691045761108398e+00
2.127508878707885742e+00
5.732582569122314453e+00
1.008441162109375000e+01
6.646070861816406250e+01
1.509249591827392578e+01
8.121553808450698853e-02
4.983769226074218750e+02
1.766374206542968750e+01
1.914444427490234375e+02
1.078814411163330078e+01
4.700779342651367188e+01
1.128960371017456055e+00
5.814686965942382812e+01
6.456174373626708984e+00
3.936266303062438965e-01
4.243106079101562500e+01
6.381052970886230469e+00
1.535997241735458374e-01
7.369180202484130859e+00
1.614740014076232910e+00
9.183509945869445801e-01
9.337522983551025391e-01
1.088094115257263184e+00
9.312453269958496094e+00
3.980031585693359375e+01
4.603177261352539062e+01
2.071537017822265625e+01
1.827117538452148438e+01
3.485726928710937500e+01
9.345536231994628906e+00
2.149070930480957031e+01
2.670897293090820312e+01
2.140948944091796875e+02
1.314380645751953125e+00
2.591081857681274414e+00
1.724004364013671875e+02
8.027618408203125000e+00
8.976176977157592773e-01
4.928510284423828125e+01
3.469132900238037109e+00
1.329816341400146484e+00
2.408474206924438477e+00
9.911673665046691895e-01
2.411198997497558594e+01
3.508639335632324219e+00
1.126884841918945312e+01
1.269473495483398438e+02
6.277875900268554688e-01
3.697333984375000000e+02
5.829642295837402344e+00
1.610365658998489380e-01
1.338046741485595703e+01
1.953835144042968750e+02
2.126611232757568359e+00
7.723535060882568359e+00
1.991952514648437500e+01
9.878217577934265137e-01
1.360812091827392578e+01
1.186685180664062500e+01
3.836945056915283203e+00
3.390871524810791016e+00
1.054047346115112305e+00
1.509573340415954590e+00
2.214022636413574219e+00
1.227575683593750000e+01
1.785228538513183594e+01
1.263245391845703125e+01
5.450471878051757812e+00
1.090646648406982422e+01
3.024822473526000977e+00
1.985181927680969238e+00
2.096319961547851562e+01
9.522476196289062500e-01
3.042175292968750000e+00
6.238136768341064453e+00
4.716938972473144531e+00
3.482454419136047363e-01
7.795632171630859375e+01
4.628987908363342285e-01
2.939994049072265625e+01
5.225679397583007812e+00
2.795680427551269531e+01
1.299516677856445312e+00
1.006757125854492188e+02
2.982138061523437500e+02
6.937112212181091309e-01
1.552402973175048828e+00
4.792853927612304688e+01
1.641095399856567383e+00
5.939218902587890625e+01
2.436903238296508789e+00
9.720906019210815430e-01
1.110479235649108887e+00
4.227436542510986328e+00
3.162545561790466309e-01
1.737445831298828125e+01
3.556809425354003906e-01
8.588691711425781250e+01
3.641297817230224609e+00
6.414938926696777344e+00
1.037625908851623535e+00
1.898388981819152832e+00
2.267507553100585938e+01
6.634442210197448730e-01
2.742741394042968750e+02
9.510347366333007812e+00
8.658569335937500000e+00
2.409168958663940430e+00
5.129846954345703125e+01
1.950800704956054688e+01
1.735217571258544922e+00
1.026341676712036133e+00
9.212449645996093750e+01
3.437463378906250000e+01
7.764484882354736328e-01
6.758525371551513672e+00
1.170007959008216858e-01
7.386590576171875000e+01
2.196117973327636719e+01
6.601012349128723145e-01
4.432474136352539062e+01
1.797369360923767090e+00
2.229900121688842773e+00
1.202321472167968750e+02
6.135830402374267578e+00
1.630179595947265625e+01
1.450107002258300781e+01
1.709889030456542969e+01
5.699858474731445312e+01
2.047588729858398438e+01
1.597414245605468750e+02
1.122861194610595703e+01
3.119783103466033936e-01
7.287948131561279297e+00
2.274793815612792969e+01
1.204283752441406250e+02
7.650984954833984375e+01
9.844631552696228027e-01
2.705768048763275146e-01
4.318021774291992188e+00
1.040656566619873047e+00
5.021389484405517578e+00
1.182544994354248047e+01
1.578682661056518555e-01
1.460573005676269531e+01
1.248702812194824219e+01
2.904058218002319336e+00
4.505862236022949219e+00
1.809145659208297729e-01
1.305364847183227539e+00
5.360501861572265625e+01
2.960847473144531250e+02
5.941725730895996094e+00
1.572463798522949219e+01
8.659347891807556152e-01
4.341245174407958984e+00
2.598918457031250000e+02
6.858373641967773438e+00
1.255259037017822266e+01
1.687983894348144531e+01
8.518223762512207031e+00
1.404954242706298828e+01
2.125126600265502930e+00
5.368653106689453125e+01
3.535538482666015625e+01
2.342930603027343750e+01
9.130655288696289062e+00
5.074176025390625000e+01
2.655915069580078125e+01
7.854959011077880859e+00
3.059258079528808594e+01
6.858679652214050293e-01
2.342861366271972656e+01
1.836198806762695312e+01
1.273985137939453125e+02
1.114946746826171875e+02
4.688657379150390625e+01
8.664812088012695312e+00
5.490847826004028320e-01
3.127772331237792969e+00
1.999458193778991699e+00
7.110603809356689453e+00
5.819144248962402344e-01
1.352391481399536133e+00
6.270935535430908203e+00
3.874258041381835938e+00
2.214230194091796875e+02
2.061518192291259766e+00
3.265667343139648438e+01
4.047394180297851562e+01
1.289732098579406738e+00
1.271541118621826172e+01
1.231088066101074219e+01
3.226726770401000977e+00
3.314687311649322510e-01
6.209772338867187500e+02
7.170655059814453125e+01
1.854413604736328125e+01
6.286993026733398438e-01
4.657105922698974609e+00
2.173937072753906250e+02
5.449810028076171875e+00
2.431584596633911133e+00
1.207711181640625000e+02
1.117792606353759766e+00
5.899146556854248047e+00
7.922342300415039062e+00
6.970178985595703125e+01
6.500439643859863281e-01
3.797673940658569336e+00
1.213693237304687500e+02
3.989127807617187500e+02
9.047147750854492188e+00
5.786722946166992188e+01
5.502501010894775391e+00
9.860659241676330566e-01
4.705788791179656982e-01
1.965137481689453125e+01
6.986113548278808594e+00
5.987291336059570312e-01
1.695814967155456543e+00
6.900681304931640625e+01
7.813286590576171875e+01
1.189129352569580078e+01
2.887401103973388672e+00
1.210438609123229980e-01
1.038747310638427734e+00
1.231820678710937500e+01
3.684015274047851562e+01
2.390959978103637695e+00
1.102975749969482422e+01
2.307698875665664673e-01
2.524583816528320312e+00
1.588100492954254150e-01
5.228550434112548828e+00
1.016278762817382812e+02
7.012627410888671875e+01
6.736668348312377930e-01
8.025775909423828125e+01
3.431370973587036133e+00
8.423418998718261719e+00
1.825863800048828125e+02
3.192421531677246094e+01
1.166067242622375488e+00
8.224530220031738281e-01
2.010582447052001953e+00
5.113254928588867188e+01
6.951786518096923828e+00
6.616466999053955078e+00
1.092448902130126953e+01
1.930823669433593750e+02
3.485426664352416992e+00
3.056811809539794922e+00
8.855706214904785156e+00
4.890158176422119141e+00
4.336719512939453125e+00
1.947691917419433594e+01
8.372698211669921875e+01
1.024802780151367188e+01
1.339594554901123047e+01
3.434014282226562500e+02
5.628678894042968750e+01
2.763455152511596680e+00
2.974468469619750977e+00
