8.497976697981357574e-03
5.772146582603454590e-02
3.480648994445800781e-02
5.739562329836189747e-04
9.037133306264877319e-03
2.357110500335693359e+00
1.642493158578872681e-02
2.944481093436479568e-03
1.196850091218948364e-02
8.024757355451583862e-02
2.259533153846859932e-03
3.542512422427535057e-03
3.419094486162066460e-03
2.908588212449103594e-04
7.562564569525420666e-04
1.130344811826944351e-03
2.241523005068302155e-02
3.148570831399410963e-04
1.525892131030559540e-02
6.230185390450060368e-04
3.288692235946655273e-01
1.497435104101896286e-02
5.897994339466094971e-02
2.485081367194652557e-02
1.778202801942825317e-01
2.642261562868952751e-03
3.451273217797279358e-02
3.467647125944495201e-03
1.886123791337013245e-02
5.086426138877868652e-01
8.026845898712053895e-05
5.781666004622820765e-06
7.803288754075765610e-04
1.835782662965357304e-03
6.501346081495285034e-02
1.558912917971611023e-02
6.277118809521198273e-03
1.621300471015274525e-04
7.579782046377658844e-03
7.569044362753629684e-03
2.140444368124008179e-01
4.214230179786682129e-02
1.140535343438386917e-03
1.448432254791259766e+01
7.181701809167861938e-02
2.659281343221664429e-02
1.931020291522145271e-03
1.291983127593994141e-01
5.645779310725629330e-04
1.371774729341268539e-02
1.209258288145065308e-01
1.122338045388460159e-02
5.281281471252441406e-01
7.437327411025762558e-03
6.577915337402373552e-05
5.877059418708086014e-03
2.553333528339862823e-03
3.550745174288749695e-02
3.186227753758430481e-03
9.348655343055725098e-01
9.146882221102714539e-04
2.432084560394287109e+00
3.066258272156119347e-03
8.802697993814945221e-04
3.434761464595794678e-01
1.338091026991605759e-02
3.228606656193733215e-02
1.858243905007839203e-02
1.711679100990295410e-01
5.301494002342224121e-01
2.581513945187907666e-05
1.349921584129333496e+00
1.114823855459690094e-03
4.124864004552364349e-03
1.560435146093368530e-01
5.771369114518165588e-02
2.549788216128945351e-03
2.245008572936058044e-02
1.007147207856178284e-01
1.417168532498180866e-03
7.324127946048974991e-03
3.234941884875297546e-02
2.296314015984535217e-02
1.312233071075752378e-04
3.465066838543862104e-04
1.100059715099632740e-03
4.632364834833424538e-06
1.649859175086021423e-02
6.885519623756408691e-01
1.101956586353480816e-03
4.711095243692398071e-03
9.643483906984329224e-03
7.002458442002534866e-04
8.080067485570907593e-02
6.341848056763410568e-04
3.103314638137817383e-01
1.677428036928176880e-01
1.573827676475048065e-02
7.119605783373117447e-03
7.189542800188064575e-02
5.677621364593505859e+00
2.068400941789150238e-02
4.294171230867505074e-04
6.129651446826756001e-04
3.502840921282768250e-02
8.598930239677429199e-01
3.426318988204002380e-02
1.089060772210359573e-02
2.758638560771942139e-01
2.000479213893413544e-02
2.135721407830715179e-02
3.246712684631347656e-01
2.354687638580799103e-02
1.947922706604003906e-01
1.381863374263048172e-02
5.235301796346902847e-03
1.426204387098550797e-02
2.592046745121479034e-03
7.681438000872731209e-04
5.431408435106277466e-02
1.584166020620614290e-04
2.722933530807495117e+00
6.233538389205932617e-01
1.901282817125320435e-01
1.407302988809533417e-05
7.738337665796279907e-02
2.911207964643836021e-03
9.408210171386599541e-04
1.160860713571310043e-02
2.510958909988403320e-02
6.177543401718139648e-01
1.252835616469383240e-02
1.049922592937946320e-02
1.160908839665353298e-03
1.547191478312015533e-02
1.097878720611333847e-02
7.990521378815174103e-03
4.335281848907470703e+00
3.026411831378936768e-01
7.130055427551269531e-01
1.094202511012554169e-02
1.655299589037895203e-02
1.381298899650573730e-01
1.473841071128845215e+00
6.650734901428222656e+00
1.569185405969619751e-02
5.923541188240051270e-01
1.378626562654972076e-02
4.165783524513244629e-02
3.718083957210183144e-03
1.529182959347963333e-02
5.725748836994171143e-02
6.986662745475769043e-02
3.830073401331901550e-03
1.510644797235727310e-02
1.861476525664329529e-02
4.288243595510721207e-03
2.569478191435337067e-02
5.101213231682777405e-03
4.808993544429540634e-04
9.906204417347908020e-03
5.062960553914308548e-05
3.446651995182037354e-02
6.147398948669433594e-01
9.242258220911026001e-02
1.133359149098396301e-01
9.638103842735290527e-02
3.862111642956733704e-02
2.325790882110595703e+00
1.752866519382223487e-04
1.611873134970664978e-02
1.935243606567382812e-02
1.216822147398488596e-05
3.484897781163454056e-03
9.009080938994884491e-03
1.458169341087341309e+00
7.612990681082010269e-03
6.224644836038351059e-03
2.641797438263893127e-02
1.111540291458368301e-02
2.212609723210334778e-02
3.168111434206366539e-03
9.843531996011734009e-02
6.542173027992248535e-02
4.406619071960449219e-01
1.706288941204547882e-02
1.109243952669203281e-03
1.497596409171819687e-02
1.593250036239624023e-01
6.271132268011569977e-03
6.019108742475509644e-02
8.531456114724278450e-04
9.435917309019714594e-05
2.292163856327533722e-02
4.925266653299331665e-02
1.358049921691417694e-02
3.396713137626647949e-01
8.356717228889465332e-02
3.187642432749271393e-04
1.275281421840190887e-02
1.625953475013375282e-03
4.036873579025268555e-02
3.718513064086437225e-03
9.054049849510192871e-03
5.976202897727489471e-03
5.226302309893071651e-04
2.374554052948951721e-02
1.042683696746826172e+01
1.522556040436029434e-02
1.641699112951755524e-03
5.082136951386928558e-03
1.887489482760429382e-02
2.963308652397245169e-04
5.061206221580505371e-02
1.352562475949525833e-02
3.263382673263549805e+00
6.098270788788795471e-02
3.706659190356731415e-03
3.651171573437750340e-05
1.685505032539367676e+00
1.162899583578109741e-01
3.998865932226181030e-02
1.407486270181834698e-03
1.890878006815910339e-02
1.238800614373758435e-04
2.785356249660253525e-03
4.320403095334768295e-04
6.010016441345214844e+00
1.234975010156631470e-01
2.089184708893299103e-03
4.920824896544218063e-03
5.906192585825920105e-03
1.926101371645927429e-02
2.911645453423261642e-03
5.371418595314025879e-01
2.857615938410162926e-03
1.950650066137313843e-01
9.900320321321487427e-03
4.761063028126955032e-03
5.981342837912961841e-05
3.339701797813177109e-03
3.921268507838249207e-02
2.027601003646850586e-01
3.751026233658194542e-03
2.093214727938175201e-02
1.495910575613379478e-03
1.036364957690238953e-02
1.117827370762825012e-01
2.622649073600769043e-02
3.014331459999084473e-01
4.859638400375843048e-03
1.208303093910217285e+00
8.185001206584274769e-06
1.199593767523765564e-01
1.758059859275817871e-02
2.694962918758392334e-02
2.443081617355346680e+00
1.566114649176597595e-02
7.112252991646528244e-03
5.155012011528015137e-01
2.237185603007674217e-03
6.795729859732091427e-04
8.554365038871765137e-01
5.488054081797599792e-02
8.362371008843183517e-04
3.484296379610896111e-03
3.088688245043158531e-03
9.385510087013244629e-01
5.667338846251368523e-04
1.619993709027767181e-02
3.461355686187744141e+00
1.465542428195476532e-02
3.360297903418540955e-02
3.916000016033649445e-03
3.116590378340333700e-04
6.878259126096963882e-03
1.064048334956169128e-02
4.667760338634252548e-03
3.502524271607398987e-02
1.251222848892211914e+00
7.663214206695556641e-02
4.110748413950204849e-04
6.918993312865495682e-03
7.918470539152622223e-03
1.276272960240021348e-04
1.183188427239656448e-02
7.477446794509887695e-01
9.467768073081970215e-01
2.037693629972636700e-04
2.479124628007411957e-02
1.038647070527076721e-02
4.618164093699306250e-04
1.338791102170944214e-02
1.733284629881381989e-02
1.069480902515351772e-03
3.038358874619007111e-03
3.181176958605647087e-03
1.445950288325548172e-02
2.817238271236419678e-01
9.937942028045654297e-03
7.576187252998352051e-01
2.427595376968383789e+00
1.287119835615158081e-01
3.546708524227142334e-01
1.088971042633056641e+01
2.136596944183111191e-03
1.094871163368225098e-01
1.920101349242031574e-03
1.630640029907226562e-02
5.371733009815216064e-02
6.918938755989074707e-01
1.427220739424228668e-02
4.260109737515449524e-03
2.364149875938892365e-02
2.469106111675500870e-04
7.599136233329772949e-02
1.548734144307672977e-04
4.936223104596138000e-02
1.125903101637959480e-03
1.022804179228842258e-03
6.179339289665222168e-01
5.192294251173734665e-03
8.434004150331020355e-03
2.145231664180755615e-01
2.010174561291933060e-03
2.495628297328948975e-01
1.196768414229154587e-02
6.327699520625174046e-04
1.168040093034505844e-03
8.344008820131421089e-04
1.175415236502885818e-03
1.418067216873168945e-01
2.946815453469753265e-03
8.703699335455894470e-03
1.545074116438627243e-02
7.603368163108825684e-02
1.007498055696487427e-02
8.786648977547883987e-04
1.491474658250808716e-01
2.466757595539093018e-01
3.645202959887683392e-04
6.901838060002774000e-05
2.664494328200817108e-02
1.398569107055664062e+00
3.581323253456503153e-04
3.283072635531425476e-02
3.242105618119239807e-02
9.210410527884960175e-03
4.557606950402259827e-02
3.334904089570045471e-02
2.637727372348308563e-02
1.546954736113548279e-02
3.914496573997894302e-06
1.276056980714201927e-03
4.914149176329374313e-04
1.944330724654719234e-04
1.042372174561023712e-02
1.937418989837169647e-02
4.791859537363052368e-02
2.451479621231555939e-02
3.601127862930297852e-02
3.135171427857130766e-04
2.958822995424270630e-03
2.740650437772274017e-03
1.647796392440795898e+00
1.276252884417772293e-02
6.168487295508384705e-02
8.276189910247921944e-04
4.889541305601596832e-03
1.418508327333256602e-05
5.903716683387756348e-01
5.055563524365425110e-02
2.556407265365123749e-02
2.222013194113969803e-03
4.639871120452880859e+00
2.708444480958860368e-05
1.196497958153486252e-02
3.868069034069776535e-03
1.280058454722166061e-02
5.640712566673755646e-03
1.533157080411911011e-01
1.255808019777759910e-04
2.171959728002548218e-01
5.067903175950050354e-02
1.781175099313259125e-02
1.497362494468688965e+00
1.205758762359619141e+01
2.379330806434154510e-03
3.252283495385199785e-04
2.428152365610003471e-04
9.123142808675765991e-03
5.516715347766876221e-03
7.817552983760833740e-02
1.699431037902832031e+01
1.640827977098524570e-04
2.292549371719360352e+00
5.787907540798187256e-02
4.194059222936630249e-02
1.209197071148082614e-04
1.043881275109015405e-04
1.471071004867553711e+00
1.704683837890625000e+02
1.489738647460937500e+03
3.320339202880859375e+00
2.474405479431152344e+01
3.223318338394165039e+00
3.288122558593750000e+03
6.057254791259765625e+00
5.216112899780273438e+01
2.343285083770751953e+00
3.685587692260742188e+01
1.135407161712646484e+01
6.479061126708984375e+01
1.766164600849151611e-01
1.013684158325195312e+02
1.576319885253906250e+01
1.961874145507812500e+03
8.273109741210937500e+02
4.170634460449218750e+01
1.849966812133789062e+01
2.712597656250000000e+02
9.277105331420898438e+00
2.826793098449707031e+01
2.250589294433593750e+02
8.441810607910156250e-01
9.936307907104492188e+00
8.633663085937500000e+03
5.782094573974609375e+01
4.046138183593750000e+03
9.344714355468750000e+02
8.503344535827636719e+00
4.743756294250488281e+00
1.290566158294677734e+01
1.064085571289062500e+03
9.621181488037109375e+01
6.418538818359375000e+02
4.741798400878906250e+00
8.934301137924194336e-01
1.742700004577636719e+01
2.111275177001953125e+02
3.493615234375000000e+03
4.010433578491210938e+01
4.591799259185791016e+00
7.753969726562500000e+02
3.322571182250976562e+01
2.804762649536132812e+01
7.503005218505859375e+01
5.194493103027343750e+01
2.720475196838378906e+00
2.399834228515625000e+03
2.600506347656250000e+03
2.213785644531250000e+03
6.240491943359375000e+02
1.601089477539062500e+01
3.728787899017333984e+00
5.781135559082031250e+00
4.528597354888916016e+00
5.919009685516357422e+00
1.469158935546875000e+01
1.862677734375000000e+03
4.787674865722656250e+02
4.157622985839843750e+02
5.399166107177734375e+01
5.064221954345703125e+01
5.809298515319824219e+00
6.611712036132812500e+02
2.961049270629882812e+01
7.303135253906250000e+03
3.689120483398437500e+02
1.608204345703125000e+02
6.092723831534385681e-02
2.666351318359375000e+02
3.699695205688476562e+01
2.837734985351562500e+01
8.460428237915039062e+00
5.997037124633789062e+01
6.491654872894287109e+00
3.793373870849609375e+01
1.377082153320312500e+03
3.510371398925781250e+01
1.618129920959472656e+01
9.435831069946289062e+00
5.140357589721679688e+01
8.585749626159667969e+00
3.001693248748779297e+00
3.514107131958007812e+01
5.322726964950561523e-01
5.160375595092773438e+01
1.031592941284179688e+02
5.300517082214355469e-01
4.141540222167968750e+02
3.021693420410156250e+02
1.688696670532226562e+01
1.350275726318359375e+02
3.099262390136718750e+02
2.761938232421875000e+03
5.043331623077392578e+00
3.458776611328125000e+03
1.233700752258300781e+00
3.789879150390625000e+03
1.760468864440917969e+01
6.871749401092529297e+00
3.081594228744506836e+00
1.357708129882812500e+02
8.246260833740234375e+01
1.359732208251953125e+02
9.836396574974060059e-01
4.739678906250000000e+04
2.466165039062500000e+04
1.291146636009216309e+00
1.187925577163696289e+00
2.509931152343750000e+03
9.457702636718750000e+01
6.944403171539306641e+00
3.765278625488281250e+01
7.544996337890625000e+02
8.185104370117187500e+01
5.861180877685546875e+01
2.930995788574218750e+02
2.288275003433227539e+00
1.010619445800781250e+03
8.414704101562500000e+03
8.404623046875000000e+03
1.912770996093750000e+02
1.767536163330078125e+01
1.363225585937500000e+03
1.447121582031250000e+02
5.467721939086914062e+00
2.883130371093750000e+03
2.140246582031250000e+02
7.281610839843750000e+03
3.365364685058593750e+02
4.980647861957550049e-01
4.299839477539062500e+02
8.932319283485412598e-01
1.485507583618164062e+01
3.319956779479980469e+00
1.503233032226562500e+03
6.842850952148437500e+02
5.008661270141601562e+01
5.553137588500976562e+01
1.117249584197998047e+01
6.305721435546875000e+02
7.821759796142578125e+01
3.803547668457031250e+02
1.250844955444335938e+01
7.638413085937500000e+02
2.919396758079528809e-01
9.965114746093750000e+02
1.237546875000000000e+03
6.975572705268859863e-01
4.470550292968750000e+03
8.500283813476562500e+01
4.234198629856109619e-01
1.775278015136718750e+02
2.266520690917968750e+02
9.812628746032714844e+00
1.617562651634216309e+00
8.679633331298828125e+01
1.254023551940917969e+01
1.501858154296875000e+03
4.709135437011718750e+01
4.674374084472656250e+02
6.380845260620117188e+01
6.765535888671875000e+02
2.613724975585937500e+02
1.399522583007812500e+03
1.168923950195312500e+02
2.606916601562500000e+04
1.151667175292968750e+02
3.939137268066406250e+01
1.501651953125000000e+04
5.819124984741210938e+01
5.903975963592529297e-01
2.557278137207031250e+02
8.328322410583496094e+00
3.202341461181640625e+01
1.018405029296875000e+03
1.956973075866699219e+01
4.930105209350585938e+01
6.646121215820312500e+01
1.021289215087890625e+02
3.921690673828125000e+02
1.173857116699218750e+01
1.082470781250000000e+05
3.071199655532836914e+00
7.284329414367675781e+00
3.533874893188476562e+01
4.198667968750000000e+03
1.413538452148437500e+03
2.689240455627441406e+01
3.419137268066406250e+02
6.523512363433837891e+00
5.934745788574218750e+01
4.394469299316406250e+02
1.473187351226806641e+01
1.103512115478515625e+02
9.541617631912231445e-01
8.790083885192871094e+00
1.727545166015625000e+01
1.349265258789062500e+03
3.304358825683593750e+02
9.534123420715332031e+00
6.061811447143554688e+01
7.100461578369140625e+01
1.875324845314025879e+00
2.666617126464843750e+02
4.691691406250000000e+03
1.178761768341064453e+01
2.027684478759765625e+02
2.149662399291992188e+01
1.660844039916992188e+01
4.173645973205566406e-01
1.987660742187500000e+04
9.127340316772460938e+00
1.984578979492187500e+03
5.848707675933837891e+00
2.450061035156250000e+01
8.540069460868835449e-01
2.751791381835937500e+01
7.262698730468750000e+03
6.150901317596435547e-01
7.083516716957092285e-01
1.136441796875000000e+04
2.335492610931396484e+00
8.459896240234375000e+02
2.678173065185546875e+01
1.241249389648437500e+03
6.388822174072265625e+01
1.737657546997070312e+01
1.536684781312942505e-01
6.558313751220703125e+01
2.901662588119506836e+00
1.171712646484375000e+03
3.882805175781250000e+02
4.179986953735351562e+01
2.361095666885375977e+00
4.791783523559570312e+01
2.089382171630859375e+01
1.422193288803100586e+00
1.651777734375000000e+04
3.184134483337402344e+01
9.240541076660156250e+01
7.491447448730468750e+01
8.322087860107421875e+01
3.100662231445312500e+02
5.279918670654296875e+01
1.794071197509765625e+00
1.711739453125000000e+04
1.494524841308593750e+02
9.024513244628906250e+01
8.065814971923828125e+00
8.281211555004119873e-02
1.824668945312500000e+03
2.973735961914062500e+02
6.765125989913940430e-01
1.340481567382812500e+03
3.760773086547851562e+01
9.755023956298828125e+00
9.287848632812500000e+03
1.286786804199218750e+02
1.188275985717773438e+02
2.089008636474609375e+02
1.827836914062500000e+02
1.210405883789062500e+03
2.254123840332031250e+02
3.419416198730468750e+02
9.035739257812500000e+03
4.509403109550476074e-01
7.900040435791015625e+01
3.628159423828125000e+03
7.765819549560546875e+00
1.117367324829101562e+02
4.877264797687530518e-01
1.362046599388122559e+00
5.949919433593750000e+02
5.204043865203857422e+00
7.947386264801025391e+00
2.540742950439453125e+02
3.670064687728881836e+00
1.145717620849609375e+01
2.957533454895019531e+01
1.130919933319091797e+01
4.037730789184570312e+01
4.522047996520996094e+00
1.156356906890869141e+01
3.192746582031250000e+02
4.268140136718750000e+03
1.705855560302734375e+02
1.550948486328125000e+02
2.328096199035644531e+01
5.522408008575439453e+00
3.271270263671875000e+03
5.348306655883789062e+01
2.011752441406250000e+03
1.863832702636718750e+02
2.678584289550781250e+01
3.747966064453125000e+03
3.739202880859375000e+01
1.022933654785156250e+02
3.636311645507812500e+02
4.964913177490234375e+01
8.850157165527343750e+01
9.792060546875000000e+02
3.155584716796875000e+02
6.609103202819824219e+00
7.118568115234375000e+02
1.371112365722656250e+02
5.512488365173339844e+00
1.176170166015625000e+03
1.472076538085937500e+03
2.816986083984375000e+03
7.895822143554687500e+01
2.363544273376464844e+01
1.938884854316711426e+00
4.218319058418273926e-01
2.316700935363769531e+01
1.260121154785156250e+01
1.121169471740722656e+01
2.067245095968246460e-01
1.796912002563476562e+01
1.501166939735412598e+00
1.013358383178710938e+02
8.157043457031250000e+01
6.480692749023437500e+02
5.151370239257812500e+02
2.711142883300781250e+02
5.123068618774414062e+01
2.912351799011230469e+01
4.309914016723632812e+01
3.690421283245086670e-01
3.181133750000000000e+05
5.554591796875000000e+03
4.215620422363281250e+01
1.377447204589843750e+02
1.253199005126953125e+02
9.925000976562500000e+03
6.184209060668945312e+01
7.890090179443359375e+01
1.571591644287109375e+02
1.936512112617492676e+00
1.926182365417480469e+01
2.215642242431640625e+02
2.237073822021484375e+02
3.571210145950317383e+00
7.390395355224609375e+01
7.196880493164062500e+02
1.456508300781250000e+03
1.729391479492187500e+02
7.223842620849609375e+01
9.620164871215820312e+00
1.458375930786132812e+00
2.611023373901844025e-02
2.012668609619140625e+02
1.968524627685546875e+02
1.217396068572998047e+01
1.036692276000976562e+02
2.676225585937500000e+02
1.737960815429687500e+02
9.336042785644531250e+01
6.460697174072265625e+00
2.398754358291625977e+00
9.790300369262695312e+00
2.254175415039062500e+02
4.344580993652343750e+02
4.148507308959960938e+01
5.622348632812500000e+02
1.370832204818725586e+00
2.383836269378662109e+00
1.055659651756286621e-01
1.676011848449707031e+01
2.321388671875000000e+03
5.117974121093750000e+03
1.152036428451538086e+00
2.990175781250000000e+02
1.559999542236328125e+02
3.323934936523437500e+01
9.096789550781250000e+02
1.357859082031250000e+04
1.358883500099182129e+00
2.316856765747070312e+01
1.702504754066467285e+00
2.136998596191406250e+02
1.255014514923095703e+01
7.260295104980468750e+01
9.200877685546875000e+02
2.672994079589843750e+02
6.338603496551513672e+00
2.160373926162719727e+00
2.699996948242187500e+00
2.109066467285156250e+02
8.217253112792968750e+01
1.274420776367187500e+02
2.386875488281250000e+03
7.071626281738281250e+01
1.360623931884765625e+02
5.080199707031250000e+03
1.926921997070312500e+02
1.406883621215820312e+01
3.342306137084960938e+01
