1.228987891227006912e-02
2.747951149940490723e-01
1.529675908386707306e-02
5.018578376621007919e-04
3.270414890721440315e-03
5.421450614929199219e+00
5.710363853722810745e-03
1.495692413300275803e-03
5.124317482113838196e-03
1.067214012145996094e-01
5.673657869920134544e-04
5.007011815905570984e-03
3.953914623707532883e-03
2.967369509860873222e-04
5.661083268932998180e-04
1.129767741076648235e-03
1.802764087915420532e-02
3.529250097926706076e-04
1.448191422969102859e-02
1.402987400069832802e-04
2.339140325784683228e-01
1.740778982639312744e-02
8.723831176757812500e-02
5.360178276896476746e-02
1.318807154893875122e-01
3.768450347706675529e-03
2.862756326794624329e-02
6.448804866522550583e-03
1.876502111554145813e-02
5.142316222190856934e-01
1.001184064080007374e-04
3.146427616229630075e-06
1.521877362392842770e-03
4.056894220411777496e-03
6.164319440722465515e-02
9.659808129072189331e-03
1.150608714669942856e-02
1.508342829765751958e-04
3.738977946341037750e-03
5.163505673408508301e-03
1.618087142705917358e-01
2.423187531530857086e-02
3.921878815162926912e-04
1.270489311218261719e+01
1.072613447904586792e-01
3.790740668773651123e-02
6.331420969218015671e-03
1.412011682987213135e-01
1.724105910398066044e-03
1.280563324689865112e-02
7.074271142482757568e-02
5.673625506460666656e-03
2.684178352355957031e-01
6.192139815539121628e-03
1.418480678694322705e-04
2.659510821104049683e-03
5.825256928801536560e-03
3.479470685124397278e-02
4.016656894236803055e-03
8.683016300201416016e-01
3.494720906019210815e-03
2.989081859588623047e+00
3.429847303777933121e-03
1.962711336091160774e-03
2.150629609823226929e-01
4.333308897912502289e-03
8.261498808860778809e-02
7.497732527554035187e-03
2.547992765903472900e-01
1.132335811853408813e-01
2.529644916648976505e-05
3.024778127670288086e+00
7.031330023892223835e-04
2.112878253683447838e-03
9.593897312879562378e-02
1.290318369865417480e-01
6.748429033905267715e-03
1.064070593565702438e-02
7.674740254878997803e-02
6.301963003352284431e-04
5.746433511376380920e-03
4.824215546250343323e-02
1.650634966790676117e-02
1.342406612820923328e-04
1.096842606784775853e-04
5.972735816612839699e-04
1.276047669307445176e-06
2.706691436469554901e-02
2.918469309806823730e-01
2.027590293437242508e-03
4.628667142242193222e-03
1.347697339951992035e-02
4.763522301800549030e-04
1.072185933589935303e-01
2.087132452288642526e-04
1.766762286424636841e-01
1.477724760770797729e-01
9.691772982478141785e-03
4.505822900682687759e-03
1.811171919107437134e-01
1.171234726905822754e+00
1.588890515267848969e-02
2.388041903031989932e-04
1.689387863734737039e-04
2.081202529370784760e-02
8.066260814666748047e-01
4.485021531581878662e-02
6.313127931207418442e-03
1.556328684091567993e-01
6.518778856843709946e-03
8.067536167800426483e-03
5.023839473724365234e-01
6.603027880191802979e-02
2.714636921882629395e-01
3.836686909198760986e-02
1.263901963829994202e-02
5.251380801200866699e-02
2.434806199744343758e-03
4.242396389599889517e-04
5.946811661124229431e-02
1.545831619296222925e-04
1.781111955642700195e+00
7.785904407501220703e-01
1.584342420101165771e-01
9.253220014215912670e-06
1.619471907615661621e-01
1.288315863348543644e-03
3.869511710945516825e-04
1.288397610187530518e-02
5.108717828989028931e-02
4.970455467700958252e-01
3.346294909715652466e-02
6.462811492383480072e-03
8.711654809303581715e-04
8.865479379892349243e-03
1.615285500884056091e-02
1.056299544870853424e-02
4.342981338500976562e+00
1.518578380346298218e-01
4.555832743644714355e-01
1.656126976013183594e-02
3.139159828424453735e-02
1.543459445238113403e-01
1.997912764549255371e+00
3.480219650268554688e+01
8.426864631474018097e-03
3.660250663757324219e+00
4.627371579408645630e-02
1.980391331017017365e-02
2.785712247714400291e-03
1.921216957271099091e-02
2.539815939962863922e-02
8.622076362371444702e-02
1.134234364144504070e-03
1.400138530880212784e-02
1.553112268447875977e-02
3.076517488807439804e-03
1.415694784373044968e-02
1.529066241346299648e-03
4.098109202459454536e-04
8.909234777092933655e-03
4.783135227626189590e-05
4.928411170840263367e-02
1.568583011627197266e+00
5.291615426540374756e-02
1.015236601233482361e-01
6.005020067095756531e-02
4.527656733989715576e-02
2.704523801803588867e-01
2.546604664530605078e-04
6.851986050605773926e-03
3.417930565774440765e-03
6.797534751967759803e-06
2.118808450177311897e-03
1.110348850488662720e-02
1.155826449394226074e+00
7.756561040878295898e-03
9.434059262275695801e-03
7.975930348038673401e-03
9.582441300153732300e-03
2.480331249535083771e-02
1.149583794176578522e-02
9.686820209026336670e-02
7.829851657152175903e-02
7.822279334068298340e-01
2.461546659469604492e-02
1.457824721001088619e-03
1.550872903317213058e-02
1.342737078666687012e-01
1.498014945536851883e-02
3.773211687803268433e-02
2.398546785116195679e-03
1.177388039650395513e-04
1.342589128762483597e-02
7.845417410135269165e-02
5.009309202432632446e-02
4.948168098926544189e-01
9.221680462360382080e-02
2.699217002373188734e-04
1.303159724920988083e-02
1.177431317046284676e-03
2.801870368421077728e-02
9.019890800118446350e-03
3.250919282436370850e-03
5.847326014190912247e-03
1.267377519980072975e-03
1.543856784701347351e-02
1.982420325279235840e+00
1.577366329729557037e-02
1.427088049240410328e-03
7.894793525338172913e-03
1.769583858549594879e-02
6.015847320668399334e-04
3.454435989260673523e-02
9.806993417441844940e-03
6.702142715454101562e+00
9.541099518537521362e-02
7.958488538861274719e-03
6.484740879386663437e-05
3.837203502655029297e+00
9.974788427352905273e-01
6.255247443914413452e-02
2.554885111749172211e-03
3.113740868866443634e-02
8.812184387352317572e-05
4.467463586479425430e-03
6.165719823911786079e-04
8.368698120117187500e+00
1.761070936918258667e-01
6.486367783509194851e-04
1.492623146623373032e-02
4.718431271612644196e-03
1.039652992039918900e-02
1.393593614920973778e-03
4.335908889770507812e-01
1.932216808199882507e-03
3.557330369949340820e-01
1.223044190555810928e-02
1.543532870709896088e-02
1.027616017381660640e-04
2.691834233701229095e-03
1.750362813472747803e-01
1.240038275718688965e-01
2.562516834586858749e-03
1.412769407033920288e-02
1.621715724468231201e-03
1.627461425960063934e-02
1.190981194376945496e-01
6.171526387333869934e-02
1.534770429134368896e-01
9.076466783881187439e-03
1.268809556961059570e+00
1.316343514190521091e-05
1.395139545202255249e-01
8.157679811120033264e-03
1.721948571503162384e-02
4.858666896820068359e+00
1.015196088701486588e-02
6.787439342588186264e-03
2.798007428646087646e-01
2.283246023580431938e-03
8.302645292133092880e-04
2.698131799697875977e+00
3.780687600374221802e-02
1.691878889687359333e-03
1.046901568770408630e-03
2.012493554502725601e-03
1.462605595588684082e+00
1.074769068509340286e-03
1.128107029944658279e-02
2.866061687469482422e+00
2.719732373952865601e-02
3.195893764495849609e-02
2.891725394874811172e-03
2.871805918402969837e-04
5.565063096582889557e-03
7.684017531573772430e-03
7.239738479256629944e-03
2.592808194458484650e-02
1.847206115722656250e+00
7.135020196437835693e-02
1.155385252786800265e-04
6.575538311153650284e-03
1.206416543573141098e-02
3.528911474859341979e-05
3.076407359912991524e-03
1.139088988304138184e+00
9.973558783531188965e-01
2.625931811053305864e-04
2.475532330572605133e-02
1.011661719530820847e-02
1.753453398123383522e-04
6.468342617154121399e-03
1.276442222297191620e-02
1.008411636576056480e-03
2.606258494779467583e-03
5.255569238215684891e-03
9.453905746340751648e-03
1.310687363147735596e-01
6.850394885987043381e-03
3.028595149517059326e-01
8.278416633605957031e+00
3.830338716506958008e-01
2.537314891815185547e-01
8.929257392883300781e+00
1.134353922680020332e-03
9.382627159357070923e-02
1.856508431956171989e-03
1.086912490427494049e-02
5.840484797954559326e-02
5.334170460700988770e-01
5.203631706535816193e-03
1.438044244423508644e-03
5.433225259184837341e-02
1.730598887661471963e-04
1.134873926639556885e-01
4.044929301016964018e-05
1.430759429931640625e-01
3.734407480806112289e-03
7.710527861490845680e-04
1.925992488861083984e+00
5.470430944114923477e-03
1.576146110892295837e-02
1.318231523036956787e-01
6.380181293934583664e-04
1.373874843120574951e-01
6.536477245390415192e-03
1.454544486477971077e-03
8.040310931392014027e-04
1.688524615019559860e-03
9.399640839546918869e-04
1.980830729007720947e-01
2.615445060655474663e-03
5.937125533819198608e-03
1.122389454394578934e-02
8.610358834266662598e-02
5.914520472288131714e-03
3.133873979095369577e-04
7.410544157028198242e-02
1.480967104434967041e-01
3.792011411860585213e-04
1.070644721039570868e-04
1.597912237048149109e-02
1.606768488883972168e+00
1.597855007275938988e-04
7.038542628288269043e-02
8.213235437870025635e-02
4.905061330646276474e-03
6.937325000762939453e-02
2.299168705940246582e-02
3.189701214432716370e-02
1.444270927459001541e-02
1.227402481163153425e-05
5.507505265995860100e-04
1.973187318071722984e-04
2.248646196676418185e-04
1.496280916035175323e-02
1.726137846708297729e-02
2.096890099346637726e-02
7.130388170480728149e-02
3.318144008517265320e-02
2.075340598821640015e-04
5.336337257176637650e-03
1.118510682135820389e-02
8.507122397422790527e-01
8.752760477364063263e-03
1.086867880076169968e-02
2.502441173419356346e-03
4.306195303797721863e-03
1.435410013073123991e-05
2.206573635339736938e-01
1.078845486044883728e-01
1.192659325897693634e-02
2.064409665763378143e-03
6.309195995330810547e+00
2.128966298187151551e-05
4.507640842348337173e-03
3.618630114942789078e-03
1.335141342133283615e-02
1.207156013697385788e-02
1.205175220966339111e-01
1.412054698448628187e-04
3.209985494613647461e-01
3.936616703867912292e-02
1.262937486171722412e-02
1.106553912162780762e+00
1.235276603698730469e+01
6.372106261551380157e-03
5.535149248316884041e-04
9.043331374414265156e-05
1.932764239609241486e-02
1.211698632687330246e-02
3.429982438683509827e-02
7.575470447540283203e+00
6.593541183974593878e-05
4.703662872314453125e+00
9.961160272359848022e-02
3.334021568298339844e-02
1.253629161510616541e-04
4.490101127885282040e-05
4.485574245452880859e+00
4.026283569335937500e+02
5.961228027343750000e+02
2.347276926040649414e+00
4.031108093261718750e+01
2.752849340438842773e+00
1.128344970703125000e+03
2.385593175888061523e+00
3.782121658325195312e+01
2.601721525192260742e+00
2.569387817382812500e+01
4.756454849243164062e+01
1.668696136474609375e+02
1.413676887750625610e-01
7.645139312744140625e+01
1.768072319030761719e+01
1.237224609375000000e+03
6.367563476562500000e+02
3.342873382568359375e+01
1.702352333068847656e+01
2.285097961425781250e+02
1.128046894073486328e+01
2.960845184326171875e+01
4.056846618652343750e+02
1.031108498573303223e+00
4.818301200866699219e+00
2.046606054687500000e+04
1.231962203979492188e+02
3.062997314453125000e+03
5.776875000000000000e+02
9.508275032043457031e+00
1.442123699188232422e+01
1.218386459350585938e+01
2.046759155273437500e+03
6.801848602294921875e+01
5.620270996093750000e+02
2.984112739562988281e+00
1.135178804397583008e+00
3.201655960083007812e+01
2.607936096191406250e+02
3.208533691406250000e+03
2.531769371032714844e+01
3.406884431838989258e+00
1.496025024414062500e+03
3.688779067993164062e+01
2.450695037841796875e+01
1.476784973144531250e+02
6.251198577880859375e+01
3.818625211715698242e+00
2.149863525390625000e+03
1.802210815429687500e+03
2.782765625000000000e+03
1.636766357421875000e+02
1.218560218811035156e+01
1.300030231475830078e+01
2.837843894958496094e+00
1.232502174377441406e+01
7.746119976043701172e+00
1.753155708312988281e+01
1.898560913085937500e+03
7.241127319335937500e+02
3.742381896972656250e+02
1.232894897460937500e+02
5.284589385986328125e+01
5.398353576660156250e+00
6.705684204101562500e+02
6.956230163574218750e+01
3.446675537109375000e+03
4.306294555664062500e+02
7.522945404052734375e+01
6.176849454641342163e-02
6.707465820312500000e+02
2.669487190246582031e+01
4.237501525878906250e+01
1.279295539855957031e+01
8.934332275390625000e+01
8.171823501586914062e+00
1.397823524475097656e+01
1.470052124023437500e+03
2.338122177124023438e+01
2.939370346069335938e+01
2.707495880126953125e+01
3.034889221191406250e+01
9.852394104003906250e+00
4.840504169464111328e+00
3.201082992553710938e+01
4.273812770843505859e-01
2.553258323669433594e+01
5.499699020385742188e+01
8.517349362373352051e-01
2.781361999511718750e+02
3.651952514648437500e+02
2.553380775451660156e+01
6.202241134643554688e+01
1.047825164794921875e+02
3.251051757812500000e+03
6.541213989257812500e+00
4.296560546875000000e+03
4.477746784687042236e-01
5.468522949218750000e+03
1.088230037689208984e+01
3.045170307159423828e+00
3.302677392959594727e+00
1.098040161132812500e+02
5.346475982666015625e+01
2.565779113769531250e+02
5.863190293312072754e-01
3.473869140625000000e+04
2.805754882812500000e+04
6.035205721855163574e-01
5.717965960502624512e-01
1.610860644531250000e+04
1.988750915527343750e+02
1.285774946212768555e+00
9.885491180419921875e+01
1.937384521484375000e+03
2.909204711914062500e+02
5.092061233520507812e+01
1.117931213378906250e+02
3.982273817062377930e+00
1.406630493164062500e+03
6.607542480468750000e+03
9.080728515625000000e+03
2.363783264160156250e+02
3.729656600952148438e+01
2.165268798828125000e+03
3.651373291015625000e+01
5.221934318542480469e+00
7.211834106445312500e+02
9.007638549804687500e+01
3.878821289062500000e+03
1.633279052734375000e+03
4.711512327194213867e-01
2.567099609375000000e+02
5.290393233299255371e-01
3.197568702697753906e+01
3.106853246688842773e+00
5.306707763671875000e+02
4.683697814941406250e+02
6.279487609863281250e+01
1.012984008789062500e+02
1.130696392059326172e+01
6.037859497070312500e+02
1.077533569335937500e+02
1.300090209960937500e+03
2.348164367675781250e+01
1.109098144531250000e+03
4.089880883693695068e-01
1.122427124023437500e+03
2.023905639648437500e+03
1.623695254325866699e+00
2.833756347656250000e+03
2.330427551269531250e+01
1.596089154481887817e-01
2.234031524658203125e+02
1.433324890136718750e+02
2.260177421569824219e+01
9.296777248382568359e-01
4.024829483032226562e+01
1.844622993469238281e+01
1.367789306640625000e+03
8.250307464599609375e+01
5.119143371582031250e+02
1.202906951904296875e+02
1.074403442382812500e+03
2.903548889160156250e+02
1.761657592773437500e+03
1.562673034667968750e+02
2.432496484375000000e+04
1.754168701171875000e+02
1.574796295166015625e+01
1.416592480468750000e+04
5.513110733032226562e+01
6.342142224311828613e-01
6.469019165039062500e+02
5.935092926025390625e+00
1.715140151977539062e+01
8.568958740234375000e+02
5.819519519805908203e+00
7.644384765625000000e+01
4.781189727783203125e+01
2.271054687500000000e+02
2.736173400878906250e+02
2.723750114440917969e+01
3.262416250000000000e+05
9.118716239929199219e+00
1.059649181365966797e+01
4.551908493041992188e+01
4.879233886718750000e+03
1.104374877929687500e+03
4.588829421997070312e+01
3.804715881347656250e+02
9.377951622009277344e+00
6.664906311035156250e+01
8.909227905273437500e+02
4.169088745117187500e+01
1.035250320434570312e+02
2.080734252929687500e+00
1.157560062408447266e+01
3.517073440551757812e+01
4.323468627929687500e+02
1.140498046875000000e+02
2.423499298095703125e+01
3.660255050659179688e+01
8.090134429931640625e+01
2.069352388381958008e+00
2.020649108886718750e+02
1.728059448242187500e+03
1.869945716857910156e+01
1.334570007324218750e+02
3.162414360046386719e+01
1.792894554138183594e+01
9.131223559379577637e-01
2.961094726562500000e+04
3.745686531066894531e+00
1.203604614257812500e+03
7.452330589294433594e+00
8.782524108886718750e+01
1.209977149963378906e+00
1.234937133789062500e+02
1.074077148437500000e+04
6.012962460517883301e-01
2.248064041137695312e+00
1.643511132812500000e+04
5.359766960144042969e+00
1.489079589843750000e+03
4.831203842163085938e+01
1.158812988281250000e+03
9.179426574707031250e+01
8.752266883850097656e+00
4.444440305233001709e-01
1.241783905029296875e+02
2.844904899597167969e+00
6.697171630859375000e+02
3.488802490234375000e+02
1.224514846801757812e+02
2.351759910583496094e+00
2.779186248779296875e+01
1.099770355224609375e+02
2.411217927932739258e+00
2.447484179687500000e+04
1.060101318359375000e+02
4.690767288208007812e+01
2.002118377685546875e+02
1.681917877197265625e+02
2.568760070800781250e+02
1.179099655151367188e+02
2.874070644378662109e+00
4.267238671875000000e+04
9.164110565185546875e+01
9.383887481689453125e+01
6.696361541748046875e+00
2.585909962654113770e-01
1.837062377929687500e+03
7.343272094726562500e+02
6.244223117828369141e-01
2.503821533203125000e+03
1.010703945159912109e+01
1.429163551330566406e+01
1.384937597656250000e+04
1.301511840820312500e+02
1.422417602539062500e+02
2.082569732666015625e+02
2.348761291503906250e+02
2.133873779296875000e+03
1.182964019775390625e+02
2.729681091308593750e+02
1.579274511718750000e+04
8.240147829055786133e-01
2.868859481811523438e+01
1.436277832031250000e+03
1.484472656250000000e+01
2.280912322998046875e+02
3.585311174392700195e-01
1.287793993949890137e+00
4.466148071289062500e+02
9.550005912780761719e+00
8.703895568847656250e+00
1.333082885742187500e+02
2.443618297576904297e+00
1.758988189697265625e+01
3.981233215332031250e+01
6.387130737304687500e+00
7.287870025634765625e+01
1.185321807861328125e+00
4.805294513702392578e+00
3.077982482910156250e+02
2.956087646484375000e+03
1.892628631591796875e+02
1.894520263671875000e+02
9.383732795715332031e+00
3.266088008880615234e+00
3.272743164062500000e+03
9.241135406494140625e+01
1.386025634765625000e+03
2.729971313476562500e+02
2.652005958557128906e+01
5.550874511718750000e+03
3.627586746215820312e+01
1.394225311279296875e+02
1.943493194580078125e+02
6.675962066650390625e+01
2.010558319091796875e+02
7.779353027343750000e+02
3.952422485351562500e+02
5.628673553466796875e+00
6.585278930664062500e+02
7.474505615234375000e+01
5.582293987274169922e+00
1.225775634765625000e+03
5.646558593750000000e+03
2.633491210937500000e+03
2.830442810058593750e+01
5.527994537353515625e+01
1.242573976516723633e+00
5.145903825759887695e-01
1.960413742065429688e+01
6.958840942382812500e+01
1.501042556762695312e+01
2.851673066616058350e-01
4.112351608276367188e+01
1.722126483917236328e+00
1.303061676025390625e+02
9.718967437744140625e+01
2.916281127929687500e+02
6.714150390625000000e+02
2.056325378417968750e+02
1.181842575073242188e+02
1.835860824584960938e+01
3.778708267211914062e+01
2.568383514881134033e-01
4.671092500000000000e+05
1.082465039062500000e+04
4.487794494628906250e+01
1.321250152587890625e+02
1.382831878662109375e+02
8.754840820312500000e+03
5.459580612182617188e+01
1.261402282714843750e+02
6.594221496582031250e+01
1.633866190910339355e+00
6.491783905029296875e+01
2.831384582519531250e+02
3.532685546875000000e+02
6.447681903839111328e+00
7.298090362548828125e+01
6.740130004882812500e+02
1.098845703125000000e+03
1.111833572387695312e+02
7.430334472656250000e+01
2.561637496948242188e+01
7.973771095275878906e-01
7.203061133623123169e-02
1.619036407470703125e+02
2.406501159667968750e+02
4.006404495239257812e+01
2.160548095703125000e+02
4.610912475585937500e+02
2.164432525634765625e+02
3.530706787109375000e+02
8.789002418518066406e+00
5.602868080139160156e+00
1.218268871307373047e+01
9.283579711914062500e+02
5.314405517578125000e+02
3.128219795227050781e+01
2.068123626708984375e+02
2.672751188278198242e+00
2.406751871109008789e+00
4.367632791399955750e-02
1.693024253845214844e+01
3.751950195312500000e+03
1.228739746093750000e+04
1.798637151718139648e+00
6.340095825195312500e+02
1.714429168701171875e+02
7.091299533843994141e+00
1.960601318359375000e+03
3.271142333984375000e+03
5.138694763183593750e+00
4.813542556762695312e+01
3.632543802261352539e+00
5.181361083984375000e+02
1.104118156433105469e+01
2.412739105224609375e+02
3.948333129882812500e+02
7.561780395507812500e+02
4.214064788818359375e+01
2.807032108306884766e+00
2.218500375747680664e+00
4.010684204101562500e+02
4.095060729980468750e+02
7.673165893554687500e+01
1.566711059570312500e+03
3.658452606201171875e+01
3.348392639160156250e+02
5.754924316406250000e+03
8.246996307373046875e+01
5.918222427368164062e+00
9.170221328735351562e+00
