9.691548347473144531e-02
1.516099572181701660e-01
5.011647194623947144e-02
2.269938122481107712e-03
3.669872647151350975e-03
1.020054435729980469e+01
8.783532306551933289e-03
1.144461100921034813e-03
5.571976304054260254e-02
4.264458268880844116e-02
1.440142630599439144e-03
1.997923711314797401e-03
1.087883580476045609e-02
2.269203308969736099e-03
2.746769459918141365e-03
5.894341971725225449e-03
1.526390574872493744e-02
1.245361752808094025e-03
1.450990885496139526e-02
2.272787736728787422e-03
9.714219719171524048e-02
1.287233084440231323e-01
2.659378200769424438e-02
3.570408374071121216e-02
6.360656619071960449e-01
7.096118293702602386e-03
3.725948333740234375e-01
1.297093555331230164e-02
1.078185886144638062e-01
9.352801442146301270e-01
1.911561557790264487e-04
9.753272934176493436e-06
1.111797289922833443e-03
4.779471829533576965e-02
4.445806145668029785e-02
1.179073564708232880e-02
4.768735729157924652e-03
1.091265803552232683e-04
2.211780659854412079e-02
1.072964048944413662e-03
1.214601874351501465e+00
1.416517049074172974e-01
1.392873469740152359e-03
1.040091419219970703e+01
1.191731020808219910e-01
7.257791608572006226e-02
5.319919437170028687e-03
6.508089900016784668e-01
1.708891126327216625e-03
2.858985215425491333e-02
6.247813701629638672e-01
3.644507378339767456e-02
1.990292221307754517e-01
1.006301585584878922e-02
4.143366531934589148e-04
3.256548196077346802e-03
5.181253887712955475e-03
9.715925902128219604e-03
8.204958401620388031e-03
3.233524799346923828e+00
2.332407236099243164e-02
2.438975572586059570e+00
1.126071671023964882e-03
1.169746741652488708e-03
1.540349125862121582e-01
1.259014755487442017e-02
4.775786697864532471e-01
1.518663857132196426e-02
1.233430981636047363e+00
1.448267936706542969e+00
2.714924994506873190e-05
3.800196409225463867e+00
4.190536565147340298e-04
2.201079204678535461e-02
1.490094065666198730e-01
1.170286610722541809e-01
4.376883152872323990e-03
5.666176788508892059e-03
2.235567718744277954e-01
6.478263065218925476e-03
5.481356009840965271e-02
1.011956483125686646e-02
2.417465485632419586e-02
9.185016097035259008e-05
1.771453069522976875e-03
8.275274303741753101e-04
3.697352440212853253e-06
3.409282490611076355e-02
9.811444580554962158e-02
6.480963202193379402e-04
4.346539825201034546e-02
1.770319789648056030e-02
3.656316548585891724e-04
3.516329824924468994e-01
2.444115700200200081e-03
6.558859348297119141e-01
3.371858894824981689e-01
5.192333087325096130e-02
3.335776180028915405e-02
6.894405484199523926e-01
6.805893898010253906e+00
6.866411864757537842e-02
2.128526801243424416e-03
4.818128887563943863e-03
7.109333761036396027e-03
7.616965174674987793e-01
4.347280785441398621e-02
9.377328678965568542e-03
1.926477104425430298e-01
3.503979369997978210e-02
5.313502624630928040e-03
4.178265035152435303e-01
7.404848188161849976e-02
7.622698694467544556e-02
2.246111445128917694e-02
2.660357393324375153e-02
2.838178724050521851e-02
3.099406603723764420e-03
1.454054261557757854e-03
4.549812898039817810e-02
1.483505126088857651e-03
8.381535530090332031e+00
3.741167783737182617e-01
1.201153248548507690e-01
4.139466182095929980e-05
1.248508971184492111e-02
8.546297438442707062e-03
2.504955336917191744e-04
1.012981683015823364e-01
1.402133405208587646e-01
1.206867098808288574e+00
1.128375995904207230e-02
4.291573539376258850e-03
8.231637184508144855e-04
8.786378800868988037e-02
3.432441968470811844e-03
1.372977439314126968e-02
6.154399514198303223e-01
1.662970483303070068e-01
3.733186423778533936e-01
6.710817571729421616e-03
2.595540136098861694e-02
7.773826122283935547e-01
2.934380054473876953e+00
2.061372518539428711e+00
3.112320974469184875e-02
7.154504656791687012e-01
6.429549306631088257e-02
3.422263562679290771e-01
7.435749750584363937e-03
2.467893762513995171e-03
1.128391101956367493e-01
7.716438919305801392e-02
4.132644739001989365e-03
1.436880230903625488e-01
1.440809667110443115e-02
2.235537860542535782e-03
2.316997386515140533e-02
2.722907520364969969e-04
3.389710327610373497e-04
1.832766458392143250e-02
1.074607134796679020e-03
1.064283214509487152e-02
1.775095582008361816e+00
2.012953460216522217e-01
1.109076067805290222e-01
1.419379115104675293e-01
3.771591186523437500e-01
1.189825654029846191e+00
1.230365247465670109e-03
8.396225050091743469e-03
2.977547235786914825e-02
8.177405834430828691e-05
4.537463188171386719e-03
3.140907036140561104e-03
5.920627713203430176e-01
6.391679402440786362e-03
2.142846211791038513e-02
1.242554374039173126e-02
3.936623632907867432e-01
2.461376599967479706e-02
3.371871262788772583e-02
7.131832838058471680e-02
6.427235901355743408e-02
2.439346313476562500e+01
4.301354289054870605e-03
1.889170147478580475e-02
4.637923091650009155e-02
2.802556455135345459e-01
1.321792509406805038e-02
3.142220079898834229e-01
4.788639955222606659e-03
7.170762546593323350e-05
2.500150725245475769e-02
1.964244805276393890e-02
1.081348955631256104e-02
6.029575467109680176e-01
1.581808477640151978e-01
1.055652042850852013e-03
4.362825676798820496e-02
7.835089229047298431e-03
2.721060812473297119e-02
4.200659692287445068e-03
2.693620324134826660e-02
7.000705692917108536e-03
4.502669908106327057e-03
1.885066628456115723e-01
8.313485145568847656e+00
2.405624138191342354e-03
4.248023906257003546e-04
5.465107038617134094e-03
2.071982622146606445e-01
1.401790505042299628e-04
5.248349532485008240e-02
1.744771189987659454e-02
1.209185981750488281e+01
6.167727708816528320e-01
1.326691918075084686e-02
9.497679769992828369e-03
1.722480177879333496e+00
1.623133063316345215e+00
8.058412000536918640e-03
1.957702636718750000e-02
1.834473013877868652e-01
2.925932058133184910e-04
2.390538901090621948e-02
2.821223810315132141e-03
4.762486457824707031e+00
6.187884211540222168e-01
1.718671293929219246e-03
9.933459572494029999e-03
5.033175647258758545e-02
5.054843612015247345e-03
4.325602203607559204e-03
8.823861926794052124e-02
8.528405800461769104e-03
8.168433606624603271e-02
1.796680502593517303e-02
5.843237042427062988e-02
6.923428736627101898e-05
7.036039140075445175e-03
2.835188806056976318e-01
7.911857962608337402e-02
2.396406233310699463e-02
2.303522452712059021e-02
2.599060535430908203e-03
3.083576075732707977e-02
2.856818139553070068e-01
5.979323014616966248e-02
2.492256611585617065e-01
2.246947493404150009e-03
1.692023158073425293e+00
2.632299219840206206e-05
5.986803397536277771e-02
1.619211398065090179e-02
1.262080520391464233e-01
7.817261219024658203e+00
4.551948234438896179e-02
2.951012924313545227e-02
2.242391407489776611e-01
2.593110501766204834e-02
1.597238122485578060e-03
3.071599602699279785e-01
4.954647272825241089e-03
1.488943677395582199e-02
2.259507961571216583e-02
2.497213706374168396e-02
3.946297645568847656e+00
5.737124476581811905e-03
6.675754673779010773e-03
1.458358049392700195e+00
2.125544100999832153e-01
2.698863744735717773e-01
5.858835764229297638e-03
1.581059914315119386e-04
6.354752928018569946e-03
1.481192465871572495e-02
6.093323696404695511e-03
2.783261835575103760e-01
5.252665877342224121e-01
6.326621174812316895e-01
1.094817835837602615e-02
1.202767435461282730e-02
2.149145677685737610e-02
7.319889264181256294e-04
2.760127419605851173e-03
3.962387561798095703e+00
5.132862567901611328e+00
1.080485642887651920e-03
9.614530950784683228e-02
1.651676744222640991e-02
4.257922410033643246e-04
3.346054628491401672e-02
3.271525725722312927e-02
3.828634507954120636e-03
4.230919759720563889e-03
1.569036394357681274e-01
2.596279233694076538e-02
1.297832608222961426e+00
9.479091316461563110e-02
2.207369565963745117e+00
5.243893861770629883e-01
1.071735501289367676e+00
1.466712713241577148e+00
8.526576995849609375e+00
3.813069779425859451e-03
6.016563624143600464e-02
1.504372246563434601e-02
9.712822735309600830e-03
2.315432131290435791e-01
1.770598292350769043e-01
1.709157600998878479e-02
3.418306261301040649e-02
5.365725979208946228e-02
7.999682566151022911e-04
1.423261463642120361e-01
2.213577245129272342e-04
7.416932284832000732e-02
2.120285062119364738e-03
6.735386792570352554e-03
2.063835859298706055e-01
4.302896850276738405e-04
4.309683665633201599e-02
2.174065262079238892e-01
4.431182518601417542e-03
3.472197055816650391e-01
9.636864997446537018e-03
1.308771199546754360e-03
3.215012839064002037e-03
9.819262195378541946e-04
1.999075990170240402e-03
1.441213935613632202e-01
1.048724260181188583e-02
3.810153901576995850e-02
2.632368355989456177e-03
9.606469422578811646e-02
1.931696757674217224e-02
1.224138191901147366e-03
1.067457795143127441e-01
9.521712660789489746e-01
4.286834970116615295e-03
7.184939458966255188e-04
1.686215400695800781e-03
1.729194641113281250e+00
1.739922445267438889e-04
1.117520127445459366e-02
1.886892318725585938e-01
4.654198419302701950e-03
1.353733614087104797e-02
7.625430822372436523e-02
9.204534441232681274e-02
7.515314500778913498e-03
1.781986247806344181e-05
3.265028353780508041e-03
1.047001918777823448e-03
2.144202444469556212e-04
2.962724678218364716e-02
3.541250154376029968e-02
1.414847839623689651e-02
7.006040960550308228e-02
1.132846176624298096e-01
5.652828840538859367e-04
1.467656530439853668e-02
9.144144132733345032e-03
4.115028977394104004e-01
2.183978259563446045e-02
8.975724689662456512e-03
2.880869142245501280e-04
2.125572413206100464e-01
6.003796806908212602e-05
1.212643980979919434e-01
1.164649054408073425e-01
6.797324419021606445e-01
2.570605091750621796e-02
6.098760604858398438e+00
3.984623472206294537e-04
1.069890521466732025e-02
1.221150904893875122e-02
8.355702273547649384e-03
3.025937080383300781e-02
5.829522386193275452e-02
6.811090861447155476e-04
5.107012391090393066e-01
2.263764888048171997e-01
9.233701974153518677e-02
2.932971239089965820e+00
1.176778125762939453e+01
1.283417455852031708e-03
1.323319273069500923e-03
9.931953391060233116e-04
1.692139804363250732e-01
3.627070784568786621e-02
1.764043569564819336e-01
6.406279563903808594e+00
5.149728531250730157e-05
1.410926461219787598e+00
1.803451329469680786e-01
2.027346193790435791e-02
1.156104495748877525e-03
2.091270725941285491e-04
3.597611665725708008e+00
1.374980449676513672e+01
3.341204223632812500e+02
7.037083506584167480e-01
4.083902835845947266e+00
5.667774200439453125e+00
1.182099075317382812e+02
2.747969627380371094e+00
2.022590637207031250e+02
6.182601451873779297e-01
5.834410190582275391e+00
2.052784729003906250e+01
2.382146453857421875e+01
8.666782826185226440e-02
1.456251621246337891e+01
2.644594001770019531e+01
4.048351287841796875e+01
1.834729309082031250e+02
1.681709671020507812e+01
1.925338554382324219e+01
6.798622131347656250e+01
2.220864295959472656e+01
6.643256187438964844e+00
1.236244201660156250e+01
9.223770499229431152e-01
9.142990112304687500e-01
2.368440704345703125e+02
1.593070068359375000e+02
4.321249023437500000e+03
1.467433471679687500e+02
2.558378219604492188e+01
8.723527908325195312e+00
2.241672992706298828e+00
3.155047607421875000e+03
2.883286857604980469e+01
1.995438575744628906e+01
5.308727622032165527e-01
2.549244835972785950e-02
2.036728858947753906e+00
1.078647003173828125e+02
1.357662963867187500e+03
2.097341728210449219e+01
1.032456278800964355e+00
3.424040222167968750e+02
1.742810249328613281e+01
5.242364501953125000e+01
2.015029335021972656e+01
1.555374717712402344e+01
2.138303756713867188e+00
1.468809814453125000e+03
1.983911895751953125e+02
1.859411926269531250e+02
9.424636840820312500e+01
8.856696128845214844e+00
1.040603351593017578e+01
9.403145790100097656e+00
3.986384153366088867e+00
5.135152339935302734e+00
9.852522850036621094e+00
6.220029296875000000e+02
1.041009826660156250e+02
3.957208557128906250e+02
2.088268089294433594e+01
1.481897640228271484e+01
3.571360111236572266e+00
8.005857849121093750e+01
1.278489685058593750e+02
3.983628906250000000e+03
2.703904113769531250e+02
8.566551971435546875e+01
8.991517126560211182e-02
1.076248779296875000e+02
2.127131223678588867e+00
2.422573852539062500e+02
5.685741901397705078e+00
1.798249206542968750e+02
6.287849426269531250e+00
1.552205467224121094e+01
8.782394409179687500e+01
3.811856842041015625e+01
9.176168441772460938e+00
2.223694562911987305e+00
7.685079097747802734e+00
6.280644893646240234e+00
2.798649406433105469e+01
3.913974523544311523e+00
1.264266967773437500e-01
2.947220611572265625e+01
1.569858074188232422e+01
4.584490299224853516e+00
2.888883972167968750e+02
1.398699340820312500e+02
3.352058792114257812e+01
1.149140548706054688e+02
9.009722137451171875e+01
1.902672729492187500e+02
2.534483909606933594e+00
4.347152832031250000e+03
6.246658802032470703e+00
2.569062805175781250e+02
1.719410061836242676e+00
9.764881134033203125e+00
2.057117271423339844e+01
4.344535522460937500e+02
1.818463706970214844e+01
5.498343276977539062e+01
8.106700897216796875e+00
3.486070312500000000e+03
4.336470214843750000e+03
3.347868919372558594e-01
4.508893787860870361e-01
6.704005737304687500e+02
7.989215850830078125e+01
2.710213184356689453e+00
4.839822769165039062e+01
1.067754760742187500e+03
1.319957885742187500e+02
6.908467864990234375e+01
3.346072006225585938e+01
8.408101081848144531e+00
3.035025939941406250e+02
3.216370361328125000e+03
1.149837768554687500e+03
3.226265563964843750e+02
3.114831161499023438e+01
7.513613891601562500e+02
5.377365493774414062e+01
4.414153575897216797e+00
5.535778808593750000e+02
4.759288787841796875e+01
8.940205078125000000e+02
1.088409881591796875e+02
1.622051596641540527e-01
2.047074890136718750e+01
4.037145376205444336e-01
4.439848899841308594e+00
6.569856405258178711e-01
4.812267684936523438e+01
9.586048889160156250e+01
1.111350708007812500e+02
1.553802013397216797e+01
1.451368629932403564e-01
4.628438110351562500e+02
5.744050979614257812e+01
2.648154907226562500e+02
1.635886573791503906e+01
3.196734924316406250e+02
3.106662929058074951e-01
1.642704010009765625e+02
1.462277832031250000e+02
9.486391395330429077e-02
7.912571716308593750e+01
1.773867797851562500e+01
2.803369797766208649e-02
3.855051422119140625e+01
1.730413055419921875e+01
6.032319664955139160e-01
3.729210793972015381e-01
3.359200716018676758e+00
2.428775787353515625e+01
1.512449798583984375e+02
2.634743347167968750e+02
6.352811431884765625e+01
2.211593170166015625e+02
5.741588973999023438e+01
8.455032348632812500e+01
5.458739852905273438e+01
9.582392883300781250e+01
1.383329101562500000e+03
2.957780265808105469e+01
5.521570205688476562e+00
5.048615112304687500e+02
9.251121520996093750e+00
1.745221614837646484e+00
8.456951904296875000e+01
1.930275321006774902e+00
4.482498645782470703e+00
1.505059051513671875e+01
1.588276982307434082e+00
4.817292404174804688e+01
2.117694282531738281e+01
4.906950759887695312e+01
8.809615478515625000e+02
9.316404342651367188e+00
7.019617187500000000e+04
3.585073471069335938e+00
1.212480187416076660e+00
3.417916488647460938e+01
1.654633789062500000e+02
3.478464126586914062e+01
5.488391876220703125e+01
2.385296173095703125e+02
3.614912986755371094e+00
1.979317779541015625e+02
1.097300567626953125e+02
3.134922981262207031e+00
6.741576385498046875e+01
1.097068309783935547e+00
9.134067535400390625e+00
8.567323684692382812e+00
7.760543060302734375e+01
1.038855209350585938e+02
3.127663421630859375e+01
1.862587547302246094e+01
2.269655418395996094e+01
1.462249946594238281e+01
1.567308044433593750e+02
2.983096618652343750e+02
3.687285423278808594e+00
2.410030555725097656e+01
7.318886756896972656e+00
2.989476585388183594e+01
6.919493675231933594e-01
2.474439941406250000e+03
1.970987200736999512e+00
4.727379455566406250e+02
7.506463527679443359e+00
2.736215209960937500e+02
3.136093616485595703e+00
2.704685363769531250e+02
4.867266601562500000e+03
3.235284090042114258e-01
1.578855633735656738e+00
7.273330688476562500e+02
3.310626506805419922e+00
1.229903808593750000e+03
2.064082717895507812e+01
4.527642059326171875e+01
2.430666542053222656e+01
1.842243576049804688e+01
5.193540081381797791e-02
1.228356742858886719e+01
4.553446173667907715e-01
3.164372253417968750e+02
4.184484863281250000e+01
3.532481384277343750e+01
4.844316482543945312e+00
3.598929214477539062e+01
8.480442047119140625e+01
5.593221783638000488e-01
7.594004516601562500e+02
3.330695343017578125e+01
3.198926734924316406e+01
1.737346839904785156e+01
1.350924835205078125e+02
3.188886642456054688e+01
4.226819992065429688e+01
2.711351633071899414e+00
3.864690429687500000e+03
1.254636383056640625e+02
1.987470436096191406e+01
8.595865249633789062e+00
1.872279793024063110e-01
9.705967407226562500e+02
8.953067016601562500e+01
3.271762609481811523e+00
8.170898437500000000e+02
1.258215713500976562e+01
5.609892845153808594e+00
3.517709960937500000e+03
8.143173217773437500e+00
1.405129394531250000e+02
1.488468551635742188e+01
4.496913757324218750e+02
8.167579345703125000e+02
1.548075008392333984e+01
4.238116760253906250e+02
6.438985595703125000e+02
1.236241340637207031e+00
1.040116214752197266e+01
2.376549835205078125e+02
1.076609573364257812e+02
1.513594665527343750e+02
6.513164043426513672e-01
1.317763626575469971e-01
1.771422004699707031e+01
4.309952735900878906e+00
7.598888874053955078e+00
3.407798004150390625e+01
1.728595733642578125e+00
4.440191268920898438e+01
1.662563896179199219e+01
1.211162948608398438e+01
1.911920547485351562e+01
5.805874466896057129e-01
2.650290966033935547e+00
4.349207458496093750e+02
3.119524658203125000e+03
2.988801574707031250e+01
7.351055908203125000e+01
6.603967666625976562e+00
5.873611927032470703e+00
1.340911865234375000e+03
1.064729499816894531e+01
7.282135009765625000e+02
3.667319869995117188e+01
1.176786231994628906e+01
3.469974975585937500e+02
1.858650970458984375e+01
4.811570434570312500e+02
6.574369812011718750e+01
1.833317756652832031e+01
2.780749893188476562e+01
1.051257324218750000e+03
8.151798248291015625e+01
2.170221090316772461e+00
5.961239013671875000e+02
1.219779586791992188e+01
1.311651134490966797e+01
1.941710052490234375e+02
1.715368041992187500e+02
4.634396362304687500e+02
1.325216369628906250e+02
1.057483959197998047e+01
3.892188370227813721e-01
1.158888578414916992e+00
1.471369743347167969e+01
1.215128993988037109e+01
5.167516231536865234e+00
6.813307404518127441e-01
2.875672578811645508e+00
2.631386995315551758e+00
4.678546142578125000e+02
5.654606342315673828e+00
3.551651611328125000e+02
1.323815460205078125e+02
5.768735504150390625e+01
2.025331878662109375e+01
2.053587150573730469e+01
4.586326599121093750e+00
8.783316612243652344e-01
8.478004687500000000e+04
2.970718383789062500e+02
2.710421562194824219e+01
1.547052192687988281e+01
1.562613391876220703e+01
7.738873291015625000e+02
9.377654075622558594e+00
5.812886238098144531e+00
1.240254821777343750e+02
9.729124307632446289e-01
1.689003944396972656e+01
1.206694030761718750e+02
1.060476913452148438e+02
1.353290438652038574e+00
2.431288909912109375e+01
1.140768890380859375e+02
9.555599975585937500e+02
8.405244827270507812e+00
2.504246330261230469e+01
4.733946990966796875e+01
6.564027309417724609e+00
7.531813532114028931e-02
1.364189300537109375e+02
2.639395904541015625e+01
1.642084360122680664e+00
1.041638469696044922e+01
1.007916717529296875e+02
2.648239746093750000e+02
1.012350006103515625e+02
1.513197422027587891e+01
1.265539079904556274e-01
1.375379180908203125e+01
1.102060775756835938e+02
1.216574096679687500e+02
2.042732238769531250e+01
1.642776031494140625e+02
4.000879228115081787e-01
4.377919673919677734e+00
3.183180093765258789e-01
4.468487930297851562e+01
1.457164794921875000e+03
1.083910766601562500e+03
5.355969429016113281e+00
5.889159545898437500e+02
2.750351715087890625e+01
1.371944236755371094e+01
6.073619384765625000e+02
3.907949523925781250e+02
3.107456445693969727e+00
3.035965681076049805e+00
1.502993226051330566e+00
9.712351226806640625e+01
1.162357234954833984e+01
2.504227828979492188e+01
1.509168243408203125e+02
2.105577880859375000e+03
1.462080478668212891e+01
4.250169277191162109e+00
1.113774776458740234e+01
1.582940063476562500e+02
3.759341430664062500e+01
8.773527145385742188e+00
3.348544311523437500e+02
1.179957866668701172e+01
4.428187866210937500e+02
5.022265625000000000e+02
8.503952789306640625e+01
4.836899280548095703e+00
5.055727005004882812e+00
