1.077417284250259399e-02
1.333727538585662842e-01
3.406359255313873291e-02
7.738838903605937958e-04
2.934543183073401451e-03
2.140418767929077148e+00
9.479549713432788849e-03
8.927257149480283260e-04
1.402142830193042755e-02
1.651157736778259277e-01
1.136729842983186245e-03
4.665103275328874588e-03
1.158570218831300735e-02
5.275384173728525639e-04
1.678509288467466831e-03
5.044263787567615509e-03
3.706075996160507202e-02
1.736386620905250311e-04
1.951841078698635101e-02
5.918774404563009739e-04
1.606019258499145508e+00
1.596207171678543091e-02
6.383653730154037476e-02
3.233662620186805725e-02
1.007525250315666199e-01
4.036055412143468857e-03
1.881695538759231567e-02
9.733835235238075256e-03
4.448305070400238037e-02
6.027079224586486816e-01
5.014590351493097842e-05
3.896224825439276174e-06
8.844418334774672985e-04
3.936585038900375366e-03
1.301968842744827271e-01
1.645103283226490021e-02
2.549423370510339737e-03
5.345319004845805466e-05
1.313611026853322983e-02
7.391910068690776825e-03
4.756425023078918457e-01
1.043724790215492249e-01
7.463410729542374611e-04
1.063492679595947266e+01
2.374902367591857910e-01
3.326889500021934509e-02
6.555289495736360550e-03
2.674676477909088135e-01
3.559227567166090012e-03
2.020579390227794647e-02
8.879608660936355591e-02
5.125947669148445129e-02
1.127805337309837341e-01
4.680020269006490707e-03
1.366655342280864716e-04
1.184184569865465164e-03
2.932917792350053787e-03
9.929249994456768036e-03
9.443200193345546722e-03
8.956530690193176270e-01
5.891251377761363983e-03
2.425304651260375977e+00
2.756329020485281944e-03
7.587781292386353016e-04
1.574358642101287842e-01
1.691007055342197418e-02
4.464089572429656982e-01
9.950488805770874023e-03
2.796337902545928955e-01
2.858073413372039795e-01
2.110545938194263726e-05
5.372314453125000000e+00
2.872372861020267010e-04
1.183781493455171585e-02
3.080815970897674561e-01
3.458586335182189941e-02
8.449804037809371948e-03
1.209636591374874115e-02
1.712875813245773315e-01
2.567581599578261375e-03
8.871890604496002197e-03
4.523705318570137024e-02
3.351952880620956421e-02
1.620784023543819785e-04
3.114760038442909718e-04
5.746430833823978901e-04
1.400627752445871010e-06
2.662897109985351562e-02
2.314767837524414062e-01
6.477401475422084332e-04
9.343233890831470490e-03
3.106678463518619537e-02
3.690335433930158615e-04
3.951340168714523315e-02
5.009533488191664219e-04
1.125910207629203796e-01
2.698568999767303467e-01
2.350622601807117462e-02
9.924175217747688293e-03
1.518472731113433838e-01
2.540200471878051758e+00
7.338774204254150391e-02
7.173906196840107441e-04
1.760109793394804001e-03
1.218291092664003372e-02
6.642575860023498535e-01
3.803202509880065918e-02
8.946493268013000488e-03
2.780413627624511719e-01
1.815356686711311340e-02
3.711362928152084351e-02
7.680870890617370605e-01
2.827141247689723969e-02
1.257305890321731567e-01
2.853752858936786652e-02
1.234666723757982254e-02
2.651841379702091217e-02
6.401259452104568481e-04
7.113440078683197498e-04
5.893891304731369019e-02
4.755322588607668877e-04
1.761498808860778809e+00
7.585553526878356934e-01
1.541556566953659058e-01
6.734120688633993268e-06
4.155742377042770386e-02
9.443353046663105488e-04
1.072721497621387243e-04
3.293890878558158875e-02
6.892750412225723267e-02
4.985957145690917969e-01
1.014299504458904266e-02
7.864370942115783691e-03
9.836117969825863838e-04
2.372474968433380127e-02
1.131685543805360794e-02
9.562613442540168762e-03
4.461319446563720703e+00
1.998489350080490112e-01
7.286982536315917969e-01
1.252286694943904877e-02
4.735613614320755005e-02
1.964912414550781250e-01
7.083362936973571777e-01
7.258336544036865234e+00
1.447766087949275970e-02
5.409379601478576660e-01
4.699174314737319946e-02
1.576814800500869751e-01
4.025697708129882812e-03
4.817357286810874939e-03
9.649056941270828247e-02
3.079425916075706482e-02
3.371678292751312256e-03
7.823694497346878052e-03
1.362344902008771896e-02
7.083605974912643433e-03
3.432933241128921509e-02
5.784103996120393276e-04
2.700102631933987141e-04
1.147002074867486954e-02
7.523499516537413001e-05
1.260173320770263672e-02
8.846234679222106934e-01
6.573045253753662109e-02
1.583452969789505005e-01
1.260721564292907715e+00
3.377723321318626404e-02
5.837770104408264160e-01
2.023495035246014595e-04
4.668034240603446960e-02
1.037042215466499329e-02
2.844302798621356487e-05
4.923655651509761810e-03
1.880535157397389412e-03
2.219789981842041016e+00
8.091151714324951172e-03
4.929392412304878235e-02
4.247819539159536362e-03
1.565742120146751404e-02
5.226409807801246643e-02
1.595227979123592377e-02
6.316485255956649780e-02
2.852921560406684875e-02
1.762528181076049805e+00
6.483606528490781784e-03
4.112881608307361603e-03
3.217709809541702271e-02
1.785162389278411865e-01
7.892791181802749634e-03
2.889150753617286682e-02
3.022181335836648941e-03
8.617422281531617045e-05
5.940900649875402451e-03
2.755665406584739685e-02
8.362665772438049316e-03
8.994103670120239258e-01
5.336426198482513428e-02
7.572470349259674549e-04
1.588796637952327728e-02
2.127355895936489105e-03
2.670780569314956665e-02
4.041232168674468994e-03
5.886721890419721603e-03
8.625258691608905792e-03
2.129297470673918724e-03
8.139099925756454468e-02
3.457497358322143555e+00
4.838440101593732834e-03
1.273049740120768547e-03
2.188077429309487343e-03
2.628416195511817932e-02
3.148087416775524616e-04
2.797415852546691895e-01
3.543424978852272034e-02
9.165111541748046875e+00
5.383404344320297241e-02
6.057808641344308853e-03
3.934625419788062572e-04
1.776283740997314453e+00
3.272272348403930664e-01
8.117139339447021484e-03
6.311156321316957474e-03
1.118764579296112061e-01
2.120030258083716035e-04
1.384852826595306396e-02
4.021844652015715837e-04
8.108469009399414062e+00
5.031183958053588867e-01
1.232600188814103603e-03
2.189201489090919495e-02
1.966636627912521362e-03
8.306118659675121307e-03
5.715311039239168167e-03
6.323340535163879395e-01
7.717918138951063156e-03
2.825223207473754883e-01
6.561631802469491959e-03
4.008263349533081055e-02
1.727686612866818905e-04
4.823924507945775986e-03
2.095761895179748535e-01
2.152276188135147095e-01
2.603754401206970215e-03
1.219896692782640457e-02
4.806547891348600388e-03
7.542421668767929077e-02
1.401467621326446533e-01
2.612777054309844971e-02
5.745381116867065430e-01
5.828335415571928024e-03
1.559789776802062988e+00
1.292893830395769328e-05
6.825388222932815552e-02
1.779054664075374603e-02
4.199320077896118164e-02
2.035399246215820312e+01
1.238690223544836044e-02
1.214709784835577011e-02
2.267653942108154297e-01
4.604717716574668884e-03
2.881283871829509735e-04
1.974308133125305176e+00
1.755581051111221313e-02
3.239658428356051445e-03
1.398890558630228043e-02
2.173288026824593544e-03
1.316840887069702148e+00
1.334292930550873280e-03
6.327090319246053696e-03
9.814028739929199219e-01
1.165166199207305908e-01
5.171811208128929138e-02
3.830478759482502937e-03
2.101318532368168235e-04
2.269260771572589874e-02
4.015164915472269058e-03
4.463032819330692291e-03
8.355985581874847412e-02
8.491380214691162109e-01
7.524912059307098389e-02
7.646184531040489674e-04
1.094794925302267075e-02
1.626179181039333344e-02
5.864831109647639096e-05
1.761276740580797195e-03
1.168643116950988770e+00
3.720136582851409912e-01
1.479506026953458786e-04
7.940468937158584595e-02
4.411133751273155212e-02
1.627496967557817698e-04
1.035182084888219833e-02
2.728611044585704803e-02
3.800069971475750208e-04
7.707095239311456680e-03
1.315306499600410461e-02
1.770778372883796692e-02
7.791846990585327148e-01
2.136858180165290833e-02
1.800497531890869141e+00
3.821767568588256836e+00
1.639176458120346069e-01
8.147836923599243164e-01
1.051088333129882812e+01
4.059822298586368561e-03
2.139709889888763428e-01
4.378937184810638428e-03
1.444371417164802551e-03
1.416639834642410278e-01
4.354092776775360107e-01
1.506566721946001053e-02
7.452073972672224045e-03
5.052670091390609741e-02
5.787718109786510468e-04
1.624561659991741180e-02
5.677817171090282500e-05
3.329255282878875732e-01
5.757382605224847794e-03
1.219711150042712688e-03
3.274301290512084961e-01
1.443775137886404991e-03
3.470783680677413940e-02
2.035797238349914551e-01
3.025891492143273354e-03
3.323405683040618896e-01
9.858530946075916290e-03
5.027179140597581863e-04
2.444119192659854889e-03
1.036847825162112713e-03
4.699894692748785019e-03
1.118283495306968689e-01
7.839629426598548889e-03
8.416969329118728638e-03
1.736121834255754948e-03
9.788100421428680420e-02
4.473308566957712173e-03
7.377307047136127949e-04
1.014541164040565491e-01
3.650976121425628662e-01
1.484529115259647369e-03
1.017850881908088923e-04
6.973811425268650055e-03
8.486941456794738770e-01
2.925089211203157902e-04
2.679612487554550171e-02
8.730312436819076538e-02
3.763876389712095261e-03
2.440142184495925903e-01
1.440159231424331665e-02
4.353228956460952759e-02
1.070929691195487976e-02
3.291690518381074071e-06
1.318236812949180603e-03
3.007546532899141312e-03
5.606605554930865765e-04
1.462567131966352463e-02
2.581024914979934692e-02
3.133749589323997498e-02
6.322644650936126709e-02
2.109978534281253815e-02
4.923582891933619976e-04
1.948466524481773376e-02
1.037207804620265961e-02
6.568617224693298340e-01
3.207869129255414009e-03
2.782350406050682068e-02
3.738478699233382940e-04
1.456044148653745651e-02
1.985304334084503353e-05
3.553453460335731506e-02
8.875269442796707153e-02
4.308930411934852600e-02
7.657170295715332031e-03
1.817345976829528809e+00
5.629791849059984088e-05
7.074637338519096375e-03
8.733145892620086670e-03
6.690876092761754990e-03
1.923851668834686279e-02
1.836778819561004639e-01
1.343289040960371494e-04
5.807163119316101074e-01
3.301339223980903625e-02
3.372885286808013916e-02
2.076131582260131836e+00
1.447525024414062500e+01
3.486207453534007072e-03
1.570044551044702530e-04
9.843488805927336216e-05
3.820785135030746460e-02
1.642336510121822357e-02
1.442132145166397095e-01
1.740000152587890625e+01
5.812690142192877829e-05
4.126718521118164062e+00
1.150083020329475403e-01
4.211422055959701538e-02
2.815741754602640867e-04
3.377944449312053621e-05
1.761661291122436523e+00
1.844456329345703125e+02
7.691995849609375000e+02
1.757317543029785156e+00
1.560344314575195312e+01
1.568369507789611816e+00
2.896662292480468750e+02
7.451566696166992188e+00
5.239731597900390625e+01
3.564549207687377930e+00
2.142115020751953125e+01
2.145651626586914062e+01
6.027523422241210938e+01
1.029336974024772644e-01
4.054907608032226562e+01
1.654863357543945312e+01
5.573777465820312500e+02
2.001223144531250000e+02
3.048078155517578125e+01
3.169743156433105469e+01
7.890936889648437500e+02
6.193824291229248047e+00
5.769153118133544922e+00
6.260057830810546875e+01
5.015818476676940918e-01
2.832360744476318359e+00
7.475140380859375000e+02
6.828450775146484375e+01
1.528629150390625000e+03
3.566356506347656250e+02
3.882827377319335938e+01
9.747902870178222656e+00
8.060000419616699219e+00
1.270111083984375000e+03
5.414992904663085938e+01
2.808683471679687500e+02
1.068542361259460449e+00
2.869772911071777344e-01
6.446981430053710938e+00
3.058895874023437500e+02
2.287194335937500000e+03
3.110738945007324219e+01
1.898458838462829590e+00
7.991685180664062500e+02
3.606119155883789062e+01
2.179758071899414062e+01
6.623181915283203125e+01
3.229449844360351562e+01
1.327363395690917969e+01
1.263501464843750000e+03
4.727438049316406250e+02
1.081386352539062500e+03
1.125561370849609375e+02
6.822000503540039062e+00
1.273364448547363281e+01
4.325372695922851562e+00
3.368029356002807617e+00
4.120568752288818359e+00
1.230499458312988281e+01
1.985390136718750000e+03
4.176111145019531250e+02
4.310933837890625000e+02
1.044482421875000000e+02
3.103963088989257812e+01
5.675256252288818359e+00
5.779054565429687500e+02
1.028216629028320312e+02
6.572223144531250000e+03
8.363986968994140625e+01
5.953631591796875000e+01
8.675875514745712280e-02
2.126921081542968750e+02
1.054198360443115234e+01
1.096185607910156250e+02
7.661230564117431641e+00
3.663814544677734375e+01
2.322882843017578125e+01
3.690296554565429688e+01
6.027494506835937500e+02
5.275067901611328125e+01
1.200297355651855469e+01
1.228616523742675781e+01
2.563579750061035156e+01
3.531646490097045898e+00
3.149289846420288086e+00
1.132832431793212891e+01
3.300908207893371582e-01
2.371870040893554688e+01
1.063085861206054688e+02
1.276279211044311523e+00
4.175097656250000000e+02
7.775381469726562500e+02
1.147609996795654297e+01
4.146438598632812500e+01
2.775925598144531250e+02
6.674946899414062500e+02
4.456828117370605469e+00
2.583524414062500000e+03
5.307898521423339844e-01
2.464157226562500000e+03
1.248195362091064453e+01
1.235747337341308594e+01
3.365188980102539062e+01
2.419414215087890625e+02
1.028980789184570312e+02
5.193362426757812500e+01
1.826625108718872070e+00
1.207894921875000000e+04
5.425407714843750000e+03
2.106325924396514893e-01
1.871039986610412598e+00
4.215250000000000000e+03
7.654429626464843750e+01
7.894837260246276855e-01
5.888216018676757812e+01
1.641876342773437500e+03
5.487172698974609375e+01
5.219095993041992188e+01
1.027139587402343750e+02
6.383154869079589844e+00
1.513575317382812500e+03
5.802329101562500000e+03
3.759751464843750000e+03
2.063123931884765625e+02
1.638714408874511719e+01
1.851543823242187500e+03
7.342329406738281250e+01
8.086803436279296875e+00
7.374617919921875000e+02
8.851089477539062500e+01
9.820369262695312500e+02
6.353323974609375000e+02
1.999673992395401001e-01
1.135143585205078125e+02
7.938006520271301270e-01
1.860450935363769531e+01
9.145833849906921387e-01
9.043445434570312500e+02
5.820973510742187500e+02
3.148826904296875000e+02
1.360747985839843750e+02
2.723465681076049805e+00
6.343022460937500000e+02
8.555477142333984375e+01
6.542649536132812500e+02
9.065941810607910156e+00
1.958871612548828125e+02
4.369932413101196289e-01
6.136961059570312500e+02
7.890161743164062500e+02
1.000735044479370117e+00
6.998597412109375000e+02
1.942205429077148438e+01
7.443149387836456299e-02
2.638987541198730469e+01
4.855022811889648438e+01
1.278765869140625000e+01
6.106624603271484375e-01
1.497127151489257812e+01
1.880236816406250000e+01
4.267108154296875000e+02
5.090900878906250000e+02
1.978368530273437500e+02
1.426754150390625000e+02
1.098871459960937500e+03
2.419123535156250000e+02
1.271652099609375000e+03
4.440525817871093750e+01
8.547371093750000000e+03
9.401498413085937500e+01
2.994458389282226562e+01
1.157223828125000000e+04
2.052728080749511719e+01
7.256184816360473633e-01
1.750651702880859375e+02
1.987093353271484375e+01
4.887536239624023438e+01
3.438359375000000000e+02
5.712906837463378906e+00
1.722527122497558594e+01
4.595930862426757812e+01
4.080614929199218750e+02
1.382438354492187500e+03
1.631951713562011719e+01
6.045329687500000000e+04
1.829584717750549316e+00
5.406518459320068359e+00
1.573121185302734375e+02
7.816678466796875000e+02
2.938449096679687500e+02
2.404812622070312500e+01
6.626679077148437500e+02
9.173110008239746094e+00
4.324085998535156250e+01
2.989025573730468750e+02
1.304735183715820312e+01
1.955231170654296875e+02
7.779345512390136719e-01
1.573076057434082031e+01
2.660037994384765625e+01
1.050768661499023438e+02
1.649374847412109375e+02
1.188619709014892578e+01
2.689330291748046875e+01
2.078185462951660156e+01
3.385971784591674805e+00
2.675211486816406250e+02
4.740652770996093750e+02
5.807541847229003906e+00
2.616784057617187500e+02
5.596995830535888672e+00
1.259684371948242188e+01
1.123639702796936035e+00
2.934632031250000000e+04
6.508108139038085938e+00
9.708911743164062500e+02
3.717783927917480469e+00
6.701206207275390625e+01
1.667687892913818359e+00
7.733649444580078125e+01
5.686971679687500000e+03
5.228759646415710449e-01
4.290688991546630859e+00
1.017855957031250000e+04
9.850634574890136719e+00
1.211278808593750000e+03
1.179590225219726562e+01
2.778673400878906250e+02
5.345190048217773438e+01
8.337285995483398438e+00
4.040503874421119690e-02
1.692234611511230469e+01
1.451825261116027832e+00
1.038279785156250000e+03
8.379571533203125000e+01
1.155095748901367188e+02
3.208012342453002930e+00
1.384051513671875000e+02
5.677875137329101562e+01
2.685681343078613281e+00
7.679619628906250000e+03
1.900568580627441406e+01
1.533860969543457031e+01
5.410241317749023438e+01
2.996033325195312500e+02
1.482839202880859375e+02
4.359327392578125000e+02
2.459424495697021484e+00
7.371921386718750000e+03
5.815671386718750000e+02
8.092398834228515625e+01
7.490698814392089844e+00
1.072451844811439514e-01
1.318648193359375000e+03
4.802372131347656250e+02
3.433694601058959961e+00
3.089771484375000000e+03
1.032248783111572266e+01
6.542800426483154297e+00
4.280817871093750000e+03
1.482575798034667969e+01
8.808985137939453125e+01
9.653745269775390625e+01
4.201560058593750000e+02
1.527404296875000000e+03
9.854940795898437500e+01
2.057695770263671875e+02
7.903676757812500000e+03
5.114133358001708984e-01
1.252141380310058594e+01
2.953222045898437500e+02
1.814257431030273438e+01
1.328401947021484375e+02
1.500452399253845215e+00
2.377051860094070435e-01
7.094072265625000000e+02
2.269954919815063477e+00
1.148435211181640625e+01
7.452245330810546875e+01
3.751748085021972656e+00
5.844734191894531250e+01
5.535651779174804688e+01
4.970894336700439453e+00
1.168185653686523438e+02
1.164968848228454590e+00
1.162054896354675293e+00
2.048368225097656250e+02
3.050517578125000000e+03
5.081848144531250000e+01
4.217268371582031250e+02
2.242746925354003906e+01
2.247188091278076172e+00
1.370270629882812500e+03
4.181572723388671875e+01
1.406490356445312500e+03
8.895635223388671875e+01
4.368010330200195312e+01
2.393129882812500000e+03
6.640670013427734375e+01
2.377026977539062500e+02
1.459340515136718750e+02
4.022012329101562500e+01
2.377549362182617188e+01
5.474445190429687500e+02
2.067561492919921875e+02
3.741558074951171875e+01
5.734281005859375000e+02
4.729883193969726562e+01
5.680613994598388672e+00
3.236124877929687500e+02
9.714237060546875000e+02
2.015350952148437500e+03
4.778018569946289062e+01
3.569004440307617188e+01
1.771537423133850098e+00
3.671357929706573486e-01
1.603456115722656250e+01
4.165917968750000000e+01
9.437794685363769531e+00
6.819947361946105957e-01
8.394084930419921875e+00
1.178150177001953125e+00
1.529340667724609375e+02
2.960716056823730469e+01
5.401759643554687500e+02
2.758751525878906250e+02
1.881309509277343750e+02
5.956606388092041016e+00
3.551525115966796875e+01
2.384404563903808594e+01
7.629632353782653809e-01
1.466893593750000000e+05
1.388030395507812500e+03
1.087777938842773438e+02
3.914820480346679688e+01
4.906248855590820312e+01
1.758428100585937500e+03
5.181548690795898438e+01
7.901290893554687500e+01
1.320681915283203125e+02
2.875231027603149414e+00
4.726226425170898438e+01
7.109215545654296875e+01
1.430122985839843750e+02
4.133905887603759766e+00
3.021990776062011719e+01
3.802472229003906250e+02
8.080734863281250000e+02
1.403581848144531250e+02
1.070782470703125000e+01
6.151583480834960938e+01
1.251065492630004883e+00
6.440555304288864136e-02
2.782216186523437500e+02
3.840553283691406250e+02
1.611139297485351562e+01
4.883852767944335938e+01
3.251083984375000000e+02
1.235660476684570312e+02
4.244414672851562500e+02
1.132197666168212891e+01
1.445258259773254395e+00
1.291756820678710938e+01
5.881630249023437500e+02
3.509803161621093750e+02
8.411070823669433594e+00
1.138493041992187500e+03
1.859630346298217773e+00
1.854984164237976074e+00
2.231133915483951569e-02
5.089062213897705078e+00
2.384560546875000000e+03
2.584235107421875000e+03
8.740607261657714844e+00
3.020326232910156250e+02
5.040020751953125000e+01
5.754550457000732422e+00
1.676485961914062500e+03
1.771836059570312500e+03
1.352901554107666016e+01
1.519701290130615234e+01
2.482052087783813477e+00
1.443709259033203125e+02
8.003550529479980469e+00
1.791303405761718750e+02
1.724697418212890625e+02
1.390682983398437500e+03
1.696461677551269531e+01
1.709650516510009766e+00
4.600328922271728516e+00
1.930751800537109375e+02
9.890550231933593750e+01
1.031221160888671875e+02
5.562278442382812500e+02
1.790265846252441406e+01
2.130336608886718750e+02
1.192835205078125000e+03
3.497298583984375000e+02
6.511464118957519531e+00
1.818664431571960449e+00
