1.604769937694072723e-02
2.414104044437408447e-01
1.601520366966724396e-02
3.953254781663417816e-04
7.372380699962377548e-03
6.802680969238281250e+00
2.382266568019986153e-03
3.050879109650850296e-03
8.099200204014778137e-03
4.042860865592956543e-02
2.212644554674625397e-03
2.678425051271915436e-03
3.169117728248238564e-03
4.480885108932852745e-04
2.755511377472430468e-04
3.074767766520380974e-03
1.908027380704879761e-02
1.119175867643207312e-04
2.430557832121849060e-02
1.659504778217524290e-04
1.302953213453292847e-01
1.095509808510541916e-02
3.625989332795143127e-02
3.639321029186248779e-02
3.760329186916351318e-01
4.088767338544130325e-03
2.218054793775081635e-02
3.003753023222088814e-03
2.578823454678058624e-02
4.793880581855773926e-01
1.850163971539586782e-04
8.541204806533642113e-06
1.597975497134029865e-03
3.483979031443595886e-03
1.133059784770011902e-01
1.795952394604682922e-02
6.349083036184310913e-03
4.219596739858388901e-04
8.003490045666694641e-03
3.082376439124345779e-03
1.518587470054626465e-01
2.366350218653678894e-02
8.822683594189584255e-04
6.872697353363037109e+00
9.252451360225677490e-02
2.848877385258674622e-02
1.567763625644147396e-03
7.249910384416580200e-02
2.590148942545056343e-03
1.484043616801500320e-02
1.280023157596588135e-01
2.790534403175115585e-03
3.305266499519348145e-01
8.257394656538963318e-03
1.866078673629090190e-04
5.386996548622846603e-03
3.364475211128592491e-03
1.763022877275943756e-02
4.059402272105216980e-03
1.099115490913391113e+00
1.310434076003730297e-03
3.105287551879882812e+00
2.462808275595307350e-03
1.616058056242763996e-03
2.391185611486434937e-01
4.979174584150314331e-03
1.545318216085433960e-01
1.255317870527505875e-02
3.416108787059783936e-01
1.511890441179275513e-01
1.118735599447973073e-05
2.392047166824340820e+00
6.453259265981614590e-04
4.657466430217027664e-03
1.778944283723831177e-01
1.556039005517959595e-01
1.246922183781862259e-02
2.151058241724967957e-02
8.341238647699356079e-02
3.867545165121555328e-04
1.436450891196727753e-02
3.045287169516086578e-02
1.470835786312818527e-02
5.946954115643166006e-05
9.636468894314020872e-05
1.691053039394319057e-03
2.819772362272487953e-06
2.388241887092590332e-02
2.991120815277099609e-01
1.422996632754802704e-03
4.433149937540292740e-03
5.698969122022390366e-03
8.136468823067843914e-04
1.271333992481231689e-01
2.129288186552003026e-04
2.725920677185058594e-01
8.921176940202713013e-02
6.471795029938220978e-03
2.354610012844204903e-03
1.330206394195556641e-01
1.279103398323059082e+00
1.876074448227882385e-02
6.945867789909243584e-04
1.381764450343325734e-04
2.891817130148410797e-02
1.806217074394226074e+00
5.160136520862579346e-02
9.441840462386608124e-03
2.743912637233734131e-01
4.489386454224586487e-03
2.483301050961017609e-02
4.709555804729461670e-01
5.075560882687568665e-02
2.572694420814514160e-01
1.770700700581073761e-02
9.137850254774093628e-03
7.907809317111968994e-02
1.845751190558075905e-03
3.505129716359078884e-04
7.400307059288024902e-02
7.073149026837199926e-05
1.501496553421020508e+00
3.620001971721649170e-01
2.155145704746246338e-01
1.151261130871716887e-05
1.725696623325347900e-01
2.384647494181990623e-03
2.774838649202138186e-04
1.187943853437900543e-02
5.025265365839004517e-02
5.789895653724670410e-01
1.774290204048156738e-02
4.559922963380813599e-03
2.218527952209115028e-03
8.588719181716442108e-03
3.207873925566673279e-02
5.176164675503969193e-03
2.513345241546630859e+00
6.676217913627624512e-02
9.861320853233337402e-01
4.136402532458305359e-02
3.644154593348503113e-02
2.452395111322402954e-01
2.038005828857421875e+00
1.154260158538818359e+01
5.359000992029905319e-03
2.197969198226928711e+00
2.013911120593547821e-02
2.925403416156768799e-02
3.885290119796991348e-03
9.489359334111213684e-03
6.362459063529968262e-02
1.579128950834274292e-01
3.717979416251182556e-03
7.119470275938510895e-03
3.037784621119499207e-02
7.298757787793874741e-03
2.922094427049160004e-02
1.262829639017581940e-03
6.004627211950719357e-04
1.988418772816658020e-02
4.919654020341113210e-05
5.114307999610900879e-02
3.740310072898864746e-01
7.185406237840652466e-02
9.684859216213226318e-02
1.440768390893936157e-01
3.987786546349525452e-02
5.978749394416809082e-01
1.680713321547955275e-04
2.016757056117057800e-02
9.552473202347755432e-03
1.134746071329573169e-05
2.432628069072961807e-03
1.176698319613933563e-02
1.452129244804382324e+00
1.205139514058828354e-02
9.259872138500213623e-03
5.621607881039381027e-03
1.597630418837070465e-02
2.484760433435440063e-02
8.408782072365283966e-03
1.438962370157241821e-01
7.271537184715270996e-02
9.747626185417175293e-01
3.235336020588874817e-02
3.234802046790719032e-03
2.732329443097114563e-02
1.995719373226165771e-01
8.513311855494976044e-03
6.438030302524566650e-02
1.726569957099854946e-03
1.016540263663046062e-04
2.512869425117969513e-02
4.893058538436889648e-02
3.320375084877014160e-02
3.538751602172851562e-01
2.891187369823455811e-01
3.543730417732149363e-04
9.609268978238105774e-03
2.452293178066611290e-03
3.341158479452133179e-02
4.039051476866006851e-03
8.025954477488994598e-03
8.926712907850742340e-03
1.060519251041114330e-03
1.797426864504814148e-02
3.295668125152587891e+00
1.615970209240913391e-02
1.819160650484263897e-03
5.072213243693113327e-03
1.409078575670719147e-02
2.110510831698775291e-04
9.869984351098537445e-03
7.973169907927513123e-03
1.167931652069091797e+01
1.397892832756042480e-01
5.224052816629409790e-03
8.512860949849709868e-05
4.688950061798095703e+00
7.708220481872558594e-01
4.180857539176940918e-02
5.127495154738426208e-03
3.577468916773796082e-02
4.806689685210585594e-05
4.907494410872459412e-03
4.600626707542687654e-04
2.661173105239868164e+00
1.914830058813095093e-01
2.607472939416766167e-03
8.334696292877197266e-03
3.662084927782416344e-03
1.301243528723716736e-02
4.445209167897701263e-03
3.832104504108428955e-01
3.940365277230739594e-03
1.492314040660858154e-01
1.232570782303810120e-02
1.118600741028785706e-02
1.223217404913157225e-04
3.444366622716188431e-03
4.298014566302299500e-02
8.757841587066650391e-02
2.738888142630457878e-03
1.677210070192813873e-02
1.427010400220751762e-03
2.738976478576660156e-02
1.254254877567291260e-01
7.524944841861724854e-02
2.436154782772064209e-01
4.794806707650423050e-03
9.806390404701232910e-01
9.716500244394410402e-06
8.962443470954895020e-02
7.442383095622062683e-03
2.211787551641464233e-02
5.781288623809814453e+00
1.602967455983161926e-02
6.763286422938108444e-03
2.550163269042968750e-01
1.570594264194369316e-03
5.747584509663283825e-04
1.574259519577026367e+00
2.994274720549583435e-02
2.919924911111593246e-03
1.226684660650789738e-03
1.328106503933668137e-03
1.839206099510192871e+00
8.237620932050049305e-04
1.238538417965173721e-02
1.538959622383117676e+00
2.561068721115589142e-02
3.032058849930763245e-02
4.216648172587156296e-03
3.442691522650420666e-04
8.368809707462787628e-03
7.014476228505373001e-03
8.505650795996189117e-03
3.577569499611854553e-02
2.091046333312988281e+00
1.170964017510414124e-01
3.228895075153559446e-04
4.572843667119741440e-03
5.715267267078161240e-03
4.440092743607237935e-05
2.709720749408006668e-03
8.812264800071716309e-01
4.491323232650756836e-01
8.610603981651365757e-05
4.568311944603919983e-02
7.953200489282608032e-03
1.193505813716910779e-04
6.388254463672637939e-03
1.020918041467666626e-02
6.745838909409940243e-04
2.663782797753810883e-03
4.247246310114860535e-03
7.941600866615772247e-03
1.447704434394836426e-01
1.261130347847938538e-02
1.333427190780639648e+00
4.861963272094726562e+00
1.321757882833480835e-01
3.120483458042144775e-01
1.607526969909667969e+01
1.870407373644411564e-03
5.601691827178001404e-02
8.460399112664163113e-04
4.403208848088979721e-03
7.958532869815826416e-02
4.436565935611724854e-01
9.543572552502155304e-03
4.040081985294818878e-03
2.251206152141094208e-02
2.131801593350246549e-04
4.586576670408248901e-02
2.112721995217725635e-04
1.020018160343170166e-01
3.303528064861893654e-03
8.315423037856817245e-04
9.717857837677001953e-01
2.567232819274067879e-03
2.173168398439884186e-02
1.459056884050369263e-01
5.703408387489616871e-04
1.458284705877304077e-01
2.805453259497880936e-03
2.256568055599927902e-03
9.556313161738216877e-04
4.058751510456204414e-04
4.577331128530204296e-04
1.816258281469345093e-01
9.229028946720063686e-04
1.427654363214969635e-02
1.079971622675657272e-02
6.655070185661315918e-02
4.965678323060274124e-03
2.742834913078695536e-04
7.959409803152084351e-02
1.899888068437576294e-01
6.577181629836559296e-04
1.382807240588590503e-04
9.159544482827186584e-03
1.600251913070678711e+00
8.738372707739472389e-05
3.050255961716175079e-02
9.806668758392333984e-02
3.992095589637756348e-03
6.497734040021896362e-02
2.450906299054622650e-02
5.478090047836303711e-02
3.520638495683670044e-02
5.140731445862911642e-06
8.686525980010628700e-04
4.628322494681924582e-04
2.213216357631608844e-04
1.039564702659845352e-02
1.284553203731775284e-02
1.773923076689243317e-02
4.334878548979759216e-02
5.082208663225173950e-02
2.933744399342685938e-04
4.110219422727823257e-03
1.400410942733287811e-02
3.639816939830780029e-01
9.223573841154575348e-03
5.330904945731163025e-02
1.852017710916697979e-03
5.726509261876344681e-03
1.270313623535912484e-05
1.554007977247238159e-01
9.086216986179351807e-02
5.677089095115661621e-03
4.634537268429994583e-03
3.440793275833129883e+00
2.240611320303287357e-05
2.352604409679770470e-03
5.077101290225982666e-03
9.634094312787055969e-03
6.099166348576545715e-03
6.923308968544006348e-02
1.308575156144797802e-04
1.692110002040863037e-01
2.951076999306678772e-02
2.607427164912223816e-02
2.151995182037353516e+00
1.133350086212158203e+01
6.390643306076526642e-03
9.210959542542695999e-04
3.950341488234698772e-04
1.355351600795984268e-02
1.407806575298309326e-02
7.977773249149322510e-02
6.103832721710205078e+00
4.453786823432892561e-05
3.952105522155761719e+00
7.417012006044387817e-02
6.018939614295959473e-02
1.255464449059218168e-04
7.195904618129134178e-05
4.233705520629882812e+00
3.302468566894531250e+02
5.419416503906250000e+02
2.497310161590576172e+00
3.004866409301757812e+01
2.426836490631103516e+00
4.079338684082031250e+02
4.884739875793457031e+00
5.042618179321289062e+01
1.409414052963256836e+00
7.043579864501953125e+01
2.769639968872070312e+01
8.038594818115234375e+01
1.487007290124893188e-01
4.728251647949218750e+01
2.657010078430175781e+01
2.598412841796875000e+03
4.650638427734375000e+02
5.405647659301757812e+01
1.205201721191406250e+01
1.445060577392578125e+02
3.077771663665771484e+00
1.659314727783203125e+01
2.275064086914062500e+02
1.572599172592163086e+00
6.916412830352783203e+00
1.233121875000000000e+04
8.346704101562500000e+01
1.910453979492187500e+03
2.669412231445312500e+02
1.575247669219970703e+01
1.695444297790527344e+01
8.438675880432128906e+00
2.571397460937500000e+03
5.317089843750000000e+01
5.383779907226562500e+02
2.349322080612182617e+00
1.177700161933898926e+00
2.651215744018554688e+01
1.608735046386718750e+02
2.322460449218750000e+03
1.825416755676269531e+01
7.038985729217529297e+00
1.279509399414062500e+03
3.076378440856933594e+01
1.681153297424316406e+01
6.311735153198242188e+01
4.924705886840820312e+01
2.295675277709960938e+00
2.982229003906250000e+03
1.737282348632812500e+03
5.453690185546875000e+02
2.111902465820312500e+02
1.862522125244140625e+01
8.977953910827636719e+00
4.182456970214843750e+00
1.015828418731689453e+01
4.763857364654541016e+00
1.806153106689453125e+01
3.361517333984375000e+03
4.703235778808593750e+02
6.396842651367187500e+02
5.634589385986328125e+01
4.301119995117187500e+01
1.333170890808105469e+01
4.320416564941406250e+02
5.137271499633789062e+01
5.967226074218750000e+03
4.005953674316406250e+02
9.424960327148437500e+01
3.596089035272598267e-02
5.948844604492187500e+02
3.269723892211914062e+01
1.134854507446289062e+02
1.140914630889892578e+01
1.002815475463867188e+02
1.168836975097656250e+01
3.188688087463378906e+01
7.648231201171875000e+02
2.100926589965820312e+01
2.756014633178710938e+01
1.484584140777587891e+01
1.735896492004394531e+01
9.463118553161621094e+00
3.080526113510131836e+00
3.326692199707031250e+01
9.520711302757263184e-01
5.732667922973632812e+01
6.951130676269531250e+01
1.002130389213562012e+00
3.262369384765625000e+02
2.840586853027343750e+02
3.284601974487304688e+01
8.088321685791015625e+01
1.587659301757812500e+02
6.199332031250000000e+03
6.328152179718017578e+00
2.568316894531250000e+03
1.022018432617187500e+00
7.013156250000000000e+03
6.270936965942382812e+00
2.711253643035888672e+00
5.846644878387451172e+00
6.675630950927734375e+01
7.780232238769531250e+01
4.673201599121093750e+02
4.213934540748596191e-01
4.040302343750000000e+04
3.422857031250000000e+04
2.345744371414184570e-01
6.981226801872253418e-01
7.019921386718750000e+03
1.437952575683593750e+02
1.686782717704772949e+00
4.275024414062500000e+01
1.651869140625000000e+03
4.741939086914062500e+02
4.146055221557617188e+01
6.280041885375976562e+01
5.402474403381347656e+00
6.558523559570312500e+02
7.154984863281250000e+03
1.064626562500000000e+04
2.433132019042968750e+02
3.935760498046875000e+01
2.097183837890625000e+03
4.910204315185546875e+01
9.324301719665527344e+00
1.142767578125000000e+03
1.472908477783203125e+02
2.477543701171875000e+03
8.407360229492187500e+02
2.826777100563049316e-01
3.752832031250000000e+02
2.009023427963256836e-01
2.525411605834960938e+01
2.332066535949707031e+00
4.018782043457031250e+02
2.063341369628906250e+02
1.301002960205078125e+02
1.447628173828125000e+02
1.762650680541992188e+01
1.317259399414062500e+03
1.304040679931640625e+02
6.631448974609375000e+02
1.657624626159667969e+01
7.969993286132812500e+02
3.737874627113342285e-01
2.595162597656250000e+03
2.649549560546875000e+03
7.910758256912231445e-01
5.491989257812500000e+03
5.234027099609375000e+01
3.523029983043670654e-01
1.023046798706054688e+02
1.567747497558593750e+02
2.662680816650390625e+01
6.600076556205749512e-01
2.831234550476074219e+01
2.288489723205566406e+01
1.235765991210937500e+03
8.479940795898437500e+01
3.603796081542968750e+02
4.790176391601562500e+01
4.158132629394531250e+02
2.069067535400390625e+02
1.436785400390625000e+03
2.751927185058593750e+02
6.101366796875000000e+04
1.555902557373046875e+02
5.064879989624023438e+01
1.711279101562500000e+04
2.585807800292968750e+01
3.718579709529876709e-01
6.114851684570312500e+02
6.144737243652343750e+00
2.986742973327636719e+01
3.779401245117187500e+02
6.921293735504150391e+00
9.750653076171875000e+01
4.722550964355468750e+01
2.250752410888671875e+02
4.073180847167968750e+02
1.729788208007812500e+01
7.757960937500000000e+04
6.399668693542480469e+00
2.096275901794433594e+01
7.666937255859375000e+01
5.959462890625000000e+03
1.125931762695312500e+03
5.091796493530273438e+01
3.388356933593750000e+02
7.728412628173828125e+00
1.345393066406250000e+02
5.671008300781250000e+02
2.080361366271972656e+01
1.030288772583007812e+02
4.097848415374755859e+00
1.241458225250244141e+01
1.643922042846679688e+01
9.468510131835937500e+02
2.249116363525390625e+02
2.230018424987792969e+01
4.326628875732421875e+01
5.169835662841796875e+01
2.116789102554321289e+00
3.631529235839843750e+02
9.704588623046875000e+02
2.145199394226074219e+01
8.293530273437500000e+01
2.544906044006347656e+01
3.008807754516601562e+01
4.174365699291229248e-01
1.920535937500000000e+04
5.931390285491943359e+00
1.558746704101562500e+03
5.169643878936767578e+00
5.240546417236328125e+01
1.018584132194519043e+00
2.202052001953125000e+02
1.171917187500000000e+04
2.333908975124359131e-01
4.892646789550781250e+00
1.986906445312500000e+04
6.560414791107177734e+00
1.166142089843750000e+03
2.063642883300781250e+01
1.240999603271484375e+02
7.128799438476562500e+01
2.004250335693359375e+01
2.386012971401214600e-01
4.376730346679687500e+01
3.061522245407104492e+00
1.311882324218750000e+03
2.237769470214843750e+02
6.896990203857421875e+01
1.569664001464843750e+00
2.770724487304687500e+01
5.260516738891601562e+01
1.964313030242919922e+00
1.730729687500000000e+04
4.768099594116210938e+01
2.944554519653320312e+01
1.218306350708007812e+02
2.044851074218750000e+02
1.079243850708007812e+02
4.367312622070312500e+02
1.599423885345458984e+00
4.676813281250000000e+04
1.110481414794921875e+02
7.336530303955078125e+01
4.432956218719482422e+00
1.314840912818908691e-01
1.265285522460937500e+03
3.325887451171875000e+02
8.529053926467895508e-01
4.382046386718750000e+03
1.412758445739746094e+01
9.842697143554687500e+00
7.106640625000000000e+03
6.500186920166015625e+01
1.091044387817382812e+02
1.552835540771484375e+02
2.303177337646484375e+02
2.727595458984375000e+03
1.464763031005859375e+02
3.580755310058593750e+02
2.625551953125000000e+04
1.349468708038330078e+00
3.310684585571289062e+01
5.375358276367187500e+02
6.167186260223388672e+00
1.503610839843750000e+02
6.667653322219848633e-01
1.167785644531250000e+00
6.590233154296875000e+02
6.112135887145996094e+00
6.296242713928222656e+00
1.836982574462890625e+02
5.129414558410644531e+00
1.948967552185058594e+01
2.560962677001953125e+01
3.717848062515258789e+00
6.440880584716796875e+01
1.242132663726806641e+00
5.549782276153564453e+00
4.771488952636718750e+02
2.296299560546875000e+03
9.035010528564453125e+01
8.694338989257812500e+02
9.453054428100585938e+00
6.606904983520507812e+00
2.768068847656250000e+03
5.154901123046875000e+01
1.114314819335937500e+03
2.280025024414062500e+02
3.050664901733398438e+01
2.426849609375000000e+03
1.680391120910644531e+01
1.779218750000000000e+02
3.993730163574218750e+02
3.178673934936523438e+01
4.872000885009765625e+01
4.202625732421875000e+02
4.726157836914062500e+02
1.215796089172363281e+01
3.945989685058593750e+02
6.156073379516601562e+01
6.445284366607666016e+00
1.070922241210937500e+03
1.990699707031250000e+03
4.779675292968750000e+03
1.120992507934570312e+02
1.720801544189453125e+01
1.226776361465454102e+00
4.783479571342468262e-01
2.512624549865722656e+01
3.179691886901855469e+01
1.813246726989746094e+01
3.585046231746673584e-01
2.442849349975585938e+01
1.046529769897460938e+00
1.452486267089843750e+02
1.426035919189453125e+02
4.037474975585937500e+02
5.234725952148437500e+02
1.994216918945312500e+02
8.584404754638671875e+01
1.393233680725097656e+01
3.093220138549804688e+01
2.071057111024856567e-01
4.153074062500000000e+05
6.889660644531250000e+03
8.108212280273437500e+01
1.137104644775390625e+02
8.628875732421875000e+01
4.323660644531250000e+03
4.597827911376953125e+01
7.203503417968750000e+01
1.340235443115234375e+02
2.895054817199707031e+00
5.064520263671875000e+01
2.405192260742187500e+02
4.366142272949218750e+02
1.610461235046386719e+00
7.691353607177734375e+01
1.505481811523437500e+03
8.373652343750000000e+02
1.004644699096679688e+02
5.928789138793945312e+01
2.287772369384765625e+01
2.092078685760498047e+00
4.151939600706100464e-02
1.602745208740234375e+02
5.976115722656250000e+02
2.896434211730957031e+01
1.538661804199218750e+02
3.617297058105468750e+02
1.752064666748046875e+02
1.288516998291015625e+02
1.366839599609375000e+01
4.917355060577392578e+00
1.501071166992187500e+01
9.982078247070312500e+02
2.054217376708984375e+02
4.434240341186523438e+01
1.164277954101562500e+03
2.923724174499511719e+00
7.910498619079589844e+00
4.705397784709930420e-02
1.544514846801757812e+01
4.598660156250000000e+03
1.020068652343750000e+04
4.922279834747314453e+00
5.864558105468750000e+02
1.923872070312500000e+02
1.990355372428894043e+00
2.041659301757812500e+03
2.286152099609375000e+03
3.277978420257568359e+00
1.910345840454101562e+01
3.395802497863769531e+00
2.192269744873046875e+02
1.656513786315917969e+01
3.401646118164062500e+02
1.038794799804687500e+03
9.929516601562500000e+02
4.104101562500000000e+01
5.519557476043701172e+00
8.693221092224121094e+00
1.895364227294921875e+02
4.730148315429687500e+02
1.830813140869140625e+02
7.738833007812500000e+02
4.440773391723632812e+01
4.841791992187500000e+02
4.815940917968750000e+03
3.028698120117187500e+02
8.891139984130859375e+00
7.147132873535156250e+00
