6.391656602254427444e-01
9.222499999999999032e-01
9.331733293332332702e-01
9.442236055901398473e-01
9.515474759615385469e-01
9.647491187279682023e-01
9.776046494150656407e-01
9.826093484135722811e-01
9.686676206974467185e-01
9.671250000000000124e-01
9.742721733243060456e-01
9.759349593495935116e-01
9.800375234521575551e-01
9.793669871794871140e-01
9.686053783614758661e-01
9.685548785074851175e-01
9.793749999999999956e-01
9.782978297829783010e-01
9.726164551575681161e-01
9.741117522016398134e-01
9.803832691193876681e-01
9.833145716072546616e-01
9.735076121794871140e-01
9.803877423389618651e-01
9.811698717948718063e-01
9.699286056661369226e-01
9.822840556500851417e-01
9.778062313273581108e-01
9.805730573057305222e-01
9.820178071228491401e-01
9.827430972388955244e-01
9.770227022702270281e-01
9.695109577922077504e-01
9.772721583940326973e-01
9.747500000000000053e-01
9.797637854509892996e-01
9.743589743589743390e-01
9.773182957393482528e-01
9.823889931207004933e-01
9.743692330774423871e-01
