6.932178735733032227e-01
6.625608205795288086e-01
3.903173506259918213e-01
3.210733532905578613e-01
2.569797635078430176e-01
2.693337500095367432e-01
2.852110564708709717e-01
2.157738804817199707e-01
3.161918520927429199e-01
2.265108972787857056e-01
2.305733263492584229e-01
2.427424043416976929e-01
2.446013689041137695e-01
2.542519271373748779e-01
2.253096252679824829e-01
2.136254906654357910e-01
2.654102146625518799e-01
2.632172107696533203e-01
2.552529275417327881e-01
1.647068709135055542e-01
1.897520422935485840e-01
2.141129523515701294e-01
2.285384833812713623e-01
2.020424604415893555e-01
1.958771646022796631e-01
1.767790466547012329e-01
2.613784670829772949e-01
2.118629366159439087e-01
2.315203398466110229e-01
1.970155239105224609e-01
1.846352964639663696e-01
1.602817773818969727e-01
2.141645848751068115e-01
1.925953179597854614e-01
2.004365772008895874e-01
1.275587230920791626e-01
1.720848381519317627e-01
2.210603803396224976e-01
1.710839569568634033e-01
1.676878035068511963e-01
1.673089563846588135e-01
1.530215442180633545e-01
2.398024201393127441e-01
1.868988573551177979e-01
2.021802812814712524e-01
1.609547883272171021e-01
1.539383232593536377e-01
1.750372201204299927e-01
1.578706949949264526e-01
1.804159879684448242e-01
1.206338405609130859e-01
2.092780321836471558e-01
1.948284059762954712e-01
1.634507924318313599e-01
1.538351476192474365e-01
1.293555647134780884e-01
1.488002240657806396e-01
1.687946468591690063e-01
2.090186476707458496e-01
1.266357600688934326e-01
2.058393955230712891e-01
2.216298878192901611e-01
1.626622080802917480e-01
1.435483992099761963e-01
1.676974296569824219e-01
1.124797537922859192e-01
1.373194307088851929e-01
1.560332477092742920e-01
1.292185336351394653e-01
1.587065607309341431e-01
1.802800446748733521e-01
1.308866143226623535e-01
1.674374192953109741e-01
1.528271287679672241e-01
1.486091911792755127e-01
1.708938032388687134e-01
1.570077836513519287e-01
1.360939890146255493e-01
1.873123496770858765e-01
1.434616148471832275e-01
1.555208414793014526e-01
1.466011404991149902e-01
1.377579271793365479e-01
1.220647916197776794e-01
2.104688286781311035e-01
1.378710418939590454e-01
1.628643423318862915e-01
1.718319654464721680e-01
1.299258768558502197e-01
1.051675379276275635e-01
1.539497822523117065e-01
1.927758157253265381e-01
1.756458580493927002e-01
1.222835779190063477e-01
1.478302329778671265e-01
1.531259119510650635e-01
1.354675740003585815e-01
1.536443829536437988e-01
1.578768789768218994e-01
1.669481396675109863e-01
1.247439086437225342e-01
1.784841865301132202e-01
1.638297289609909058e-01
1.490099728107452393e-01
1.206203997135162354e-01
1.494597792625427246e-01
1.041362062096595764e-01
1.481579095125198364e-01
1.663448363542556763e-01
1.090751811861991882e-01
1.557760089635848999e-01
1.146004647016525269e-01
1.642650961875915527e-01
1.299450248479843140e-01
1.406920403242111206e-01
1.454428285360336304e-01
1.896103024482727051e-01
1.318858116865158081e-01
1.082370728254318237e-01
1.775845736265182495e-01
1.531338393688201904e-01
1.320981383323669434e-01
1.196683719754219055e-01
1.100379079580307007e-01
1.172097250819206238e-01
1.454187780618667603e-01
1.253209263086318970e-01
1.187504678964614868e-01
1.225687041878700256e-01
1.632821559906005859e-01
1.109657287597656250e-01
1.482834815979003906e-01
1.224716082215309143e-01
1.400304883718490601e-01
1.686767786741256714e-01
1.508592516183853149e-01
1.411300450563430786e-01
1.389787197113037109e-01
1.147249862551689148e-01
1.189293041825294495e-01
1.278378367424011230e-01
1.507512480020523071e-01
9.992980957031250000e-02
1.240945458412170410e-01
1.287448704242706299e-01
1.074781641364097595e-01
1.294787079095840454e-01
1.068561077117919922e-01
1.230018734931945801e-01
8.562653511762619019e-02
1.374947726726531982e-01
9.231165796518325806e-02
1.374782472848892212e-01
1.102056875824928284e-01
1.030984893441200256e-01
7.965725660324096680e-02
1.043986752629280090e-01
9.283688664436340332e-02
1.114995703101158142e-01
1.136282086372375488e-01
1.104082092642784119e-01
1.291809529066085815e-01
1.154755130410194397e-01
1.025098338723182678e-01
1.701379567384719849e-01
8.905033022165298462e-02
8.683491498231887817e-02
9.347727149724960327e-02
9.919735044240951538e-02
1.146776676177978516e-01
1.012272536754608154e-01
8.981074392795562744e-02
1.143662407994270325e-01
9.234981238842010498e-02
1.125056818127632141e-01
9.685679525136947632e-02
8.434772491455078125e-02
1.426059156656265259e-01
6.947641819715499878e-02
8.967601507902145386e-02
7.301437109708786011e-02
1.067198216915130615e-01
9.992200881242752075e-02
1.286039501428604126e-01
1.001770049333572388e-01
8.509675413370132446e-02
1.157878860831260681e-01
7.684370875358581543e-02
6.943703442811965942e-02
1.158486530184745789e-01
1.464267820119857788e-01
9.027717262506484985e-02
6.694703549146652222e-02
8.275526762008666992e-02
8.704181760549545288e-02
6.830137223005294800e-02
8.336441963911056519e-02
7.610405236482620239e-02
4.297249391674995422e-02
8.843718469142913818e-02
8.264511078596115112e-02
6.303700059652328491e-02
5.968463420867919922e-02
9.141153097152709961e-02
5.643928050994873047e-02
9.353311359882354736e-02
8.949667215347290039e-02
5.826489254832267761e-02
9.387777745723724365e-02
7.132948935031890869e-02
8.685985207557678223e-02
8.259314298629760742e-02
8.313861489295959473e-02
9.373921900987625122e-02
9.478458762168884277e-02
7.455968111753463745e-02
8.658820390701293945e-02
1.165036261081695557e-01
6.710926443338394165e-02
8.912976831197738647e-02
5.320847406983375549e-02
5.401551723480224609e-02
4.077004268765449524e-02
7.533511519432067871e-02
7.430256158113479614e-02
4.945090040564537048e-02
7.726875692605972290e-02
6.743096560239791870e-02
9.311769157648086548e-02
7.249857485294342041e-02
5.678140744566917419e-02
6.402310729026794434e-02
6.881860643625259399e-02
6.185307353734970093e-02
4.662489518523216248e-02
8.220043033361434937e-02
6.925650686025619507e-02
4.632203280925750732e-02
4.972735792398452759e-02
7.025651633739471436e-02
6.778801232576370239e-02
7.905992865562438965e-02
3.717577084898948669e-02
3.458834812045097351e-02
3.924931958317756653e-02
8.347439765930175781e-02
7.278955727815628052e-02
7.421112060546875000e-02
4.664250090718269348e-02
2.593049965798854828e-02
4.578271135687828064e-02
6.421498954296112061e-02
4.523932933807373047e-02
4.692722484469413757e-02
3.405962884426116943e-02
7.189738005399703979e-02
5.734864622354507446e-02
6.227890774607658386e-02
3.467515483498573303e-02
3.930217772722244263e-02
5.009115487337112427e-02
4.773934185504913330e-02
4.501711949706077576e-02
4.226489365100860596e-02
2.581923082470893860e-02
3.262905031442642212e-02
7.523660361766815186e-02
2.553833834826946259e-02
2.254925481975078583e-02
2.584595605731010437e-02
5.208112671971321106e-02
4.890393093228340149e-02
3.259267285466194153e-02
2.871293947100639343e-02
3.330668061971664429e-02
3.338554129004478455e-02
4.068986326456069946e-02
3.204508498311042786e-02
3.089536912739276886e-02
7.325389236211776733e-02
2.083855122327804565e-02
2.674476616084575653e-02
3.053124062716960907e-02
4.968045279383659363e-02
4.017192497849464417e-02
3.988717868924140930e-02
3.407237678766250610e-02
3.250246122479438782e-02
2.278620004653930664e-02
3.472581878304481506e-02
3.124110773205757141e-02
4.344327747821807861e-02
3.221248090267181396e-02
1.772763952612876892e-02
2.967838943004608154e-02
3.311883285641670227e-02
6.241073086857795715e-02
1.878580637276172638e-02
2.413901127874851227e-02
2.298061922192573547e-02
2.637786790728569031e-02
2.296107262372970581e-02
2.223359793424606323e-02
1.524413563311100006e-02
2.749811112880706787e-02
2.938656508922576904e-02
4.489497467875480652e-02
4.347797483205795288e-02
2.337865531444549561e-02
2.387838996946811676e-02
2.938930131494998932e-02
1.815187372267246246e-02
2.192787081003189087e-02
4.247931018471717834e-02
1.781102269887924194e-02
1.704487390816211700e-02
2.132805623114109039e-02
2.691145241260528564e-02
2.372302673757076263e-02
2.240390330553054810e-02
2.070434577763080597e-02
4.510246589779853821e-02
2.297597564756870270e-02
1.108529232442378998e-02
1.881621964275836945e-02
3.078840859234333038e-02
1.020400132983922958e-02
1.734009385108947754e-02
3.215965628623962402e-02
1.053208857774734497e-02
1.562460605055093765e-02
1.994238048791885376e-02
1.316647790372371674e-02
8.706322871148586273e-03
2.430133707821369171e-02
1.288841292262077332e-02
1.433138828724622726e-02
3.295725211501121521e-02
3.089718893170356750e-02
1.117058470845222473e-02
5.349031183868646622e-03
1.383169833570718765e-02
