2.998408861458301544e-02
1.076797172427177429e-01
7.480648346245288849e-03
1.381024136207997799e-03
4.666763544082641602e-02
5.389427661895751953e+00
1.696080155670642853e-02
2.551973797380924225e-03
5.401439033448696136e-03
5.580263733863830566e-01
4.876502323895692825e-03
1.302306260913610458e-02
5.986295267939567566e-02
1.126013230532407761e-02
1.569112064316868782e-03
1.101481169462203979e-02
3.012630622833967209e-03
3.654575208202004433e-03
2.193771116435527802e-02
4.760497540701180696e-04
1.556001156568527222e-01
1.793578453361988068e-02
2.749533355236053467e-01
5.757673829793930054e-02
9.391836524009704590e-01
1.339420676231384277e-02
5.027137324213981628e-02
1.674577780067920685e-02
8.928198367357254028e-02
8.928588628768920898e-01
3.906842321157455444e-04
1.343027688562870026e-04
6.573695223778486252e-03
2.451031282544136047e-02
6.238203495740890503e-02
5.402840673923492432e-03
6.074029486626386642e-03
5.814980249851942062e-04
7.973747327923774719e-03
4.201048519462347031e-03
1.973079293966293335e-01
7.994336634874343872e-02
1.696969964541494846e-03
1.284038639068603516e+01
1.565169245004653931e-01
7.922020554542541504e-02
4.601089749485254288e-03
2.344206720590591431e-01
3.228371730074286461e-03
1.119931880384683609e-02
2.046165168285369873e-01
2.697754278779029846e-02
1.057918965816497803e-01
3.126813843846321106e-02
3.981715708505362272e-04
1.779002021066844463e-03
4.832673352211713791e-03
1.452103815972805023e-02
2.608022652566432953e-02
8.189318656921386719e+00
1.328230649232864380e-02
1.627527046203613281e+01
1.405718363821506500e-02
3.417246043682098389e-03
1.003183871507644653e-01
1.596624404191970825e-02
1.472193598747253418e-01
7.185895927250385284e-03
6.120309829711914062e-01
5.817165970802307129e-01
1.526831620140001178e-04
1.350838899612426758e+00
8.428018190898001194e-04
1.957510411739349365e-02
7.584498822689056396e-02
6.104267016053199768e-02
6.891213823109865189e-03
3.623693063855171204e-02
4.340122640132904053e-02
1.241172850131988525e-02
4.735448956489562988e-02
1.387930847704410553e-02
1.303304545581340790e-02
3.275419876445084810e-04
2.886974718421697617e-03
1.157982042059302330e-03
2.494698128430172801e-05
4.715547710657119751e-02
5.047588944435119629e-01
1.062536844983696938e-03
5.406267940998077393e-03
6.742234341800212860e-03
1.217306824401021004e-03
1.089779734611511230e-01
3.790357150137424469e-04
5.610432624816894531e-01
5.216187238693237305e-01
5.776597559452056885e-02
1.454397453926503658e-03
5.041112750768661499e-02
2.031330108642578125e+00
4.408128932118415833e-02
9.223261149600148201e-04
1.547265984117984772e-02
9.214034304022789001e-03
5.137059688568115234e-01
9.338141232728958130e-02
1.217075251042842865e-02
4.209956154227256775e-02
7.807431370019912720e-02
1.265026181936264038e-01
4.216127097606658936e-01
4.086352512240409851e-02
4.801988974213600159e-02
1.561463903635740280e-02
2.258773893117904663e-02
6.834308058023452759e-02
5.688953213393688202e-03
2.625848166644573212e-03
6.993372738361358643e-02
7.156361825764179230e-04
6.347214221954345703e+00
5.903704166412353516e-01
3.995152115821838379e-01
1.497369958087801933e-04
1.974817812442779541e-01
9.842039085924625397e-03
6.900235894136130810e-04
6.306343525648117065e-02
5.391351133584976196e-02
1.433585643768310547e+00
5.195096880197525024e-02
3.378474619239568710e-03
1.304950565099716187e-03
3.081942163407802582e-02
2.017322182655334473e-02
4.505956172943115234e-02
3.004037618637084961e+00
1.793511956930160522e-01
3.989209234714508057e-01
2.416373603045940399e-02
8.201023563742637634e-03
7.273473739624023438e-01
6.345387101173400879e-01
2.383633232116699219e+01
1.996033266186714172e-02
3.091342747211456299e-01
6.251016166061162949e-03
6.015314161777496338e-02
8.418916724622249603e-03
2.235511317849159241e-02
7.708879560232162476e-02
8.585757017135620117e-02
1.522570569068193436e-02
7.145579904317855835e-02
1.250880584120750427e-02
1.136890333145856857e-02
3.970948234200477600e-02
2.160505624487996101e-03
4.732243251055479050e-03
4.445549473166465759e-02
3.323255223222076893e-04
1.759272068738937378e-01
4.668872952461242676e-01
2.789389193058013916e-01
9.738779813051223755e-02
1.430850327014923096e-01
1.571020632982254028e-01
9.858509898185729980e-01
2.467921876814216375e-04
2.021782286465167999e-02
8.064793795347213745e-02
7.988775905687361956e-05
1.481717359274625778e-02
4.321329668164253235e-02
1.631943583488464355e+00
1.552294101566076279e-02
1.044378150254487991e-02
1.122874487191438675e-02
9.639636427164077759e-02
4.700279235839843750e-02
3.316989168524742126e-02
1.649603098630905151e-01
3.068063221871852875e-02
2.026767253875732422e+00
7.337638642638921738e-03
6.067380309104919434e-03
6.580915302038192749e-02
2.710682749748229980e-01
2.305429056286811829e-02
1.581437885761260986e-01
2.366396598517894745e-02
2.949625777546316385e-04
7.275454699993133545e-02
4.383867979049682617e-01
1.316700223833322525e-02
2.209506481885910034e-01
6.753829866647720337e-02
3.030247753486037254e-03
2.504418045282363892e-02
2.939596306532621384e-03
3.427626192569732666e-02
1.273380033671855927e-02
2.209079265594482422e-02
8.865783922374248505e-03
1.261313096620142460e-03
1.621059775352478027e-01
1.367724704742431641e+01
7.059021852910518646e-03
3.408320248126983643e-03
7.036052644252777100e-03
4.063885658979415894e-02
1.446252135792747140e-04
6.246511936187744141e-01
2.175301499664783478e-02
2.368428945541381836e+00
5.282542109489440918e-02
1.656272262334823608e-02
5.336311296559870243e-04
6.118301153182983398e-01
2.356844991445541382e-01
1.500908564776182175e-02
1.256649149581789970e-03
2.355258539319038391e-02
1.128977091866545379e-04
2.953084371984004974e-02
7.316584815271198750e-04
3.973612546920776367e+00
3.891300261020660400e-01
6.444956175982952118e-03
1.700930669903755188e-02
9.211231954395771027e-03
3.264186903834342957e-02
2.293164143338799477e-03
2.633204758167266846e-01
1.699517481029033661e-02
2.093783617019653320e-01
3.729471238330006599e-03
9.629768133163452148e-02
3.903589094989001751e-04
2.526430226862430573e-02
5.994747951626777649e-02
1.593571156263351440e-01
3.023468423634767532e-03
8.328482508659362793e-03
8.918892592191696167e-03
3.982638567686080933e-02
6.999123841524124146e-02
2.934930287301540375e-02
1.103582531213760376e-01
2.732012979686260223e-02
1.490242242813110352e+00
4.895746678812429309e-05
4.897334799170494080e-02
1.502962596714496613e-02
2.775850892066955566e-01
5.078762531280517578e+00
1.679092086851596832e-02
1.957930438220500946e-02
1.943570822477340698e-01
2.935819793492555618e-03
5.859981174580752850e-04
8.595151901245117188e-01
2.501773834228515625e-02
3.504807129502296448e-03
1.949339546263217926e-02
1.182812731713056564e-02
1.776596784591674805e+00
8.560152724385261536e-03
8.334414102137088776e-03
1.256021022796630859e+00
3.150526434183120728e-02
6.532608270645141602e-01
2.702862024307250977e-03
1.221129903569817543e-03
1.864383555948734283e-02
5.332783330231904984e-03
8.510206826031208038e-03
2.297770529985427856e-01
1.565002918243408203e+00
1.408227831125259399e-01
1.007903087884187698e-02
3.935342188924551010e-03
1.253736205399036407e-02
1.804575149435549974e-04
3.929203376173973083e-03
4.604970455169677734e+00
1.149149894714355469e+00
3.306184953544288874e-04
4.974876716732978821e-02
1.244568731635808945e-02
9.371920023113489151e-04
5.405655875802040100e-02
1.578357256948947906e-02
9.332760819233953953e-04
1.956753060221672058e-02
1.904154196381568909e-02
4.803564772009849548e-02
1.873165845870971680e+00
4.191874712705612183e-02
4.463025033473968506e-01
9.360994100570678711e-01
7.043568789958953857e-02
8.227441310882568359e-01
1.964374184608459473e+00
4.920332226902246475e-03
3.253432363271713257e-02
3.503837436437606812e-02
4.922287072986364365e-03
1.135144755244255066e-01
6.113446354866027832e-01
3.086367435753345490e-02
7.203412707895040512e-03
1.611865460872650146e-01
2.646623412147164345e-03
2.508990094065666199e-02
7.019849726930260658e-04
5.172174572944641113e-01
2.196711488068103790e-03
4.110352601855993271e-03
3.124733269214630127e-01
1.428154064342379570e-03
7.584677543491125107e-03
2.749552205204963684e-02
5.463770590722560883e-03
2.614920735359191895e-01
7.470855955034494400e-03
3.728823969140648842e-03
5.305932369083166122e-03
2.097019460052251816e-03
4.896886646747589111e-03
2.720815837383270264e-01
3.890276886522769928e-03
1.038547046482563019e-02
4.269708879292011261e-03
1.355326361954212189e-02
2.954959636554121971e-03
4.850292578339576721e-03
2.806221321225166321e-02
2.360782474279403687e-01
1.000842312350869179e-03
5.821960512548685074e-04
3.114956198260188103e-03
1.373834848403930664e+00
1.091611455194652081e-03
1.187501568347215652e-02
1.489531844854354858e-01
1.388690806925296783e-02
4.821191728115081787e-02
2.669194899499416351e-02
8.594166487455368042e-02
2.141819149255752563e-01
6.528904486913233995e-05
1.478174049407243729e-02
3.745984053239226341e-03
9.461161098442971706e-04
1.678896881639957428e-02
2.314021252095699310e-02
4.690206423401832581e-02
4.109382629394531250e-02
1.671833917498588562e-02
1.122347195632755756e-03
1.593603938817977905e-02
5.294743925333023071e-03
7.506869733333587646e-02
2.647090516984462738e-02
7.148419320583343506e-02
1.432712422683835030e-03
6.690818816423416138e-02
3.335851652082055807e-04
1.873618364334106445e-01
1.564138829708099365e-01
3.318659216165542603e-02
1.554405875504016876e-02
5.273561477661132812e-01
9.267655550502240658e-04
1.068540941923856735e-02
5.267174914479255676e-03
1.556921284645795822e-02
1.720476150512695312e-02
4.870310425758361816e-02
9.964081691578030586e-04
3.371891498565673828e+00
1.302476823329925537e-01
2.018584497272968292e-02
3.620198488235473633e+00
1.052770996093750000e+01
9.347899816930294037e-03
6.289852317422628403e-04
5.187080241739749908e-04
2.948535233736038208e-02
3.445284673944115639e-03
1.683117821812629700e-02
6.860651969909667969e+00
2.958906115964055061e-04
4.529430866241455078e+00
6.391842663288116455e-02
3.212993592023849487e-02
3.252903989050537348e-04
1.928257173858582973e-03
7.769426822662353516e+00
1.459801177978515625e+02
1.902483978271484375e+02
6.759582161903381348e-01
4.958001327514648438e+01
4.018366336822509766e+00
8.109534912109375000e+02
9.554633140563964844e+00
1.058137207031250000e+02
6.973124027252197266e+00
2.373964080810546875e+02
2.003885269165039062e+01
1.199673919677734375e+02
8.600587844848632812e-01
2.733441925048828125e+01
1.139889602661132812e+02
1.640850219726562500e+02
1.746680908203125000e+02
1.601513671875000000e+02
9.828521728515625000e+00
1.031235885620117188e+02
4.222216606140136719e+00
9.778139114379882812e+00
8.872987365722656250e+01
3.771604776382446289e+00
5.765507817268371582e-01
4.336093444824218750e+02
3.264633483886718750e+02
2.161998291015625000e+03
4.609824218750000000e+02
1.146990680694580078e+01
5.209725379943847656e+00
1.858718299865722656e+01
3.399525146484375000e+02
1.970097923278808594e+01
1.729847526550292969e+01
1.109379172325134277e+00
7.553463429212570190e-02
6.310046672821044922e+00
8.230370330810546875e+01
9.539806518554687500e+02
1.861447525024414062e+01
1.085777521133422852e+00
3.747631835937500000e+02
3.490655136108398438e+01
8.947100830078125000e+01
1.185400543212890625e+02
2.482689094543457031e+01
7.408646345138549805e-01
1.399716796875000000e+03
5.660314941406250000e+02
5.444350433349609375e+01
1.749476242065429688e+01
1.686416244506835938e+01
6.415062904357910156e+00
1.350354480743408203e+01
5.853423118591308594e+00
4.977395534515380859e-01
1.744078445434570312e+01
2.842090820312500000e+03
8.865231933593750000e+02
7.570142822265625000e+02
1.772704696655273438e+01
8.895245361328125000e+01
2.778305768966674805e+00
1.287521972656250000e+02
5.384680557250976562e+01
5.907190429687500000e+03
1.878360443115234375e+02
9.198381805419921875e+01
1.005724966526031494e-01
4.417773437500000000e+02
2.673545360565185547e+00
2.326983032226562500e+02
7.731215953826904297e+00
1.690888786315917969e+01
2.030914068222045898e+00
9.831437110900878906e+00
3.511997985839843750e+02
2.735846519470214844e+01
3.660749053955078125e+01
6.660346984863281250e+00
1.321837043762207031e+01
4.644624710083007812e+01
7.014946460723876953e+00
2.475323677062988281e+01
1.437810212373733521e-01
1.970133972167968750e+01
1.943055725097656250e+01
2.901203393936157227e+00
3.145681953430175781e+01
4.521494293212890625e+01
3.718485260009765625e+01
2.036784172058105469e+01
7.697920989990234375e+01
8.470028076171875000e+02
2.955303192138671875e+00
4.093885192871093750e+02
4.594129621982574463e-01
1.101804443359375000e+03
3.200437068939208984e+00
1.903266143798828125e+01
4.036013603210449219e+00
1.097218399047851562e+02
4.942325973510742188e+01
2.175726013183593750e+02
2.682714223861694336e+00
5.056399414062500000e+03
6.535571289062500000e+02
1.366769313812255859e+00
9.238240718841552734e-01
1.991785888671875000e+03
2.143371734619140625e+02
1.998448014259338379e+00
4.182580947875976562e+01
9.614256286621093750e+01
1.705306549072265625e+02
2.472963523864746094e+01
1.189619674682617188e+02
9.728379249572753906e+00
3.910436401367187500e+02
5.441102539062500000e+03
9.597355346679687500e+02
2.182449798583984375e+02
7.159367084503173828e+00
7.834489135742187500e+02
4.599959564208984375e+01
2.814002037048339844e+00
7.817695922851562500e+02
1.293510742187500000e+02
8.238208007812500000e+02
6.272697448730468750e+01
5.765345692634582520e-01
7.743051910400390625e+01
2.383351802825927734e+00
2.378658533096313477e+00
6.700434684753417969e-01
1.044470458984375000e+03
9.269588623046875000e+02
3.450920104980468750e+02
6.871523284912109375e+01
3.313529014587402344e+00
8.035690307617187500e+02
2.747421455383300781e+01
9.957495727539062500e+02
5.135367202758789062e+01
1.006075744628906250e+03
1.177843451499938965e+00
1.880605468750000000e+02
2.643681152343750000e+03
8.552497029304504395e-01
8.787937011718750000e+02
3.458082962036132812e+01
4.786680638790130615e-01
1.495925903320312500e+02
6.890695190429687500e+01
1.865350008010864258e+00
9.175780415534973145e-01
7.795102596282958984e+00
4.120760440826416016e+00
1.426061767578125000e+03
1.695456085205078125e+02
1.420135650634765625e+02
5.585779190063476562e+01
2.941506347656250000e+02
1.516454010009765625e+02
1.622046966552734375e+02
4.488186340332031250e+02
4.062880859375000000e+03
2.326457595825195312e+01
1.203292751312255859e+01
2.281718505859375000e+03
5.499320030212402344e+00
5.582823753356933594e+00
5.661756591796875000e+02
1.827003479003906250e+01
1.006279850006103516e+01
9.460372924804687500e+01
4.303195953369140625e+00
2.550555229187011719e+01
2.848178863525390625e+01
5.042940521240234375e+01
3.587603759765625000e+02
8.838949203491210938e+00
2.200635156250000000e+04
4.315460205078125000e+00
8.142609596252441406e-01
4.601370239257812500e+01
1.291388916015625000e+03
6.172686767578125000e+01
1.169889736175537109e+01
5.453651123046875000e+02
1.298387622833251953e+01
7.511381530761718750e+01
3.069604492187500000e+02
2.055202007293701172e+00
1.532875061035156250e+02
1.866440415382385254e+00
1.523446178436279297e+01
5.846771717071533203e+00
4.807011413574218750e+01
2.407265472412109375e+01
7.023249626159667969e+00
3.696177291870117188e+01
5.723035049438476562e+01
1.333835840225219727e+00
1.563516845703125000e+02
6.474558715820312500e+02
1.029966735839843750e+01
8.573069763183593750e+01
1.274467849731445312e+01
8.933920860290527344e+00
1.035665154457092285e+00
5.685377441406250000e+03
2.208936119079589844e+01
7.111708374023437500e+02
3.307649374008178711e+00
2.519123840332031250e+02
1.770407676696777344e+00
2.587550659179687500e+02
3.875585937500000000e+03
2.827591001987457275e-01
2.507285118103027344e+00
2.342013183593750000e+03
3.877673864364624023e+00
1.200345825195312500e+03
4.238248825073242188e+00
4.023168945312500000e+01
1.522051715850830078e+01
1.228348827362060547e+01
4.184852913022041321e-02
1.524798011779785156e+01
5.667679786682128906e+00
8.950711059570312500e+02
9.566075897216796875e+01
1.293425941467285156e+01
8.727340698242187500e+00
3.393136978149414062e+01
2.447984123229980469e+01
1.984369874000549316e+00
8.663850708007812500e+02
1.734920501708984375e+02
1.818552017211914062e+01
3.054421806335449219e+01
1.911806182861328125e+02
1.657496337890625000e+02
2.364308624267578125e+02
6.553347706794738770e-01
1.349819335937500000e+04
1.460478591918945312e+01
7.236287689208984375e+01
2.282814788818359375e+01
7.303475737571716309e-01
1.549058715820312500e+03
2.001756591796875000e+02
1.133081793785095215e+00
1.683173461914062500e+03
7.300694274902343750e+01
1.138258743286132812e+01
6.997423339843750000e+03
6.932646942138671875e+01
9.829026031494140625e+01
6.445476531982421875e+01
1.013603454589843750e+03
3.696954956054687500e+02
4.227709960937500000e+02
6.086386871337890625e+01
4.278540527343750000e+03
9.055992364883422852e-01
3.043260955810546875e+01
4.124331970214843750e+02
1.063444042205810547e+01
7.222719726562500000e+02
1.208589315414428711e+00
1.884125232696533203e+00
9.214158630371093750e+01
4.725811004638671875e+00
1.394577217102050781e+01
2.720620117187500000e+02
9.580754637718200684e-01
2.661175346374511719e+01
1.446443080902099609e+01
5.417048454284667969e+00
6.022297668457031250e+01
1.272271156311035156e+00
1.607513546943664551e+00
2.769917297363281250e+02
1.226170776367187500e+03
5.368720054626464844e+00
1.208494644165039062e+02
2.083526229858398438e+01
1.162481880187988281e+01
2.586435791015625000e+03
4.035165309906005859e+00
5.111618347167968750e+02
6.528189849853515625e+01
3.933664703369140625e+01
1.639734130859375000e+03
4.443232345581054688e+01
1.909567718505859375e+02
1.086555541992187500e+03
2.413539886474609375e+02
8.210626220703125000e+01
3.641210021972656250e+02
5.244607162475585938e+01
2.550017595291137695e+00
5.863613128662109375e+01
2.667719078063964844e+01
5.474865436553955078e+00
1.463139282226562500e+03
5.176727905273437500e+02
1.210471069335937500e+03
2.496732482910156250e+02
1.486524009704589844e+01
3.571859359741210938e+00
5.668180584907531738e-01
4.194706344604492188e+01
1.954975700378417969e+01
9.183714866638183594e+00
1.446893572807312012e+00
2.090460395812988281e+01
5.298373699188232422e-01
9.821633148193359375e+01
3.772883987426757812e+01
1.380890655517578125e+02
1.238069686889648438e+02
3.775542831420898438e+01
8.464007568359375000e+01
1.785316658020019531e+01
1.192116165161132812e+01
2.511372268199920654e-01
1.128460742187500000e+04
3.296603271484375000e+03
2.957961730957031250e+02
2.151502227783203125e+02
1.618168029785156250e+02
1.381051391601562500e+03
2.718565177917480469e+01
5.832962799072265625e+01
1.982093048095703125e+01
3.333276271820068359e+00
6.940710449218750000e+01
1.529539794921875000e+03
8.029875183105468750e+01
9.322705268859863281e+00
1.317332458496093750e+01
2.434048614501953125e+02
3.974489135742187500e+02
1.511917572021484375e+02
1.340292263031005859e+01
2.444173049926757812e+01
1.461567729711532593e-01
1.191337034106254578e-01
4.483247375488281250e+01
4.503615188598632812e+01
6.381549835205078125e+00
2.610951423645019531e+01
3.502121582031250000e+02
7.577585601806640625e+01
1.827000427246093750e+02
1.625928497314453125e+01
2.154032945632934570e+00
1.807251930236816406e+01
5.441695404052734375e+01
1.388136962890625000e+03
2.659019708633422852e+00
1.976940765380859375e+02
1.444240450859069824e+00
4.316698074340820312e+00
3.246294856071472168e-01
8.566245079040527344e+00
6.933506835937500000e+03
2.863424609375000000e+04
9.992648124694824219e+00
1.034459304809570312e+02
8.774809265136718750e+01
5.363908767700195312e+00
1.732442932128906250e+02
8.242494506835937500e+02
7.376666069030761719e+00
5.754525661468505859e+00
3.334573745727539062e+00
8.982028198242187500e+01
4.347599411010742188e+01
3.685576248168945312e+01
3.240794372558593750e+02
6.953640136718750000e+02
6.036972045898437500e+00
6.194817543029785156e+00
5.220467567443847656e+00
3.113136291503906250e+02
1.474078655242919922e+01
4.314811325073242188e+01
3.602607116699218750e+02
2.775310707092285156e+01
1.151006225585937500e+03
1.136905151367187500e+03
2.792510070800781250e+02
1.659687876701354980e+00
1.889271163940429688e+01
