3.921962156891822815e-02
2.853394150733947754e-01
2.282582223415374756e-01
8.695486001670360565e-03
4.321824014186859131e-01
5.720666646957397461e-01
1.078933700919151306e-01
1.225455198436975479e-02
3.318814635276794434e-01
9.370637685060501099e-02
3.845030069351196289e-01
1.109299212694168091e-01
4.689250513911247253e-02
2.384595945477485657e-02
4.884034022688865662e-02
1.311387121677398682e-01
3.835192322731018066e-02
7.733851671218872070e-02
3.222210705280303955e-02
3.909929469227790833e-02
5.921541526913642883e-02
1.444354280829429626e-02
5.898326039314270020e-01
4.792483523488044739e-02
6.303139686584472656e+00
2.730563469231128693e-02
6.673620641231536865e-02
1.804043948650360107e-01
2.191348314285278320e+00
9.284357428550720215e-01
8.089523762464523315e-03
3.568538464605808258e-03
2.326083183288574219e-01
5.479292869567871094e-01
7.721197791397571564e-03
3.781422972679138184e-01
2.252050116658210754e-02
1.818250119686126709e-02
1.026726141571998596e-01
9.171642363071441650e-02
2.518406152725219727e+00
2.815519571304321289e-01
8.405496925115585327e-02
2.105909585952758789e+00
3.901160359382629395e-01
6.132689714431762695e-01
6.087987124919891357e-02
4.601141214370727539e-01
1.003958377987146378e-02
1.127396106719970703e+00
1.732017248868942261e-01
2.553673274815082550e-02
8.451125621795654297e-01
2.280445247888565063e-01
1.495923474431037903e-02
1.566778682172298431e-02
1.081066951155662537e-02
3.163751661777496338e-01
2.826359495520591736e-02
3.649302721023559570e+00
6.220092251896858215e-02
2.369286775588989258e+00
7.624307274818420410e-02
5.769762396812438965e-02
2.864499390125274658e-01
6.600417494773864746e-01
2.665624022483825684e-01
1.132475659251213074e-01
3.200374603271484375e+00
1.374641299247741699e+00
6.402331055141985416e-04
7.007600665092468262e-01
1.412079762667417526e-02
2.431676864624023438e+00
5.645236968994140625e-01
2.756941318511962891e-01
2.213339507579803467e-02
1.617600023746490479e-02
8.115255087614059448e-02
1.142784282565116882e-01
3.595049977302551270e-01
2.664479054510593414e-02
5.768315494060516357e-02
6.579091772437095642e-03
1.919913664460182190e-02
1.240675151348114014e-02
1.520458608865737915e-03
4.300214350223541260e-02
1.113574028015136719e+00
2.843679161742329597e-03
2.596978656947612762e-02
1.087645813822746277e-01
6.127408891916275024e-02
8.116579055786132812e-02
8.582331240177154541e-02
6.448196768760681152e-01
1.048892363905906677e-01
1.097423911094665527e+00
3.005712293088436127e-02
1.959256231784820557e-01
3.137958347797393799e-01
2.444690838456153870e-02
1.529767829924821854e-02
1.391419172286987305e-01
9.152358770370483398e-02
3.663230836391448975e-01
9.293342381715774536e-02
2.687585651874542236e-01
2.063546419143676758e+00
1.569194346666336060e-01
2.096674591302871704e-02
2.910136878490447998e-01
4.625459611415863037e-01
4.419739246368408203e-01
2.668147981166839600e-01
9.747997671365737915e-02
2.014254033565521240e-01
3.879937157034873962e-02
3.183046355843544006e-03
8.699633181095123291e-02
1.564970985054969788e-02
6.699055671691894531e+00
7.951900362968444824e-01
1.150384783744812012e+00
3.535295138135552406e-03
2.797739021480083466e-02
1.547426916658878326e-02
3.992280457168817520e-03
1.538316458463668823e-01
8.025122433900833130e-02
7.694301605224609375e-01
3.376083374023437500e-01
5.126539152115583420e-03
1.189474854618310928e-02
4.413771256804466248e-02
1.010937895625829697e-02
4.147418960928916931e-02
4.605935215950012207e-01
8.683126419782638550e-02
9.858492612838745117e-01
1.250032186508178711e-01
1.014133915305137634e-01
6.510097503662109375e+00
9.720112085342407227e-01
1.522426962852478027e+00
1.164654269814491272e-01
1.897696554660797119e-01
1.408816426992416382e-01
2.389146089553833008e-01
4.524610191583633423e-02
2.485910989344120026e-02
1.845692753791809082e+00
2.796852588653564453e-01
5.742411315441131592e-02
1.868791878223419189e-01
7.979276031255722046e-02
3.301465138792991638e-02
1.254438310861587524e-01
7.077876478433609009e-03
5.191883537918329239e-03
8.446412086486816406e-01
6.472958624362945557e-02
1.521799564361572266e-01
1.304125189781188965e-01
1.081663846969604492e+00
1.645185053348541260e-01
2.714956998825073242e-01
2.761128842830657959e-01
5.971673488616943359e+00
4.539227113127708435e-03
3.111913800239562988e-01
1.222988516092300415e-01
2.203777618706226349e-02
5.880203470587730408e-02
2.744565010070800781e-01
8.270945549011230469e-01
9.359565377235412598e-02
8.186260610818862915e-02
9.504242241382598877e-02
1.443728089332580566e+00
1.356275379657745361e-01
3.599553704261779785e-01
2.100314050912857056e-01
3.184593468904495239e-02
1.313004016876220703e+00
2.202106714248657227e-01
2.647799849510192871e-01
1.340708583593368530e-01
2.869666516780853271e-01
1.201562508940696716e-01
4.793375730514526367e-01
1.380337029695510864e-01
1.508852187544107437e-02
9.996664524078369141e-02
2.079469561576843262e-01
4.752131178975105286e-02
2.106757313013076782e-01
8.695136010646820068e-02
6.293437909334897995e-03
2.548451721668243408e-01
3.676900267601013184e-02
1.514927595853805542e-01
2.438534349203109741e-01
5.893573537468910217e-02
2.634609341621398926e-01
1.539667043834924698e-02
3.880674391984939575e-02
1.341829586029052734e+01
1.745581626892089844e-02
1.012292876839637756e-02
5.122238770127296448e-02
8.652178198099136353e-02
6.684501189738512039e-03
1.790968179702758789e-01
2.343284934759140015e-01
2.678668498992919922e-01
3.294832110404968262e-01
3.095928207039833069e-02
4.896167200058698654e-03
1.847713470458984375e+00
7.638046741485595703e-01
3.210597857832908630e-02
2.624859288334846497e-02
6.151788309216499329e-02
1.421054708771407604e-03
3.576028048992156982e-01
2.322791703045368195e-02
9.579037427902221680e-01
1.750182360410690308e-01
2.494357526302337646e-02
3.024802543222904205e-02
9.401279687881469727e-02
2.033133991062641144e-02
2.166718989610671997e-01
5.445672571659088135e-02
7.218036055564880371e-01
1.032566055655479431e-01
4.905622452497482300e-03
2.028653025627136230e-01
4.349779337644577026e-02
2.995922267436981201e-01
1.533649768680334091e-02
2.979324758052825928e-02
3.265192732214927673e-02
1.695849746465682983e-01
1.069044992327690125e-01
2.718711495399475098e-01
4.473359882831573486e-02
9.697854518890380859e-02
1.848352551460266113e-01
7.502222806215286255e-02
4.674679636955261230e-01
9.934601373970508575e-03
7.267327904701232910e-01
1.161594465374946594e-01
9.305956214666366577e-02
2.155425786972045898e+00
3.768648952245712280e-02
1.795472800731658936e-01
6.382372230291366577e-02
8.743929862976074219e-02
1.430024672299623489e-02
2.226505577564239502e-01
1.035668626427650452e-01
4.157963395118713379e-02
6.022282838821411133e-01
3.146464750170707703e-02
1.037852406501770020e+00
4.354045726358890533e-03
7.297190278768539429e-02
2.865307331085205078e+00
1.679111421108245850e-01
1.189983189105987549e-01
1.476757228374481201e-02
5.236892495304346085e-03
4.515100270509719849e-02
4.660689085721969604e-02
7.079946249723434448e-02
2.913933061063289642e-02
2.688570618629455566e-01
6.999942064285278320e-01
2.178204208612442017e-01
6.414655596017837524e-02
1.688420772552490234e-02
6.507263518869876862e-03
7.223955541849136353e-02
1.786983013153076172e+00
6.033595204353332520e-01
2.312682010233402252e-02
1.539978384971618652e-01
1.917259767651557922e-02
1.286260876804590225e-02
2.544729411602020264e-01
1.897414028644561768e-02
2.772298827767372131e-02
1.599736697971820831e-02
3.326480835676193237e-02
3.036017902195453644e-02
3.618274033069610596e-01
1.644875258207321167e-01
9.047254323959350586e-01
4.658008217811584473e-01
2.095784544944763184e-01
2.601374387741088867e+00
2.292821258306503296e-01
9.522444009780883789e-02
3.253518417477607727e-02
1.305093467235565186e-01
4.371520280838012695e-01
2.841682732105255127e-01
1.530058979988098145e+00
4.860016405582427979e-01
7.320823073387145996e-01
9.206132888793945312e-01
5.078329145908355713e-02
1.730338633060455322e-01
1.163830980658531189e-02
7.865350246429443359e-01
6.096682976931333542e-03
3.721132129430770874e-02
9.951020032167434692e-02
3.419819474220275879e-02
7.408397793769836426e-01
3.157571315765380859e+00
8.073162287473678589e-02
1.571853995323181152e+00
3.559897467494010925e-02
8.205100893974304199e-02
8.387728035449981689e-02
1.173911336809396744e-02
4.323156550526618958e-03
3.044926166534423828e+00
1.318708062171936035e-01
1.292986422777175903e-01
3.379749879240989685e-02
9.270690381526947021e-02
1.112651005387306213e-01
2.894408628344535828e-02
9.338875859975814819e-02
7.022271156311035156e-01
2.306819260120391846e-01
1.902807690203189850e-02
2.598157338798046112e-02
2.852424621582031250e+00
1.509974990040063858e-02
1.298586279153823853e-02
1.508723735809326172e+00
1.111520454287528992e-01
2.351467758417129517e-01
2.532791793346405029e-01
1.490558981895446777e-01
2.731716632843017578e-02
1.679384382441639900e-03
4.505334049463272095e-02
1.521506607532501221e-01
1.291657239198684692e-02
2.167519368231296539e-02
6.349353194236755371e-01
5.705246329307556152e-01
1.410253793001174927e-01
1.998601853847503662e-01
5.471658706665039062e-02
8.833152800798416138e-02
3.718950226902961731e-02
4.580895006656646729e-01
9.742939472198486328e-02
1.076337173581123352e-01
2.313792333006858826e-02
3.623069226741790771e-01
3.105158219113945961e-03
1.966205984354019165e-01
2.512575313448905945e-02
1.557337641716003418e+00
1.160789653658866882e-01
3.659738302230834961e-01
9.472021833062171936e-03
9.096267819404602051e-02
3.109124600887298584e-01
7.632717490196228027e-02
6.780662573873996735e-03
1.029313951730728149e-01
2.055478654801845551e-02
1.129215240478515625e+00
7.542281746864318848e-01
1.216457411646842957e-01
7.453214526176452637e-01
5.849445819854736328e+00
3.825329989194869995e-02
5.086955800652503967e-02
4.814845044165849686e-03
1.227248981595039368e-01
3.694307506084442139e-01
1.201367452740669250e-01
7.724984645843505859e+00
1.980292610824108124e-02
3.316238164901733398e+00
2.816810309886932373e-01
2.842503190040588379e-01
2.115394920110702515e-02
4.593014344573020935e-02
7.658753991127014160e-01
2.746242713928222656e+01
2.091095924377441406e+01
5.524176359176635742e-01
1.286311531066894531e+01
6.424366950988769531e+00
1.297770214080810547e+01
1.022619485855102539e+00
3.039701271057128906e+01
6.899425387382507324e-01
2.454903602600097656e+01
6.643135070800781250e+00
1.595923542976379395e+00
3.862434327602386475e-01
3.054912567138671875e+00
3.802005386352539062e+01
3.120203018188476562e+00
8.640811920166015625e+00
1.420370292663574219e+01
1.042697310447692871e+00
1.487174272537231445e+00
4.939359724521636963e-01
5.224237442016601562e+00
4.068659305572509766e+00
4.823217773437500000e+01
8.773806691169738770e-01
5.600019454956054688e+00
7.245948791503906250e+00
1.541636047363281250e+02
2.029054832458496094e+01
1.106831908226013184e+00
9.568881392478942871e-01
2.671841382980346680e+00
8.405480194091796875e+01
3.835951983928680420e-01
1.251799678802490234e+01
4.445684552192687988e-01
3.114531636238098145e-01
1.423656344413757324e+00
3.774783849716186523e+00
1.711224365234375000e+02
3.943162918090820312e+00
7.625218629837036133e-01
1.522095966339111328e+01
3.202178955078125000e+00
3.167373275756835938e+01
9.394442558288574219e+00
7.233465671539306641e+00
1.105229496955871582e+00
3.080524635314941406e+01
8.072293281555175781e+00
2.024953126907348633e+00
1.214794445037841797e+01
2.506932830810546875e+01
2.454171419143676758e+00
2.525856494903564453e-01
3.446427881717681885e-01
8.514252901077270508e-01
5.290238261222839355e-01
2.426619148254394531e+01
1.029850578308105469e+01
4.834993743896484375e+01
9.924580454826354980e-01
2.693907022476196289e+00
8.019940853118896484e-01
1.973234176635742188e+01
2.939052104949951172e+00
2.813605499267578125e+01
3.257992935180664062e+01
8.579801177978515625e+01
2.296344563364982605e-02
9.043047904968261719e+00
4.821171164512634277e-01
5.129646301269531250e+01
3.175724220275878906e+01
3.438124895095825195e+00
1.173709511756896973e+00
5.680106878280639648e-01
5.398833751678466797e+00
5.931475162506103516e+00
5.077204704284667969e+00
5.976034998893737793e-01
2.482714891433715820e+00
1.380022644996643066e+00
1.950116515159606934e+00
1.018901705741882324e+00
6.660362482070922852e-01
4.436214447021484375e+00
8.377453804016113281e+00
2.398597300052642822e-01
1.522242665290832520e+00
8.097243309020996094e+00
1.219711208343505859e+01
2.362352848052978516e+00
4.823406219482421875e+00
1.446334838867187500e+01
8.488899469375610352e-01
7.514086151123046875e+01
1.092420458793640137e+00
4.296831607818603516e+00
6.009724140167236328e-01
6.654967069625854492e-01
2.034952938556671143e-01
5.683509445190429688e+01
6.474814414978027344e+00
1.041870403289794922e+01
9.265539646148681641e-01
6.086442184448242188e+01
9.006749725341796875e+01
8.401312232017517090e-01
2.486026436090469360e-01
7.546787738800048828e+00
7.143022537231445312e+00
3.958256721496582031e+00
5.508271217346191406e+00
2.127140760421752930e+00
3.559191465377807617e+00
1.255511999130249023e+00
7.504494190216064453e-01
5.923433303833007812e+00
2.498898744583129883e+00
3.514655151367187500e+02
1.794956054687500000e+02
1.929623413085937500e+01
8.466662168502807617e-01
1.178837013244628906e+01
4.056952476501464844e+00
1.456459999084472656e+00
4.499863052368164062e+01
5.934068202972412109e+00
2.324433326721191406e+00
9.843532562255859375e+00
1.056360527873039246e-01
4.536017477512359619e-01
8.605607748031616211e-01
3.739098012447357178e-01
1.660152554512023926e+00
1.034407424926757812e+01
9.620713233947753906e+00
2.424275970458984375e+01
3.784630966186523438e+01
7.483668327331542969e-01
6.574084472656250000e+01
1.808246994018554688e+01
2.654404067993164062e+01
7.170723915100097656e+00
3.087906646728515625e+01
2.946648836135864258e+00
1.014159870147705078e+01
5.924650669097900391e+00
1.610403895378112793e+00
6.922436523437500000e+01
2.542062282562255859e+00
1.026190519332885742e+00
1.333172225952148438e+01
2.357487916946411133e+00
6.608282327651977539e-01
2.891865491867065430e+00
8.612691164016723633e-01
6.499060988426208496e-01
3.248999786376953125e+01
1.263785839080810547e+01
1.331833076477050781e+01
1.899910807609558105e+00
7.406921863555908203e+00
1.412588715553283691e+00
3.664395093917846680e+00
1.004930496215820312e+01
2.377060852050781250e+02
2.601584196090698242e-01
1.121310615539550781e+01
1.246536445617675781e+01
2.164702653884887695e+00
9.015633463859558105e-01
5.277790069580078125e+01
9.841545104980468750e+00
2.737479925155639648e+00
6.822647094726562500e+00
4.667701721191406250e+00
2.421620941162109375e+01
7.850390076637268066e-01
2.530334854125976562e+01
1.334622097015380859e+01
4.105692356824874878e-02
4.635510253906250000e+01
1.955006980895996094e+01
9.977542161941528320e-01
2.314720392227172852e+00
4.538077163696289062e+01
6.084976196289062500e+00
1.158832311630249023e+00
3.881929397583007812e+00
6.906455755233764648e-01
7.290634632110595703e+00
1.222695636749267578e+01
4.364489018917083740e-01
1.701886177062988281e+00
9.172077775001525879e-01
8.345183730125427246e-01
2.377931833267211914e+00
9.418854713439941406e+00
2.706254482269287109e+00
5.685421466827392578e+00
3.059426546096801758e+00
1.538065338134765625e+01
1.566737890243530273e-01
2.157030344009399414e+00
8.196727752685546875e+01
4.828313350677490234e+00
3.908085346221923828e+00
3.743510723114013672e+00
3.619466543197631836e+00
3.211104869842529297e-01
7.840972423553466797e+00
1.751661539077758789e+00
8.470317840576171875e+00
7.776862382888793945e-01
9.036896705627441406e+00
2.679936587810516357e-01
2.139690399169921875e+01
7.175627899169921875e+01
6.415354609489440918e-01
5.246552228927612305e-01
8.973200798034667969e+00
5.807003378868103027e-01
1.076464309692382812e+02
1.260033249855041504e+00
5.323519229888916016e+00
8.415271639823913574e-01
1.480701923370361328e+00
3.490335643291473389e-01
7.927753448486328125e+00
7.834523916244506836e-01
3.210169219970703125e+01
1.340940356254577637e+00
7.432138442993164062e+00
3.350000381469726562e-01
4.144379496574401855e-01
5.916054248809814453e-01
1.705570459365844727e+00
8.784377098083496094e+00
2.246176481246948242e+00
1.188647627830505371e+00
1.496038317680358887e+00
1.512680530548095703e+01
4.383089542388916016e+00
8.492806434631347656e+00
5.025067329406738281e-01
1.270880985260009766e+01
1.165599703788757324e+00
1.146052837371826172e+00
4.865860939025878906e+00
6.377879977226257324e-01
2.291606712341308594e+01
4.752402305603027344e+00
2.599009752273559570e+00
1.474557113647460938e+01
1.194679856300354004e+00
1.302255630493164062e+00
1.358173656463623047e+01
2.689834976196289062e+01
3.384324550628662109e+00
4.818640708923339844e+00
7.611343860626220703e+00
1.132432746887207031e+01
1.537696838378906250e+01
2.374138832092285156e+01
4.103382492065429688e+01
4.592814445495605469e-01
7.238073825836181641e+00
5.427749252319335938e+01
1.615769004821777344e+01
2.882874488830566406e+01
5.576398968696594238e-01
5.400529503822326660e-01
3.650409221649169922e+00
1.201024413108825684e+00
5.921310424804687500e+00
3.930817842483520508e+00
1.689067363739013672e+00
5.436169624328613281e+00
3.085780858993530273e+00
2.224400758743286133e+00
8.764887452125549316e-01
1.787414252758026123e-01
2.328487157821655273e+00
3.182156753540039062e+01
6.919631004333496094e+00
1.800150394439697266e+00
1.501946687698364258e+00
1.979632735252380371e+00
1.673606514930725098e+00
7.827542877197265625e+01
1.432707190513610840e+00
2.066653013229370117e+00
1.381756544113159180e+00
3.927124738693237305e+00
6.990660667419433594e+00
1.142010688781738281e+00
6.990495681762695312e+00
2.416248130798339844e+01
1.961056518554687500e+01
2.195193290710449219e+00
2.275328063964843750e+01
3.929311513900756836e+00
4.551138877868652344e+00
1.808747291564941406e+01
2.655909538269042969e+00
1.017003440856933594e+01
2.738356971740722656e+01
3.684994888305664062e+01
5.249145889282226562e+01
8.031710052490234375e+01
5.708952903747558594e+00
8.564555644989013672e-01
7.333213686943054199e-01
5.845841765403747559e-01
4.648383617401123047e+00
6.026425957679748535e-01
3.692861795425415039e-01
7.860352993011474609e-01
4.328831732273101807e-01
1.215956420898437500e+02
1.436210632324218750e+01
2.543191337585449219e+01
1.933517074584960938e+01
1.058534860610961914e+00
9.436347961425781250e+00
5.314135074615478516e+00
2.222265958786010742e+00
6.171357035636901855e-01
5.518589401245117188e+01
3.768009567260742188e+01
3.024166584014892578e+00
5.299469470977783203e+00
1.581982803344726562e+01
4.982665252685546875e+01
2.758826017379760742e+00
4.390712678432464600e-01
1.121215724945068359e+01
1.048868298530578613e+00
2.696689605712890625e+00
3.198629617691040039e+00
3.020213890075683594e+01
6.656169295310974121e-01
1.893784284591674805e+00
5.425960922241210938e+01
1.035009384155273438e+01
1.042160034179687500e+01
5.604600429534912109e+00
4.590797424316406250e+00
1.897177696228027344e-01
9.099664539098739624e-02
6.141116142272949219e+00
3.219154119491577148e+00
8.548933267593383789e-01
4.767698287963867188e+00
5.146982574462890625e+01
8.575404357910156250e+01
7.311345577239990234e+00
2.802131175994873047e+00
1.664072871208190918e+00
3.692886114120483398e+00
3.793802261352539062e+00
1.273629474639892578e+01
1.593540668487548828e+00
9.956353187561035156e+00
6.378411054611206055e-01
3.017734766006469727e+00
1.883466243743896484e-01
3.021162271499633789e+00
9.795775413513183594e+00
5.381100463867187500e+02
2.908416748046875000e+00
7.304823875427246094e+00
7.131805419921875000e-01
2.227406978607177734e+00
2.608173370361328125e+01
1.371217632293701172e+01
2.059622257947921753e-01
1.102942109107971191e+00
2.209979057312011719e+00
1.456911373138427734e+01
3.791008758544921875e+01
1.364925980567932129e+00
1.187265300750732422e+01
6.631999206542968750e+01
1.414444565773010254e+00
3.391065120697021484e+00
1.626979470252990723e+00
7.852474212646484375e+00
5.523806095123291016e+00
7.772997379302978516e+00
4.183226318359375000e+02
3.789982795715332031e+00
2.029890060424804688e+01
1.043953094482421875e+02
2.986159706115722656e+01
2.211524486541748047e+00
1.986802101135253906e+01
