4.112540557980537415e-02
1.590252518653869629e-01
7.381466217339038849e-03
3.159352811053395271e-03
3.914792090654373169e-02
7.203158378601074219e+00
2.956852130591869354e-02
3.837563097476959229e-03
8.220077492296695709e-03
7.242148518562316895e-01
1.554394699633121490e-02
3.828932344913482666e-02
7.828205078840255737e-02
3.080762363970279694e-02
2.600854495540261269e-03
1.660166494548320770e-02
2.592971315607428551e-03
1.081931311637163162e-02
3.969585895538330078e-02
1.059625064954161644e-03
7.682838290929794312e-02
3.819740563631057739e-02
1.895573586225509644e-01
3.101692534983158112e-02
1.260942101478576660e+00
1.411834638565778732e-02
6.414157152175903320e-02
7.895546406507492065e-02
1.087058633565902710e-01
1.077756762504577637e+00
9.128038072958588600e-04
1.797951263142749667e-04
9.978088550269603729e-03
3.980445861816406250e-02
5.005212128162384033e-02
1.749809272587299347e-02
7.313968613743782043e-03
6.300232489593327045e-04
8.200424723327159882e-03
7.619473617523908615e-03
2.340936362743377686e-01
1.186048090457916260e-01
4.332682583481073380e-03
1.461650466918945312e+01
2.330847680568695068e-01
1.702789664268493652e-01
1.023731380701065063e-02
4.972099065780639648e-01
3.690609941259026527e-03
2.766388095915317535e-02
1.974573284387588501e-01
6.986576318740844727e-02
1.354112476110458374e-01
5.198553577065467834e-02
1.078419038094580173e-03
3.320947289466857910e-03
6.141032092273235321e-03
1.325731910765171051e-02
3.257244080305099487e-02
1.117057228088378906e+01
1.562584936618804932e-02
1.336388587951660156e+01
1.908470131456851959e-02
4.803825635462999344e-03
1.310811936855316162e-01
3.329936787486076355e-02
2.085653543472290039e-01
1.913665607571601868e-02
9.432739019393920898e-01
7.759805321693420410e-01
1.660288253333419561e-04
1.481215596199035645e+00
2.059522084891796112e-03
9.120535850524902344e-02
8.699502795934677124e-02
3.393972292542457581e-02
6.522320676594972610e-03
6.608787924051284790e-02
3.117673471570014954e-02
1.708135940134525299e-02
1.574316024780273438e-01
2.281469479203224182e-02
3.210788965225219727e-02
2.824838156811892986e-04
3.354701679199934006e-03
3.034066176041960716e-03
5.254488860373385251e-05
3.818958997726440430e-02
7.799505591392517090e-01
9.802981512621045113e-04
1.630888879299163818e-02
1.293545775115489960e-02
3.090218873694539070e-03
9.327571839094161987e-02
1.346044242382049561e-03
1.123855710029602051e+00
5.331912040710449219e-01
1.308854520320892334e-01
1.569131622090935707e-03
1.182951480150222778e-01
2.832687854766845703e+00
5.516824871301651001e-02
2.386149019002914429e-03
3.709734976291656494e-02
2.459690533578395844e-02
5.730739831924438477e-01
1.009058207273483276e-01
1.878745295107364655e-02
3.748329356312751770e-02
2.148593962192535400e-01
1.364754140377044678e-01
3.440870344638824463e-01
6.356015056371688843e-02
1.181830093264579773e-01
1.825285702943801880e-02
6.576503068208694458e-02
4.625071957707405090e-02
1.324184052646160126e-02
4.713450092822313309e-03
6.366036832332611084e-02
1.639237394556403160e-03
1.958809471130371094e+01
6.102051138877868652e-01
5.767633318901062012e-01
2.598543651401996613e-04
2.292051464319229126e-01
2.224618196487426758e-02
6.798377726227045059e-04
1.178407073020935059e-01
6.268652528524398804e-02
1.313915133476257324e+00
2.734193950891494751e-02
4.541485104709863663e-03
2.516182139515876770e-03
6.915570050477981567e-02
1.823916099965572357e-02
4.670876264572143555e-02
3.015898227691650391e+00
2.640137374401092529e-01
6.333362460136413574e-01
1.597017981112003326e-02
1.009340677410364151e-02
1.090382814407348633e+00
9.776408076286315918e-01
3.113353729248046875e+01
4.626122862100601196e-02
3.471467494964599609e-01
1.955723762512207031e-02
8.076146245002746582e-02
1.323300972580909729e-02
2.042005583643913269e-02
1.185832619667053223e-01
2.630794644355773926e-01
3.477973118424415588e-02
1.809173524379730225e-01
1.640746742486953735e-02
2.299355529248714447e-02
5.289434641599655151e-02
2.300092950463294983e-03
8.757974952459335327e-03
6.251639127731323242e-02
6.020714645273983479e-04
1.551521867513656616e-01
3.197388350963592529e-01
4.088669121265411377e-01
2.198626995086669922e-01
1.391558051109313965e-01
2.244911491870880127e-01
1.566706418991088867e+00
8.691779803484678268e-04
3.125576674938201904e-02
1.944886595010757446e-01
1.513025054009631276e-04
9.695710614323616028e-03
5.644039809703826904e-02
2.339450120925903320e+00
3.193481639027595520e-02
2.109493128955364227e-02
1.667710393667221069e-02
1.478196680545806885e-01
6.318811327219009399e-02
6.450847536325454712e-02
1.871741563081741333e-01
7.592653483152389526e-02
1.488013505935668945e+00
1.825096830725669861e-02
8.204746991395950317e-03
5.152007192373275757e-02
5.869015455245971680e-01
4.427325725555419922e-02
3.147151768207550049e-01
4.369036853313446045e-02
2.955600793939083815e-04
1.607157438993453979e-01
3.045667409896850586e-01
3.603458777070045471e-02
5.151361227035522461e-01
6.594505906105041504e-02
7.944297045469284058e-03
5.089929327368736267e-02
3.690574783831834793e-03
6.261201947927474976e-02
1.735168509185314178e-02
4.463362693786621094e-02
8.042190223932266235e-03
5.943439435213804245e-03
2.492739707231521606e-01
1.991270637512207031e+01
5.055629648268222809e-03
3.381670685485005379e-03
6.108677946031093597e-03
5.379244685173034668e-02
1.550942251924425364e-04
1.616172790527343750e+00
4.332233592867851257e-02
2.843213319778442383e+00
2.073810249567031860e-01
3.541446849703788757e-02
6.041149608790874481e-04
4.540868103504180908e-01
5.734674930572509766e-01
6.731274072080850601e-03
3.209487767890095711e-03
3.451956436038017273e-02
1.096992200473323464e-04
1.161863133311271667e-01
1.981851179152727127e-03
4.386826038360595703e+00
3.966626226902008057e-01
1.062051672488451004e-02
2.396437712013721466e-02
1.555600389838218689e-02
2.872013486921787262e-02
3.213049611076712608e-03
1.821628659963607788e-01
2.272008731961250305e-02
1.130508780479431152e-01
4.874814301729202271e-03
3.666858971118927002e-01
4.758139548357576132e-04
9.326615184545516968e-02
5.066742002964019775e-02
2.371730655431747437e-01
5.388378631323575974e-03
1.632065884768962860e-02
1.222894899547100067e-02
4.775947332382202148e-02
1.075375527143478394e-01
4.922884702682495117e-02
8.135726302862167358e-02
2.988290414214134216e-02
1.245651245117187500e+00
1.422907080268487334e-04
8.901990950107574463e-02
2.031594514846801758e-02
3.262750506401062012e-01
4.293779373168945312e+00
3.955917805433273315e-02
1.358478609472513199e-02
1.608864217996597290e-01
8.432785980403423309e-03
1.195578020997345448e-03
1.422657728195190430e+00
4.590325802564620972e-02
6.402218248695135117e-03
4.589452594518661499e-02
1.542513817548751831e-02
1.822234988212585449e+00
8.764721453189849854e-03
9.256773628294467926e-03
3.204556703567504883e+00
4.978481307625770569e-02
7.475800514221191406e-01
3.718351712450385094e-03
1.972651109099388123e-03
1.588183827698230743e-02
1.379929482936859131e-02
1.369747146964073181e-02
5.181121826171875000e-01
1.306565165519714355e+00
2.168650180101394653e-01
1.577744819223880768e-02
1.112303230911493301e-02
1.523101422935724258e-02
3.176647587679326534e-04
1.080038584768772125e-02
5.960398197174072266e+00
2.103706121444702148e+00
9.215497411787509918e-04
7.047180086374282837e-02
1.468935701996088028e-02
2.794802188873291016e-03
1.384409815073013306e-01
4.602175951004028320e-02
9.671592852100729942e-04
1.728684641420841217e-02
4.594893753528594971e-02
6.693808734416961670e-02
2.955557107925415039e+00
5.830784514546394348e-02
1.339335083961486816e+00
6.728001236915588379e-01
1.084060519933700562e-01
1.131837964057922363e+00
2.003499031066894531e+00
1.578029058873653412e-02
2.609792910516262054e-02
8.793550729751586914e-02
8.947367779910564423e-03
1.687898337841033936e-01
1.005645394325256348e+00
8.794934302568435669e-02
1.405110489577054977e-02
4.986036717891693115e-01
6.699741818010807037e-03
4.081716760993003845e-02
1.319374423474073410e-03
6.323596239089965820e-01
3.918545786291360855e-03
7.953864522278308868e-03
3.218508362770080566e-01
1.378518063575029373e-03
1.380761433392763138e-02
6.465119123458862305e-02
6.350227165967226028e-03
6.045608520507812500e-01
7.445612922310829163e-03
5.853195209056138992e-03
1.286850962787866592e-02
3.625898156315088272e-03
3.490715520456433296e-03
2.941709160804748535e-01
8.030333556234836578e-03
1.805442944169044495e-02
1.264443900436162949e-02
1.306428015232086182e-02
7.420243229717016220e-03
7.190567441284656525e-03
2.564870752394199371e-02
2.054005116224288940e-01
3.081864910200238228e-03
6.801604176871478558e-04
6.475159432739019394e-03
2.234357595443725586e+00
1.598315313458442688e-03
1.611034013330936432e-02
2.195575088262557983e-01
6.247050315141677856e-02
4.199503362178802490e-02
4.220259189605712891e-02
1.313741356134414673e-01
1.780764311552047729e-01
1.144295674748718739e-04
1.969454251229763031e-02
6.253282073885202408e-03
3.588458523154258728e-03
3.240228444337844849e-02
3.323242068290710449e-02
5.350784584879875183e-02
8.528412133455276489e-02
3.299864754080772400e-02
1.070934231393039227e-03
3.452912718057632446e-02
1.306938938796520233e-02
2.071610242128372192e-01
1.993206515908241272e-02
1.159514784812927246e-01
1.564705395139753819e-03
1.899343729019165039e-01
4.974335315637290478e-04
1.075022071599960327e-01
1.390207856893539429e-01
1.063110381364822388e-01
2.937839925289154053e-02
9.584916830062866211e-01
3.056463319808244705e-03
1.303957216441631317e-02
8.618318475782871246e-03
1.765518076717853546e-02
3.216258808970451355e-02
7.830329239368438721e-02
2.077667508274316788e-03
4.007942676544189453e+00
1.156963482499122620e-01
2.336820587515830994e-02
5.625436305999755859e+00
1.564357185363769531e+01
1.032818388193845749e-02
9.580234764143824577e-04
7.676605018787086010e-04
4.852360859513282776e-02
7.804635912179946899e-03
4.498566687107086182e-02
9.468920707702636719e+00
2.032982592936605215e-04
5.184227943420410156e+00
1.562395542860031128e-01
2.321006357669830322e-02
9.018910350278019905e-04
5.885147023946046829e-03
1.548523902893066406e+01
1.110418395996093750e+02
1.182159881591796875e+02
9.433994889259338379e-01
4.166570663452148438e+01
2.327195882797241211e+00
5.925682983398437500e+02
1.555615711212158203e+01
1.035263595581054688e+02
1.820341873168945312e+01
1.771531066894531250e+02
2.352382659912109375e+01
7.699433898925781250e+01
7.226089835166931152e-01
1.400747966766357422e+01
1.509302825927734375e+02
9.266764068603515625e+01
2.615623779296875000e+02
1.693618621826171875e+02
1.023764896392822266e+01
6.680245208740234375e+01
6.494130134582519531e+00
9.192440032958984375e+00
5.288165283203125000e+01
2.929314851760864258e+00
6.642993688583374023e-01
1.866294403076171875e+02
8.331196899414062500e+02
1.464331420898437500e+03
4.791504821777343750e+02
1.167664051055908203e+01
3.850794076919555664e+00
1.049084472656250000e+01
3.492752380371093750e+02
1.268386077880859375e+01
1.048450660705566406e+01
8.155680298805236816e-01
9.008795022964477539e-02
4.122065067291259766e+00
1.521683807373046875e+02
1.192768188476562500e+03
2.641915512084960938e+01
1.215217828750610352e+00
7.152266235351562500e+02
2.717876243591308594e+01
1.842979431152343750e+02
1.178056030273437500e+02
1.475806331634521484e+01
1.096704840660095215e+00
7.978613281250000000e+02
2.969169311523437500e+02
3.519538497924804688e+01
1.441141700744628906e+01
3.267420959472656250e+01
5.307281017303466797e+00
1.099715518951416016e+01
6.836004257202148438e+00
4.089033305644989014e-01
2.308521461486816406e+01
1.370467285156250000e+03
3.406929931640625000e+02
6.965959472656250000e+02
8.857304573059082031e+00
5.938782882690429688e+01
7.002035140991210938e+00
3.129779815673828125e+01
6.834646606445312500e+01
2.279677246093750000e+03
3.804049987792968750e+02
4.685475921630859375e+01
8.402217179536819458e-02
1.422453460693359375e+02
1.382793903350830078e+00
2.015248107910156250e+02
8.542811393737792969e+00
1.417357254028320312e+01
1.148105740547180176e+00
1.221392631530761719e+01
3.199020690917968750e+02
4.001354598999023438e+01
3.890594863891601562e+01
7.059787750244140625e+00
1.326354598999023438e+01
4.150608825683593750e+01
1.002892398834228516e+01
4.298707580566406250e+01
1.095911115407943726e-01
1.398603916168212891e+01
1.945425415039062500e+01
4.810276985168457031e+00
1.701140975952148438e+01
5.076574325561523438e+01
7.578554534912109375e+01
2.224589157104492188e+01
1.080791854858398438e+02
2.340025024414062500e+02
4.925503730773925781e+00
7.760391235351562500e+02
9.189486503601074219e-01
3.428742370605468750e+02
3.079741716384887695e+00
3.315625000000000000e+01
4.175339221954345703e+00
1.890516204833984375e+02
6.292931365966796875e+01
1.013317794799804688e+02
3.372187137603759766e+00
3.490920898437500000e+03
3.524703063964843750e+02
1.237928986549377441e+00
6.122354269027709961e-01
8.031997070312500000e+02
2.002738037109375000e+02
1.686178326606750488e+00
3.789762496948242188e+01
1.367539520263671875e+02
8.273496246337890625e+01
2.222452163696289062e+01
1.069766159057617188e+02
1.817238426208496094e+01
2.193086395263671875e+02
8.627786132812500000e+03
3.923985900878906250e+02
1.610026550292968750e+02
4.021792888641357422e+00
2.537846679687500000e+02
3.370523071289062500e+01
3.698590993881225586e+00
9.944769287109375000e+02
1.074639053344726562e+02
5.073409118652343750e+02
2.607668495178222656e+01
3.895187377929687500e-01
3.043765258789062500e+01
2.813946247100830078e+00
3.249866008758544922e+00
1.543034791946411133e+00
5.722745971679687500e+02
7.462120361328125000e+02
3.639902648925781250e+02
3.481139755249023438e+01
2.715007305145263672e+00
5.898273315429687500e+02
2.590998458862304688e+01
9.030582885742187500e+02
4.755051422119140625e+01
4.885869140625000000e+02
2.269280195236206055e+00
4.873279953002929688e+01
2.040928344726562500e+03
6.705887913703918457e-01
6.981145629882812500e+02
5.653242492675781250e+01
5.430278778076171875e-01
1.833545989990234375e+02
2.993014526367187500e+01
2.287187576293945312e+00
1.134101986885070801e+00
7.788331031799316406e+00
3.330493450164794922e+00
1.168721679687500000e+03
1.810608978271484375e+02
2.472469024658203125e+02
4.239939880371093750e+01
2.586732788085937500e+02
8.258731079101562500e+01
6.362779617309570312e+01
3.395968933105468750e+02
9.935010375976562500e+02
1.271642684936523438e+01
1.244340324401855469e+01
1.583528198242187500e+03
1.960429906845092773e+00
5.875476360321044922e+00
3.727345581054687500e+02
2.968646049499511719e+01
9.455488204956054688e+00
8.840814208984375000e+01
3.173374414443969727e+00
2.318332099914550781e+01
1.475367641448974609e+01
3.534864044189453125e+01
4.512232971191406250e+02
6.969848155975341797e+00
2.044559570312500000e+04
5.443046569824218750e+00
7.538414001464843750e-01
2.540099716186523438e+01
5.732214355468750000e+02
5.951417541503906250e+01
4.918527126312255859e+00
3.468490905761718750e+02
1.078499126434326172e+01
6.371341323852539062e+01
1.716342468261718750e+02
2.520555734634399414e+00
9.700724792480468750e+01
1.319550156593322754e+00
8.031236648559570312e+00
4.105172634124755859e+00
1.530657100677490234e+01
1.037099838256835938e+01
8.717350959777832031e+00
5.952842330932617188e+01
7.178861999511718750e+01
1.123574733734130859e+00
7.179259490966796875e+01
6.564170532226562500e+02
6.230187892913818359e+00
4.817217636108398438e+01
1.016948890686035156e+01
4.483343124389648438e+00
1.387845754623413086e+00
5.078465332031250000e+03
2.201301956176757812e+01
4.758687438964843750e+02
6.155879974365234375e+00
3.727148132324218750e+02
1.458296418190002441e+00
2.156507263183593750e+02
3.480585693359375000e+03
1.467587649822235107e-01
2.121163129806518555e+00
1.007939819335937500e+03
4.356636524200439453e+00
1.242930297851562500e+03
4.331489562988281250e+00
2.751811790466308594e+01
8.988468170166015625e+00
1.699592208862304688e+01
1.298246681690216064e-01
1.325578498840332031e+01
2.938776969909667969e+00
4.671731262207031250e+02
5.944060897827148438e+01
2.322125816345214844e+01
5.962841510772705078e+00
3.130152893066406250e+01
2.423180198669433594e+01
1.685441970825195312e+00
4.824169006347656250e+02
1.485561065673828125e+02
1.860390663146972656e+01
2.950563049316406250e+01
2.066212310791015625e+02
9.634950256347656250e+01
2.706281433105468750e+02
6.516320109367370605e-01
5.711587890625000000e+03
9.563065528869628906e+00
6.931000518798828125e+01
4.093663406372070312e+01
1.329669713973999023e+00
6.727254638671875000e+02
1.126534271240234375e+02
1.066707730293273926e+00
7.607501831054687500e+02
7.065141296386718750e+01
6.100574970245361328e+00
2.493755615234375000e+03
1.092788085937500000e+02
8.677461242675781250e+01
5.531253433227539062e+01
7.067645263671875000e+02
2.176429595947265625e+02
1.728465728759765625e+02
3.398498916625976562e+01
1.043761474609375000e+03
5.945921540260314941e-01
1.562446880340576172e+01
8.725092773437500000e+02
1.957037925720214844e+01
5.448941040039062500e+02
1.828446984291076660e+00
7.133764624595642090e-01
5.439587402343750000e+01
6.695410251617431641e+00
7.318802356719970703e+00
1.286135253906250000e+02
8.240278363227844238e-01
1.740818595886230469e+01
3.988557577133178711e+00
7.573370456695556641e+00
4.173495483398437500e+01
2.273143529891967773e+00
2.019444942474365234e+00
6.256265258789062500e+02
2.036375976562500000e+03
4.196647644042968750e+00
1.781938171386718750e+02
2.252658271789550781e+01
1.153697490692138672e+01
2.868145751953125000e+03
6.224645614624023438e+00
1.744910278320312500e+02
3.040926170349121094e+01
3.767277526855468750e+01
1.110582031250000000e+03
2.860104179382324219e+01
1.497384643554687500e+02
5.994509887695312500e+02
1.468503112792968750e+02
5.899786758422851562e+01
4.274951171875000000e+02
4.116030883789062500e+01
3.313095808029174805e+00
7.053087615966796875e+01
2.248682975769042969e+01
1.694834518432617188e+01
1.451722656250000000e+03
7.045676269531250000e+02
7.501642456054687500e+02
5.122803344726562500e+02
1.211597347259521484e+01
6.078753471374511719e+00
1.061653375625610352e+00
3.255648803710937500e+01
1.614867401123046875e+01
1.236537742614746094e+01
1.962515115737915039e+00
6.202414512634277344e+00
1.100009322166442871e+00
1.565098114013671875e+02
4.819150924682617188e+01
7.761463928222656250e+01
1.670558319091796875e+02
2.082786750793457031e+01
7.159301757812500000e+01
2.284165382385253906e+01
1.156732749938964844e+01
3.764547407627105713e-01
6.556847656250000000e+03
1.793354614257812500e+03
1.165645599365234375e+02
2.072842864990234375e+02
1.135932464599609375e+02
7.470732421875000000e+02
4.780245971679687500e+01
2.267636871337890625e+01
2.865642547607421875e+01
2.711735248565673828e+00
6.050344085693359375e+01
1.332242187500000000e+03
7.959427642822265625e+01
1.408123207092285156e+01
5.766024112701416016e+00
1.448895416259765625e+02
8.837957153320312500e+02
8.928804016113281250e+01
1.846836853027343750e+01
2.260610198974609375e+01
9.464158117771148682e-02
1.565608084201812744e-01
3.271828460693359375e+01
2.509716606140136719e+01
5.754969596862792969e+00
1.504490375518798828e+01
2.216455841064453125e+02
4.705694198608398438e+01
1.395688629150390625e+02
6.298707962036132812e+00
2.408252716064453125e+00
8.525026321411132812e+00
3.262927627563476562e+01
1.514936401367187500e+03
2.548599004745483398e+00
9.942346191406250000e+01
9.298782944679260254e-01
7.360578060150146484e+00
3.553560078144073486e-01
1.377153682708740234e+01
3.810267822265625000e+03
2.481078710937500000e+04
5.262887001037597656e+00
1.419344940185546875e+02
6.533059692382812500e+01
6.550233840942382812e+00
2.037978668212890625e+02
5.549183349609375000e+02
6.422337055206298828e+00
5.993501186370849609e+00
1.031222057342529297e+01
9.410391998291015625e+01
2.423366355895996094e+01
9.241399765014648438e+00
3.156096191406250000e+02
9.285399169921875000e+02
7.688740730285644531e+00
4.561390876770019531e+00
4.188437938690185547e+00
2.881629333496093750e+02
6.572129249572753906e+00
2.445858955383300781e+01
3.798657531738281250e+02
1.917975997924804688e+01
7.006594848632812500e+02
1.160785156250000000e+03
1.877412109375000000e+02
2.154733657836914062e+00
3.936291503906250000e+01
