6.752759218215942383e-02
1.797592937946319580e-01
6.118807569146156311e-02
3.707557218149304390e-03
6.324540078639984131e-02
4.603922665119171143e-01
3.435541689395904541e-02
9.526177309453487396e-03
6.664663553237915039e-02
1.660999357700347900e-01
1.947700232267379761e-01
7.170691341161727905e-02
7.803233712911605835e-02
1.554302126169204712e-02
1.657277904450893402e-02
5.521406605839729309e-02
4.108349792659282684e-03
3.415758907794952393e-02
1.754761673510074615e-02
1.164974737912416458e-02
1.124441623687744141e-02
1.042334921658039093e-02
1.627549082040786743e-01
3.428358584642410278e-02
3.933484554290771484e+00
9.409341029822826385e-03
3.179079294204711914e-02
1.638168096542358398e-01
3.640175759792327881e-01
1.207017779350280762e+00
3.049509134143590927e-03
1.353312050923705101e-03
7.960651069879531860e-02
2.382086664438247681e-01
1.475524809211492538e-02
2.331343144178390503e-01
1.526860147714614868e-02
2.597848651930689812e-03
6.949734687805175781e-02
2.130331285297870636e-02
6.276390552520751953e-01
1.572039723396301270e-01
4.371035099029541016e-02
4.035869121551513672e+00
2.783791720867156982e-01
1.303882747888565063e-01
3.089713677763938904e-02
1.114973664283752441e+00
2.712792716920375824e-03
4.955563247203826904e-01
1.391756832599639893e-01
4.029526188969612122e-02
5.067891478538513184e-01
8.761822432279586792e-02
4.643927793949842453e-03
8.162687532603740692e-03
7.375007029622793198e-03
1.532302498817443848e-01
2.134468220174312592e-02
1.361046981811523438e+01
1.457723230123519897e-02
5.118190765380859375e+00
2.142258733510971069e-02
2.223554998636245728e-02
1.351720541715621948e-01
2.340428978204727173e-01
4.021010696887969971e-01
7.553458213806152344e-02
2.281759262084960938e+00
7.297282218933105469e-01
3.036997222807258368e-04
6.914680004119873047e-01
6.001032423228025436e-03
1.033665776252746582e+00
1.591656506061553955e-01
4.854708537459373474e-02
1.571751758456230164e-02
2.780242450535297394e-02
3.164243698120117188e-02
3.918176889419555664e-02
4.317124485969543457e-01
2.569598890841007233e-02
9.292172640562057495e-02
1.565460581332445145e-03
5.378308240324258804e-03
5.186724476516246796e-03
2.848693693522363901e-04
2.872348390519618988e-02
9.315922260284423828e-01
1.418559812009334564e-03
1.470466982573270798e-02
7.844053208827972412e-02
1.605594344437122345e-02
5.256674811244010925e-02
3.140218928456306458e-02
5.857611894607543945e-01
2.172916680574417114e-01
6.067258119583129883e-01
1.100182533264160156e-02
1.585711687803268433e-01
6.796847581863403320e-01
5.561781674623489380e-02
6.265026051551103592e-03
3.135405480861663818e-02
4.562566801905632019e-02
2.642022669315338135e-01
7.715024799108505249e-02
1.061031967401504517e-01
6.832173466682434082e-01
6.210227683186531067e-02
1.923078484833240509e-02
1.646450608968734741e-01
1.525116115808486938e-01
4.954424798488616943e-01
6.322065740823745728e-02
7.620338350534439087e-02
9.993576258420944214e-02
2.562742307782173157e-02
5.178058054298162460e-03
2.098422497510910034e-02
3.064549528062343597e-03
2.894334220886230469e+01
4.688248634338378906e-01
1.031900167465209961e+00
1.177109661512076855e-03
2.930932492017745972e-02
1.475125178694725037e-02
8.624879992567002773e-04
1.917395293712615967e-01
5.858660116791725159e-02
5.955173373222351074e-01
1.710281372070312500e-01
8.353184908628463745e-03
2.888135612010955811e-03
3.043287433683872223e-02
6.933588068932294846e-03
1.538585964590311050e-02
7.416981458663940430e-01
8.921249210834503174e-02
1.086509466171264648e+00
5.537322536110877991e-02
2.818014658987522125e-02
3.767616033554077148e+00
1.105571389198303223e+00
3.919793367385864258e+00
1.237243935465812683e-01
2.294669449329376221e-01
5.824798718094825745e-02
1.484606564044952393e-01
3.168364614248275757e-02
2.371565066277980804e-02
6.123376488685607910e-01
1.090473979711532593e-01
7.466406375169754028e-02
2.197821736335754395e-01
7.930897176265716553e-02
3.293923661112785339e-02
3.711102902889251709e-02
1.776453922502696514e-03
3.818843513727188110e-03
1.726214587688446045e-01
4.987112060189247131e-02
1.015652492642402649e-01
1.383745968341827393e-01
1.114529967308044434e+00
2.113031446933746338e-01
4.181154370307922363e-01
2.009521573781967163e-01
2.883031129837036133e+00
3.458553226664662361e-03
2.582058310508728027e-01
1.598615348339080811e-01
4.439231473952531815e-03
4.907061532139778137e-02
1.048876345157623291e-01
8.740936517715454102e-01
6.653218716382980347e-02
5.040373653173446655e-02
3.123464807868003845e-02
1.123755335807800293e+00
1.191195845603942871e-01
6.932459026575088501e-02
1.467452198266983032e-01
5.211884900927543640e-02
1.840692520141601562e+00
9.762543439865112305e-02
6.252608448266983032e-02
4.088833928108215332e-02
2.829093039035797119e-01
5.337664484977722168e-02
8.543263077735900879e-01
5.737264454364776611e-02
1.244195387698709965e-03
6.336555629968643188e-02
1.657107919454574585e-01
7.054213434457778931e-02
1.057260856032371521e-01
4.574173316359519958e-02
4.427942447364330292e-03
2.786707878112792969e-01
6.214395165443420410e-03
5.972123891115188599e-02
7.929933071136474609e-02
4.177729040384292603e-02
4.422612115740776062e-02
1.022498030215501785e-02
8.064828068017959595e-02
1.176492881774902344e+01
8.765737526118755341e-03
4.093195777386426926e-03
2.096828073263168335e-02
4.970523342490196228e-02
1.852212008088827133e-03
4.020226299762725830e-01
8.754630386829376221e-02
1.088078022003173828e+00
4.500861167907714844e-01
1.579570211470127106e-02
3.231672337278723717e-03
1.070317745208740234e+00
1.135079383850097656e+00
6.096459459513425827e-03
1.436748821288347244e-02
2.490757964551448822e-02
3.990251570940017700e-04
1.726318299770355225e-01
6.127781234681606293e-03
1.309214830398559570e+00
1.377623826265335083e-01
2.468048594892024994e-02
2.483520656824111938e-02
3.395469486713409424e-02
1.534013263881206512e-02
4.725560173392295837e-02
2.631414681673049927e-02
3.144767582416534424e-01
8.705345541238784790e-02
3.704415168613195419e-03
2.836317121982574463e-01
4.837944172322750092e-03
1.898678392171859741e-01
1.607803069055080414e-02
8.891098946332931519e-02
9.149971418082714081e-03
2.157411538064479828e-02
3.396258130669593811e-02
1.396852582693099976e-01
4.941698536276817322e-02
6.381361931562423706e-02
1.563205718994140625e-01
1.069996133446693420e-01
6.329528093338012695e-01
1.327003119513392448e-03
4.176972508430480957e-01
1.686336845159530640e-01
1.502196639776229858e-01
2.450428009033203125e+00
7.455633580684661865e-02
4.700312763452529907e-02
3.362030535936355591e-02
2.151841484010219574e-02
5.402763374149799347e-03
2.634996771812438965e-01
5.469638109207153320e-02
1.877587474882602692e-02
3.500152826309204102e-01
5.504657048732042313e-03
1.372416615486145020e+00
1.260379445739090443e-03
3.209578990936279297e-02
4.951594352722167969e+00
2.040646523237228394e-01
9.306029230356216431e-02
6.364648230373859406e-03
1.842118916101753712e-03
2.473510988056659698e-02
4.666360467672348022e-02
2.442103810608386993e-02
8.271180093288421631e-02
6.597615480422973633e-01
7.305807471275329590e-01
1.180368065834045410e-01
3.577566891908645630e-02
1.670022122561931610e-02
1.537901582196354866e-03
1.535766944289207458e-02
3.359105110168457031e+00
1.663343906402587891e+00
1.042826101183891296e-02
1.395104527473449707e-01
1.449586357921361923e-02
1.041745115071535110e-02
2.116403430700302124e-01
1.894094981253147125e-02
5.344460252672433853e-03
1.529077999293804169e-02
3.015904128551483154e-02
5.621010437607765198e-02
9.667935967445373535e-01
1.533251702785491943e-01
1.684688925743103027e+00
1.977851837873458862e-01
2.201715856790542603e-01
1.738655090332031250e+00
3.482542634010314941e-01
2.960742451250553131e-02
8.622219786047935486e-03
1.249841153621673584e-01
1.559484750032424927e-01
3.510569632053375244e-01
1.378915429115295410e+00
1.560748815536499023e-01
1.816686838865280151e-01
2.241354137659072876e-01
1.185040920972824097e-02
7.796802371740341187e-02
3.609470557421445847e-03
1.160119295120239258e+00
2.443539910018444061e-03
1.257806178182363510e-02
1.599745899438858032e-01
3.187285270541906357e-03
1.228309795260429382e-01
6.132436394691467285e-01
5.822661891579627991e-02
2.771135807037353516e+00
1.163724996149539948e-02
1.138279028236865997e-02
1.681334711611270905e-02
6.084273569285869598e-03
2.023998880758881569e-03
3.882087707519531250e+00
3.823371231555938721e-02
4.776182025671005249e-02
2.103465609252452850e-02
2.481301873922348022e-02
2.699385210871696472e-02
1.648294366896152496e-02
1.134487092494964600e-01
5.343555808067321777e-01
5.947479605674743652e-02
2.814671956002712250e-03
8.550222963094711304e-03
1.511601090431213379e+00
2.365768654271960258e-03
1.702501624822616577e-02
8.021841049194335938e-01
4.903524518013000488e-01
7.927866280078887939e-02
2.908993065357208252e-01
1.485394686460494995e-01
4.958840459585189819e-02
7.372513646259903908e-04
1.681464537978172302e-02
6.946942955255508423e-02
3.941310569643974304e-03
2.055632136762142181e-02
1.066151484847068787e-01
1.940055042505264282e-01
1.498742550611495972e-01
4.063772410154342651e-02
1.540740020573139191e-02
5.918796360492706299e-02
3.674124181270599365e-02
4.019585251808166504e-01
5.747745186090469360e-02
9.414298087358474731e-02
6.107364781200885773e-03
3.902778327465057373e-01
1.171429641544818878e-03
1.306504160165786743e-01
2.233144082129001617e-02
4.048381328582763672e+00
7.172242552042007446e-02
3.602058589458465576e-01
5.801788531243801117e-03
2.096943557262420654e-02
3.095013834536075592e-02
2.160899713635444641e-02
9.942624717950820923e-03
7.814650237560272217e-02
1.154787745326757431e-02
7.764953970909118652e-01
6.191701292991638184e-01
1.187668368220329285e-01
1.968289136886596680e+00
1.197458171844482422e+01
2.413173764944076538e-02
1.742794737219810486e-02
4.279076238162815571e-04
6.162384152412414551e-02
7.993433624505996704e-02
6.399849802255630493e-02
1.116074657440185547e+01
1.139170024544000626e-03
3.166172742843627930e+00
1.943971216678619385e-01
3.777090087532997131e-02
1.452911458909511566e-02
1.444157306104898453e-02
2.743652820587158203e+00
2.286186218261718750e+01
2.351442337036132812e+01
2.926216423511505127e-01
6.718833923339843750e+00
1.941190719604492188e+00
4.727910232543945312e+01
4.187336444854736328e+00
6.945375823974609375e+01
4.036513805389404297e+00
4.618116378784179688e+01
1.376621532440185547e+01
5.091483116149902344e+00
3.743417561054229736e-01
1.104497051239013672e+01
2.756960296630859375e+01
8.484320640563964844e+00
7.093361663818359375e+01
1.571655273437500000e+01
2.103896141052246094e+00
2.610470294952392578e+00
1.703602552413940430e+00
9.766222000122070312e+00
1.088672256469726562e+01
2.323191833496093750e+01
1.126694083213806152e+00
1.004459095001220703e+01
7.221266174316406250e+01
2.078542938232421875e+02
1.611425209045410156e+01
1.693293094635009766e+00
1.578412890434265137e+00
2.293390750885009766e+00
2.205922698974609375e+02
1.068536639213562012e+00
1.861347579956054688e+01
4.568923413753509521e-01
2.556882500648498535e-01
1.896483540534973145e+00
1.660096549987792969e+01
6.342312011718750000e+02
1.305634117126464844e+01
6.502988338470458984e-01
5.931679153442382812e+01
1.258424282073974609e+01
6.594416809082031250e+01
6.377326202392578125e+01
1.231083679199218750e+01
1.165387034416198730e+00
1.119518203735351562e+02
2.804403686523437500e+01
4.728777885437011719e+00
1.443549156188964844e+01
4.317145156860351562e+01
5.680331230163574219e+00
5.832647681236267090e-01
1.063647389411926270e+00
1.213798642158508301e+00
2.994749307632446289e+00
1.029642944335937500e+02
2.261543846130371094e+01
1.251233978271484375e+02
1.077113866806030273e+00
4.903057575225830078e+00
1.615355610847473145e+00
2.170693397521972656e+01
6.221529483795166016e+00
4.246957397460937500e+02
4.815385131835937500e+02
4.668860626220703125e+01
4.472277685999870300e-02
3.289424133300781250e+01
1.303421020507812500e+00
8.214863586425781250e+01
1.331123638153076172e+01
5.290408611297607422e+00
5.701245069503784180e-01
1.185877680778503418e+00
1.783271026611328125e+01
1.815017890930175781e+01
1.362451171875000000e+01
1.758199214935302734e+00
4.007591247558593750e+00
4.553903579711914062e+00
2.908036470413208008e+00
1.865509390830993652e+00
3.154062628746032715e-01
1.885038757324218750e+01
1.476770401000976562e+01
8.188076019287109375e-01
2.391216516494750977e+00
5.002733230590820312e+01
2.489483070373535156e+01
7.881249904632568359e+00
1.315704917907714844e+01
1.648584556579589844e+01
4.243984222412109375e+00
6.181098632812500000e+02
1.873258590698242188e+00
1.493491840362548828e+01
4.760989248752593994e-01
1.615167260169982910e+00
2.011302262544631958e-01
6.264994049072265625e+01
9.881755828857421875e+00
1.541239070892333984e+01
2.685028076171875000e+00
1.744691467285156250e+02
2.367126464843750000e+02
1.505099177360534668e+00
1.884882152080535889e-01
2.100682258605957031e+01
8.193702697753906250e+00
7.333212852478027344e+00
2.203662681579589844e+01
1.237861347198486328e+01
7.263609409332275391e+00
3.893383979797363281e+00
6.070179939270019531e+00
6.267300605773925781e+00
1.083744239807128906e+01
1.893381591796875000e+03
2.464849243164062500e+02
1.926338577270507812e+01
2.712225914001464844e+00
8.507440948486328125e+01
6.172121524810791016e+00
1.477587103843688965e+00
1.967688446044921875e+02
5.038654708862304688e+01
8.490790367126464844e+00
1.436183929443359375e+01
1.369693577289581299e-01
1.688098788261413574e+00
7.228570580482482910e-01
8.606052398681640625e-01
2.611632347106933594e+00
7.079578399658203125e+01
2.976725578308105469e+01
4.318669509887695312e+01
7.845045471191406250e+01
4.578609168529510498e-01
1.698325347900390625e+02
3.411367797851562500e+01
5.012127685546875000e+01
1.043665409088134766e+01
1.374941864013671875e+02
1.435260772705078125e+00
1.552748775482177734e+01
3.020259284973144531e+01
1.728475928306579590e+00
1.797427062988281250e+02
1.276794815063476562e+01
1.034163951873779297e+00
4.694757080078125000e+01
6.242385864257812500e+00
1.315532565116882324e+00
9.906941056251525879e-01
5.496670603752136230e-01
1.391035437583923340e+00
1.282167968750000000e+02
7.215129089355468750e+01
4.165449142456054688e+01
7.457779884338378906e+00
2.055265235900878906e+01
1.887429833412170410e+00
1.500676155090332031e+01
4.404160690307617188e+01
2.593666687011718750e+02
6.209325194358825684e-01
1.336637783050537109e+01
1.170888748168945312e+02
1.435020685195922852e+00
4.400265693664550781e+00
1.188832015991210938e+02
1.059158706665039062e+01
3.049964189529418945e+00
1.447745513916015625e+01
2.611785650253295898e+00
2.738263702392578125e+01
1.051299929618835449e+00
3.088352775573730469e+01
5.719098281860351562e+01
1.594893485307693481e-01
6.772091064453125000e+02
1.395104312896728516e+01
1.138035774230957031e+00
3.198290586471557617e+00
8.135232543945312500e+01
1.213947868347167969e+01
1.512244939804077148e+00
7.091927051544189453e+00
1.310774445533752441e+00
1.522111606597900391e+01
1.533215236663818359e+01
2.961269319057464600e-01
5.850374698638916016e+00
1.667797803878784180e+00
9.554778933525085449e-01
3.167353153228759766e+00
7.418586254119873047e+00
1.837073922157287598e+00
7.963956356048583984e+00
5.809056758880615234e+00
2.687656593322753906e+01
3.071011900901794434e-01
6.248321056365966797e+00
6.783984375000000000e+01
6.973300457000732422e+00
1.606158828735351562e+01
8.129624366760253906e+00
4.361780166625976562e+00
6.654421687126159668e-01
2.312787170410156250e+02
6.466275215148925781e+00
2.077706527709960938e+01
2.740765094757080078e+00
7.299945831298828125e+01
7.229329347610473633e-01
5.527654266357421875e+01
6.478505249023437500e+02
3.220858275890350342e-01
5.717825889587402344e-01
4.021586608886718750e+01
1.287970662117004395e+00
2.285961151123046875e+02
4.286105632781982422e+00
4.130057811737060547e+00
1.218256235122680664e+00
4.291513442993164062e+00
4.126354753971099854e-01
1.654466819763183594e+01
7.288979291915893555e-01
5.222186660766601562e+01
2.351265907287597656e+00
2.123291397094726562e+01
5.482803583145141602e-01
1.556876659393310547e+00
5.063000202178955078e+00
1.050782442092895508e+00
5.616855239868164062e+01
6.213198184967041016e+00
3.235238552093505859e+00
2.620184183120727539e+00
1.531427669525146484e+01
3.775675964355468750e+01
4.978183746337890625e+01
2.908860445022583008e-01
1.208869247436523438e+02
3.754650831222534180e+00
5.762866497039794922e+00
9.273775100708007812e+00
1.246089696884155273e+00
8.964225006103515625e+01
1.994888687133789062e+01
4.972782135009765625e+00
1.701742172241210938e+01
4.224896430969238281e+00
2.997589111328125000e+00
7.480956268310546875e+01
2.579150772094726562e+01
1.691927146911621094e+01
1.055027866363525391e+01
2.797662734985351562e+01
1.490307235717773438e+01
3.376284027099609375e+01
2.961704444885253906e+01
1.177175521850585938e+02
1.447825133800506592e-01
8.543723106384277344e+00
3.391439208984375000e+02
4.121336746215820312e+01
6.902770996093750000e+01
4.285338819026947021e-01
3.753525912761688232e-01
1.103537654876708984e+01
5.064526081085205078e+00
1.009396362304687500e+01
9.224467277526855469e+00
2.808657884597778320e+00
1.166818332672119141e+01
5.387192249298095703e+00
3.742534160614013672e+00
3.195690631866455078e+00
5.047434568405151367e-01
2.009540319442749023e+00
1.177658386230468750e+02
5.436263275146484375e+01
3.550472736358642578e+00
1.597801589965820312e+01
1.019163227081298828e+01
4.515689849853515625e+00
8.018251953125000000e+02
3.169356107711791992e+00
1.446585559844970703e+01
4.774228572845458984e+00
1.657096290588378906e+01
3.513273239135742188e+01
3.165680170059204102e+00
1.857612037658691406e+01
3.198068046569824219e+01
3.899771881103515625e+01
1.075353050231933594e+01
1.086987762451171875e+02
5.886044502258300781e+00
4.896094322204589844e+00
6.449964904785156250e+01
4.510738372802734375e+00
9.628678321838378906e+00
1.403504943847656250e+02
8.568038940429687500e+01
7.924556732177734375e+01
3.871989440917968750e+02
9.888073205947875977e-01
2.454636812210083008e+00
5.862387418746948242e-01
1.103702425956726074e+00
6.817553043365478516e+00
1.560768485069274902e+00
7.284167408943176270e-01
2.811634540557861328e+00
6.094538569450378418e-01
2.850006713867187500e+02
1.549611568450927734e+01
1.223544235229492188e+02
3.982918167114257812e+01
2.854434251785278320e+00
2.554333686828613281e+01
7.534695148468017578e+00
7.446009635925292969e+00
7.411720156669616699e-01
5.309461669921875000e+02
7.402690124511718750e+01
6.780928134918212891e+00
1.851015853881835938e+01
5.872074127197265625e+01
2.545868072509765625e+02
7.155434608459472656e+00
1.403349041938781738e+00
2.040896034240722656e+01
5.762836933135986328e-01
8.741849899291992188e+00
3.273211288452148438e+01
1.680933952331542969e+01
1.063731312751770020e+00
2.649737834930419922e+00
1.064598083496093750e+02
1.197973327636718750e+02
2.862497901916503906e+01
1.924446868896484375e+01
1.241130638122558594e+01
2.072426527738571167e-01
1.128829196095466614e-01
1.460112667083740234e+01
7.895953655242919922e+00
1.748038768768310547e+00
1.249522399902343750e+01
8.551928710937500000e+01
1.144022064208984375e+02
1.977989768981933594e+01
2.248008489608764648e+00
1.539150953292846680e+00
3.461818695068359375e+00
6.671706676483154297e+00
5.557081985473632812e+01
2.071346521377563477e+00
2.104152870178222656e+01
5.743892788887023926e-01
4.131389141082763672e+00
1.488937139511108398e-01
3.947637557983398438e+00
1.017193603515625000e+02
1.225814843750000000e+04
5.219329833984375000e+00
1.688982963562011719e+01
2.477636814117431641e+00
2.235831260681152344e+00
3.105990791320800781e+01
7.964993286132812500e+01
1.023129820823669434e+00
1.308669567108154297e+00
5.308955192565917969e+00
6.168414306640625000e+01
3.330410766601562500e+01
3.484865903854370117e+00
9.350330352783203125e+01
2.764595642089843750e+02
2.158746004104614258e+00
2.481875658035278320e+00
2.169984579086303711e+00
2.619895744323730469e+01
2.327743291854858398e+00
3.558038473129272461e+00
3.565549011230468750e+02
6.631563186645507812e+00
3.495067214965820312e+01
8.574824218750000000e+02
5.123238372802734375e+01
1.663083076477050781e+00
4.960793304443359375e+01
