2.998839318752288818e-02
1.079408675432205200e-01
8.192854002118110657e-03
1.357217319309711456e-03
3.879851102828979492e-02
5.860950946807861328e+00
1.650766469538211823e-02
2.776060253381729126e-03
5.302052944898605347e-03
5.615796446800231934e-01
4.404989536851644516e-03
1.409493852406740189e-02
6.125410646200180054e-02
8.658162318170070648e-03
1.146923284977674484e-03
1.067334040999412537e-02
3.291129134595394135e-03
3.246947191655635834e-03
2.537922002375125885e-02
5.088317557238042355e-04
1.305258423089981079e-01
2.005148306488990784e-02
2.328257858753204346e-01
5.181970447301864624e-02
7.126258611679077148e-01
1.671901717782020569e-02
4.448726028203964233e-02
1.886712945997714996e-02
8.564000576734542847e-02
7.501597404479980469e-01
3.313119232188910246e-04
1.368960220133885741e-04
4.912631120532751083e-03
2.111204899847507477e-02
6.226699426770210266e-02
5.672083701938390732e-03
7.498908787965774536e-03
5.454906495288014412e-04
6.353349890559911728e-03
4.935258068144321442e-03
2.159780114889144897e-01
7.318922877311706543e-02
1.402467139996588230e-03
1.081648254394531250e+01
1.565067321062088013e-01
7.165716588497161865e-02
3.882888006046414375e-03
1.798356473445892334e-01
3.043055301532149315e-03
1.018264982849359512e-02
1.840720325708389282e-01
2.889958955347537994e-02
9.631269425153732300e-02
2.963095530867576599e-02
3.449029172770678997e-04
1.637221197597682476e-03
4.238435532897710800e-03
1.166271418333053589e-02
2.166926115751266479e-02
6.592022418975830078e+00
1.180357858538627625e-02
1.474284267425537109e+01
1.272122561931610107e-02
2.998958574607968330e-03
1.248890087008476257e-01
1.420724112540483475e-02
1.448361873626708984e-01
8.394115604460239410e-03
5.034705400466918945e-01
4.629380702972412109e-01
1.339584123343229294e-04
1.492319703102111816e+00
7.913649897091090679e-04
2.074495889246463776e-02
7.870227098464965820e-02
5.624946206808090210e-02
5.318737588822841644e-03
4.189927503466606140e-02
4.033756628632545471e-02
1.054345071315765381e-02
4.370171204209327698e-02
1.172640826553106308e-02
1.490076538175344467e-02
2.539592969696968794e-04
2.598252613097429276e-03
1.257578842341899872e-03
1.985122617043089122e-05
4.114675521850585938e-02
7.650804519653320312e-01
8.623313042335212231e-04
5.056374240666627884e-03
6.821478717029094696e-03
9.904636535793542862e-04
7.816839218139648438e-02
3.188572882208973169e-04
5.432389974594116211e-01
5.576454997062683105e-01
4.068946465849876404e-02
1.487989677116274834e-03
4.833574593067169189e-02
1.591427683830261230e+00
4.530446603894233704e-02
8.177873678505420685e-04
1.225849613547325134e-02
7.340606302022933960e-03
4.464873373508453369e-01
9.966924041509628296e-02
1.369891501963138580e-02
2.553978376090526581e-02
7.199153304100036621e-02
1.468596756458282471e-01
3.540712893009185791e-01
3.875581547617912292e-02
5.192372575402259827e-02
1.525344327092170715e-02
2.237282134592533112e-02
5.949272215366363525e-02
4.457330796867609024e-03
2.869436517357826233e-03
6.525694578886032104e-02
5.732642603106796741e-04
6.852305889129638672e+00
4.526623189449310303e-01
3.888497650623321533e-01
1.148354858742095530e-04
1.886550635099411011e-01
1.143721397966146469e-02
6.884217727929353714e-04
6.404722481966018677e-02
5.217863991856575012e-02
1.780406236648559570e+00
5.450932309031486511e-02
3.946009557694196701e-03
1.052994979545474052e-03
3.321222960948944092e-02
2.843721956014633179e-02
4.874995723366737366e-02
2.893082380294799805e+00
1.209148690104484558e-01
3.834198117256164551e-01
1.809039898216724396e-02
7.075932808220386505e-03
6.597815752029418945e-01
5.546920895576477051e-01
2.067490577697753906e+01
1.964048668742179871e-02
2.798555493354797363e-01
6.283266935497522354e-03
6.425958126783370972e-02
9.883736260235309601e-03
1.812983676791191101e-02
6.505198776721954346e-02
6.302572041749954224e-02
1.401910837739706039e-02
6.748014688491821289e-02
1.002759393304586411e-02
9.505187161266803741e-03
3.463682904839515686e-02
2.645972184836864471e-03
3.066730685532093048e-03
3.641343861818313599e-02
2.996412804350256920e-04
1.390783488750457764e-01
4.427962601184844971e-01
2.634257376194000244e-01
9.446556121110916138e-02
1.431884914636611938e-01
1.658781617879867554e-01
8.992598056793212891e-01
1.812654372770339251e-04
2.030956745147705078e-02
9.546294063329696655e-02
7.193852798081934452e-05
1.153793651610612869e-02
4.501330479979515076e-02
1.437002301216125488e+00
1.453959289938211441e-02
9.662337601184844971e-03
1.263011526316404343e-02
9.065731614828109741e-02
5.010274425148963928e-02
2.906289137899875641e-02
1.404625028371810913e-01
2.570900507271289825e-02
1.877216100692749023e+00
8.817506954073905945e-03
5.131758283823728561e-03
5.381986126303672791e-02
2.951270937919616699e-01
2.271691337227821350e-02
1.310615688562393188e-01
2.210144884884357452e-02
2.645689528435468674e-04
7.627028971910476685e-02
3.922832012176513672e-01
1.153813488781452179e-02
1.956024169921875000e-01
6.838443875312805176e-02
3.457258921116590500e-03
1.880886405706405640e-02
2.759056165814399719e-03
3.182400017976760864e-02
1.080858241766691208e-02
2.006277255713939667e-02
8.860839530825614929e-03
1.390013727359473705e-03
1.608735173940658569e-01
1.220909404754638672e+01
7.843989878892898560e-03
2.883499488234519958e-03
5.315659567713737488e-03
4.536926746368408203e-02
1.390449324389919639e-04
7.370932698249816895e-01
1.650300621986389160e-02
2.228312253952026367e+00
5.021071434020996094e-02
1.902572251856327057e-02
4.548756114672869444e-04
6.418747305870056152e-01
2.528484761714935303e-01
1.142663322389125824e-02
1.058536698110401630e-03
1.718550920486450195e-02
9.944885823642835021e-05
2.160583436489105225e-02
7.007435197010636330e-04
3.815132141113281250e+00
3.512693941593170166e-01
5.558114964514970779e-03
2.106215991079807281e-02
7.874964736402034760e-03
2.448475919663906097e-02
2.165269339457154274e-03
3.052420616149902344e-01
1.575767435133457184e-02
2.181743830442428589e-01
2.749542240053415298e-03
8.167648315429687500e-02
4.240768321324139833e-04
1.911924034357070923e-02
5.721320956945419312e-02
1.687540858983993530e-01
3.041669726371765137e-03
6.798740942031145096e-03
6.098061334341764450e-03
3.210224956274032593e-02
6.649456918239593506e-02
2.388504892587661743e-02
1.121505722403526306e-01
3.087615594267845154e-02
1.373157501220703125e+00
4.406094376463443041e-05
5.130186676979064941e-02
9.727042168378829956e-03
2.406398504972457886e-01
3.953993797302246094e+00
1.531502790749073029e-02
2.181143872439861298e-02
2.233651280403137207e-01
2.491389866918325424e-03
5.988192278891801834e-04
7.759082317352294922e-01
2.113311924040317535e-02
3.000954166054725647e-03
1.874531060457229614e-02
1.072624884545803070e-02
1.422419667243957520e+00
9.245154447853565216e-03
6.118280813097953796e-03
1.212277412414550781e+00
3.711907193064689636e-02
5.199860334396362305e-01
2.646552631631493568e-03
1.284828176721930504e-03
1.712130941450595856e-02
4.835785366594791412e-03
8.011230267584323883e-03
1.885176151990890503e-01
1.522861838340759277e+00
1.309466660022735596e-01
8.408822119235992432e-03
3.707157680764794350e-03
1.207368448376655579e-02
1.607865851838141680e-04
3.569260006770491600e-03
4.537751674652099609e+00
1.144266128540039062e+00
3.471351228654384613e-04
4.654857888817787170e-02
9.571025148034095764e-03
7.659058319404721260e-04
4.799982532858848572e-02
1.712952367961406708e-02
8.254434214904904366e-04
1.721383631229400635e-02
1.934539526700973511e-02
4.895245283842086792e-02
1.804561972618103027e+00
4.166712239384651184e-02
5.198584198951721191e-01
8.973819017410278320e-01
7.278820872306823730e-02
8.184264302253723145e-01
2.234179973602294922e+00
4.129823762923479080e-03
3.301559761166572571e-02
3.162110969424247742e-02
3.906825557351112366e-03
9.051084518432617188e-02
5.283354520797729492e-01
3.263777121901512146e-02
6.100190337747335434e-03
1.688468903303146362e-01
2.178895287215709686e-03
2.961528301239013672e-02
8.283869246952235699e-04
4.504645764827728271e-01
2.283947309479117393e-03
3.347113495692610741e-03
2.831017374992370605e-01
1.223578467033803463e-03
6.037815008312463760e-03
2.705995179712772369e-02
5.889574531465768814e-03
2.272995114326477051e-01
5.689807701855897903e-03
3.909492399543523788e-03
5.078810732811689377e-03
1.839187461882829666e-03
4.536119755357503891e-03
2.199194282293319702e-01
3.469482995569705963e-03
8.382132276892662048e-03
4.335797391831874847e-03
1.462645921856164932e-02
2.611627802252769470e-03
5.166449118405580521e-03
2.596737816929817200e-02
2.479024529457092285e-01
7.968046120367944241e-04
4.747952043544501066e-04
3.426252631470561028e-03
1.411098361015319824e+00
9.925647173076868057e-04
1.116207893937826157e-02
1.119910776615142822e-01
1.547296252101659775e-02
3.798018768429756165e-02
2.550391852855682373e-02
6.330877542495727539e-02
2.955776154994964600e-01
5.179685103939846158e-05
1.180956326425075531e-02
4.197534173727035522e-03
8.388045825995504856e-04
1.903839968144893646e-02
2.096816524863243103e-02
3.476973250508308411e-02
3.557894751429557800e-02
1.390737760812044144e-02
9.813008364289999008e-04
1.537591498345136642e-02
4.914172459393739700e-03
7.683862000703811646e-02
2.631743438541889191e-02
5.400898680090904236e-02
1.398313674144446850e-03
6.030691042542457581e-02
2.403445687377825379e-04
1.830566823482513428e-01
1.173097491264343262e-01
3.472660109400749207e-02
1.282399520277976990e-02
5.108406543731689453e-01
9.094523848034441471e-04
9.165010415017604828e-03
4.430512432008981705e-03
1.675506681203842163e-02
1.443699467927217484e-02
4.804225638508796692e-02
9.573156712576746941e-04
3.333226203918457031e+00
8.881713449954986572e-02
1.843157596886157990e-02
2.839027404785156250e+00
8.478048324584960938e+00
8.489775471389293671e-03
5.508976173587143421e-04
4.521161317825317383e-04
3.050107508897781372e-02
3.559415927156805992e-03
1.540991291403770447e-02
7.938284873962402344e+00
2.301692584296688437e-04
4.324293613433837891e+00
8.371140062808990479e-02
2.456969209015369415e-02
2.796092594508081675e-04
1.787700457498431206e-03
5.642578125000000000e+00
1.348439331054687500e+02
2.022882843017578125e+02
8.556931018829345703e-01
4.843038558959960938e+01
4.383435249328613281e+00
8.863972167968750000e+02
1.046644401550292969e+01
8.712079620361328125e+01
6.275516033172607422e+00
2.656778259277343750e+02
2.442066764831542969e+01
1.249000320434570312e+02
8.644906878471374512e-01
2.726298904418945312e+01
1.334952392578125000e+02
1.752889404296875000e+02
1.842557678222656250e+02
1.756945495605468750e+02
9.044673919677734375e+00
9.149636840820312500e+01
4.809580802917480469e+00
7.927923679351806641e+00
7.855706787109375000e+01
3.074888467788696289e+00
6.234050393104553223e-01
4.214198608398437500e+02
4.154444274902343750e+02
1.988138427734375000e+03
4.236062011718750000e+02
1.297828960418701172e+01
6.211853504180908203e+00
1.809064292907714844e+01
3.247704772949218750e+02
1.985353088378906250e+01
2.111860084533691406e+01
1.263305783271789551e+00
6.526909768581390381e-02
5.134113788604736328e+00
1.156771316528320312e+02
1.235830810546875000e+03
2.072687530517578125e+01
9.347816109657287598e-01
3.705039367675781250e+02
3.728786849975585938e+01
8.303335571289062500e+01
1.090497741699218750e+02
1.929108619689941406e+01
8.214306831359863281e-01
1.544771606445312500e+03
5.996425170898437500e+02
5.885919570922851562e+01
1.723219680786132812e+01
1.830850601196289062e+01
6.394559383392333984e+00
1.498486614227294922e+01
6.454854965209960938e+00
4.902673959732055664e-01
1.374076652526855469e+01
2.538523437500000000e+03
9.205046997070312500e+02
6.843964233398437500e+02
1.637679290771484375e+01
9.819895935058593750e+01
2.927872657775878906e+00
1.347773437500000000e+02
5.959951400756835938e+01
5.475708984375000000e+03
1.651911621093750000e+02
9.262015533447265625e+01
1.061049923300743103e-01
5.229776000976562500e+02
3.250867366790771484e+00
2.601476135253906250e+02
8.279356002807617188e+00
1.620319938659667969e+01
1.995043873786926270e+00
1.104627132415771484e+01
4.113811950683593750e+02
2.566368865966796875e+01
3.122485160827636719e+01
7.238824367523193359e+00
1.398934078216552734e+01
4.039756774902343750e+01
6.535754203796386719e+00
2.699523162841796875e+01
1.206049621105194092e-01
1.683374404907226562e+01
2.728117561340332031e+01
1.924696087837219238e+00
3.034764099121093750e+01
5.238212966918945312e+01
3.564827346801757812e+01
1.717429542541503906e+01
6.850363159179687500e+01
8.344058227539062500e+02
2.975438833236694336e+00
3.624702453613281250e+02
5.002693533897399902e-01
1.090151000976562500e+03
2.628608703613281250e+00
1.772735214233398438e+01
4.709939479827880859e+00
1.093718109130859375e+02
4.368442535400390625e+01
2.339790649414062500e+02
2.636766195297241211e+00
5.308226074218750000e+03
5.226619873046875000e+02
1.071182727813720703e+00
1.033811092376708984e+00
2.189858398437500000e+03
2.119366607666015625e+02
2.465614318847656250e+00
3.873205947875976562e+01
9.951822662353515625e+01
1.550062103271484375e+02
2.109112739562988281e+01
1.262551040649414062e+02
8.187633514404296875e+00
4.031270751953125000e+02
5.749789550781250000e+03
9.062971191406250000e+02
1.942776947021484375e+02
6.205636024475097656e+00
8.134169921875000000e+02
4.584589385986328125e+01
2.943362474441528320e+00
6.728675537109375000e+02
1.744622497558593750e+02
8.579981689453125000e+02
5.760206222534179688e+01
6.648200750350952148e-01
7.007035064697265625e+01
2.157179832458496094e+00
3.124209880828857422e+00
5.768728852272033691e-01
9.575134887695312500e+02
6.607139282226562500e+02
3.021912231445312500e+02
6.079176330566406250e+01
3.356182336807250977e+00
7.431351928710937500e+02
2.695717620849609375e+01
9.648912963867187500e+02
4.836959457397460938e+01
1.065667724609375000e+03
1.194348454475402832e+00
2.147079925537109375e+02
3.079275878906250000e+03
6.433535814285278320e-01
8.739678955078125000e+02
2.922980308532714844e+01
4.790653884410858154e-01
1.376411132812500000e+02
6.950504302978515625e+01
1.746491551399230957e+00
9.523323178291320801e-01
9.027382850646972656e+00
3.197577476501464844e+00
1.091484619140625000e+03
1.785059204101562500e+02
1.338278808593750000e+02
5.846205902099609375e+01
3.256293945312500000e+02
1.712875061035156250e+02
1.764255981445312500e+02
5.157652587890625000e+02
4.566155761718750000e+03
2.675170516967773438e+01
1.002461433410644531e+01
2.776790283203125000e+03
5.445472240447998047e+00
4.958230972290039062e+00
7.027386474609375000e+02
1.804486846923828125e+01
9.871881484985351562e+00
8.918132019042968750e+01
5.367257595062255859e+00
2.678689765930175781e+01
3.002010726928710938e+01
4.886634445190429688e+01
3.220927124023437500e+02
7.539270401000976562e+00
2.529478125000000000e+04
4.745588302612304688e+00
7.662871479988098145e-01
3.080465126037597656e+01
1.681735107421875000e+03
6.878502655029296875e+01
1.017093944549560547e+01
5.738331909179687500e+02
1.341764926910400391e+01
8.813867187500000000e+01
2.714378051757812500e+02
1.672476649284362793e+00
1.379138336181640625e+02
1.929820418357849121e+00
1.998059844970703125e+01
5.133347034454345703e+00
6.184167861938476562e+01
2.530605888366699219e+01
6.496003150939941406e+00
3.804647827148437500e+01
5.439784622192382812e+01
1.808379292488098145e+00
1.526112060546875000e+02
6.211288452148437500e+02
1.078341007232666016e+01
1.025897216796875000e+02
1.292248153686523438e+01
1.100186538696289062e+01
9.737464785575866699e-01
6.908326660156250000e+03
1.526211357116699219e+01
7.957234497070312500e+02
3.024026393890380859e+00
2.554703979492187500e+02
1.875070691108703613e+00
2.581856689453125000e+02
4.265934570312500000e+03
2.219638377428054810e-01
2.274842262268066406e+00
2.080697753906250000e+03
3.593454599380493164e+00
1.175151489257812500e+03
4.479779720306396484e+00
3.543982696533203125e+01
1.508612060546875000e+01
1.482386016845703125e+01
4.940608888864517212e-02
1.362152385711669922e+01
5.392815113067626953e+00
1.131076660156250000e+03
1.033084945678710938e+02
1.238683795928955078e+01
7.233201026916503906e+00
2.611940765380859375e+01
2.694860458374023438e+01
2.312957286834716797e+00
1.002367065429687500e+03
1.529521484375000000e+02
1.631545066833496094e+01
2.618846130371093750e+01
1.871737060546875000e+02
1.546128997802734375e+02
1.738784027099609375e+02
6.857649683952331543e-01
1.344538964843750000e+04
1.680471611022949219e+01
7.616216278076171875e+01
2.536644554138183594e+01
7.519505023956298828e-01
1.800422485351562500e+03
1.809342041015625000e+02
8.482523560523986816e-01
1.440222656250000000e+03
7.509326171875000000e+01
1.374302673339843750e+01
8.892947265625000000e+03
5.738022613525390625e+01
1.099258193969726562e+02
6.515827941894531250e+01
9.786664428710937500e+02
3.328906860351562500e+02
4.052295227050781250e+02
6.768927001953125000e+01
4.594509277343750000e+03
1.045361876487731934e+00
2.592020988464355469e+01
4.053878173828125000e+02
8.667693138122558594e+00
6.088956298828125000e+02
1.292357921600341797e+00
1.897710442543029785e+00
1.041311187744140625e+02
4.749687671661376953e+00
1.445183849334716797e+01
2.506564178466796875e+02
1.115612745285034180e+00
2.497876739501953125e+01
1.139116382598876953e+01
4.928919792175292969e+00
5.999800109863281250e+01
1.395466327667236328e+00
1.436787605285644531e+00
3.368619079589843750e+02
1.331634399414062500e+03
6.250223159790039062e+00
1.395507659912109375e+02
1.805972671508789062e+01
1.054365825653076172e+01
3.060427734375000000e+03
4.194797039031982422e+00
5.219813232421875000e+02
6.292478561401367188e+01
3.042108154296875000e+01
1.606546508789062500e+03
5.029755020141601562e+01
1.997586822509765625e+02
1.179883666992187500e+03
2.088816375732421875e+02
6.908155059814453125e+01
4.300794982910156250e+02
5.585121154785156250e+01
2.496742486953735352e+00
5.855306243896484375e+01
2.872265815734863281e+01
4.758712291717529297e+00
1.471778198242187500e+03
5.854633789062500000e+02
1.457139038085937500e+03
2.383702087402343750e+02
1.650408172607421875e+01
3.195385456085205078e+00
7.866753935813903809e-01
5.083286666870117188e+01
1.809240150451660156e+01
9.079977035522460938e+00
1.297948956489562988e+00
1.811501502990722656e+01
5.770127177238464355e-01
1.009898300170898438e+02
4.013919448852539062e+01
1.398057861328125000e+02
1.187489242553710938e+02
3.542064666748046875e+01
7.675021362304687500e+01
1.866563034057617188e+01
1.051740169525146484e+01
2.293463945388793945e-01
1.139756542968750000e+04
3.288859619140625000e+03
2.939787292480468750e+02
2.027641906738281250e+02
1.743849792480468750e+02
1.420273193359375000e+03
2.682542228698730469e+01
6.230115509033203125e+01
2.068570709228515625e+01
2.793717861175537109e+00
6.341785430908203125e+01
1.283052978515625000e+03
8.683972167968750000e+01
1.115030479431152344e+01
1.486969947814941406e+01
2.127523651123046875e+02
4.206519470214843750e+02
1.453979644775390625e+02
1.161125183105468750e+01
2.004378890991210938e+01
1.636662483215332031e-01
1.146781444549560547e-01
4.211953353881835938e+01
5.379608154296875000e+01
6.243931770324707031e+00
3.338238906860351562e+01
3.355471496582031250e+02
6.799351501464843750e+01
1.663765411376953125e+02
1.430400276184082031e+01
1.964857101440429688e+00
1.971973419189453125e+01
6.362363815307617188e+01
1.440677978515625000e+03
2.755507469177246094e+00
1.631398468017578125e+02
1.550062656402587891e+00
4.384293079376220703e+00
2.912681698799133301e-01
6.675768852233886719e+00
5.475703613281250000e+03
2.859811328125000000e+04
9.770323753356933594e+00
9.878842163085937500e+01
1.095480728149414062e+02
5.044837474822998047e+00
1.703760681152343750e+02
9.319332275390625000e+02
7.115068435668945312e+00
5.186968803405761719e+00
2.990707159042358398e+00
8.572232055664062500e+01
3.714478302001953125e+01
3.637109375000000000e+01
3.151188049316406250e+02
5.199210205078125000e+02
5.218133449554443359e+00
5.829041957855224609e+00
4.776826381683349609e+00
2.876909179687500000e+02
1.575618743896484375e+01
4.024313354492187500e+01
3.549585876464843750e+02
2.450917625427246094e+01
1.430202148437500000e+03
1.349584350585937500e+03
2.375802001953125000e+02
1.694039583206176758e+00
1.823999023437500000e+01
