2.480165101587772369e-02
1.612490862607955933e-01
4.814078100025653839e-03
2.072322648018598557e-03
2.311294153332710266e-02
5.460932254791259766e+00
1.975153945386409760e-02
2.574724378064274788e-03
8.007128722965717316e-03
4.103467166423797607e-01
1.551496423780918121e-02
2.919388376176357269e-02
5.051478743553161621e-02
2.342440560460090637e-02
2.532387152314186096e-03
1.902341842651367188e-02
1.902530901134014130e-03
9.298734366893768311e-03
2.422852441668510437e-02
7.877874886617064476e-04
4.158115014433860779e-02
3.739687800407409668e-02
1.292309015989303589e-01
2.054798603057861328e-02
1.570240736007690430e+00
9.564929641783237457e-03
4.330321028828620911e-02
5.732595175504684448e-02
7.848915457725524902e-02
5.135658383369445801e-01
6.253520259633660316e-04
1.963050017366185784e-04
7.002047728747129440e-03
4.060976207256317139e-02
3.167446330189704895e-02
1.561122946441173553e-02
5.026368889957666397e-03
4.522953240666538477e-04
7.641256786882877350e-03
5.235843360424041748e-03
1.723081171512603760e-01
8.572351932525634766e-02
4.203571006655693054e-03
8.841358184814453125e+00
1.456203907728195190e-01
1.374827027320861816e-01
8.507285267114639282e-03
4.708563387393951416e-01
2.118751872330904007e-03
3.407449275255203247e-02
1.320277005434036255e-01
5.155571550130844116e-02
8.455903083086013794e-02
2.816272340714931488e-02
8.476126822642982006e-04
2.652708208188414574e-03
3.965322859585285187e-03
1.230079587548971176e-02
2.469541877508163452e-02
9.886621475219726562e+00
1.408572681248188019e-02
9.244152069091796875e+00
1.448176242411136627e-02
4.265783354640007019e-03
9.746270626783370972e-02
2.791246399283409119e-02
1.963029056787490845e-01
1.666227914392948151e-02
6.005294919013977051e-01
6.001262068748474121e-01
1.374475541524589062e-04
1.063694357872009277e+00
1.499511417932808399e-03
6.994564831256866455e-02
6.819085031747817993e-02
1.874093525111675262e-02
5.707266274839639664e-03
4.793468490242958069e-02
2.373864687979221344e-02
1.175105944275856018e-02
1.352855712175369263e-01
1.845060475170612335e-02
1.993514038622379303e-02
2.186889323638752103e-04
2.519404515624046326e-03
2.398813376203179359e-03
4.902647560811601579e-05
2.081694267690181732e-02
5.324414968490600586e-01
6.175776943564414978e-04
1.102462690323591232e-02
9.286788292229175568e-03
1.979659078642725945e-03
4.445789009332656860e-02
1.563430763781070709e-03
7.104405760765075684e-01
3.464549481868743896e-01
1.050095409154891968e-01
1.171707874163985252e-03
8.354941755533218384e-02
1.790572524070739746e+00
4.428110271692276001e-02
1.693128258921205997e-03
2.325757034122943878e-02
1.879126578569412231e-02
4.600175023078918457e-01
5.806770548224449158e-02
1.432980317622423172e-02
3.747055307030677795e-02
1.257510036230087280e-01
8.364604413509368896e-02
2.399129718542098999e-01
5.309117585420608521e-02
1.218134909868240356e-01
1.448455918580293655e-02
5.052291974425315857e-02
4.786028340458869934e-02
1.043556351214647293e-02
2.798313507810235023e-03
5.074926838278770447e-02
1.414454542100429535e-03
1.343301677703857422e+01
3.594543635845184326e-01
4.520032405853271484e-01
1.741866581141948700e-04
1.510533839464187622e-01
1.572878658771514893e-02
5.128215998411178589e-04
6.903409212827682495e-02
4.942089691758155823e-02
8.398730158805847168e-01
2.530394308269023895e-02
3.622488584369421005e-03
2.271643606945872307e-03
4.911211878061294556e-02
1.406060252338647842e-02
4.056251049041748047e-02
1.318375706672668457e+00
1.441749483346939087e-01
6.431000828742980957e-01
1.152657624334096909e-02
8.664774708449840546e-03
8.788210153579711914e-01
7.693119049072265625e-01
1.766526603698730469e+01
3.708748891949653625e-02
2.223991304636001587e-01
1.520908903330564499e-02
6.722901761531829834e-02
8.631512522697448730e-03
1.570214703679084778e-02
8.569570630788803101e-02
2.037303745746612549e-01
2.567686326801776886e-02
1.164714843034744263e-01
1.272112224251031876e-02
2.720649540424346924e-02
3.781434148550033569e-02
1.672290731221437454e-03
5.756572820246219635e-03
5.902156978845596313e-02
5.483353161253035069e-04
8.478064090013504028e-02
2.625866532325744629e-01
3.024218976497650146e-01
1.832105964422225952e-01
1.102859228849411011e-01
2.239688634872436523e-01
1.424627900123596191e+00
8.651909301988780499e-04
2.715913206338882446e-02
1.399320811033248901e-01
1.231439819093793631e-04
7.238982245326042175e-03
3.966096043586730957e-02
1.642947435379028320e+00
2.277892082929611206e-02
1.423793565481901169e-02
1.495258137583732605e-02
1.225280165672302246e-01
4.078884050250053406e-02
3.724606335163116455e-02
1.368334442377090454e-01
5.807955563068389893e-02
1.330154061317443848e+00
1.569543220102787018e-02
6.712161470204591751e-03
3.646139428019523621e-02
4.359677433967590332e-01
2.955500967800617218e-02
2.400145828723907471e-01
2.861499413847923279e-02
1.662134018260985613e-04
1.139637902379035950e-01
1.998443454504013062e-01
3.140948340296745300e-02
3.497942984104156494e-01
4.424645751714706421e-02
4.883348010480403900e-03
3.475415706634521484e-02
3.817508928477764130e-03
5.187169462442398071e-02
1.424249820411205292e-02
3.715433552861213684e-02
5.176969338208436966e-03
4.941808991134166718e-03
1.384935081005096436e-01
1.428958702087402344e+01
3.147823503240942955e-03
2.111219568178057671e-03
3.829167690128087997e-03
3.596948087215423584e-02
1.296487462241202593e-04
1.262064218521118164e+00
2.879763580858707428e-02
2.498410224914550781e+00
2.083112299442291260e-01
2.203797549009323120e-02
4.178191884420812130e-04
4.359033703804016113e-01
5.246400237083435059e-01
3.940002527087926865e-03
4.707949236035346985e-03
2.735020034015178680e-02
8.424506086157634854e-05
8.444088697433471680e-02
1.639379654079675674e-03
2.487325906753540039e+00
1.913026571273803711e-01
8.795334957540035248e-03
1.602295599877834320e-02
1.274464372545480728e-02
2.157102525234222412e-02
2.540749963372945786e-03
1.279405206441879272e-01
2.034171670675277710e-02
7.994744926691055298e-02
4.173094872385263443e-03
2.414955347776412964e-01
4.278247943148016930e-04
9.631338715553283691e-02
2.699820324778556824e-02
1.662082970142364502e-01
3.689059987664222717e-03
1.176126766949892044e-02
1.224671211093664169e-02
3.386845067143440247e-02
8.557502180337905884e-02
3.476174175739288330e-02
6.180184334516525269e-02
3.237033262848854065e-02
6.248524188995361328e-01
1.133957994170486927e-04
1.065639629960060120e-01
1.566444896161556244e-02
1.637634932994842529e-01
2.974829196929931641e+00
3.643868491053581238e-02
1.049532741308212280e-02
1.159449592232704163e-01
5.802828818559646606e-03
8.979911799542605877e-04
1.299454092979431152e+00
3.463510796427726746e-02
4.341403488069772720e-03
3.895230218768119812e-02
1.137770526111125946e-02
1.198090314865112305e+00
4.763915203511714935e-03
5.543012637645006180e-03
1.581565618515014648e+00
3.087460994720458984e-02
5.215468406677246094e-01
2.621490741148591042e-03
1.530733890831470490e-03
1.220590807497501373e-02
1.208725012838840485e-02
9.565746411681175232e-03
2.740876078605651855e-01
6.785519123077392578e-01
1.862252354621887207e-01
1.326016429811716080e-02
9.381179697811603546e-03
9.117072448134422302e-03
1.462747604819014668e-04
6.354773882776498795e-03
3.874261617660522461e+00
1.386988282203674316e+00
7.265232270583510399e-04
5.957531556487083435e-02
1.187221892178058624e-02
1.991818891838192940e-03
1.458482444286346436e-01
3.487498685717582703e-02
8.846523123793303967e-04
1.437406055629253387e-02
2.837662398815155029e-02
3.774584829807281494e-02
1.538751959800720215e+00
5.181973055005073547e-02
1.110628485679626465e+00
4.313291013240814209e-01
9.372807294130325317e-02
7.428777813911437988e-01
1.604306697845458984e+00
1.592955924570560455e-02
1.509185321629047394e-02
6.890504062175750732e-02
8.017264306545257568e-03
1.308735311031341553e-01
9.298857450485229492e-01
6.382045149803161621e-02
1.544175576418638229e-02
3.808180391788482666e-01
5.358967930078506470e-03
3.379974886775016785e-02
1.313825836405158043e-03
4.663736224174499512e-01
2.440999960526823997e-03
7.693857885897159576e-03
2.706237733364105225e-01
1.121870940551161766e-03
1.306564453989267349e-02
5.539028346538543701e-02
3.880920354276895523e-03
6.086124181747436523e-01
3.665591357275843620e-03
4.610438831150531769e-03
1.059914100915193558e-02
2.687172498553991318e-03
2.081382088363170624e-03
3.312849402427673340e-01
9.289897046983242035e-03
2.279326878488063812e-02
9.697430767118930817e-03
1.064394880086183548e-02
7.202777545899152756e-03
6.350381765514612198e-03
1.565383747220039368e-02
1.547590345144271851e-01
2.578846644610166550e-03
5.743195652030408382e-04
5.593174602836370468e-03
1.275175929069519043e+00
8.412924944423139095e-04
9.776853956282138824e-03
1.691489368677139282e-01
5.670876055955886841e-02
3.303128108382225037e-02
3.373154625296592712e-02
8.927762508392333984e-02
1.184775680303573608e-01
7.987709977896884084e-05
1.687334291636943817e-02
5.043910350650548935e-03
3.495425917208194733e-03
2.324796281754970551e-02
2.168393321335315704e-02
5.119470879435539246e-02
5.461367592215538025e-02
2.659221738576889038e-02
9.425461757928133011e-04
2.375342324376106262e-02
9.680590592324733734e-03
1.487668305635452271e-01
1.334510557353496552e-02
9.459095448255538940e-02
1.058633206412196159e-03
1.681639999151229858e-01
3.819806734099984169e-04
7.553640007972717285e-02
1.114386469125747681e-01
9.397952258586883545e-02
1.965479739010334015e-02
5.809973478317260742e-01
2.938922028988599777e-03
8.929475210607051849e-03
5.816211458295583725e-03
1.274035405367612839e-02
2.364187128841876984e-02
6.280300021171569824e-02
2.041074912995100021e-03
2.376868009567260742e+00
8.761659264564514160e-02
1.966412924230098724e-02
3.171982288360595703e+00
9.568320274353027344e+00
8.511221036314964294e-03
9.241927182301878929e-04
4.889291594736278057e-04
2.966951765120029449e-02
7.479995489120483398e-03
2.831361256539821625e-02
4.839201927185058594e+00
1.816626026993617415e-04
3.599696159362792969e+00
1.358314454555511475e-01
1.678951270878314972e-02
8.249094826169312000e-04
5.516923032701015472e-03
1.201962566375732422e+01
8.693443298339843750e+01
6.365598678588867188e+01
6.652306914329528809e-01
2.466425895690917969e+01
1.862199664115905762e+00
2.809978942871093750e+02
9.677921295166015625e+00
8.751305389404296875e+01
1.301597976684570312e+01
1.293153686523437500e+02
1.758598327636718750e+01
3.918258666992187500e+01
5.091963410377502441e-01
1.023893260955810547e+01
1.367208251953125000e+02
5.614683532714843750e+01
1.755747833251953125e+02
8.712682342529296875e+01
5.806125640869140625e+00
3.318872451782226562e+01
5.920947551727294922e+00
6.355285167694091797e+00
3.347403717041015625e+01
3.079974174499511719e+00
5.657119750976562500e-01
1.247784194946289062e+02
5.648184814453125000e+02
8.134840698242187500e+02
2.236235504150390625e+02
4.467303276062011719e+00
3.548408269882202148e+00
6.260173320770263672e+00
3.129176940917968750e+02
6.902023792266845703e+00
6.361838817596435547e+00
4.810951352119445801e-01
6.002216041088104248e-02
3.107292413711547852e+00
9.908270263671875000e+01
8.971075439453125000e+02
1.763956451416015625e+01
8.216864466667175293e-01
4.572711486816406250e+02
1.415022754669189453e+01
1.440492401123046875e+02
7.624472045898437500e+01
9.646761894226074219e+00
5.931485891342163086e-01
5.861863403320312500e+02
1.378618927001953125e+02
2.135607147216796875e+01
1.016457557678222656e+01
1.765719413757324219e+01
3.442623853683471680e+00
7.369632720947265625e+00
4.639771461486816406e+00
3.738321959972381592e-01
1.513284683227539062e+01
9.422763061523437500e+02
1.854359741210937500e+02
4.897494506835937500e+02
4.906791687011718750e+00
3.888090133666992188e+01
4.469943523406982422e+00
1.804061889648437500e+01
5.151373672485351562e+01
1.192342773437500000e+03
3.020778503417968750e+02
3.157258987426757812e+01
5.977652594447135925e-02
6.971784210205078125e+01
9.364547729492187500e-01
1.026530914306640625e+02
6.325734615325927734e+00
7.925599098205566406e+00
7.728955745697021484e-01
9.061996459960937500e+00
2.187500915527343750e+02
3.265037536621093750e+01
2.672165489196777344e+01
4.579271316528320312e+00
7.489784717559814453e+00
2.548612403869628906e+01
7.153471946716308594e+00
2.437406921386718750e+01
9.255511313676834106e-02
9.016744613647460938e+00
1.151680850982666016e+01
2.967130661010742188e+00
9.340259552001953125e+00
3.596840286254882812e+01
3.733091354370117188e+01
1.060631656646728516e+01
9.266004180908203125e+01
1.154303970336914062e+02
3.612495422363281250e+00
6.333067626953125000e+02
7.755503058433532715e-01
2.092628631591796875e+02
1.672112941741943359e+00
1.917904663085937500e+01
2.186114549636840820e+00
1.330310516357421875e+02
3.903321456909179688e+01
7.702287292480468750e+01
2.186561107635498047e+00
1.824859497070312500e+03
2.812770080566406250e+02
7.983055710792541504e-01
3.566773831844329834e-01
4.798169555664062500e+02
1.571581115722656250e+02
1.241266846656799316e+00
2.860473823547363281e+01
9.909706878662109375e+01
5.612699890136718750e+01
1.440274047851562500e+01
6.362415695190429688e+01
1.382163047790527344e+01
1.254718933105468750e+02
4.684676269531250000e+03
2.300877685546875000e+02
1.132121276855468750e+02
1.719985842704772949e+00
1.483894500732421875e+02
1.714452934265136719e+01
2.799880504608154297e+00
5.464641723632812500e+02
7.408891296386718750e+01
2.127516479492187500e+02
1.595729064941406250e+01
3.263258337974548340e-01
1.739552307128906250e+01
1.660861730575561523e+00
2.993912935256958008e+00
1.519365310668945312e+00
2.498954925537109375e+02
3.103141174316406250e+02
2.805487060546875000e+02
2.723764419555664062e+01
2.053799867630004883e+00
3.790393981933593750e+02
1.783910560607910156e+01
5.097933654785156250e+02
2.737465286254882812e+01
2.726919250488281250e+02
1.424228787422180176e+00
3.089784622192382812e+01
9.105769042968750000e+02
4.480551481246948242e-01
4.039754943847656250e+02
4.766201782226562500e+01
3.761127889156341553e-01
9.915705108642578125e+01
2.581077384948730469e+01
2.059244871139526367e+00
8.456088900566101074e-01
5.083554267883300781e+00
1.772824168205261230e+00
8.462276611328125000e+02
1.303544616699218750e+02
1.330160827636718750e+02
2.817148399353027344e+01
1.568258209228515625e+02
5.193892288208007812e+01
4.038256454467773438e+01
2.509429473876953125e+02
5.827302856445312500e+02
7.580075740814208984e+00
9.129741668701171875e+00
7.817580566406250000e+02
1.265060663223266602e+00
4.632254123687744141e+00
2.542242126464843750e+02
1.981467819213867188e+01
6.867903709411621094e+00
4.671512603759765625e+01
2.345510721206665039e+00
1.651961898803710938e+01
6.748096942901611328e+00
1.781256294250488281e+01
3.113569641113281250e+02
3.961666822433471680e+00
1.590864160156250000e+04
3.786129474639892578e+00
4.606901407241821289e-01
1.680667877197265625e+01
2.933192443847656250e+02
4.525368118286132812e+01
2.262544393539428711e+00
1.751030731201171875e+02
6.077581882476806641e+00
4.803622436523437500e+01
1.017118453979492188e+02
1.761125445365905762e+00
5.141040420532226562e+01
8.486608862876892090e-01
3.442961692810058594e+00
1.945500135421752930e+00
1.131301784515380859e+01
6.517477512359619141e+00
6.304119586944580078e+00
4.241131973266601562e+01
4.211262512207031250e+01
7.160459756851196289e-01
3.480647659301757812e+01
4.706013183593750000e+02
4.663102149963378906e+00
2.434001541137695312e+01
7.551049232482910156e+00
1.975162386894226074e+00
9.685766696929931641e-01
3.321809326171875000e+03
1.459142780303955078e+01
2.740475769042968750e+02
5.699400424957275391e+00
2.515557556152343750e+02
1.032516956329345703e+00
1.874790954589843750e+02
2.581300292968750000e+03
8.064230531454086304e-02
2.161128759384155273e+00
5.164141845703125000e+02
2.946803808212280273e+00
8.389363403320312500e+02
3.104182004928588867e+00
1.401738834381103516e+01
4.881632804870605469e+00
1.033549118041992188e+01
1.066681817173957825e-01
8.174348831176757812e+00
1.764226794242858887e+00
2.872787170410156250e+02
4.039903259277343750e+01
1.557668876647949219e+01
4.318868160247802734e+00
1.962710952758789062e+01
1.375218486785888672e+01
1.200636744499206543e+00
3.027963256835937500e+02
7.205749511718750000e+01
1.245646095275878906e+01
1.481777858734130859e+01
1.039387435913085938e+02
6.846904754638671875e+01
1.560856628417968750e+02
4.508025646209716797e-01
2.924076171875000000e+03
7.447960853576660156e+00
5.773372268676757812e+01
2.524313545227050781e+01
9.657358527183532715e-01
3.970590820312500000e+02
7.245824432373046875e+01
6.457700133323669434e-01
3.420999755859375000e+02
4.484836959838867188e+01
3.965129137039184570e+00
1.548274414062500000e+03
5.056447601318359375e+01
5.271266174316406250e+01
5.034801101684570312e+01
3.440724487304687500e+02
1.160283126831054688e+02
9.303960418701171875e+01
2.083919715881347656e+01
6.575944213867187500e+02
3.136587440967559814e-01
7.901358604431152344e+00
4.222598571777343750e+02
1.334974384307861328e+01
2.847652587890625000e+02
1.122210144996643066e+00
5.300308465957641602e-01
3.723339462280273438e+01
5.338562488555908203e+00
4.843630313873291016e+00
5.907790374755859375e+01
5.629356503486633301e-01
1.257854938507080078e+01
3.132923841476440430e+00
5.332068443298339844e+00
2.422586441040039062e+01
8.715154528617858887e-01
1.128283739089965820e+00
4.586403503417968750e+02
1.218550415039062500e+03
1.943781852722167969e+00
1.416083831787109375e+02
1.725543403625488281e+01
6.992579936981201172e+00
2.486861083984375000e+03
4.809954166412353516e+00
9.359934997558593750e+01
2.030884361267089844e+01
1.911521720886230469e+01
5.651684570312500000e+02
1.270400524139404297e+01
1.026624450683593750e+02
3.854812622070312500e+02
7.879589080810546875e+01
3.982698059082031250e+01
2.773488464355468750e+02
2.636480331420898438e+01
2.926625013351440430e+00
5.477103042602539062e+01
1.220610713958740234e+01
1.286257266998291016e+01
8.986265869140625000e+02
5.108438415527343750e+02
3.836127624511718750e+02
4.320834655761718750e+02
6.621597290039062500e+00
3.565243482589721680e+00
8.263529539108276367e-01
2.199803924560546875e+01
1.065555667877197266e+01
7.954589366912841797e+00
1.599984884262084961e+00
5.166796684265136719e+00
8.452380895614624023e-01
1.308413848876953125e+02
4.229801940917968750e+01
4.982595062255859375e+01
1.734850158691406250e+02
1.194410324096679688e+01
4.440029144287109375e+01
1.537084674835205078e+01
7.855582714080810547e+00
2.795265018939971924e-01
5.386951171875000000e+03
9.743347167968750000e+02
8.809262084960937500e+01
1.308438110351562500e+02
6.223387145996093750e+01
5.559202270507812500e+02
3.162700843811035156e+01
9.868716239929199219e+00
2.713672065734863281e+01
1.767931461334228516e+00
4.770683288574218750e+01
8.312700805664062500e+02
4.194655609130859375e+01
6.483393669128417969e+00
3.422201156616210938e+00
8.903855133056640625e+01
7.183039550781250000e+02
5.855384445190429688e+01
1.426990222930908203e+01
1.364562606811523438e+01
1.094775125384330750e-01
9.403925389051437378e-02
2.323505973815917969e+01
1.524798297882080078e+01
4.855288982391357422e+00
8.814522743225097656e+00
1.155268173217773438e+02
3.450228881835937500e+01
7.887457275390625000e+01
3.358567714691162109e+00
1.787681698799133301e+00
5.568441867828369141e+00
1.741087913513183594e+01
8.417548828125000000e+02
1.845194220542907715e+00
6.519013214111328125e+01
5.404298305511474609e-01
4.846991539001464844e+00
2.057582139968872070e-01
1.170058727264404297e+01
2.452064453125000000e+03
1.559885839843750000e+04
2.997523546218872070e+00
9.138077545166015625e+01
5.029241561889648438e+01
4.355249404907226562e+00
1.239052505493164062e+02
4.095863342285156250e+02
3.590482950210571289e+00
3.999615669250488281e+00
9.440589904785156250e+00
6.432697296142578125e+01
1.619329643249511719e+01
6.336290359497070312e+00
1.903484954833984375e+02
6.381801147460937500e+02
7.332723617553710938e+00
2.952933073043823242e+00
2.602445125579833984e+00
1.247647933959960938e+02
2.983820438385009766e+00
1.228026485443115234e+01
2.351871337890625000e+02
1.511290454864501953e+01
4.251806335449218750e+02
8.256132202148437500e+02
1.184131088256835938e+02
1.509011745452880859e+00
3.092374992370605469e+01
