1.224861070513725281e-01
2.102099955081939697e-01
1.584888435900211334e-02
3.764644498005509377e-03
2.890510857105255127e-02
2.169039487838745117e+00
2.078076265752315521e-02
6.905631162226200104e-03
2.211566455662250519e-02
2.782349884510040283e-01
6.731261312961578369e-02
6.178110092878341675e-02
1.147576794028282166e-01
2.498826012015342712e-02
6.050611380487680435e-03
3.892228007316589355e-02
2.373516559600830078e-03
2.472412027418613434e-02
4.871507734060287476e-02
3.100736998021602631e-03
2.189642004668712616e-02
3.073705919086933136e-02
1.114217489957809448e-01
1.910277828574180603e-02
3.014642715454101562e+00
9.116867557168006897e-03
5.067951232194900513e-02
1.865411549806594849e-01
1.214677318930625916e-01
7.766456007957458496e-01
1.808011904358863831e-03
7.097836933098733425e-04
2.368835732340812683e-02
9.917302429676055908e-02
2.470531873404979706e-02
4.538067057728767395e-02
1.140207517892122269e-02
7.156600477173924446e-04
1.875185407698154449e-02
1.119136437773704529e-02
2.317229509353637695e-01
1.470242738723754883e-01
1.652115397155284882e-02
4.397830009460449219e+00
1.731984764337539673e-01
1.421888619661331177e-01
1.460436638444662094e-02
7.545528411865234375e-01
1.753805438056588173e-03
1.420121639966964722e-01
1.250889897346496582e-01
1.070297509431838989e-01
1.517673730850219727e-01
4.174618422985076904e-02
2.122982172295451164e-03
3.999442793428897858e-03
5.423828959465026855e-03
4.848056659102439880e-02
3.105814196169376373e-02
1.134644794464111328e+01
1.466245669871568680e-02
7.897051334381103516e+00
1.354632433503866196e-02
1.998068206012248993e-02
1.229423731565475464e-01
1.282555907964706421e-01
4.598317146301269531e-01
4.132653772830963135e-02
1.049568057060241699e+00
7.419470548629760742e-01
2.423402911517769098e-04
5.774772763252258301e-01
5.041099153459072113e-03
3.803822696208953857e-01
1.002447232604026794e-01
1.930884644389152527e-02
1.235256157815456390e-02
6.136515364050865173e-02
2.351552620530128479e-02
1.534985005855560303e-02
3.188458681106567383e-01
2.866903692483901978e-02
7.015784084796905518e-02
6.690524751320481300e-04
3.665787167847156525e-03
4.861937370151281357e-03
1.467447873437777162e-04
2.180572971701622009e-02
1.002447366714477539e+00
8.456216892227530479e-04
1.500831265002489090e-02
2.709865011274814606e-02
6.521536968648433685e-03
3.856641426682472229e-02
8.620702661573886871e-03
9.639036655426025391e-01
2.326488792896270752e-01
3.686429858207702637e-01
3.301450982689857483e-03
1.113765686750411987e-01
3.230722904205322266e+00
7.087584584951400757e-02
4.123453982174396515e-03
2.650105021893978119e-02
2.050610259175300598e-02
2.838627099990844727e-01
6.142344325780868530e-02
3.520665317773818970e-02
2.175676524639129639e-01
1.735931932926177979e-01
3.316789865493774414e-02
2.121427059173583984e-01
7.311826199293136597e-02
2.922213971614837646e-01
1.981288194656372070e-02
7.535909116268157959e-02
6.034837663173675537e-02
2.808584645390510559e-02
6.507219746708869934e-03
3.277598693966865540e-02
3.606325713917613029e-03
3.480905914306640625e+01
4.530934691429138184e-01
1.036912202835083008e+00
7.376357098110020161e-04
1.240763366222381592e-01
1.663012430071830750e-02
7.186875445768237114e-04
1.786476075649261475e-01
4.670912027359008789e-02
6.633501648902893066e-01
4.858653619885444641e-02
7.525993976742029190e-03
2.301648724824190140e-03
5.055792257189750671e-02
1.219061110168695450e-02
2.626084908843040466e-02
1.360171914100646973e+00
2.330018430948257446e-01
9.427229762077331543e-01
2.019047178328037262e-02
1.215509884059429169e-02
1.092853069305419922e+00
8.107290267944335938e-01
9.123857498168945312e+00
9.391344338655471802e-02
3.825348019599914551e-01
5.741733685135841370e-02
1.897700577974319458e-01
3.435825929045677185e-02
1.978329941630363464e-02
3.424825668334960938e-01
1.878128945827484131e-01
6.284683197736740112e-02
2.029315978288650513e-01
4.314194619655609131e-02
2.529907599091529846e-02
4.411193728446960449e-02
1.447095884941518307e-03
5.488498602062463760e-03
1.420148760080337524e-01
4.347641486674547195e-03
7.784575223922729492e-02
1.541494578123092651e-01
8.130238652229309082e-01
2.930812537670135498e-01
2.755111455917358398e-01
2.421552985906600952e-01
2.403492212295532227e+00
3.193641547113656998e-03
9.959524124860763550e-02
2.052248865365982056e-01
9.555288124829530716e-04
1.262157224118709564e-02
5.693205818533897400e-02
1.101965546607971191e+00
2.751775458455085754e-02
2.949230559170246124e-02
2.324227057397365570e-02
4.376834332942962646e-01
9.399144351482391357e-02
4.779517278075218201e-02
1.616372764110565186e-01
6.435838341712951660e-02
1.095422625541687012e+00
4.378148168325424194e-02
1.472347322851419449e-02
2.914622984826564789e-02
5.162351131439208984e-01
3.529708832502365112e-02
5.457387566566467285e-01
3.362772613763809204e-02
3.638267517089843750e-04
6.518422067165374756e-02
1.335296481847763062e-01
5.926474928855895996e-02
2.265823781490325928e-01
3.164320439100265503e-02
6.545437965542078018e-03
1.594395339488983154e-01
3.733424702659249306e-03
6.954187899827957153e-02
3.109213523566722870e-02
5.980616062879562378e-02
1.508759427815675735e-02
1.154523994773626328e-02
8.895935863256454468e-02
9.663130760192871094e+00
3.634045599028468132e-03
3.228142391890287399e-03
7.046656217426061630e-03
4.048003628849983215e-02
3.758278908208012581e-04
1.380761861801147461e+00
4.199250042438507080e-02
1.850543856620788574e+00
5.890985727310180664e-01
3.072792291641235352e-02
7.981263916008174419e-04
8.088709115982055664e-01
8.703738451004028320e-01
4.303738474845886230e-03
1.345417276024818420e-02
2.981625683605670929e-02
1.413287536706775427e-04
1.550317853689193726e-01
2.734579145908355713e-03
2.198112249374389648e+00
1.196173131465911865e-01
1.092578005045652390e-02
1.776414178311824799e-02
2.175181172788143158e-02
1.950310356914997101e-02
6.537658628076314926e-03
5.185495316982269287e-02
1.185513734817504883e-01
6.057124212384223938e-02
5.000528879463672638e-03
2.839773297309875488e-01
1.091441255994141102e-03
2.391413003206253052e-01
3.307949751615524292e-02
1.888028830289840698e-01
6.127038970589637756e-03
1.167368609458208084e-02
1.597954146564006805e-02
6.869399547576904297e-02
5.729199573397636414e-02
4.985462129116058350e-02
6.609908491373062134e-02
4.611902311444282532e-02
8.944614529609680176e-01
3.293599875178188086e-04
1.798133701086044312e-01
6.142452731728553772e-02
1.551477909088134766e-01
2.439888000488281250e+00
1.321109235286712646e-01
1.394947245717048645e-02
7.147239893674850464e-02
1.211751252412796021e-02
2.581238280981779099e-03
9.501515626907348633e-01
6.671096384525299072e-02
9.720128960907459259e-03
2.069026976823806763e-01
5.236300639808177948e-03
1.496159791946411133e+00
2.050848212093114853e-03
1.498497929424047470e-02
3.707694530487060547e+00
1.154166236519813538e-01
3.347562551498413086e-01
4.241959657520055771e-03
1.917399582453072071e-03
1.875891536474227905e-02
2.716815471649169922e-02
1.718173176050186157e-02
2.983435094356536865e-01
6.956315636634826660e-01
3.654782772064208984e-01
4.521613195538520813e-02
2.196110412478446960e-02
1.574799790978431702e-02
4.019521002192050219e-04
2.016872540116310120e-02
5.595039844512939453e+00
1.597188234329223633e+00
3.451668191701173782e-03
6.991423666477203369e-02
2.478411793708801270e-02
5.698729772120714188e-03
3.023270368576049805e-01
3.461407497525215149e-02
1.990890130400657654e-03
1.403148751705884933e-02
2.522273175418376923e-02
5.885132029652595520e-02
1.472512602806091309e+00
1.568640172481536865e-01
3.063169717788696289e+00
2.909062206745147705e-01
2.448965907096862793e-01
1.447487354278564453e+00
1.324556827545166016e+00
2.807690948247909546e-02
1.312984805554151535e-02
1.789997071027755737e-01
3.720970824360847473e-02
1.583594083786010742e-01
1.147790312767028809e+00
1.360050737857818604e-01
4.322411492466926575e-02
2.781978547573089600e-01
1.315177977085113525e-02
4.170031473040580750e-02
3.177564358338713646e-03
1.077253818511962891e+00
2.788741141557693481e-03
1.263766363263130188e-02
1.421267688274383545e-01
1.326433732174336910e-03
3.331238776445388794e-02
1.482620984315872192e-01
1.493451092392206192e-02
2.325703620910644531e+00
5.351024214178323746e-03
4.996055271476507187e-03
2.713252045214176178e-02
7.446007337421178818e-03
1.815875177271664143e-03
1.091288208961486816e+00
1.841583289206027985e-02
3.687918558716773987e-02
1.763492822647094727e-02
2.015500143170356750e-02
2.052672021090984344e-02
1.324766315519809723e-02
3.691663593053817749e-02
2.020205706357955933e-01
1.878236979246139526e-02
7.300452562049031258e-04
7.491203490644693375e-03
8.219567537307739258e-01
1.253515598364174366e-03
1.424798741936683655e-02
3.085207343101501465e-01
3.828760385513305664e-01
3.451394289731979370e-02
9.972162544727325439e-02
1.715072542428970337e-01
1.003141552209854126e-01
2.253061684314161539e-04
2.236089669167995453e-02
2.782508358359336853e-02
5.789943039417266846e-03
2.643349394202232361e-02
6.644438207149505615e-02
8.728838711977005005e-02
1.593223363161087036e-01
3.395040705800056458e-02
3.135809907689690590e-03
6.816765666007995605e-02
1.995533145964145660e-02
4.437364339828491211e-01
2.314454317092895508e-02
1.447563171386718750e-01
2.238146960735321045e-03
3.484382927417755127e-01
8.961445419117808342e-04
8.261715620756149292e-02
5.678462237119674683e-02
1.775447607040405273e+00
5.423190444707870483e-02
6.953320503234863281e-01
4.712962545454502106e-03
1.401765085756778717e-02
1.035389397293329239e-02
1.003890857100486755e-02
3.043211251497268677e-02
6.446807086467742920e-02
5.748766008764505386e-03
8.825380802154541016e-01
2.352990806102752686e-01
5.761058628559112549e-02
4.498192787170410156e+00
1.698950195312500000e+01
1.541008893400430679e-02
6.294383201748132706e-03
4.443342040758579969e-04
7.214882224798202515e-02
2.413881383836269379e-02
5.200646445155143738e-02
6.012683391571044922e+00
6.806539022363722324e-04
4.119158267974853516e+00
2.583281397819519043e-01
1.804447919130325317e-02
4.697573371231555939e-03
9.135732427239418030e-03
1.589998722076416016e+01
3.876921844482421875e+01
3.629844665527343750e+01
4.153961241245269775e-01
1.431289577484130859e+01
1.628010749816894531e+00
2.095605316162109375e+02
8.072348594665527344e+00
7.389845275878906250e+01
1.159337139129638672e+01
7.079416656494140625e+01
2.425281906127929688e+01
1.352213382720947266e+01
6.896604299545288086e-01
1.169177055358886719e+01
4.470984649658203125e+01
1.928478622436523438e+01
1.936452636718750000e+02
2.236978912353515625e+01
4.218676567077636719e+00
9.751447677612304688e+00
5.527815818786621094e+00
8.388982772827148438e+00
1.744507598876953125e+01
1.076797485351562500e+01
1.115652441978454590e+00
4.180321884155273438e+01
4.277000427246093750e+02
3.960991821289062500e+02
6.701535034179687500e+01
2.211757421493530273e+00
2.528567552566528320e+00
2.592810630798339844e+00
2.987472229003906250e+02
2.780437469482421875e+00
6.706958293914794922e+00
5.816885828971862793e-01
1.197870969772338867e-01
2.034116029739379883e+00
6.171080017089843750e+01
1.135314697265625000e+03
2.235650634765625000e+01
5.333693623542785645e-01
2.309453582763671875e+02
1.223062419891357422e+01
1.649041442871093750e+02
9.344433593750000000e+01
1.141106128692626953e+01
1.187943100929260254e+00
2.711745605468750000e+02
5.744532775878906250e+01
1.548263263702392578e+01
1.339109230041503906e+01
4.505076980590820312e+01
3.378224372863769531e+00
3.249350547790527344e+00
3.242811441421508789e+00
9.618739485740661621e-01
5.520251750946044922e+00
3.378853759765625000e+02
6.083839416503906250e+01
3.063400268554687500e+02
2.176486015319824219e+00
1.941483116149902344e+01
3.653864145278930664e+00
1.812227630615234375e+01
3.127124404907226562e+01
7.833446655273437500e+02
9.734732666015625000e+02
2.394264221191406250e+01
7.598368078470230103e-02
2.725367546081542969e+01
1.611861705780029297e+00
9.516829681396484375e+01
8.134442329406738281e+00
9.224016189575195312e+00
4.004758000373840332e-01
4.264238834381103516e+00
4.799073410034179688e+01
2.840420341491699219e+01
2.148659133911132812e+01
3.136900424957275391e+00
9.651650428771972656e+00
1.440510272979736328e+01
1.132706832885742188e+01
6.712419986724853516e+00
1.611744314432144165e-01
1.663851356506347656e+01
1.661306953430175781e+01
1.693776845932006836e+00
4.272157192230224609e+00
6.500909423828125000e+01
4.237893295288085938e+01
1.625687789916992188e+01
5.326011657714843750e+01
3.209193038940429688e+01
4.792235851287841797e+00
1.427766967773437500e+03
1.670793890953063965e+00
3.939402008056640625e+01
1.157836914062500000e+00
7.151545047760009766e+00
7.246915698051452637e-01
8.049089050292968750e+01
1.602327919006347656e+01
2.835808181762695312e+01
3.404883384704589844e+00
3.933521423339843750e+02
3.456087341308593750e+02
2.348298072814941406e+00
1.902083307504653931e-01
1.122686157226562500e+02
4.061292266845703125e+01
4.317730903625488281e+00
3.317974472045898438e+01
5.701106262207031250e+01
1.836551094055175781e+01
1.072657489776611328e+01
3.508570098876953125e+01
1.485974121093750000e+01
4.505415344238281250e+01
4.546397949218750000e+03
1.626699676513671875e+02
4.983398056030273438e+01
2.226535558700561523e+00
1.396929016113281250e+02
1.065824985504150391e+01
2.142493724822998047e+00
4.897403259277343750e+02
9.251368713378906250e+01
5.726946640014648438e+01
1.103673934936523438e+01
2.575097978115081787e-01
6.078933238983154297e+00
1.265945434570312500e+00
2.287353754043579102e+00
4.665875911712646484e+00
1.527078094482421875e+02
7.692739868164062500e+01
1.496101989746093750e+02
3.641435623168945312e+01
9.987651109695434570e-01
3.173535461425781250e+02
2.030352783203125000e+01
1.720057983398437500e+02
2.150889205932617188e+01
3.200703735351562500e+02
1.155984163284301758e+00
3.054455947875976562e+01
2.458461456298828125e+02
6.610873341560363770e-01
2.894185485839843750e+02
6.324563217163085938e+01
7.589430212974548340e-01
1.157062072753906250e+02
1.147406482696533203e+01
1.397192239761352539e+00
1.069092035293579102e+00
1.218638062477111816e+00
1.105739831924438477e+00
4.508009033203125000e+02
1.203966293334960938e+02
1.075192642211914062e+02
1.419520187377929688e+01
7.007617187500000000e+01
8.954423904418945312e+00
3.831857681274414062e+01
8.181635284423828125e+01
3.927040710449218750e+02
2.407268285751342773e+00
1.169041824340820312e+01
3.663290710449218750e+02
1.850080728530883789e+00
4.749423503875732422e+00
1.119101333618164062e+02
1.901039314270019531e+01
5.331626892089843750e+00
2.589903450012207031e+01
2.405508041381835938e+00
1.552361965179443359e+01
3.179155111312866211e+00
2.863120460510253906e+01
1.244984970092773438e+02
5.502032041549682617e-01
4.099235839843750000e+03
8.609000205993652344e+00
1.250083804130554199e+00
9.887413978576660156e+00
1.368974151611328125e+02
2.761471176147460938e+01
1.658489584922790527e+00
3.217615890502929688e+01
4.357888698577880859e+00
3.847208404541015625e+01
3.555460739135742188e+01
6.310133337974548340e-01
2.990778923034667969e+01
1.100091576576232910e+00
1.208324909210205078e+00
2.445681571960449219e+00
8.918778419494628906e+00
2.775066137313842773e+00
5.901529788970947266e+00
2.281222152709960938e+01
6.166973495483398438e+01
5.400604605674743652e-01
1.087075042724609375e+01
1.534630279541015625e+02
5.253903865814208984e+00
1.986380577087402344e+01
1.080027103424072266e+01
2.790267467498779297e+00
1.081437468528747559e+00
1.534248413085937500e+03
1.542841339111328125e+01
7.496768188476562500e+01
7.327720165252685547e+00
2.505433654785156250e+02
1.138770222663879395e+00
1.207455520629882812e+02
1.739655639648437500e+03
1.669321209192276001e-01
1.333652257919311523e+00
2.255916290283203125e+02
1.650230407714843750e+00
2.652255859375000000e+02
3.254795789718627930e+00
1.263885211944580078e+01
2.436307907104492188e+00
9.265016555786132812e+00
1.852513998746871948e-01
1.211136722564697266e+01
1.291682720184326172e+00
8.763072204589843750e+01
8.554920196533203125e+00
3.496062088012695312e+01
1.632293462753295898e+00
8.284103393554687500e+00
1.170016956329345703e+01
8.611771464347839355e-01
2.425829010009765625e+02
2.180838966369628906e+01
7.783517837524414062e+00
5.390075206756591797e+00
4.306098556518554688e+01
6.367453765869140625e+01
1.072249145507812500e+02
3.694194853305816650e-01
6.348166503906250000e+02
4.673544406890869141e+00
1.747676849365234375e+01
2.942558479309082031e+01
1.759399890899658203e+00
1.135722885131835938e+02
4.787844848632812500e+01
1.519200086593627930e+00
5.697470092773437500e+01
2.151244163513183594e+01
2.463106870651245117e+00
4.606490783691406250e+02
2.450904083251953125e+01
4.209149551391601562e+01
2.580915069580078125e+01
2.149149932861328125e+02
5.230411911010742188e+01
7.320298767089843750e+01
1.758417510986328125e+01
1.855707702636718750e+02
1.928068399429321289e-01
7.200176715850830078e+00
6.409009399414062500e+02
3.092737007141113281e+01
1.480178070068359375e+02
7.355144023895263672e-01
2.943587005138397217e-01
1.959960556030273438e+01
9.551453590393066406e+00
7.601027011871337891e+00
2.777884483337402344e+01
1.736340880393981934e+00
9.554460525512695312e+00
3.732444286346435547e+00
3.553825616836547852e+00
1.720134925842285156e+01
8.235828876495361328e-01
2.068168163299560547e+00
3.114534912109375000e+02
3.508449707031250000e+02
2.576814174652099609e+00
6.011721801757812500e+01
2.417099189758300781e+01
5.408444881439208984e+00
2.260685791015625000e+03
4.041105270385742188e+00
4.348119735717773438e+01
1.177542686462402344e+01
1.708246040344238281e+01
2.190529937744140625e+02
9.724682807922363281e+00
7.358740234375000000e+01
1.168365631103515625e+02
5.647317886352539062e+01
2.873550033569335938e+01
4.146492309570312500e+02
1.173820495605468750e+01
7.410912036895751953e+00
1.014895706176757812e+02
1.116373538970947266e+01
8.756852149963378906e+00
3.974169006347656250e+02
2.264804077148437500e+02
1.713585815429687500e+02
6.604653930664062500e+02
2.521220922470092773e+00
5.165563106536865234e+00
6.578019857406616211e-01
7.726060390472412109e+00
1.087951660156250000e+01
4.085316181182861328e+00
1.362212419509887695e+00
3.253047227859497070e+00
1.178183436393737793e+00
2.284605560302734375e+02
2.014470863342285156e+01
7.884004974365234375e+01
1.396737823486328125e+02
6.816771984100341797e+00
3.805526733398437500e+01
2.322779273986816406e+01
1.814785957336425781e+01
8.581176996231079102e-01
1.949792236328125000e+03
3.231518859863281250e+02
2.027660751342773438e+01
7.009842681884765625e+01
4.893612289428710938e+01
4.987394409179687500e+02
2.396077919006347656e+01
2.382448911666870117e+00
2.052781867980957031e+01
9.040963053703308105e-01
3.344029998779296875e+01
3.596045532226562500e+02
1.564394092559814453e+01
4.189682006835937500e+00
2.969220638275146484e+00
8.512821960449218750e+01
6.523684082031250000e+02
3.679365539550781250e+01
2.127542877197265625e+01
1.938644981384277344e+01
2.307222485542297363e-01
6.946418434381484985e-02
2.311065673828125000e+01
1.036227130889892578e+01
4.793432712554931641e+00
1.230139541625976562e+01
9.349394226074218750e+01
5.562895965576171875e+01
4.262341308593750000e+01
1.779772520065307617e+00
1.395370125770568848e+00
4.797211647033691406e+00
6.424068450927734375e+00
3.116712951660156250e+02
3.142071247100830078e+00
4.590526580810546875e+01
3.301130831241607666e-01
5.587086200714111328e+00
2.154915779829025269e-01
6.165925502777099609e+00
6.244942626953125000e+02
1.788272851562500000e+04
4.232921123504638672e+00
6.168267440795898438e+01
1.113531589508056641e+01
3.916306734085083008e+00
5.174736404418945312e+01
1.716035614013671875e+02
1.883759379386901855e+00
2.976520776748657227e+00
1.030672454833984375e+01
6.619446563720703125e+01
2.340159416198730469e+01
5.279394149780273438e+00
1.421128082275390625e+02
9.558297729492187500e+02
6.982226371765136719e+00
2.486889362335205078e+00
2.359445095062255859e+00
8.097849273681640625e+01
1.627372860908508301e+00
4.825940132141113281e+00
2.327765502929687500e+02
2.318927001953125000e+01
1.247978744506835938e+02
9.430053710937500000e+02
5.752791976928710938e+01
1.442745208740234375e+00
4.828284835815429688e+01
