8.047255873680114746e-02
2.246672511100769043e-01
5.352893471717834473e-02
3.313018474727869034e-03
6.225593388080596924e-02
8.160798549652099609e-01
2.926654182374477386e-02
1.214343681931495667e-02
7.280417531728744507e-02
1.650793850421905518e-01
1.722737997770309448e-01
7.077974826097488403e-02
1.107817068696022034e-01
1.889548450708389282e-02
1.613116450607776642e-02
6.313122063875198364e-02
4.046878311783075333e-03
3.585203737020492554e-02
2.695341408252716064e-02
1.228768751025199890e-02
1.375376340001821518e-02
1.791056245565414429e-02
1.958537697792053223e-01
3.190932050347328186e-02
4.161067485809326172e+00
1.217677816748619080e-02
3.756583482027053833e-02
1.837537586688995361e-01
3.077548742294311523e-01
1.459818482398986816e+00
3.627015277743339539e-03
1.193336211144924164e-03
7.002497464418411255e-02
2.091549038887023926e-01
1.904391683638095856e-02
2.424660474061965942e-01
1.919629983603954315e-02
2.011009724810719490e-03
6.654127687215805054e-02
2.506061829626560211e-02
6.278240084648132324e-01
1.910773664712905884e-01
3.743510320782661438e-02
4.230660438537597656e+00
2.631290853023529053e-01
1.404630988836288452e-01
2.758157812058925629e-02
1.394391298294067383e+00
2.755568129941821098e-03
4.085489511489868164e-01
1.440417319536209106e-01
6.408687680959701538e-02
4.443507492542266846e-01
7.611498981714248657e-02
3.992687910795211792e-03
7.039673626422882080e-03
9.794072248041629791e-03
1.235481500625610352e-01
2.584303170442581177e-02
2.055451965332031250e+01
1.726540364325046539e-02
6.456027507781982422e+00
1.755292154848575592e-02
2.952422574162483215e-02
1.773097068071365356e-01
2.088304609060287476e-01
4.876601099967956543e-01
7.310228049755096436e-02
2.086308956146240234e+00
9.074971675872802734e-01
3.020541626028716564e-04
7.068598270416259766e-01
6.789769977331161499e-03
9.427705407142639160e-01
1.565126925706863403e-01
4.468027129769325256e-02
1.754371821880340576e-02
4.078289866447448730e-02
3.016257099807262421e-02
3.725982829928398132e-02
4.708458781242370605e-01
3.383946791291236877e-02
1.018490567803382874e-01
2.162456745281815529e-03
6.081039551645517349e-03
5.718175787478685379e-03
2.474900684319436550e-04
2.813131734728813171e-02
9.689315557479858398e-01
1.476346049457788467e-03
1.884987764060497284e-02
6.926787644624710083e-02
1.565948873758316040e-02
6.103460863232612610e-02
2.844228409230709076e-02
7.369234561920166016e-01
2.256060093641281128e-01
5.841819643974304199e-01
1.042903214693069458e-02
1.847610622644424438e-01
1.072438478469848633e+00
6.045142561197280884e-02
6.812078412622213364e-03
3.010587207973003387e-02
5.044161528348922729e-02
3.203163444995880127e-01
8.058973401784896851e-02
9.369337558746337891e-02
5.834702849388122559e-01
7.506378740072250366e-02
1.922738738358020782e-02
1.567600220441818237e-01
1.551228463649749756e-01
6.854113340377807617e-01
4.681096225976943970e-02
9.604816138744354248e-02
1.050976067781448364e-01
2.494024485349655151e-02
7.036240771412849426e-03
2.136697247624397278e-02
3.018177812919020653e-03
3.814934539794921875e+01
4.825588166713714600e-01
1.119849920272827148e+00
1.126103918068110943e-03
5.469964444637298584e-02
2.167821116745471954e-02
1.031285850331187248e-03
2.101523429155349731e-01
6.032761931419372559e-02
7.334337234497070312e-01
1.385380178689956665e-01
9.262734092772006989e-03
2.799879061058163643e-03
3.472334891557693481e-02
8.966395631432533264e-03
2.509289234876632690e-02
1.116068720817565918e+00
1.510468125343322754e-01
1.023219943046569824e+00
5.566188320517539978e-02
2.044093236327171326e-02
3.723557472229003906e+00
1.075066566467285156e+00
5.939152717590332031e+00
1.346382945775985718e-01
2.886649370193481445e-01
6.930669397115707397e-02
1.841604411602020264e-01
3.541963547468185425e-02
2.196969836950302124e-02
5.614915490150451660e-01
1.292194426059722900e-01
7.184751331806182861e-02
2.593521773815155029e-01
7.631647586822509766e-02
3.427397459745407104e-02
3.965320810675621033e-02
2.173403045162558556e-03
4.144230391830205917e-03
1.640823632478713989e-01
3.316298127174377441e-02
9.049945324659347534e-02
1.660167872905731201e-01
1.207558035850524902e+00
2.958222031593322754e-01
4.332078099250793457e-01
2.560766637325286865e-01
2.721827507019042969e+00
3.733624238520860672e-03
2.454873919486999512e-01
1.852608472108840942e-01
3.335401648655533791e-03
3.543525561690330505e-02
9.520614147186279297e-02
1.036611676216125488e+00
5.459981039166450500e-02
7.560910284519195557e-02
3.673269227147102356e-02
1.052275419235229492e+00
1.320188790559768677e-01
7.376129180192947388e-02
1.554398834705352783e-01
6.327482312917709351e-02
1.784185886383056641e+00
1.021555066108703613e-01
5.289684236049652100e-02
3.984281793236732483e-02
3.940503299236297607e-01
5.307519063353538513e-02
1.101960778236389160e+00
5.396766588091850281e-02
9.645599056966602802e-04
6.141645833849906921e-02
1.713602393865585327e-01
6.803733855485916138e-02
1.376964598894119263e-01
5.672082304954528809e-02
5.560598801821470261e-03
3.793187737464904785e-01
5.886345636099576950e-03
5.244798213243484497e-02
6.138735264539718628e-02
4.097487032413482666e-02
4.605072736740112305e-02
1.161499693989753723e-02
9.897965937852859497e-02
1.430669021606445312e+01
9.260176680982112885e-03
4.478798247873783112e-03
2.312460914254188538e-02
5.332094430923461914e-02
1.765407738275825977e-03
6.818270683288574219e-01
8.583991229534149170e-02
1.596870422363281250e+00
5.324556231498718262e-01
2.171595394611358643e-02
2.730594482272863388e-03
1.261032819747924805e+00
1.300970673561096191e+00
5.980059970170259476e-03
1.853559352457523346e-02
2.575584687292575836e-02
3.586763050407171249e-04
1.973879635334014893e-01
5.815759301185607910e-03
1.699833393096923828e+00
1.437954306602478027e-01
2.550072036683559418e-02
3.370442241430282593e-02
3.591395169496536255e-02
1.712202839553356171e-02
3.983561694622039795e-02
3.425897285342216492e-02
2.456912845373153687e-01
1.127491593360900879e-01
4.173423163592815399e-03
2.928581833839416504e-01
3.744362387806177139e-03
2.357934266328811646e-01
2.266971208155155182e-02
1.359427869319915771e-01
1.236168295145034790e-02
1.708173379302024841e-02
3.422323241829872131e-02
1.213026866316795349e-01
5.370986461639404297e-02
8.184789121150970459e-02
1.393769383430480957e-01
1.122021898627281189e-01
6.957516670227050781e-01
1.125759212300181389e-03
4.908699393272399902e-01
1.441309154033660889e-01
1.896259635686874390e-01
2.391675472259521484e+00
1.005329638719558716e-01
5.032625049352645874e-02
4.816353693604469299e-02
1.839257217943668365e-02
6.585432216525077820e-03
3.613140881061553955e-01
8.324097841978073120e-02
1.817489974200725555e-02
3.416990041732788086e-01
6.122923921793699265e-03
1.689240336418151855e+00
1.536765368655323982e-03
2.450781688094139099e-02
6.969073772430419922e+00
2.105851322412490845e-01
1.343034207820892334e-01
5.639830604195594788e-03
2.318263286724686623e-03
2.600754611194133759e-02
6.014340743422508240e-02
2.707287669181823730e-02
1.429979205131530762e-01
6.526027917861938477e-01
6.684381961822509766e-01
1.081277132034301758e-01
4.102631658315658569e-02
1.598971709609031677e-02
1.739316852763295174e-03
1.812714897096157074e-02
4.375491142272949219e+00
2.192018985748291016e+00
1.355487946420907974e-02
1.092692092061042786e-01
2.043497376143932343e-02
9.263511747121810913e-03
3.088732957839965820e-01
2.173925377428531647e-02
5.582543089985847473e-03
1.906037330627441406e-02
3.577667474746704102e-02
6.382638961076736450e-02
1.337487816810607910e+00
1.974210143089294434e-01
2.242249250411987305e+00
2.067072689533233643e-01
2.277092486619949341e-01
1.779043436050415039e+00
4.967897236347198486e-01
2.266802079975605011e-02
8.438127115368843079e-03
1.781388521194458008e-01
1.498826891183853149e-01
3.354772627353668213e-01
1.251002788543701172e+00
1.648185402154922485e-01
1.420114338397979736e-01
1.933503150939941406e-01
1.080034952610731125e-02
8.749829232692718506e-02
4.236099775880575180e-03
1.648258805274963379e+00
2.404147293418645859e-03
1.436635851860046387e-02
1.832337230443954468e-01
3.060809569433331490e-03
9.738080948591232300e-02
4.918957948684692383e-01
6.011712923645973206e-02
3.341390848159790039e+00
8.572635240852832794e-03
1.115352846682071686e-02
2.444605156779289246e-02
9.152511134743690491e-03
2.543399576097726822e-03
3.565243005752563477e+00
3.074905835092067719e-02
4.533875361084938049e-02
2.527819573879241943e-02
3.343858569860458374e-02
3.060033172369003296e-02
1.660627312958240509e-02
1.136898249387741089e-01
4.630026221275329590e-01
4.794842377305030823e-02
1.985828159376978874e-03
9.544154629111289978e-03
1.491042971611022949e+00
2.651454880833625793e-03
1.638931035995483398e-02
6.161045432090759277e-01
6.289709806442260742e-01
7.041206210851669312e-02
2.836848795413970947e-01
1.581221967935562134e-01
7.695360481739044189e-02
7.702869479544460773e-04
2.047530002892017365e-02
7.229349762201309204e-02
4.147375468164682388e-03
2.518782950937747955e-02
1.071033924818038940e-01
1.455939561128616333e-01
1.750689297914505005e-01
5.057407915592193604e-02
1.278869342058897018e-02
8.170957863330841064e-02
3.866540640592575073e-02
4.964289665222167969e-01
6.298125535249710083e-02
1.009718105196952820e-01
6.800563074648380280e-03
4.512083828449249268e-01
1.128911972045898438e-03
1.278673410415649414e-01
2.947937138378620148e-02
4.475726127624511719e+00
9.070432186126708984e-02
4.764489531517028809e-01
5.157860927283763885e-03
1.950899511575698853e-02
2.706679701805114746e-02
2.099115960299968719e-02
1.384476479142904282e-02
7.198468595743179321e-02
1.164357177913188934e-02
7.603613138198852539e-01
5.164419412612915039e-01
9.224020689725875854e-02
2.463232517242431641e+00
1.688897705078125000e+01
2.116495184600353241e-02
1.692601107060909271e-02
4.047478432767093182e-04
8.236081898212432861e-02
6.782548129558563232e-02
4.399968311190605164e-02
1.302989959716796875e+01
1.228414243087172508e-03
3.792975187301635742e+00
2.323953062295913696e-01
3.451886400580406189e-02
1.381465420126914978e-02
1.391653902828693390e-02
3.436211824417114258e+00
2.943435668945312500e+01
2.947566413879394531e+01
2.595970630645751953e-01
8.015787124633789062e+00
2.236489057540893555e+00
6.693439483642578125e+01
5.900891780853271484e+00
9.179640960693359375e+01
5.091602802276611328e+00
5.232765579223632812e+01
1.697815895080566406e+01
8.265014648437500000e+00
4.773184955120086670e-01
1.593938922882080078e+01
3.180203056335449219e+01
1.187240123748779297e+01
1.057629776000976562e+02
2.069571304321289062e+01
2.934856653213500977e+00
3.501342773437500000e+00
3.025346517562866211e+00
1.352973556518554688e+01
1.251081180572509766e+01
2.121154594421386719e+01
1.574908375740051270e+00
1.307404708862304688e+01
1.282085418701171875e+02
2.461721343994140625e+02
2.101531219482421875e+01
1.990560293197631836e+00
1.810843467712402344e+00
2.810263156890869141e+00
2.758088378906250000e+02
1.595632672309875488e+00
2.010491752624511719e+01
5.980760455131530762e-01
2.305629998445510864e-01
2.400753974914550781e+00
2.713018035888671875e+01
9.238435058593750000e+02
1.803538513183593750e+01
5.959424972534179688e-01
8.083251190185546875e+01
1.303235435485839844e+01
9.674989318847656250e+01
9.428416442871093750e+01
1.432290458679199219e+01
1.598428487777709961e+00
1.504056854248046875e+02
3.382719421386718750e+01
7.455669879913330078e+00
1.571114349365234375e+01
4.960290527343750000e+01
5.700054645538330078e+00
8.484163284301757812e-01
1.893884539604187012e+00
1.416302442550659180e+00
4.502546310424804688e+00
1.779809265136718750e+02
3.555713272094726562e+01
1.603211517333984375e+02
1.217424273490905762e+00
8.089218139648437500e+00
2.560997247695922852e+00
1.982286262512207031e+01
9.833062171936035156e+00
5.850045776367187500e+02
7.966520385742187500e+02
5.060859298706054688e+01
5.728232488036155701e-02
3.839860916137695312e+01
1.803299903869628906e+00
8.357871246337890625e+01
1.367262363433837891e+01
7.214405059814453125e+00
5.514343380928039551e-01
1.809038996696472168e+00
2.251133918762207031e+01
2.352346229553222656e+01
1.619957542419433594e+01
2.468814134597778320e+00
5.268425941467285156e+00
8.286920547485351562e+00
4.780401229858398438e+00
2.556578636169433594e+00
2.837683856487274170e-01
2.190238571166992188e+01
1.569086837768554688e+01
1.139670968055725098e+00
3.088663816452026367e+00
6.590679168701171875e+01
3.537715530395507812e+01
1.200009155273437500e+01
1.999411201477050781e+01
2.321572875976562500e+01
4.656321525573730469e+00
8.208336791992187500e+02
2.197951793670654297e+00
2.061529350280761719e+01
5.803917050361633301e-01
2.155038833618164062e+00
3.059895932674407959e-01
7.292778778076171875e+01
1.351482772827148438e+01
2.327889633178710938e+01
3.127588510513305664e+00
2.104586944580078125e+02
2.802354431152343750e+02
1.867173314094543457e+00
1.676523685455322266e-01
3.042329406738281250e+01
1.289592933654785156e+01
1.037782287597656250e+01
2.557304763793945312e+01
2.395415306091308594e+01
1.140412902832031250e+01
5.233934879302978516e+00
1.115623760223388672e+01
7.537736892700195312e+00
1.547376823425292969e+01
2.648179199218750000e+03
2.456288909912109375e+02
2.536267280578613281e+01
3.213340520858764648e+00
1.411916961669921875e+02
8.567509651184082031e+00
2.078800201416015625e+00
2.272988586425781250e+02
6.734186553955078125e+01
1.465418910980224609e+01
1.405480575561523438e+01
1.568172127008438110e-01
2.475097894668579102e+00
9.350498914718627930e-01
1.297001600265502930e+00
4.551810741424560547e+00
1.064960632324218750e+02
4.814830398559570312e+01
5.571042633056640625e+01
8.402963256835937500e+01
4.747540354728698730e-01
2.639364624023437500e+02
3.047180747985839844e+01
8.640103149414062500e+01
1.252806377410888672e+01
2.137945556640625000e+02
1.546515941619873047e+00
2.278462028503417969e+01
4.574629592895507812e+01
1.478014349937438965e+00
2.269761047363281250e+02
1.959746932983398438e+01
9.903512597084045410e-01
6.884767150878906250e+01
6.401091575622558594e+00
1.402400612831115723e+00
9.684839248657226562e-01
6.923247575759887695e-01
1.339962840080261230e+00
1.535704803466796875e+02
7.554431152343750000e+01
5.707770538330078125e+01
1.041162681579589844e+01
2.732270431518554688e+01
2.753901004791259766e+00
1.802682113647460938e+01
6.902333068847656250e+01
2.844303283691406250e+02
9.490543007850646973e-01
1.419187545776367188e+01
1.725376892089843750e+02
1.537705898284912109e+00
4.381075859069824219e+00
1.235258102416992188e+02
1.417008876800537109e+01
3.959854841232299805e+00
2.271821022033691406e+01
3.188704490661621094e+00
2.621008491516113281e+01
1.455575466156005859e+00
3.669477844238281250e+01
7.184656524658203125e+01
2.041976600885391235e-01
1.140040283203125000e+03
1.498473739624023438e+01
1.633574485778808594e+00
4.697483539581298828e+00
1.173811874389648438e+02
1.574282741546630859e+01
2.142811536788940430e+00
8.451493263244628906e+00
1.784001350402832031e+00
1.895403099060058594e+01
1.824419212341308594e+01
2.969203293323516846e-01
9.763446807861328125e+00
2.229552030563354492e+00
1.211354494094848633e+00
3.816112279891967773e+00
8.097437858581542969e+00
1.829568147659301758e+00
6.795950412750244141e+00
7.402026653289794922e+00
3.927231597900390625e+01
3.678496778011322021e-01
8.140641212463378906e+00
8.700521850585937500e+01
8.983365058898925781e+00
1.952136802673339844e+01
1.233195304870605469e+01
4.912973403930664062e+00
1.069778323173522949e+00
4.808075256347656250e+02
1.060867595672607422e+01
2.993750953674316406e+01
4.031545639038085938e+00
1.183274841308593750e+02
8.180533051490783691e-01
8.519627380371093750e+01
9.643435058593750000e+02
2.906784713268280029e-01
7.890839576721191406e-01
5.799617767333984375e+01
1.433183789253234863e+00
2.600114440917968750e+02
5.291968822479248047e+00
5.425335407257080078e+00
1.470119953155517578e+00
6.694455146789550781e+00
5.555108189582824707e-01
1.762031745910644531e+01
8.105457425117492676e-01
6.422684478759765625e+01
3.550353527069091797e+00
2.522737121582031250e+01
9.025200605392456055e-01
2.324738025665283203e+00
7.340858936309814453e+00
1.037474274635314941e+00
9.669450378417968750e+01
9.219852447509765625e+00
4.806889057159423828e+00
4.008971214294433594e+00
1.852024078369140625e+01
5.538289260864257812e+01
6.176634979248046875e+01
3.509590923786163330e-01
2.105242309570312500e+02
4.498088359832763672e+00
8.849683761596679688e+00
1.158663749694824219e+01
1.801720142364501953e+00
1.204493942260742188e+02
2.697797584533691406e+01
5.280897140502929688e+00
1.770087432861328125e+01
6.157956600189208984e+00
3.925600290298461914e+00
1.243662948608398438e+02
2.552841949462890625e+01
2.807407379150390625e+01
1.239469623565673828e+01
5.718607330322265625e+01
1.893655014038085938e+01
4.393453979492187500e+01
3.287128448486328125e+01
1.389077148437500000e+02
1.675363332033157349e-01
7.441077709197998047e+00
6.314351196289062500e+02
4.637903594970703125e+01
9.324555206298828125e+01
4.198176860809326172e-01
4.326071441173553467e-01
1.197711372375488281e+01
9.571863174438476562e+00
1.228738975524902344e+01
1.241290473937988281e+01
2.680010080337524414e+00
1.399260330200195312e+01
5.524716854095458984e+00
4.213470458984375000e+00
5.472792148590087891e+00
8.632197976112365723e-01
2.413337707519531250e+00
1.763481292724609375e+02
1.028862075805664062e+02
5.036355018615722656e+00
2.153628921508789062e+01
1.727110290527343750e+01
4.440851211547851562e+00
1.407150390625000000e+03
3.892466545104980469e+00
2.572794342041015625e+01
7.319286346435546875e+00
2.238455581665039062e+01
5.434518814086914062e+01
4.841795444488525391e+00
2.684439277648925781e+01
3.791358184814453125e+01
4.444725418090820312e+01
1.506698703765869141e+01
1.742176666259765625e+02
5.983322143554687500e+00
4.191772460937500000e+00
6.852104187011718750e+01
7.123755455017089844e+00
1.053581237792968750e+01
1.969761199951171875e+02
9.980659484863281250e+01
1.005504989624023438e+02
4.707002868652343750e+02
8.692766427993774414e-01
3.258123874664306641e+00
6.494763493537902832e-01
1.800638914108276367e+00
1.001835823059082031e+01
2.116326332092285156e+00
8.890795707702636719e-01
3.585766315460205078e+00
8.877869248390197754e-01
2.889961242675781250e+02
1.666782760620117188e+01
1.531987152099609375e+02
6.134181594848632812e+01
3.415462255477905273e+00
3.455037689208984375e+01
1.221000194549560547e+01
1.440841388702392578e+01
1.004042267799377441e+00
7.880675659179687500e+02
8.489399719238281250e+01
8.886933326721191406e+00
2.783032035827636719e+01
8.456443786621093750e+01
3.815489501953125000e+02
9.336194038391113281e+00
1.578823208808898926e+00
2.217881011962890625e+01
6.423283219337463379e-01
1.177668762207031250e+01
7.701126098632812500e+01
1.667817878723144531e+01
1.728672742843627930e+00
2.081768751144409180e+00
1.042723770141601562e+02
2.091412658691406250e+02
3.283238220214843750e+01
2.482622909545898438e+01
1.419960212707519531e+01
2.722117900848388672e-01
1.372697204351425171e-01
2.099652290344238281e+01
9.463346481323242188e+00
2.479405164718627930e+00
1.717231369018554688e+01
1.020013656616210938e+02
1.054407043457031250e+02
2.429473495483398438e+01
2.881827354431152344e+00
1.596956849098205566e+00
4.667816162109375000e+00
7.271639347076416016e+00
9.039965820312500000e+01
2.729954242706298828e+00
2.363489532470703125e+01
6.626521348953247070e-01
5.406297683715820312e+00
1.431886255741119385e-01
4.682273387908935547e+00
1.708643646240234375e+02
1.884841210937500000e+04
7.600046634674072266e+00
2.564051055908203125e+01
3.054638385772705078e+00
2.683166503906250000e+00
4.672466278076171875e+01
1.192797088623046875e+02
1.242031574249267578e+00
1.676138997077941895e+00
6.900356292724609375e+00
6.760955810546875000e+01
3.006276702880859375e+01
3.316781044006347656e+00
1.220409393310546875e+02
4.515056762695312500e+02
2.670406818389892578e+00
2.709134578704833984e+00
2.728303194046020508e+00
3.955916976928710938e+01
2.367217063903808594e+00
2.591178655624389648e+00
3.721193847656250000e+02
1.295335865020751953e+01
4.547971725463867188e+01
1.058676757812500000e+03
5.080882644653320312e+01
1.640640497207641602e+00
5.214317703247070312e+01
