1.046466901898384094e-01
2.359973341226577759e-01
3.521025553345680237e-02
4.303104244172573090e-03
3.844772651791572571e-02
1.219185113906860352e+00
2.478400617837905884e-02
1.054879650473594666e-02
4.139576107263565063e-02
2.183391898870468140e-01
1.053697988390922546e-01
6.558869779109954834e-02
9.655917435884475708e-02
2.380162663757801056e-02
1.070516649633646011e-02
4.912206158041954041e-02
3.547011874616146088e-03
2.805494703352451324e-02
3.308049216866493225e-02
7.171761710196733475e-03
1.412283815443515778e-02
2.062446437776088715e-02
1.645353734493255615e-01
2.042229473590850830e-02
3.195878982543945312e+00
1.144005544483661652e-02
4.253423959016799927e-02
1.877499073743820190e-01
2.652629315853118896e-01
1.428376674652099609e+00
2.883128356188535690e-03
1.069423276931047440e-03
5.251315981149673462e-02
1.321692913770675659e-01
2.223108150064945221e-02
1.382531821727752686e-01
1.685540936887264252e-02
1.471989206038415432e-03
4.867674410343170166e-02
2.000468596816062927e-02
3.891327381134033203e-01
1.427537649869918823e-01
3.003177233040332794e-02
3.896912336349487305e+00
2.727500796318054199e-01
1.155394166707992554e-01
2.113206125795841217e-02
1.025114059448242188e+00
2.167364349588751793e-03
1.993543058633804321e-01
1.806166768074035645e-01
7.906118035316467285e-02
2.530823051929473877e-01
5.687533318996429443e-02
3.790191141888499260e-03
4.727175924926996231e-03
6.061238236725330353e-03
8.213989436626434326e-02
2.753760665655136108e-02
1.428306102752685547e+01
1.408702973276376724e-02
6.147038459777832031e+00
2.003929950296878815e-02
2.416081540286540985e-02
1.295246183872222900e-01
1.869214922189712524e-01
5.040481686592102051e-01
5.736283585429191589e-02
1.464656233787536621e+00
7.925087809562683105e-01
2.693171845749020576e-04
6.996794939041137695e-01
5.308187101036310196e-03
6.661266684532165527e-01
1.263763457536697388e-01
2.942231297492980957e-02
1.414756756275892258e-02
3.787947073578834534e-02
2.856703847646713257e-02
2.169852331280708313e-02
5.127051472663879395e-01
2.569688484072685242e-02
1.138971820473670959e-01
1.600216492079198360e-03
5.078585818409919739e-03
5.298946518450975418e-03
1.975337509065866470e-04
2.857470326125621796e-02
8.467419743537902832e-01
1.729157054796814919e-03
1.960169151425361633e-02
5.486175417900085449e-02
1.261938177049160004e-02
4.118327796459197998e-02
1.885371655225753784e-02
8.516821861267089844e-01
1.835924983024597168e-01
5.265597701072692871e-01
7.050316315144300461e-03
1.463585197925567627e-01
1.674384474754333496e+00
7.972949743270874023e-02
5.424537695944309235e-03
3.096119500696659088e-02
3.729551285505294800e-02
1.972484886646270752e-01
6.918505579233169556e-02
6.158957257866859436e-02
4.370463192462921143e-01
1.269105076789855957e-01
2.227356657385826111e-02
1.836086064577102661e-01
9.489642083644866943e-02
5.083853006362915039e-01
4.036442562937736511e-02
8.720275014638900757e-02
7.418935745954513550e-02
2.673062495887279510e-02
8.642529137432575226e-03
2.387621253728866577e-02
2.912317402660846710e-03
4.666327667236328125e+01
4.058931469917297363e-01
1.017650723457336426e+00
8.988509653136134148e-04
7.316455990076065063e-02
1.864419132471084595e-02
8.377800695598125458e-04
1.774005293846130371e-01
5.222568288445472717e-02
6.865475177764892578e-01
8.231044560670852661e-02
8.661589585244655609e-03
2.375734737142920494e-03
4.437532275915145874e-02
1.080361008644104004e-02
2.591857686638832092e-02
1.185995936393737793e+00
1.824941486120223999e-01
1.039774894714355469e+00
3.802966699004173279e-02
1.385263632982969284e-02
2.435853481292724609e+00
7.534968852996826172e-01
6.938020229339599609e+00
1.199195683002471924e-01
3.202642202377319336e-01
5.528281256556510925e-02
1.617715954780578613e-01
3.931838646531105042e-02
2.329123578965663910e-02
5.311554074287414551e-01
1.397839039564132690e-01
8.543396741151809692e-02
2.328905463218688965e-01
7.442537695169448853e-02
2.993408963084220886e-02
4.135065525770187378e-02
1.935068634338676929e-03
4.929667338728904724e-03
1.673456281423568726e-01
1.703798584640026093e-02
9.041818976402282715e-02
1.732836365699768066e-01
1.138074517250061035e+00
2.822065651416778564e-01
3.731454610824584961e-01
2.232843786478042603e-01
2.508089065551757812e+00
3.773848526179790497e-03
1.579451113939285278e-01
2.041822075843811035e-01
2.373315161094069481e-03
2.647492475807666779e-02
6.851010769605636597e-02
1.387318611145019531e+00
4.253300279378890991e-02
4.660280048847198486e-02
3.148777782917022705e-02
8.384673595428466797e-01
1.212958917021751404e-01
6.571430712938308716e-02
1.741145849227905273e-01
6.686232239007949829e-02
1.403564691543579102e+00
7.819413393735885620e-02
2.902482077479362488e-02
3.655479103326797485e-02
3.137542903423309326e-01
4.658201709389686584e-02
8.036846518516540527e-01
5.010888352990150452e-02
7.879497716203331947e-04
6.832330673933029175e-02
1.695185452699661255e-01
7.301688939332962036e-02
1.526708900928497314e-01
3.891174867749214172e-02
6.639858242124319077e-03
2.958669662475585938e-01
5.297001451253890991e-03
6.015675887465476990e-02
6.760821491479873657e-02
4.469615966081619263e-02
3.665638715028762817e-02
1.068830955773591995e-02
1.074697896838188171e-01
1.235456562042236328e+01
6.718431133776903152e-03
3.825045190751552582e-03
1.323280762881040573e-02
5.359094589948654175e-02
1.076064421795308590e-03
9.082233309745788574e-01
6.321875751018524170e-02
1.381732344627380371e+00
7.446404099464416504e-01
1.929882727563381195e-02
1.410652301274240017e-03
9.272226691246032715e-01
1.148724317550659180e+00
7.227834779769182205e-03
1.465424336493015289e-02
2.358750067651271820e-02
3.089695819653570652e-04
2.022660225629806519e-01
3.308590035885572433e-03
2.394682884216308594e+00
1.236627921462059021e-01
1.733769848942756653e-02
3.041208721697330475e-02
2.644638344645500183e-02
1.733256503939628601e-02
2.298187650740146637e-02
3.900874406099319458e-02
2.181648910045623779e-01
7.152432203292846680e-02
5.221452564001083374e-03
3.252751231193542480e-01
2.163908910006284714e-03
2.627053856849670410e-01
2.833849191665649414e-02
1.681462079286575317e-01
6.955012213438749313e-03
1.606459729373455048e-02
3.495675325393676758e-02
7.789823412895202637e-02
4.882005974650382996e-02
6.431962549686431885e-02
1.055142059922218323e-01
8.872720599174499512e-02
8.599089980125427246e-01
5.595399416051805019e-04
3.034195601940155029e-01
1.005216538906097412e-01
1.772475689649581909e-01
1.953972339630126953e+00
9.664784371852874756e-02
2.818415872752666473e-02
5.069813504815101624e-02
1.479821465909481049e-02
4.909425042569637299e-03
5.530067086219787598e-01
8.778851479291915894e-02
1.424779649823904037e-02
3.069725632667541504e-01
4.677436780184507370e-03
1.751649141311645508e+00
1.724950503557920456e-03
2.654804475605487823e-02
7.854934692382812500e+00
2.076748758554458618e-01
1.789531260728836060e-01
5.686490330845117569e-03
2.647886984050273895e-03
2.511738426983356476e-02
3.149349614977836609e-02
2.172553911805152893e-02
2.225308418273925781e-01
6.569225192070007324e-01
4.474227130413055420e-01
8.414943516254425049e-02
3.036824427545070648e-02
1.661016047000885010e-02
8.268079836852848530e-04
2.006431668996810913e-02
4.378607749938964844e+00
1.980275630950927734e+00
9.486020542681217194e-03
8.678651601076126099e-02
2.283690311014652252e-02
8.362144231796264648e-03
2.933048605918884277e-01
2.613121457397937775e-02
3.417244413867592812e-03
1.663038693368434906e-02
3.309193626046180725e-02
6.666068732738494873e-02
1.545823931694030762e+00
2.007010728120803833e-01
2.714852571487426758e+00
2.480850368738174438e-01
2.336096018552780151e-01
1.849591970443725586e+00
6.095703840255737305e-01
2.138467319309711456e-02
1.233049947768449783e-02
1.956207007169723511e-01
8.489315956830978394e-02
2.354634255170822144e-01
1.250864744186401367e+00
1.525738090276718140e-01
9.375500679016113281e-02
2.177733778953552246e-01
1.312716864049434662e-02
6.881012022495269775e-02
3.316114656627178192e-03
1.296134591102600098e+00
2.727890154346823692e-03
1.157590094953775406e-02
1.663912385702133179e-01
2.062672981992363930e-03
7.032240927219390869e-02
2.916259169578552246e-01
4.370574653148651123e-02
2.887237071990966797e+00
7.241785991936922073e-03
8.343626745045185089e-03
3.054586797952651978e-02
8.403487503528594971e-03
2.593759214505553246e-03
2.257410049438476562e+00
2.552081644535064697e-02
3.981361910700798035e-02
2.225067466497421265e-02
2.440731786191463470e-02
3.017276339232921600e-02
1.773243956267833710e-02
8.981683105230331421e-02
3.666380941867828369e-01
5.465430393815040588e-02
1.290314015932381153e-03
8.886917494237422943e-03
1.369153976440429688e+00
1.775385229848325253e-03
1.817888580262660980e-02
4.899920523166656494e-01
5.892277956008911133e-01
5.774416401982307434e-02
1.704838871955871582e-01
1.649430096149444580e-01
8.394736796617507935e-02
5.168984644114971161e-04
1.776327006518840790e-02
5.404095351696014404e-02
5.082456860691308975e-03
2.651944383978843689e-02
7.603632658720016479e-02
1.167854741215705872e-01
1.694956570863723755e-01
4.776361957192420959e-02
6.805562414228916168e-03
7.006658613681793213e-02
3.825373575091362000e-02
4.117965102195739746e-01
4.469472169876098633e-02
1.024759709835052490e-01
4.869889002293348312e-03
4.009265303611755371e-01
1.300958683714270592e-03
1.010363698005676270e-01
3.121404908597469330e-02
4.657412528991699219e+00
8.466051518917083740e-02
4.688239097595214844e-01
6.286839488893747330e-03
1.569776050746440887e-02
2.080660685896873474e-02
1.252780016511678696e-02
2.269422635436058044e-02
8.269122987985610962e-02
1.333052199333906174e-02
7.661724686622619629e-01
4.334337413311004639e-01
8.845178037881851196e-02
3.193750619888305664e+00
1.507955455780029297e+01
1.953092031180858612e-02
1.129604503512382507e-02
4.080981889273971319e-04
7.050205022096633911e-02
5.129601806402206421e-02
4.977839067578315735e-02
9.265400886535644531e+00
9.601596393622457981e-04
4.285270690917968750e+00
2.368588894605636597e-01
2.072882652282714844e-02
9.759237989783287048e-03
1.025725435465574265e-02
6.515406608581542969e+00
3.379096984863281250e+01
3.385056686401367188e+01
3.210908472537994385e-01
7.441844463348388672e+00
2.065607786178588867e+00
1.038072357177734375e+02
6.866638183593750000e+00
8.271614837646484375e+01
7.983815193176269531e+00
5.058305358886718750e+01
1.722222518920898438e+01
7.893013954162597656e+00
6.466109156608581543e-01
1.514490604400634766e+01
2.968747901916503906e+01
1.468227863311767578e+01
1.171242218017578125e+02
1.861647605895996094e+01
2.959187984466552734e+00
4.101063251495361328e+00
3.718480110168457031e+00
1.019538307189941406e+01
1.225765895843505859e+01
1.608077049255371094e+01
1.438721656799316406e+00
1.957432746887207031e+01
1.688378295898437500e+02
3.132031250000000000e+02
3.837193298339843750e+01
2.111763000488281250e+00
2.086215734481811523e+00
2.912868261337280273e+00
2.554012145996093750e+02
1.862749814987182617e+00
1.394226551055908203e+01
5.555142760276794434e-01
1.957563161849975586e-01
1.928190469741821289e+00
4.451635742187500000e+01
1.080347778320312500e+03
1.680742454528808594e+01
5.639850497245788574e-01
9.774291229248046875e+01
1.563177490234375000e+01
1.119637222290039062e+02
9.177851104736328125e+01
1.303673553466796875e+01
1.534896969795227051e+00
1.409933624267578125e+02
4.588703536987304688e+01
9.877701759338378906e+00
1.267562580108642578e+01
5.766095352172851562e+01
5.123222827911376953e+00
1.161272168159484863e+00
1.838871240615844727e+00
1.262966871261596680e+00
4.525847911834716797e+00
1.854053802490234375e+02
3.607600784301757812e+01
1.685325775146484375e+02
1.615201115608215332e+00
9.192113876342773438e+00
2.332979440689086914e+00
2.165645408630371094e+01
1.434218120574951172e+01
6.419741821289062500e+02
9.792728271484375000e+02
3.433193969726562500e+01
6.330524384975433350e-02
3.999832153320312500e+01
1.412396907806396484e+00
9.244560241699218750e+01
9.357582092285156250e+00
7.528805255889892578e+00
4.162096977233886719e-01
1.892914533615112305e+00
2.944372558593750000e+01
2.113908767700195312e+01
2.381175994873046875e+01
2.090517282485961914e+00
7.500102519989013672e+00
1.102216339111328125e+01
6.636350154876708984e+00
3.101022481918334961e+00
2.144801318645477295e-01
2.326780509948730469e+01
1.503293132781982422e+01
1.890576839447021484e+00
4.146981239318847656e+00
7.425595855712890625e+01
4.223007202148437500e+01
1.274006938934326172e+01
3.136479568481445312e+01
2.197119331359863281e+01
4.143447399139404297e+00
1.168906738281250000e+03
1.879522681236267090e+00
2.492334938049316406e+01
7.146427631378173828e-01
3.357712984085083008e+00
3.976354897022247314e-01
7.722255706787109375e+01
1.290441799163818359e+01
1.705405998229980469e+01
3.610740661621093750e+00
2.420178070068359375e+02
3.277423400878906250e+02
2.595252752304077148e+00
1.480072289705276489e-01
5.261068344116210938e+01
1.589740943908691406e+01
9.210960388183593750e+00
3.682157897949218750e+01
2.836649322509765625e+01
1.004748630523681641e+01
6.935797691345214844e+00
1.881505966186523438e+01
1.031869411468505859e+01
2.328917312622070312e+01
3.819822021484375000e+03
1.765406341552734375e+02
2.443939399719238281e+01
2.469860076904296875e+00
1.475427093505859375e+02
8.427268028259277344e+00
2.151571035385131836e+00
2.294088745117187500e+02
8.654122161865234375e+01
2.633734703063964844e+01
1.210313415527343750e+01
1.787753850221633911e-01
3.390156507492065430e+00
1.185007333755493164e+00
1.532413363456726074e+00
4.569141387939453125e+00
1.157904891967773438e+02
5.553683090209960938e+01
8.493064117431640625e+01
5.489954757690429688e+01
4.880031049251556396e-01
3.259741210937500000e+02
1.902974891662597656e+01
1.132949142456054688e+02
1.464478683471679688e+01
2.468633270263671875e+02
1.141859173774719238e+00
2.067942047119140625e+01
8.864546966552734375e+01
1.102620363235473633e+00
2.521658477783203125e+02
3.138878631591796875e+01
1.011561393737792969e+00
8.896021270751953125e+01
7.325963497161865234e+00
1.380679965019226074e+00
8.884841799736022949e-01
8.882547020912170410e-01
1.214161872863769531e+00
2.339290924072265625e+02
1.080481185913085938e+02
7.035131072998046875e+01
1.168915843963623047e+01
3.831056594848632812e+01
3.341176271438598633e+00
2.308579254150390625e+01
6.739798736572265625e+01
3.059889221191406250e+02
1.293551087379455566e+00
1.206165599822998047e+01
2.514855957031250000e+02
1.730350136756896973e+00
4.376738071441650391e+00
1.041831207275390625e+02
1.757893943786621094e+01
4.168309211730957031e+00
2.246508979797363281e+01
2.889110565185546875e+00
2.015223503112792969e+01
1.801279306411743164e+00
3.589561843872070312e+01
8.275820159912109375e+01
3.041807115077972412e-01
1.788234497070312500e+03
1.262594985961914062e+01
1.255053639411926270e+00
5.921745300292968750e+00
8.585932159423828125e+01
1.724569129943847656e+01
1.993713974952697754e+00
1.265121269226074219e+01
2.867762804031372070e+00
2.875761032104492188e+01
2.172766494750976562e+01
4.482733309268951416e-01
1.521935272216796875e+01
1.437823057174682617e+00
1.063335776329040527e+00
3.622548580169677734e+00
7.691133499145507812e+00
1.985966801643371582e+00
7.579880714416503906e+00
9.297882080078125000e+00
5.475988006591796875e+01
4.416832327842712402e-01
9.884984016418457031e+00
1.068681716918945312e+02
7.178779602050781250e+00
2.175550651550292969e+01
1.071772193908691406e+01
4.732710838317871094e+00
1.222383975982666016e+00
6.574614868164062500e+02
1.141875839233398438e+01
3.782038497924804688e+01
6.309596538543701172e+00
1.298665008544921875e+02
8.437836766242980957e-01
7.311315917968750000e+01
1.203980102539062500e+03
3.091826736927032471e-01
8.649114966392517090e-01
8.522626495361328125e+01
1.786720752716064453e+00
2.534483489990234375e+02
3.885473012924194336e+00
9.414015769958496094e+00
1.579480648040771484e+00
7.388633251190185547e+00
4.354999959468841553e-01
1.316200637817382812e+01
8.101444840431213379e-01
7.063874816894531250e+01
5.030685424804687500e+00
3.535657119750976562e+01
8.268828392028808594e-01
4.334523200988769531e+00
9.923682212829589844e+00
7.657432556152343750e-01
1.696747741699218750e+02
1.233990859985351562e+01
5.524701118469238281e+00
3.537132978439331055e+00
2.663139724731445312e+01
8.397203063964843750e+01
6.244191741943359375e+01
3.214462995529174805e-01
3.082171020507812500e+02
4.405440807342529297e+00
1.158191394805908203e+01
1.914375877380371094e+01
1.429826378822326660e+00
1.020198974609375000e+02
3.079563331604003906e+01
3.564062118530273438e+00
2.162027549743652344e+01
7.688251495361328125e+00
3.280148983001708984e+00
1.676453857421875000e+02
2.066933059692382812e+01
3.340469741821289062e+01
1.666831207275390625e+01
1.136298675537109375e+02
2.479848480224609375e+01
5.338360977172851562e+01
2.167511177062988281e+01
1.710242156982421875e+02
1.843767613172531128e-01
8.862105369567871094e+00
9.412295532226562500e+02
4.428705215454101562e+01
1.000557174682617188e+02
5.369319915771484375e-01
3.962996006011962891e-01
1.583424663543701172e+01
7.376171588897705078e+00
1.088603496551513672e+01
1.869725418090820312e+01
2.426489353179931641e+00
1.073458003997802734e+01
4.619433403015136719e+00
3.781940221786499023e+00
9.023193359375000000e+00
7.635031938552856445e-01
2.739231348037719727e+00
2.019990081787109375e+02
1.438881988525390625e+02
4.182284832000732422e+00
3.218304824829101562e+01
1.906511497497558594e+01
4.665639877319335938e+00
1.645342041015625000e+03
4.112938880920410156e+00
2.765046501159667969e+01
8.193929672241210938e+00
2.508014869689941406e+01
1.097820281982421875e+02
6.223308563232421875e+00
4.514661407470703125e+01
5.733791732788085938e+01
5.206066894531250000e+01
1.998155975341796875e+01
2.771391906738281250e+02
6.601007461547851562e+00
5.148725509643554688e+00
1.108699417114257812e+02
9.167045593261718750e+00
7.841961860656738281e+00
2.166252899169921875e+02
1.222593612670898438e+02
1.252378234863281250e+02
5.164614868164062500e+02
1.159091949462890625e+00
3.787647247314453125e+00
6.395826935768127441e-01
2.755261898040771484e+00
9.137855529785156250e+00
3.180477619171142578e+00
8.238424062728881836e-01
3.613563060760498047e+00
8.970396518707275391e-01
2.749371032714843750e+02
1.657074165344238281e+01
1.332732086181640625e+02
7.324380493164062500e+01
4.078064441680908203e+00
4.101206207275390625e+01
1.523484325408935547e+01
1.577373313903808594e+01
1.057463526725769043e+00
1.138069702148437500e+03
1.434855346679687500e+02
1.041832923889160156e+01
3.664448928833007812e+01
6.505905151367187500e+01
4.426104431152343750e+02
1.243531322479248047e+01
1.916560053825378418e+00
1.970895957946777344e+01
9.453671574592590332e-01
1.590209865570068359e+01
1.448313140869140625e+02
1.958240127563476562e+01
2.422568559646606445e+00
2.837276220321655273e+00
1.075904998779296875e+02
3.555616760253906250e+02
4.065711975097656250e+01
2.334537124633789062e+01
1.607042884826660156e+01
2.794551551342010498e-01
1.080028265714645386e-01
1.698136520385742188e+01
1.016378116607666016e+01
3.245905637741088867e+00
1.541483879089355469e+01
7.935144042968750000e+01
9.205533599853515625e+01
2.640044784545898438e+01
2.334810018539428711e+00
1.406806468963623047e+00
3.944919347763061523e+00
7.069311618804931641e+00
1.239780578613281250e+02
3.017820358276367188e+00
2.688262939453125000e+01
4.902883768081665039e-01
5.138189792633056641e+00
2.037506699562072754e-01
4.821036815643310547e+00
2.403081665039062500e+02
2.036751757812500000e+04
7.180989742279052734e+00
3.319726181030273438e+01
5.115037441253662109e+00
3.040207624435424805e+00
5.337055206298828125e+01
1.213082199096679688e+02
1.605095863342285156e+00
2.504718780517578125e+00
9.432139396667480469e+00
7.513857269287109375e+01
2.766892242431640625e+01
4.759406089782714844e+00
1.244570007324218750e+02
4.638780822753906250e+02
3.890084505081176758e+00
2.543378591537475586e+00
2.133005142211914062e+00
4.248920059204101562e+01
2.230329036712646484e+00
3.227532386779785156e+00
2.850095214843750000e+02
1.379253387451171875e+01
6.741785430908203125e+01
9.750053710937500000e+02
3.783266067504882812e+01
1.376213788986206055e+00
4.612260055541992188e+01
