6.776405870914459229e-02
5.320388078689575195e-01
4.903832376003265381e-01
2.240771800279617310e-02
9.801269173622131348e-01
1.143748044967651367e+00
1.992183923721313477e-01
2.825779281556606293e-02
7.787922024726867676e-01
1.724002063274383545e-01
7.249877452850341797e-01
2.186487764120101929e-01
7.976280897855758667e-02
4.448796063661575317e-02
8.637983351945877075e-02
2.450439184904098511e-01
9.551090747117996216e-02
1.385315358638763428e-01
5.962301790714263916e-02
8.088683336973190308e-02
1.518615931272506714e-01
2.745939977467060089e-02
1.333698034286499023e+00
7.738626748323440552e-02
1.073709869384765625e+01
5.693897977471351624e-02
1.397638767957687378e-01
3.117207288742065430e-01
3.971487522125244141e+00
1.724853754043579102e+00
1.825017482042312622e-02
7.652969099581241608e-03
5.070539116859436035e-01
9.501106739044189453e-01
1.347532868385314941e-02
7.218570709228515625e-01
4.722443595528602600e-02
3.845370188355445862e-02
2.061261832714080811e-01
2.117817997932434082e-01
4.458058834075927734e+00
6.132704019546508789e-01
1.939795762300491333e-01
3.264621257781982422e+00
6.414028406143188477e-01
1.247723460197448730e+00
1.238353624939918518e-01
7.860283851623535156e-01
2.162503637373447418e-02
1.448701858520507812e+00
3.565939962863922119e-01
5.486345291137695312e-02
1.271848917007446289e+00
5.087304115295410156e-01
3.720681369304656982e-02
3.029331937432289124e-02
1.686001569032669067e-02
4.898578524589538574e-01
6.055693328380584717e-02
4.506935596466064453e+00
1.014627292752265930e-01
2.656514167785644531e+00
1.305432617664337158e-01
1.337547898292541504e-01
4.623650312423706055e-01
1.377349257469177246e+00
3.665083944797515869e-01
2.316794991493225098e-01
4.899075984954833984e+00
2.556029081344604492e+00
1.501360209658741951e-03
1.013697266578674316e+00
2.890093997120857239e-02
3.992202281951904297e+00
1.388721108436584473e+00
5.508536696434020996e-01
3.704605996608734131e-02
3.692542761564254761e-02
1.701183021068572998e-01
1.882389336824417114e-01
5.368015170097351074e-01
4.796262457966804504e-02
1.107516214251518250e-01
1.339664682745933533e-02
4.213428497314453125e-02
2.840579114854335785e-02
2.994978567585349083e-03
7.222763448953628540e-02
1.721300125122070312e+00
5.370853468775749207e-03
5.831526964902877808e-02
1.871365755796432495e-01
1.237021312117576599e-01
1.356660276651382446e-01
1.474601477384567261e-01
1.230271816253662109e+00
1.588237136602401733e-01
2.016238451004028320e+00
5.008874461054801941e-02
3.186592161655426025e-01
6.395317316055297852e-01
5.363326892256736755e-02
2.490380965173244476e-02
3.017483353614807129e-01
1.446060240268707275e-01
6.297168731689453125e-01
1.520811766386032104e-01
4.814382195472717285e-01
3.093408107757568359e+00
4.177119135856628418e-01
3.629800304770469666e-02
6.685372591018676758e-01
9.357023239135742188e-01
6.776289343833923340e-01
5.188566446304321289e-01
1.793877780437469482e-01
3.573781847953796387e-01
6.849318742752075195e-02
6.905370857566595078e-03
1.442818939685821533e-01
2.921434678137302399e-02
1.044983005523681641e+01
1.338968992233276367e+00
1.961355566978454590e+00
7.763347122818231583e-03
5.141804739832878113e-02
2.915217168629169464e-02
7.835295051336288452e-03
2.792359888553619385e-01
1.531458050012588501e-01
1.214431047439575195e+00
5.317565798759460449e-01
8.848240599036216736e-03
3.182531893253326416e-02
8.042767643928527832e-02
2.116054296493530273e-02
8.124764263629913330e-02
7.692432999610900879e-01
1.329974532127380371e-01
1.423957109451293945e+00
2.449438571929931641e-01
2.295513451099395752e-01
1.071110630035400391e+01
1.555594921112060547e+00
2.056849002838134766e+00
1.703279316425323486e-01
4.143994450569152832e-01
4.064745306968688965e-01
4.851661324501037598e-01
7.466390728950500488e-02
4.148671030998229980e-02
3.254452466964721680e+00
5.440648794174194336e-01
1.089140549302101135e-01
3.095014393329620361e-01
1.183766573667526245e-01
5.489208176732063293e-02
2.855459153652191162e-01
1.928822882473468781e-02
1.060355454683303833e-02
1.749411821365356445e+00
7.898856699466705322e-02
3.160033524036407471e-01
2.514306604862213135e-01
1.836494326591491699e+00
2.522275447845458984e-01
4.425443708896636963e-01
4.370153844356536865e-01
1.006202793121337891e+01
9.050601162016391754e-03
4.202112853527069092e-01
2.171443402767181396e-01
4.444361478090286255e-02
9.156376868486404419e-02
4.629972875118255615e-01
1.626131415367126465e+00
1.249755322933197021e-01
1.490331441164016724e-01
2.288014143705368042e-01
2.637240171432495117e+00
2.237316817045211792e-01
8.875220417976379395e-01
3.638744950294494629e-01
5.654236674308776855e-02
1.530174732208251953e+00
3.760640919208526611e-01
3.288732171058654785e-01
2.458730489015579224e-01
4.631470143795013428e-01
2.394900470972061157e-01
6.362738609313964844e-01
2.949844896793365479e-01
4.228088259696960449e-02
1.671272814273834229e-01
3.517597913742065430e-01
7.777150720357894897e-02
4.153041839599609375e-01
1.998991221189498901e-01
1.427445374429225922e-02
3.917540907859802246e-01
7.186454534530639648e-02
2.262230217456817627e-01
4.748196005821228027e-01
9.301654994487762451e-02
6.079961657524108887e-01
2.992557547986507416e-02
6.781192868947982788e-02
2.214108085632324219e+01
3.057691454887390137e-02
1.978779956698417664e-02
8.762057870626449585e-02
1.651400476694107056e-01
1.268950384110212326e-02
3.215934932231903076e-01
5.340788364410400391e-01
3.730722665786743164e-01
5.236653685569763184e-01
5.222234874963760376e-02
7.523087784647941589e-03
2.559257745742797852e+00
1.139738440513610840e+00
6.797300279140472412e-02
4.088717699050903320e-02
1.173138841986656189e-01
3.192030824720859528e-03
6.646988987922668457e-01
3.773727267980575562e-02
2.073502063751220703e+00
3.043468296527862549e-01
3.854496031999588013e-02
5.649404600262641907e-02
1.519989073276519775e-01
3.898294270038604736e-02
3.784043192863464355e-01
1.469245851039886475e-01
1.276817321777343750e+00
1.802898198366165161e-01
1.023535151034593582e-02
2.857142686843872070e-01
1.088320016860961914e-01
5.697938203811645508e-01
2.719967812299728394e-02
5.083253234624862671e-02
6.599030643701553345e-02
3.559118211269378662e-01
1.776336431503295898e-01
4.241940975189208984e-01
5.965954810380935669e-02
1.803304105997085571e-01
2.851962745189666748e-01
1.366914361715316772e-01
7.744539976119995117e-01
2.152492664754390717e-02
1.295061707496643066e+00
1.891852915287017822e-01
1.443148255348205566e-01
3.387839078903198242e+00
5.568734183907508850e-02
3.174242973327636719e-01
1.240895614027976990e-01
1.477319747209548950e-01
3.167572990059852600e-02
3.789584934711456299e-01
1.905126720666885376e-01
1.053430289030075073e-01
9.095776677131652832e-01
6.487557291984558105e-02
1.446071147918701172e+00
1.225208025425672531e-02
1.334646195173263550e-01
4.080963611602783203e+00
2.773150205612182617e-01
2.164213806390762329e-01
2.780602313578128815e-02
1.369130052626132965e-02
9.163118153810501099e-02
7.398705184459686279e-02
1.591048240661621094e-01
5.775203928351402283e-02
4.038575887680053711e-01
9.773836731910705566e-01
3.735784888267517090e-01
1.467860192060470581e-01
2.779866568744182587e-02
1.505657471716403961e-02
1.532682478427886963e-01
2.699762105941772461e+00
9.901759624481201172e-01
4.024058580398559570e-02
2.296744138002395630e-01
3.758816793560981750e-02
2.140600048005580902e-02
3.977955281734466553e-01
3.711758553981781006e-02
6.043554469943046570e-02
2.639974094927310944e-02
5.031426250934600830e-02
5.399411544203758240e-02
4.729351997375488281e-01
2.908837199211120605e-01
1.298825740814208984e+00
8.536744713783264160e-01
3.754478991031646729e-01
4.149731159210205078e+00
4.332813322544097900e-01
1.824759691953659058e-01
7.098006457090377808e-02
2.473443597555160522e-01
6.727012991905212402e-01
3.877720236778259277e-01
3.037171125411987305e+00
9.809262156486511230e-01
1.226830959320068359e+00
1.911784768104553223e+00
1.345453262329101562e-01
2.591808736324310303e-01
2.167234569787979126e-02
1.107714176177978516e+00
1.371340453624725342e-02
6.615587323904037476e-02
1.532310843467712402e-01
1.025234535336494446e-01
1.539148092269897461e+00
6.448779582977294922e+00
1.831048727035522461e-01
1.853921890258789062e+00
8.275866508483886719e-02
1.935110241174697876e-01
1.992259174585342407e-01
2.481852099299430847e-02
1.061365660279989243e-02
4.848405361175537109e+00
2.572171986103057861e-01
2.494640499353408813e-01
4.496271163225173950e-02
1.900651752948760986e-01
3.020741641521453857e-01
6.460122019052505493e-02
1.429232805967330933e-01
1.207373976707458496e+00
5.170074105262756348e-01
4.023909941315650940e-02
4.876462742686271667e-02
4.593277931213378906e+00
3.841573745012283325e-02
2.153440192341804504e-02
2.692163228988647461e+00
1.336656510829925537e-01
4.812426269054412842e-01
3.677756488323211670e-01
3.124910295009613037e-01
3.643734753131866455e-02
3.286258317530155182e-03
8.263149857521057129e-02
2.810749709606170654e-01
2.602523751556873322e-02
3.387426584959030151e-02
1.304686546325683594e+00
9.418179988861083984e-01
2.569771409034729004e-01
4.074822962284088135e-01
1.152076572179794312e-01
1.559684723615646362e-01
6.261929124593734741e-02
7.322869896888732910e-01
1.565092802047729492e-01
2.068752944469451904e-01
4.845079034566879272e-02
5.841766595840454102e-01
6.453730165958404541e-03
3.288016021251678467e-01
3.748885169625282288e-02
2.116686105728149414e+00
2.272921502590179443e-01
5.364197492599487305e-01
2.079160138964653015e-02
2.375561296939849854e-01
7.132312059402465820e-01
1.907304972410202026e-01
1.193841081112623215e-02
2.232595533132553101e-01
4.654988646507263184e-02
1.844921708106994629e+00
1.511660218238830566e+00
1.985594183206558228e-01
1.382546067237854004e+00
8.206547737121582031e+00
6.236603111028671265e-02
8.569615334272384644e-02
1.285365689545869827e-02
1.955801397562026978e-01
7.664811015129089355e-01
2.033438682556152344e-01
1.142157363891601562e+01
6.210963428020477295e-02
5.974285602569580078e+00
6.062412858009338379e-01
4.771314263343811035e-01
3.642413765192031860e-02
1.132732704281806946e-01
1.163649201393127441e+00
4.224907684326171875e+01
3.541322326660156250e+01
1.070610284805297852e+00
2.433628463745117188e+01
1.250635623931884766e+01
1.858002281188964844e+01
1.531007528305053711e+00
4.569378662109375000e+01
1.102422714233398438e+00
4.212911605834960938e+01
9.036242485046386719e+00
2.322106599807739258e+00
6.742071509361267090e-01
3.945099115371704102e+00
5.101950836181640625e+01
4.506955623626708984e+00
9.631348609924316406e+00
1.698768997192382812e+01
1.709794640541076660e+00
2.692376613616943359e+00
7.069146633148193359e-01
1.045829010009765625e+01
5.420813560485839844e+00
7.932170104980468750e+01
1.559456467628479004e+00
9.491557121276855469e+00
8.591222763061523438e+00
1.785914001464843750e+02
3.751796722412109375e+01
1.709683179855346680e+00
1.321608662605285645e+00
5.678924083709716797e+00
1.063112258911132812e+02
5.767785906791687012e-01
1.912984275817871094e+01
8.032671213150024414e-01
4.831567704677581787e-01
2.484217643737792969e+00
6.125794410705566406e+00
1.840099182128906250e+02
6.254112243652343750e+00
1.502603769302368164e+00
2.294428825378417969e+01
4.352828025817871094e+00
4.053347396850585938e+01
1.296352291107177734e+01
1.188706111907958984e+01
1.726870417594909668e+00
3.379235458374023438e+01
1.119372177124023438e+01
3.648132324218750000e+00
1.801398277282714844e+01
4.357317733764648438e+01
3.541972637176513672e+00
3.796114921569824219e-01
4.570040106773376465e-01
1.278987526893615723e+00
7.653193473815917969e-01
3.067296981811523438e+01
1.078458023071289062e+01
5.320304489135742188e+01
1.515179038047790527e+00
4.679651737213134766e+00
1.102983593940734863e+00
3.186214447021484375e+01
4.049867630004882812e+00
3.015832519531250000e+01
3.752024078369140625e+01
1.363706665039062500e+02
3.968702256679534912e-02
1.058113479614257812e+01
7.238526344299316406e-01
6.628470611572265625e+01
6.096934127807617188e+01
5.363906860351562500e+00
1.980026245117187500e+00
1.043311834335327148e+00
7.421515941619873047e+00
6.653494358062744141e+00
7.127513408660888672e+00
8.697734475135803223e-01
4.399296760559082031e+00
1.866076707839965820e+00
3.233516216278076172e+00
1.560277819633483887e+00
9.022750854492187500e-01
5.234599113464355469e+00
1.150892829895019531e+01
3.080730140209197998e-01
2.886788606643676758e+00
8.847756385803222656e+00
1.701829719543457031e+01
3.309640169143676758e+00
6.253342628479003906e+00
2.637775993347167969e+01
1.051669597625732422e+00
9.023075866699218750e+01
1.545415997505187988e+00
5.820227146148681641e+00
1.310573220252990723e+00
1.430848717689514160e+00
3.404749929904937744e-01
8.335702514648437500e+01
7.931086540222167969e+00
1.498410892486572266e+01
1.360502839088439941e+00
6.943478393554687500e+01
1.062110519409179688e+02
1.727075815200805664e+00
3.829752802848815918e-01
1.379617786407470703e+01
1.257664775848388672e+01
5.384601593017578125e+00
8.807903289794921875e+00
2.948124647140502930e+00
4.709891796112060547e+00
1.725479125976562500e+00
1.060676932334899902e+00
8.111152648925781250e+00
2.845710992813110352e+00
4.804337158203125000e+02
2.284974975585937500e+02
3.010323905944824219e+01
1.123944401741027832e+00
1.377961921691894531e+01
6.217765331268310547e+00
2.180692434310913086e+00
5.765141296386718750e+01
7.896564006805419922e+00
3.164321899414062500e+00
1.341606330871582031e+01
1.711767464876174927e-01
7.365083098411560059e-01
1.501686573028564453e+00
6.703805923461914062e-01
2.196133852005004883e+00
1.285901641845703125e+01
9.647603988647460938e+00
3.175220108032226562e+01
4.450622177124023438e+01
1.627084612846374512e+00
9.432198333740234375e+01
2.297475624084472656e+01
3.783078384399414062e+01
9.437453269958496094e+00
4.593498992919921875e+01
7.231431961059570312e+00
1.659323310852050781e+01
6.835248470306396484e+00
2.278112649917602539e+00
8.987212371826171875e+01
3.332936763763427734e+00
1.834392905235290527e+00
1.818662261962890625e+01
2.822160959243774414e+00
9.390398859977722168e-01
5.694440841674804688e+00
1.743832945823669434e+00
9.427947402000427246e-01
3.813245010375976562e+01
1.123093605041503906e+01
2.133437156677246094e+01
2.797027587890625000e+00
1.104804611206054688e+01
2.126049995422363281e+00
5.482320308685302734e+00
1.247892761230468750e+01
3.426483459472656250e+02
4.091173410415649414e-01
1.370704174041748047e+01
1.641016006469726562e+01
3.500826358795166016e+00
1.099211096763610840e+00
6.040920257568359375e+01
1.833586120605468750e+01
3.310633659362792969e+00
1.042333507537841797e+01
9.272006034851074219e+00
3.845566940307617188e+01
1.217867136001586914e+00
3.952754974365234375e+01
1.585199165344238281e+01
6.401378661394119263e-02
4.629228210449218750e+01
3.248514938354492188e+01
1.025794625282287598e+00
3.920314788818359375e+00
5.307992935180664062e+01
8.985733985900878906e+00
1.691466808319091797e+00
6.922942638397216797e+00
1.300934314727783203e+00
9.102849006652832031e+00
1.824462127685546875e+01
7.924093604087829590e-01
2.893332004547119141e+00
1.688628196716308594e+00
1.310942888259887695e+00
3.596513986587524414e+00
1.198964786529541016e+01
3.802411794662475586e+00
9.048684120178222656e+00
3.810174465179443359e+00
2.207629966735839844e+01
2.639318108558654785e-01
3.289621114730834961e+00
1.320698394775390625e+02
6.236596107482910156e+00
4.942265033721923828e+00
4.996250152587890625e+00
5.636216640472412109e+00
4.699625968933105469e-01
8.076106071472167969e+00
3.346189737319946289e+00
1.183242702484130859e+01
1.148927211761474609e+00
8.976348876953125000e+00
3.591110706329345703e-01
2.417134284973144531e+01
8.086825561523437500e+01
1.030606031417846680e+00
7.344740629196166992e-01
1.112925624847412109e+01
8.015581369400024414e-01
1.434381866455078125e+02
1.329777240753173828e+00
1.294841480255126953e+01
1.532679796218872070e+00
1.846418499946594238e+00
6.199322342872619629e-01
9.253040313720703125e+00
1.258587598800659180e+00
4.520278167724609375e+01
2.988520383834838867e+00
9.364026069641113281e+00
6.454398632049560547e-01
6.690883040428161621e-01
7.614575624465942383e-01
3.420821428298950195e+00
1.166143703460693359e+01
3.092405557632446289e+00
1.952998518943786621e+00
2.102960824966430664e+00
2.389077568054199219e+01
4.648631095886230469e+00
9.266154289245605469e+00
8.254465460777282715e-01
1.619699668884277344e+01
1.529269695281982422e+00
1.866760849952697754e+00
8.264639854431152344e+00
1.049838185310363770e+00
2.993878746032714844e+01
6.391699790954589844e+00
3.068960666656494141e+00
2.486764335632324219e+01
1.529308676719665527e+00
1.591119647026062012e+00
1.660366630554199219e+01
3.090871429443359375e+01
5.083731651306152344e+00
5.822867393493652344e+00
1.003635597229003906e+01
1.829147720336914062e+01
1.938823318481445312e+01
3.002779579162597656e+01
4.485431671142578125e+01
1.089402914047241211e+00
1.034227180480957031e+01
6.746956634521484375e+01
2.170565414428710938e+01
3.857233047485351562e+01
9.166941642761230469e-01
1.086819648742675781e+00
4.743848323822021484e+00
1.547055006027221680e+00
1.000186061859130859e+01
6.350156784057617188e+00
2.478004217147827148e+00
7.513613224029541016e+00
4.287231445312500000e+00
4.186662673950195312e+00
1.411959171295166016e+00
2.570172250270843506e-01
4.302912235260009766e+00
4.418723297119140625e+01
9.038640022277832031e+00
2.401129722595214844e+00
1.675225615501403809e+00
2.675342559814453125e+00
1.981223344802856445e+00
8.264746856689453125e+01
2.280346393585205078e+00
2.635654211044311523e+00
1.741580724716186523e+00
4.514826774597167969e+00
1.051646900177001953e+01
1.422491312026977539e+00
1.057668590545654297e+01
3.317785263061523438e+01
2.693727874755859375e+01
3.447319030761718750e+00
2.953713417053222656e+01
6.106195449829101562e+00
6.905555248260498047e+00
2.242488670349121094e+01
4.259241580963134766e+00
1.326889419555664062e+01
2.881037139892578125e+01
6.015739440917968750e+01
7.520929718017578125e+01
8.376203918457031250e+01
1.312890434265136719e+01
1.475795984268188477e+00
9.557150006294250488e-01
8.040559887886047363e-01
7.202279090881347656e+00
9.776676893234252930e-01
5.172789692878723145e-01
1.060156702995300293e+00
9.037407636642456055e-01
1.485163726806640625e+02
2.468473052978515625e+01
3.635807800292968750e+01
2.413916778564453125e+01
1.835197448730468750e+00
1.391560840606689453e+01
8.439586639404296875e+00
3.183266401290893555e+00
1.187416076660156250e+00
7.388246154785156250e+01
5.353417205810546875e+01
4.470027923583984375e+00
5.168959140777587891e+00
2.041618728637695312e+01
7.798186492919921875e+01
4.169398307800292969e+00
5.553789138793945312e-01
1.643565750122070312e+01
2.248887538909912109e+00
3.669714689254760742e+00
3.652776241302490234e+00
4.638968658447265625e+01
1.139333486557006836e+00
2.318819761276245117e+00
7.728842163085937500e+01
1.174058914184570312e+01
1.390367984771728516e+01
7.949898719787597656e+00
7.743250846862792969e+00
2.725167572498321533e-01
1.507285833358764648e-01
8.276796340942382812e+00
4.264939785003662109e+00
1.320886969566345215e+00
6.173931121826171875e+00
7.046707153320312500e+01
1.075119323730468750e+02
9.871211051940917969e+00
4.224431991577148438e+00
2.934433698654174805e+00
5.140286922454833984e+00
5.158761978149414062e+00
1.442973899841308594e+01
2.249830245971679688e+00
1.395934200286865234e+01
9.706262350082397461e-01
4.942257881164550781e+00
3.317823410034179688e-01
4.360295772552490234e+00
8.783256530761718750e+00
4.750301208496093750e+02
4.684773445129394531e+00
9.886885643005371094e+00
1.198087096214294434e+00
4.751226902008056641e+00
3.557402420043945312e+01
2.134251594543457031e+01
2.612892687320709229e-01
2.386602640151977539e+00
3.380426645278930664e+00
1.846840476989746094e+01
7.587300872802734375e+01
2.117915153503417969e+00
1.583642864227294922e+01
8.710065460205078125e+01
2.203333377838134766e+00
4.911349773406982422e+00
2.291673660278320312e+00
8.395743370056152344e+00
1.056695938110351562e+01
1.135341644287109375e+01
6.258366088867187500e+02
6.774938583374023438e+00
3.187481880187988281e+01
1.263963012695312500e+02
3.250429916381835938e+01
3.224911451339721680e+00
3.055314636230468750e+01
