9.529257565736770630e-02
2.331778407096862793e-01
3.284749761223793030e-02
3.774806158617138863e-03
3.692721575498580933e-02
1.484473705291748047e+00
2.346350997686386108e-02
1.105291955173015594e-02
4.371361434459686279e-02
2.116033583879470825e-01
1.316075772047042847e-01
6.368250399827957153e-02
1.001827940344810486e-01
2.081818878650665283e-02
1.015876978635787964e-02
4.823859035968780518e-02
3.217604709789156914e-03
2.801012806594371796e-02
3.561394661664962769e-02
6.878547836095094681e-03
1.442910730838775635e-02
1.905540749430656433e-02
1.584953814744949341e-01
2.850431203842163086e-02
3.807693004608154297e+00
9.815315715968608856e-03
4.094208776950836182e-02
2.030169963836669922e-01
2.701391875743865967e-01
1.316938638687133789e+00
2.586142858490347862e-03
1.182109583169221878e-03
4.530604556202888489e-02
1.442940682172775269e-01
2.301744185388088226e-02
1.509952545166015625e-01
1.577106118202209473e-02
1.256617950275540352e-03
4.121185839176177979e-02
1.853516511619091034e-02
4.276246130466461182e-01
1.550111919641494751e-01
2.890142798423767090e-02
4.112526893615722656e+00
2.901796102523803711e-01
1.141178160905838013e-01
2.093816176056861877e-02
9.116557240486145020e-01
2.223786665126681328e-03
2.141899764537811279e-01
1.706468164920806885e-01
6.751762330532073975e-02
2.544384896755218506e-01
5.646635964512825012e-02
3.480981802567839622e-03
4.682978149503469467e-03
5.797618068754673004e-03
7.680653035640716553e-02
2.798552997410297394e-02
1.515865898132324219e+01
1.368902251124382019e-02
6.446367740631103516e+00
1.776121929287910461e-02
2.485717274248600006e-02
1.532933712005615234e-01
1.823715120553970337e-01
5.096648931503295898e-01
5.872287601232528687e-02
1.383754134178161621e+00
8.438107371330261230e-01
2.510616322979331017e-04
5.688531994819641113e-01
6.205967627465724945e-03
7.192210555076599121e-01
1.176139637827873230e-01
2.991735003888607025e-02
1.393888052552938461e-02
3.495208546519279480e-02
3.195336833596229553e-02
2.359379455447196960e-02
4.624874889850616455e-01
2.672167122364044189e-02
1.104487255215644836e-01
1.486332505010068417e-03
4.379885271191596985e-03
5.490658339112997055e-03
1.745896151987835765e-04
2.715217322111129761e-02
9.762104153633117676e-01
1.391821075230836868e-03
1.602440886199474335e-02
5.216700956225395203e-02
1.023119408637285233e-02
4.644354060292243958e-02
1.930374652147293091e-02
8.413839340209960938e-01
1.970589607954025269e-01
5.619138479232788086e-01
7.438313681632280350e-03
1.483470946550369263e-01
1.983130216598510742e+00
7.780272513628005981e-02
5.324131809175014496e-03
2.642272412776947021e-02
3.732074797153472900e-02
2.542649209499359131e-01
7.324875891208648682e-02
5.879592150449752808e-02
4.389184415340423584e-01
1.164663732051849365e-01
2.462331019341945648e-02
2.125254720449447632e-01
8.773758262395858765e-02
5.747764706611633301e-01
3.197381645441055298e-02
8.997753262519836426e-02
8.773444592952728271e-02
2.321332320570945740e-02
8.280456997454166412e-03
2.363405935466289520e-02
2.959223696961998940e-03
4.949750137329101562e+01
4.661095738410949707e-01
1.119199275970458984e+00
9.722122340463101864e-04
7.872182875871658325e-02
2.079900354146957397e-02
7.932638400234282017e-04
1.804164350032806396e-01
4.705580323934555054e-02
7.774420380592346191e-01
6.946720927953720093e-02
8.566048927605152130e-03
2.555581973865628242e-03
4.601786658167839050e-02
1.071907579898834229e-02
2.488039806485176086e-02
1.162144899368286133e+00
1.596070975065231323e-01
9.146470427513122559e-01
3.719881549477577209e-02
1.586508005857467651e-02
2.355097770690917969e+00
8.529429435729980469e-01
5.557378768920898438e+00
1.210472658276557922e-01
3.770551085472106934e-01
5.695099383592605591e-02
1.881676316261291504e-01
3.580747172236442566e-02
1.994761452078819275e-02
5.448086261749267578e-01
1.445955485105514526e-01
8.258777111768722534e-02
2.448233515024185181e-01
7.129257917404174805e-02
2.723973989486694336e-02
4.167202860116958618e-02
1.949673751369118690e-03
5.318019539117813110e-03
1.688052862882614136e-01
1.633235253393650055e-02
8.426593989133834839e-02
1.470083892345428467e-01
1.114203572273254395e+00
3.082847297191619873e-01
3.299162387847900391e-01
2.520785629749298096e-01
2.749148607254028320e+00
3.638454945757985115e-03
1.647791117429733276e-01
2.051321566104888916e-01
2.438687253743410110e-03
2.593423984944820404e-02
7.360681891441345215e-02
1.412230253219604492e+00
3.656803071498870850e-02
4.828894510865211487e-02
3.753057867288589478e-02
8.163935542106628418e-01
1.139578372240066528e-01
6.801747530698776245e-02
1.784537583589553833e-01
6.349502503871917725e-02
1.527743697166442871e+00
8.094266057014465332e-02
3.002484329044818878e-02
3.336403891444206238e-02
3.914697468280792236e-01
4.489726945757865906e-02
8.638623952865600586e-01
4.572479799389839172e-02
6.977736484259366989e-04
6.962426751852035522e-02
1.634227633476257324e-01
6.543864309787750244e-02
1.612727791070938110e-01
3.646645322442054749e-02
6.649686954915523529e-03
2.982764542102813721e-01
5.556829739362001419e-03
6.718888133764266968e-02
6.418801099061965942e-02
5.157205462455749512e-02
3.404241800308227539e-02
1.018943078815937042e-02
9.203522652387619019e-02
1.117061233520507812e+01
5.530635360628366470e-03
3.607947845011949539e-03
1.405116543173789978e-02
5.049418658018112183e-02
9.192627039737999439e-04
9.930847883224487305e-01
6.571149080991744995e-02
1.593728780746459961e+00
7.471293210983276367e-01
2.099035307765007019e-02
1.283855061046779156e-03
1.023450374603271484e+00
1.173647522926330566e+00
6.546252872794866562e-03
1.495312340557575226e-02
2.649255469441413879e-02
2.387846034253016114e-04
1.953812986612319946e-01
3.403634764254093170e-03
2.243439435958862305e+00
1.301883459091186523e-01
1.696218363940715790e-02
2.644563466310501099e-02
2.882689237594604492e-02
2.000890299677848816e-02
2.085225097835063934e-02
3.962257876992225647e-02
2.185592353343963623e-01
8.258887380361557007e-02
4.645476117730140686e-03
3.237100243568420410e-01
2.294661710038781166e-03
2.860048711299896240e-01
2.684775553643703461e-02
1.990735530853271484e-01
8.419570513069629669e-03
1.493020262569189072e-02
2.919748798012733459e-02
8.702547848224639893e-02
4.812238737940788269e-02
5.874206125736236572e-02
1.006613746285438538e-01
7.664895057678222656e-02
9.900538921356201172e-01
5.831087473779916763e-04
2.880603969097137451e-01
1.083182618021965027e-01
1.640299111604690552e-01
2.321532964706420898e+00
1.032713502645492554e-01
2.512173354625701904e-02
5.618985742330551147e-02
1.385004073381423950e-02
5.071579944342374802e-03
5.267042517662048340e-01
7.898536324501037598e-02
1.620449498295783997e-02
3.595117330551147461e-01
4.798136651515960693e-03
1.645645737648010254e+00
1.709036179818212986e-03
2.273796498775482178e-02
6.587802410125732422e+00
2.240364253520965576e-01
1.758313477039337158e-01
6.183730438351631165e-03
2.638563746586441994e-03
2.934666536748409271e-02
3.303631395101547241e-02
2.164572663605213165e-02
2.347285449504852295e-01
6.901015043258666992e-01
5.034723281860351562e-01
8.123213052749633789e-02
2.963805571198463440e-02
1.429884880781173706e-02
8.568103075958788395e-04
1.826052553951740265e-02
4.252223491668701172e+00
2.144442796707153320e+00
9.132905863225460052e-03
8.544430136680603027e-02
2.240610308945178986e-02
9.057361632585525513e-03
2.925325632095336914e-01
2.563100866973400116e-02
3.132481826469302177e-03
1.659056916832923889e-02
3.203034028410911560e-02
7.536944001913070679e-02
1.338525772094726562e+00
1.741982847452163696e-01
2.865952491760253906e+00
2.021236717700958252e-01
2.276556193828582764e-01
1.815588593482971191e+00
6.031357645988464355e-01
2.558042481541633606e-02
1.166602969169616699e-02
1.812997609376907349e-01
7.725608348846435547e-02
2.286950945854187012e-01
1.393518090248107910e+00
1.739442497491836548e-01
8.702147752046585083e-02
2.042824476957321167e-01
1.211845967918634415e-02
7.313452661037445068e-02
3.429382806643843651e-03
1.319556355476379395e+00
2.338700462132692337e-03
1.196093577891588211e-02
1.659450680017471313e-01
2.158687915652990341e-03
6.983125954866409302e-02
2.713384330272674561e-01
4.321126639842987061e-02
3.343393087387084961e+00
6.678358651697635651e-03
7.347333710640668869e-03
3.105321153998374939e-02
7.568672765046358109e-03
2.416507108137011528e-03
2.196981668472290039e+00
2.372569590806961060e-02
4.543740302324295044e-02
1.914996653795242310e-02
2.409153617918491364e-02
2.524915151298046112e-02
1.565266586840152740e-02
7.867924869060516357e-02
3.906501829624176025e-01
4.890296980738639832e-02
1.215245574712753296e-03
9.178379550576210022e-03
1.319316625595092773e+00
1.820921548642218113e-03
1.791910640895366669e-02
5.195345282554626465e-01
6.320471763610839844e-01
5.039294436573982239e-02
1.800552159547805786e-01
1.764169186353683472e-01
8.453664928674697876e-02
4.252644721418619156e-04
2.069279365241527557e-02
5.093363672494888306e-02
4.969276487827301025e-03
2.336089685559272766e-02
7.772190868854522705e-02
1.011426821351051331e-01
1.544716358184814453e-01
4.998400434851646423e-02
7.228379137814044952e-03
8.205743134021759033e-02
3.239714726805686951e-02
4.763609170913696289e-01
3.639943897724151611e-02
1.075930297374725342e-01
4.346998874098062515e-03
4.148687422275543213e-01
1.222719904035329819e-03
1.023226976394653320e-01
3.141388669610023499e-02
3.982238769531250000e+00
7.944083213806152344e-02
4.784165322780609131e-01
5.624635145068168640e-03
1.612805575132369995e-02
1.972873695194721222e-02
1.272055227309465408e-02
1.849115081131458282e-02
7.407076656818389893e-02
1.212265621870756149e-02
7.151571512222290039e-01
4.790026843547821045e-01
8.895483613014221191e-02
3.858196735382080078e+00
1.571975326538085938e+01
1.691323146224021912e-02
1.089813001453876495e-02
4.142803663853555918e-04
7.761117070913314819e-02
4.853560402989387512e-02
5.223206058144569397e-02
9.280578613281250000e+00
8.818326168693602085e-04
3.975142717361450195e+00
2.354777157306671143e-01
2.245472557842731476e-02
9.115346707403659821e-03
1.165245287120342255e-02
6.662203311920166016e+00
3.371244430541992188e+01
3.414212417602539062e+01
3.041892647743225098e-01
8.081587791442871094e+00
2.408968210220336914e+00
1.112603073120117188e+02
7.670240879058837891e+00
8.500453948974609375e+01
8.085662841796875000e+00
7.134304809570312500e+01
1.771415710449218750e+01
9.124901771545410156e+00
5.809171199798583984e-01
1.502251625061035156e+01
3.277291870117187500e+01
1.424240112304687500e+01
1.224548721313476562e+02
2.066907501220703125e+01
2.898959159851074219e+00
4.064701557159423828e+00
3.569679975509643555e+00
1.058365821838378906e+01
1.688220787048339844e+01
1.901230621337890625e+01
1.333441376686096191e+00
1.997287750244140625e+01
2.125500640869140625e+02
3.366268310546875000e+02
3.868587875366210938e+01
1.830610394477844238e+00
2.391096115112304688e+00
3.006310224533081055e+00
2.857108154296875000e+02
2.211379528045654297e+00
1.559824657440185547e+01
6.048715114593505859e-01
1.733306646347045898e-01
1.822042584419250488e+00
4.102520751953125000e+01
1.186104492187500000e+03
1.905649948120117188e+01
5.830882787704467773e-01
1.136824951171875000e+02
1.770532035827636719e+01
1.087081069946289062e+02
1.079782257080078125e+02
1.179597568511962891e+01
1.646561503410339355e+00
1.713034362792968750e+02
4.234322357177734375e+01
9.104516029357910156e+00
1.338554096221923828e+01
6.019521331787109375e+01
5.650463581085205078e+00
1.254879832267761230e+00
1.831530094146728516e+00
1.315063953399658203e+00
4.828104972839355469e+00
2.166941986083984375e+02
4.034250259399414062e+01
1.873212890625000000e+02
1.749700665473937988e+00
9.951267242431640625e+00
2.681588411331176758e+00
2.048298263549804688e+01
1.533866024017333984e+01
7.390145263671875000e+02
1.042002075195312500e+03
3.638140487670898438e+01
6.157283484935760498e-02
3.117498397827148438e+01
1.708330273628234863e+00
9.358422088623046875e+01
1.026708126068115234e+01
8.475269317626953125e+00
4.319887459278106689e-01
1.869085073471069336e+00
3.578462219238281250e+01
2.299943542480468750e+01
2.070186042785644531e+01
2.164738178253173828e+00
7.825257301330566406e+00
1.104286956787109375e+01
6.583021640777587891e+00
3.237234115600585938e+00
1.905186623334884644e-01
2.665896797180175781e+01
1.807316589355468750e+01
1.727842926979064941e+00
3.704088211059570312e+00
8.349773406982421875e+01
3.805167388916015625e+01
1.544689369201660156e+01
3.234746170043945312e+01
2.537604522705078125e+01
4.450334548950195312e+00
1.367401367187500000e+03
2.216545820236206055e+00
2.719914245605468750e+01
8.596209883689880371e-01
3.792263984680175781e+00
4.215413033962249756e-01
6.795468139648437500e+01
1.469130897521972656e+01
2.485167694091796875e+01
4.294382572174072266e+00
2.283303070068359375e+02
3.558264160156250000e+02
2.774619579315185547e+00
1.677003204822540283e-01
6.157464599609375000e+01
1.529715824127197266e+01
9.783675193786621094e+00
3.442683792114257812e+01
3.788541030883789062e+01
1.308950710296630859e+01
6.649888992309570312e+00
2.182575225830078125e+01
1.115359687805175781e+01
2.491526794433593750e+01
4.114624511718750000e+03
2.251844177246093750e+02
3.032178497314453125e+01
2.986983537673950195e+00
1.569147491455078125e+02
9.284951210021972656e+00
2.041031599044799805e+00
2.442813415527343750e+02
8.252561950683593750e+01
2.711621284484863281e+01
1.020669460296630859e+01
1.818523108959197998e-01
4.034240722656250000e+00
1.253975987434387207e+00
1.669852018356323242e+00
4.673278331756591797e+00
1.198848800659179688e+02
5.062829971313476562e+01
7.965980529785156250e+01
6.098114395141601562e+01
6.256659626960754395e-01
3.321334228515625000e+02
2.179143524169921875e+01
9.766609191894531250e+01
1.605028343200683594e+01
2.940941162109375000e+02
1.129601955413818359e+00
2.511750030517578125e+01
8.354902648925781250e+01
1.009826540946960449e+00
2.745134582519531250e+02
3.556217575073242188e+01
9.737809896469116211e-01
8.964258575439453125e+01
7.879408836364746094e+00
1.340817332267761230e+00
8.825363516807556152e-01
8.570045828819274902e-01
1.414071440696716309e+00
2.501851043701171875e+02
1.113408737182617188e+02
7.416678619384765625e+01
1.010111808776855469e+01
4.121997833251953125e+01
3.863415002822875977e+00
2.262058830261230469e+01
7.771611785888671875e+01
3.528740844726562500e+02
1.331109762191772461e+00
1.239370346069335938e+01
2.799512329101562500e+02
1.826230287551879883e+00
4.500192165374755859e+00
1.223667984008789062e+02
1.774114799499511719e+01
4.335533618927001953e+00
2.198540878295898438e+01
3.437746286392211914e+00
2.055874824523925781e+01
2.002213239669799805e+00
3.975498199462890625e+01
9.008828735351562500e+01
2.839879095554351807e-01
2.023292846679687500e+03
1.286712741851806641e+01
1.367900729179382324e+00
5.725529670715332031e+00
1.087223587036132812e+02
1.827821159362792969e+01
2.056120872497558594e+00
1.271384429931640625e+01
2.972647428512573242e+00
3.200946044921875000e+01
2.393762588500976562e+01
4.156115651130676270e-01
1.627859306335449219e+01
1.422806382179260254e+00
1.247235417366027832e+00
3.780373334884643555e+00
8.748455047607421875e+00
2.397049427032470703e+00
7.894547939300537109e+00
1.235067558288574219e+01
5.185047149658203125e+01
4.553201794624328613e-01
8.660015106201171875e+00
1.010051422119140625e+02
6.218560695648193359e+00
2.011685180664062500e+01
1.187057495117187500e+01
4.456968784332275391e+00
1.090306282043457031e+00
7.765729370117187500e+02
1.363968086242675781e+01
4.272820281982421875e+01
7.063469886779785156e+00
1.396579284667968750e+02
9.149774312973022461e-01
8.329270172119140625e+01
1.476541992187500000e+03
2.970741689205169678e-01
8.870740532875061035e-01
1.109029312133789062e+02
1.583541035652160645e+00
2.788172607421875000e+02
3.890319108963012695e+00
9.043574333190917969e+00
1.720955014228820801e+00
8.544481277465820312e+00
3.804793059825897217e-01
1.388676738739013672e+01
1.002197265625000000e+00
7.050380706787109375e+01
5.585571289062500000e+00
4.010837936401367188e+01
9.977395534515380859e-01
4.126231670379638672e+00
1.086119651794433594e+01
8.671196103096008301e-01
1.946211242675781250e+02
1.310611724853515625e+01
6.923788547515869141e+00
4.350336551666259766e+00
2.844659996032714844e+01
7.579905700683593750e+01
7.409915924072265625e+01
3.402118682861328125e-01
3.001522827148437500e+02
4.551020622253417969e+00
1.173151302337646484e+01
2.197611236572265625e+01
1.638022780418395996e+00
1.041878890991210938e+02
3.404769134521484375e+01
3.311719655990600586e+00
2.589008331298828125e+01
8.558967590332031250e+00
2.959291458129882812e+00
1.945764923095703125e+02
1.983365058898925781e+01
3.808929061889648438e+01
1.440355396270751953e+01
1.121136856079101562e+02
2.912718391418457031e+01
6.834356689453125000e+01
2.372137641906738281e+01
1.643207702636718750e+02
1.898304969072341919e-01
7.438457965850830078e+00
8.391615600585937500e+02
4.966404724121093750e+01
9.356172943115234375e+01
5.830538868904113770e-01
3.954446017742156982e-01
1.749296760559082031e+01
7.930735111236572266e+00
1.139256286621093750e+01
1.864997673034667969e+01
2.486716508865356445e+00
1.264914131164550781e+01
4.671149730682373047e+00
3.996858835220336914e+00
8.941402435302734375e+00
8.325527310371398926e-01
2.488869428634643555e+00
2.111024475097656250e+02
1.725269927978515625e+02
4.026625156402587891e+00
3.439726257324218750e+01
2.092407035827636719e+01
5.340442180633544922e+00
1.755160278320312500e+03
3.957937717437744141e+00
2.696290397644042969e+01
8.806918144226074219e+00
2.723152160644531250e+01
1.352563934326171875e+02
5.223505020141601562e+00
4.070432662963867188e+01
6.084637069702148438e+01
4.964285659790039062e+01
2.181158065795898438e+01
3.026163330078125000e+02
6.069693088531494141e+00
6.047979831695556641e+00
1.202666091918945312e+02
9.152963638305664062e+00
7.845224857330322266e+00
2.232515106201171875e+02
1.524544677734375000e+02
1.383013916015625000e+02
5.200291137695312500e+02
1.143904209136962891e+00
4.197451114654541016e+00
7.234669327735900879e-01
3.129132032394409180e+00
9.046761512756347656e+00
2.995298862457275391e+00
8.548559546470642090e-01
4.106817722320556641e+00
9.630504250526428223e-01
2.955208129882812500e+02
1.571359634399414062e+01
1.385590820312500000e+02
8.879086303710937500e+01
4.386248588562011719e+00
3.604183578491210938e+01
1.644688415527343750e+01
1.500696563720703125e+01
1.166918039321899414e+00
1.152304931640625000e+03
1.340714263916015625e+02
1.196976852416992188e+01
3.402408981323242188e+01
7.014202880859375000e+01
4.086362915039062500e+02
1.167451095581054688e+01
1.713772892951965332e+00
2.230458641052246094e+01
9.121404290199279785e-01
1.668983078002929688e+01
1.684603424072265625e+02
1.906967544555664062e+01
2.725950479507446289e+00
2.811086416244506836e+00
1.159069900512695312e+02
3.854851074218750000e+02
3.611913299560546875e+01
2.481150627136230469e+01
1.627179908752441406e+01
2.667095661163330078e-01
9.331506490707397461e-02
2.087136650085449219e+01
9.976391792297363281e+00
3.466391086578369141e+00
1.647560882568359375e+01
9.450341033935546875e+01
8.624359130859375000e+01
2.469898223876953125e+01
2.685624122619628906e+00
1.626493334770202637e+00
4.707324981689453125e+00
6.717751026153564453e+00
1.348168029785156250e+02
2.779526233673095703e+00
3.027446365356445312e+01
4.515976011753082275e-01
5.476681709289550781e+00
2.081107050180435181e-01
4.830633640289306641e+00
2.495314941406250000e+02
2.113711914062500000e+04
7.012593746185302734e+00
3.769042205810546875e+01
5.845422267913818359e+00
3.124963283538818359e+00
5.688888931274414062e+01
1.337571868896484375e+02
1.449945688247680664e+00
2.211647033691406250e+00
9.716402053833007812e+00
7.454960632324218750e+01
3.085014724731445312e+01
4.876872539520263672e+00
1.557631378173828125e+02
5.576406250000000000e+02
3.956794261932373047e+00
2.696470737457275391e+00
2.577532291412353516e+00
5.044942855834960938e+01
2.110584735870361328e+00
3.598385095596313477e+00
3.170853576660156250e+02
1.536227416992187500e+01
6.043317413330078125e+01
1.028583007812500000e+03
4.519372177124023438e+01
1.275086998939514160e+00
5.368505859375000000e+01
