6.902735680341720581e-02
1.452028304338455200e-01
2.953151986002922058e-02
2.328926464542746544e-03
3.349485993385314941e-02
5.428211092948913574e-01
1.450184360146522522e-02
9.430604986846446991e-03
3.921336680650711060e-02
1.093495041131973267e-01
1.040154322981834412e-01
5.399186164140701294e-02
6.803054362535476685e-02
1.402420364320278168e-02
8.811420761048793793e-03
4.225308075547218323e-02
2.396707190200686455e-03
2.285247109830379486e-02
1.969654858112335205e-02
7.130776997655630112e-03
9.127764031291007996e-03
1.268507540225982666e-02
1.170682311058044434e-01
1.933794841170310974e-02
3.158012151718139648e+00
7.611375767737627029e-03
2.617674134671688080e-02
1.197281330823898315e-01
2.174676358699798584e-01
8.792350292205810547e-01
2.339163329452276230e-03
9.089620434679090977e-04
4.039149731397628784e-02
1.132626011967658997e-01
1.374218054115772247e-02
1.408113837242126465e-01
8.881879970431327820e-03
1.311502419412136078e-03
3.347213193774223328e-02
1.415735296905040741e-02
3.946705460548400879e-01
1.174165531992912292e-01
2.280723303556442261e-02
2.347513198852539062e+00
2.023958414793014526e-01
8.422385901212692261e-02
1.694596745073795319e-02
7.641719579696655273e-01
1.550350105389952660e-03
2.156591415405273438e-01
1.096136346459388733e-01
3.686460107564926147e-02
2.349504381418228149e-01
4.108652845025062561e-02
2.550301142036914825e-03
4.009664524346590042e-03
5.904077552258968353e-03
7.387820631265640259e-02
1.681839115917682648e-02
1.277979755401611328e+01
1.025289203971624374e-02
4.705224990844726562e+00
1.436933875083923340e-02
1.592171564698219299e-02
1.083703115582466125e-01
1.295997798442840576e-01
3.355313837528228760e-01
5.496524646878242493e-02
1.481973409652709961e+00
6.291286349296569824e-01
1.909690181491896510e-04
4.504015743732452393e-01
3.886346239596605301e-03
5.718228220939636230e-01
1.092810109257698059e-01
2.617427520453929901e-02
1.426183991134166718e-02
2.695273980498313904e-02
1.854591071605682373e-02
2.115028724074363708e-02
3.274244964122772217e-01
2.171535231173038483e-02
7.898148894309997559e-02
1.383648137561976910e-03
3.389547346159815788e-03
4.006703849881887436e-03
1.799313322408124804e-04
1.991820335388183594e-02
5.727732777595520020e-01
1.110665034502744675e-03
1.079416088759899139e-02
4.136160761117935181e-02
1.030295994132757187e-02
4.283894598484039307e-02
1.938006095588207245e-02
5.159217715263366699e-01
1.528484672307968140e-01
3.762501180171966553e-01
7.386127952486276627e-03
1.034854352474212646e-01
8.197879791259765625e-01
4.210213199257850647e-02
4.412408452481031418e-03
2.072815783321857452e-02
3.053591400384902954e-02
2.020043879747390747e-01
5.229643359780311584e-02
5.365810543298721313e-02
3.831870853900909424e-01
5.873283371329307556e-02
1.580839045345783234e-02
1.166910380125045776e-01
8.299530297517776489e-02
3.839018344879150391e-01
2.449463307857513428e-02
7.383438199758529663e-02
6.691025942564010620e-02
1.611971482634544373e-02
5.206823348999023438e-03
1.674544252455234528e-02
2.355612814426422119e-03
2.882007789611816406e+01
3.097369074821472168e-01
8.986799120903015137e-01
7.160031236708164215e-04
4.362815245985984802e-02
1.553056668490171432e-02
6.484938785433769226e-04
1.397628486156463623e-01
3.676735609769821167e-02
5.583003163337707520e-01
7.236193865537643433e-02
6.395545322448015213e-03
1.808034256100654602e-03
2.599673531949520111e-02
6.234179716557264328e-03
1.569524407386779785e-02
6.710631251335144043e-01
9.154008328914642334e-02
7.941023111343383789e-01
3.241124004125595093e-02
1.206616219133138657e-02
2.122071743011474609e+00
6.625008583068847656e-01
3.932228565216064453e+00
1.042555645108222961e-01
2.420586645603179932e-01
4.047879204154014587e-02
1.384596526622772217e-01
2.745048329234123230e-02
1.675328426063060760e-02
3.642677962779998779e-01
9.298542141914367676e-02
4.953950271010398865e-02
1.425005346536636353e-01
4.601516574621200562e-02
2.069542929530143738e-02
2.948503009974956512e-02
1.291199703700840473e-03
3.349671373143792152e-03
1.115945056080818176e-01
1.968349702656269073e-02
6.967302411794662476e-02
9.240857511758804321e-02
6.543172001838684082e-01
2.251075357198715210e-01
2.786773741245269775e-01
1.881081014871597290e-01
1.903238892555236816e+00
2.596074249595403671e-03
1.652095615863800049e-01
1.169916465878486633e-01
1.959065673872828484e-03
2.779159508645534515e-02
6.673204153776168823e-02
6.697648167610168457e-01
3.761477768421173096e-02
3.818003088235855103e-02
2.179252915084362030e-02
6.995179653167724609e-01
8.377175778150558472e-02
4.586887359619140625e-02
1.153548955917358398e-01
4.237343370914459229e-02
1.290180683135986328e+00
5.788069218397140503e-02
3.336878865957260132e-02
2.303225919604301453e-02
2.768059670925140381e-01
3.280160576105117798e-02
6.512130498886108398e-01
3.876882046461105347e-02
5.061638075858354568e-04
4.387649148702621460e-02
1.133458092808723450e-01
5.590183287858963013e-02
9.176515787839889526e-02
3.397121652960777283e-02
3.877886570990085602e-03
2.269176244735717773e-01
4.420113749802112579e-03
4.283045977354049683e-02
4.499556869268417358e-02
3.096399269998073578e-02
2.664230577647686005e-02
7.179816253483295441e-03
6.117691472172737122e-02
9.721576690673828125e+00
5.015064030885696411e-03
2.942545572295784950e-03
1.235488243401050568e-02
3.762970119714736938e-02
7.835275609977543354e-04
4.504610300064086914e-01
5.117697641253471375e-02
1.023023724555969238e+00
4.474267065525054932e-01
1.558828167617321014e-02
1.359093468636274338e-03
7.792428135871887207e-01
7.453942298889160156e-01
4.399706143885850906e-03
1.072884723544120789e-02
1.563017070293426514e-02
2.398227661615237594e-04
1.585624217987060547e-01
3.141065826639533043e-03
1.278107643127441406e+00
9.725723415613174438e-02
1.740422099828720093e-02
2.086916565895080566e-02
2.164030261337757111e-02
1.220015343278646469e-02
2.387014031410217285e-02
1.906560361385345459e-02
1.604654043912887573e-01
5.818154662847518921e-02
3.242820501327514648e-03
2.235362976789474487e-01
2.386892214417457581e-03
1.719721406698226929e-01
1.659242063760757446e-02
8.972734212875366211e-02
6.967901717871427536e-03
9.243606589734554291e-03
2.144048735499382019e-02
8.442011475563049316e-02
3.506677970290184021e-02
4.430376365780830383e-02
8.972877264022827148e-02
6.246956437826156616e-02
6.055195927619934082e-01
5.044973222538828850e-04
2.554278969764709473e-01
9.309613704681396484e-02
1.066086664795875549e-01
1.668574094772338867e+00
7.023835927248001099e-02
2.364829182624816895e-02
3.325732424855232239e-02
1.361820753663778305e-02
3.867464140057563782e-03
2.941484153270721436e-01
6.433212012052536011e-02
1.337190996855497360e-02
2.101817280054092407e-01
3.663153853267431259e-03
1.097617149353027344e+00
1.007887651212513447e-03
1.862838678061962128e-02
5.018823623657226562e+00
1.396822929382324219e-01
8.448059856891632080e-02
4.342904780060052872e-03
1.443819259293377399e-03
1.658849790692329407e-02
3.062633052468299866e-02
1.687838695943355560e-02
1.092607453465461731e-01
4.784308075904846191e-01
4.129230380058288574e-01
7.013478130102157593e-02
2.348363399505615234e-02
9.991315193474292755e-03
1.024301629513502121e-03
1.285783108323812485e-02
3.223175048828125000e+00
1.547245383262634277e+00
6.880332250148057938e-03
6.791181862354278564e-02
1.366646215319633484e-02
6.958670914173126221e-03
2.196055948734283447e-01
1.564224250614643097e-02
2.767754253000020981e-03
1.173593476414680481e-02
2.677713707089424133e-02
4.077187180519104004e-02
9.227175712585449219e-01
1.489300429821014404e-01
1.900608539581298828e+00
1.427611410617828369e-01
1.393295526504516602e-01
1.556553006172180176e+00
3.655177950859069824e-01
1.506938133388757706e-02
6.853260099887847900e-03
1.262216866016387939e-01
8.198079466819763184e-02
2.575502991676330566e-01
8.787685632705688477e-01
1.144023314118385315e-01
9.397234767675399780e-02
1.600085198879241943e-01
8.961779065430164337e-03
5.773743242025375366e-02
2.868920797482132912e-03
1.014206767082214355e+00
1.463503227569162846e-03
6.461791694164276123e-03
1.270962357521057129e-01
1.743548549711704254e-03
6.177921593189239502e-02
3.015705347061157227e-01
3.114267997443675995e-02
2.238740921020507812e+00
4.793786909431219101e-03
7.400440983474254608e-03
1.539940200746059418e-02
5.819665268063545227e-03
1.580986776389181614e-03
1.885018706321716309e+00
2.051123231649398804e-02
3.239269927144050598e-02
1.458083372563123703e-02
2.079821564257144928e-02
1.840671524405479431e-02
1.249875966459512711e-02
7.529136538505554199e-02
3.053900599479675293e-01
3.051264770328998566e-02
9.463056339882314205e-04
5.018929950892925262e-03
9.440801143646240234e-01
1.558461692184209824e-03
1.345256250351667404e-02
4.085860550403594971e-01
4.955703914165496826e-01
4.725391045212745667e-02
1.706831157207489014e-01
1.042217686772346497e-01
5.114634707570075989e-02
4.454148001968860626e-04
1.303794980049133301e-02
4.302870482206344604e-02
3.014103276655077934e-03
1.938211731612682343e-02
6.505616009235382080e-02
8.531216531991958618e-02
1.151187494397163391e-01
3.285784274339675903e-02
6.991315167397260666e-03
5.133873224258422852e-02
2.828167937695980072e-02
3.257142603397369385e-01
3.500292077660560608e-02
6.475297361612319946e-02
4.309387411922216415e-03
3.021227419376373291e-01
7.929344428703188896e-04
9.157551079988479614e-02
1.802201941609382629e-02
3.320013046264648438e+00
6.546245515346527100e-02
3.388840556144714355e-01
3.698327811434864998e-03
1.118991337716579437e-02
1.670626550912857056e-02
1.036177668720483780e-02
9.807095862925052643e-03
4.852970317006111145e-02
7.277645636349916458e-03
5.065987110137939453e-01
3.061842024326324463e-01
5.055289715528488159e-02
2.129140853881835938e+00
1.029280567169189453e+01
1.493669766932725906e-02
1.076634600758552551e-02
3.557418822310864925e-04
4.977885633707046509e-02
4.374857246875762939e-02
3.279370814561843872e-02
7.620615005493164062e+00
6.852782680653035641e-04
3.007719993591308594e+00
1.462223678827285767e-01
2.292601764202117920e-02
7.854151539504528046e-03
9.025247767567634583e-03
3.405151605606079102e+00
1.945136451721191406e+01
1.946188926696777344e+01
1.718091070652008057e-01
5.349837779998779297e+00
1.364524245262145996e+00
4.340568923950195312e+01
5.061193943023681641e+00
6.020106887817382812e+01
3.494255065917968750e+00
3.791007614135742188e+01
1.377074527740478516e+01
5.207101345062255859e+00
3.917030692100524902e-01
1.035097217559814453e+01
2.184662246704101562e+01
8.349982261657714844e+00
7.590290069580078125e+01
1.379592704772949219e+01
2.102880716323852539e+00
2.502696514129638672e+00
2.183016300201416016e+00
8.308787345886230469e+00
8.548525810241699219e+00
1.648030471801757812e+01
1.008101940155029297e+00
1.076670646667480469e+01
9.622512054443359375e+01
2.115477447509765625e+02
1.649115943908691406e+01
1.439707994461059570e+00
1.445636272430419922e+00
1.730895757675170898e+00
1.646442260742187500e+02
1.324836373329162598e+00
1.294332599639892578e+01
3.045806586742401123e-01
1.646388471126556396e-01
1.258550047874450684e+00
1.785197639465332031e+01
7.327000732421875000e+02
1.232787799835205078e+01
4.018855988979339600e-01
4.877516937255859375e+01
1.086506843566894531e+01
6.512743377685546875e+01
6.735641479492187500e+01
8.464187622070312500e+00
9.963814020156860352e-01
1.047914581298828125e+02
2.801296997070312500e+01
4.358462810516357422e+00
9.202886581420898438e+00
3.255665969848632812e+01
3.734580993652343750e+00
6.338239908218383789e-01
1.469713091850280762e+00
9.590792655944824219e-01
2.976245880126953125e+00
1.310003204345703125e+02
2.390352058410644531e+01
1.194509735107421875e+02
1.099846005439758301e+00
4.980291366577148438e+00
1.590761661529541016e+00
1.383555698394775391e+01
7.208889007568359375e+00
5.082026367187500000e+02
6.786126708984375000e+02
3.176320266723632812e+01
3.961671516299247742e-02
2.571366691589355469e+01
1.107805967330932617e+00
5.913246536254882812e+01
8.682243347167968750e+00
4.814486503601074219e+00
4.094786942005157471e-01
1.179457664489746094e+00
1.670539665222167969e+01
1.454342555999755859e+01
1.334224987030029297e+01
1.545614361763000488e+00
4.626829624176025391e+00
6.124377250671386719e+00
3.354967117309570312e+00
2.009614944458007812e+00
2.000205218791961670e-01
1.633914566040039062e+01
9.352108955383300781e+00
9.668192863464355469e-01
2.198443174362182617e+00
4.742797088623046875e+01
2.778524398803710938e+01
9.570093154907226562e+00
1.733872222900390625e+01
1.583158111572265625e+01
3.225251913070678711e+00
6.016207275390625000e+02
1.754318356513977051e+00
1.433379554748535156e+01
3.921189308166503906e-01
1.598988413810729980e+00
2.304212152957916260e-01
5.157762908935546875e+01
8.881849288940429688e+00
1.651992225646972656e+01
2.604835271835327148e+00
1.399563293457031250e+02
2.108138427734375000e+02
1.503995299339294434e+00
1.347319930791854858e-01
2.663333511352539062e+01
8.967204093933105469e+00
5.843463897705078125e+00
1.775285148620605469e+01
1.994855880737304688e+01
8.132366180419921875e+00
3.794590711593627930e+00
8.966663360595703125e+00
7.229711532592773438e+00
1.353030014038085938e+01
2.343801757812500000e+03
1.594210662841796875e+02
1.887321472167968750e+01
2.243702411651611328e+00
1.040574569702148438e+02
6.549502849578857422e+00
1.408581733703613281e+00
1.716556091308593750e+02
4.947570037841796875e+01
1.371858596801757812e+01
8.017027854919433594e+00
1.107411384582519531e-01
1.845693707466125488e+00
6.733816862106323242e-01
8.706562519073486328e-01
2.970751523971557617e+00
6.872201538085937500e+01
2.904547309875488281e+01
4.490704727172851562e+01
4.862888717651367188e+01
3.284525573253631592e-01
1.979548034667968750e+02
1.856841659545898438e+01
6.047105026245117188e+01
1.000586032867431641e+01
1.746213836669921875e+02
9.099836349487304688e-01
1.809698867797851562e+01
4.392204284667968750e+01
1.063572287559509277e+00
1.610375976562500000e+02
1.605018424987792969e+01
6.390409469604492188e-01
4.417864990234375000e+01
4.763533592224121094e+00
8.926952481269836426e-01
6.601307392120361328e-01
5.023428201675415039e-01
1.081066489219665527e+00
1.301838226318359375e+02
5.987376403808593750e+01
4.348146820068359375e+01
6.233323574066162109e+00
1.587272071838378906e+01
2.207354784011840820e+00
1.367234325408935547e+01
5.403097534179687500e+01
2.155718688964843750e+02
7.233505845069885254e-01
1.013923358917236328e+01
1.365247955322265625e+02
1.043804287910461426e+00
3.745895147323608398e+00
9.061259460449218750e+01
9.191955566406250000e+00
3.018496513366699219e+00
1.454766654968261719e+01
2.000225067138671875e+00
1.847527885437011719e+01
1.032282948493957520e+00
2.577533531188964844e+01
5.717557907104492188e+01
1.512383669614791870e-01
9.761846313476562500e+02
9.303601264953613281e+00
1.108247041702270508e+00
2.978878259658813477e+00
8.205554199218750000e+01
1.080483436584472656e+01
1.287198424339294434e+00
7.922546386718750000e+00
1.240331053733825684e+00
1.606922531127929688e+01
1.399962425231933594e+01
2.563749551773071289e-01
7.835669040679931641e+00
1.407062649726867676e+00
7.585552930831909180e-01
2.361402273178100586e+00
6.673563003540039062e+00
1.542489409446716309e+00
5.414784908294677734e+00
6.185190200805664062e+00
2.734428787231445312e+01
2.519147098064422607e-01
5.107213497161865234e+00
6.206557464599609375e+01
4.792129516601562500e+00
1.428173351287841797e+01
7.587836265563964844e+00
3.610302925109863281e+00
5.991665720939636230e-01
3.297996215820312500e+02
7.553240776062011719e+00
2.429801368713378906e+01
3.528989076614379883e+00
9.361367034912109375e+01
5.262087583541870117e-01
5.738247299194335938e+01
6.617786865234375000e+02
1.930329799652099609e-01
4.996504187583923340e-01
4.715818023681640625e+01
1.022229433059692383e+00
2.388355560302734375e+02
3.378890991210937500e+00
4.206527709960937500e+00
1.079253554344177246e+00
5.485623836517333984e+00
3.337987661361694336e-01
1.093933963775634766e+01
5.958253741264343262e-01
5.194418716430664062e+01
2.160589933395385742e+00
2.033490943908691406e+01
5.270334482192993164e-01
2.124109268188476562e+00
5.800788402557373047e+00
7.964117527008056641e-01
8.010340881347656250e+01
6.550848484039306641e+00
3.347102880477905273e+00
2.452803373336791992e+00
1.171368408203125000e+01
4.265044403076171875e+01
4.912308502197265625e+01
2.345143854618072510e-01
1.421439208984375000e+02
3.350333690643310547e+00
6.279603004455566406e+00
1.075449466705322266e+01
9.563369154930114746e-01
7.526601409912109375e+01
2.061960411071777344e+01
2.806002616882324219e+00
1.462760734558105469e+01
4.872235774993896484e+00
2.063665390014648438e+00
9.249657440185546875e+01
2.012326049804687500e+01
2.011880302429199219e+01
9.883402824401855469e+00
5.585377120971679688e+01
1.567156600952148438e+01
3.291269302368164062e+01
2.006493759155273438e+01
1.043589324951171875e+02
1.006450131535530090e-01
6.036746978759765625e+00
4.820168151855468750e+02
3.149940299987792969e+01
5.916732788085937500e+01
3.605929613113403320e-01
2.463456392288208008e-01
8.485040664672851562e+00
5.248497962951660156e+00
8.128332138061523438e+00
9.312770843505859375e+00
1.732855081558227539e+00
8.924047470092773438e+00
3.579084396362304688e+00
2.556779384613037109e+00
4.310027599334716797e+00
6.448607444763183594e-01
1.710070371627807617e+00
1.268848342895507812e+02
8.711041259765625000e+01
2.882699489593505859e+00
1.521303653717041016e+01
1.202516937255859375e+01
3.674198389053344727e+00
1.189033325195312500e+03
2.483247995376586914e+00
1.537000751495361328e+01
5.179793357849121094e+00
1.954843330383300781e+01
4.042605972290039062e+01
3.684924364089965820e+00
2.086396408081054688e+01
3.235847854614257812e+01
3.121795845031738281e+01
1.087372112274169922e+01
1.706735076904296875e+02
4.015791893005371094e+00
3.130039691925048828e+00
5.956843185424804688e+01
5.433074951171875000e+00
6.101408958435058594e+00
1.697875061035156250e+02
7.678938293457031250e+01
7.363250732421875000e+01
3.835862426757812500e+02
7.124857902526855469e-01
2.458596706390380859e+00
4.725179672241210938e-01
1.494617342948913574e+00
7.119636535644531250e+00
1.489042162895202637e+00
4.407701492309570312e-01
2.774532556533813477e+00
5.917367935180664062e-01
2.216309967041015625e+02
1.196490669250488281e+01
8.916928863525390625e+01
4.326789855957031250e+01
2.125569343566894531e+00
2.618063735961914062e+01
7.854447841644287109e+00
1.067863655090332031e+01
6.498966813087463379e-01
5.511184082031250000e+02
6.474906921386718750e+01
7.488618373870849609e+00
1.766265487670898438e+01
5.315576553344726562e+01
2.526554718017578125e+02
8.396005630493164062e+00
1.181066036224365234e+00
1.551019859313964844e+01
4.823385775089263916e-01
7.065565109252929688e+00
5.457662200927734375e+01
1.192541694641113281e+01
1.344172358512878418e+00
1.748180508613586426e+00
7.202115631103515625e+01
1.864505615234375000e+02
2.498523521423339844e+01
1.577980422973632812e+01
9.912008285522460938e+00
1.864087879657745361e-01
8.639587461948394775e-02
1.350495243072509766e+01
6.263833522796630859e+00
1.970440268516540527e+00
1.393333911895751953e+01
6.823717498779296875e+01
6.158392715454101562e+01
1.655090522766113281e+01
1.917201519012451172e+00
1.079223155975341797e+00
2.914612293243408203e+00
5.471434116363525391e+00
7.195270538330078125e+01
1.834667086601257324e+00
1.691666984558105469e+01
4.109760522842407227e-01
4.068234443664550781e+00
1.098932325839996338e-01
3.419367551803588867e+00
1.262259750366210938e+02
1.529878320312500000e+04
6.149466514587402344e+00
1.924994277954101562e+01
2.506885766983032227e+00
1.780815005302429199e+00
3.213316726684570312e+01
7.946889495849609375e+01
8.888650536537170410e-01
1.201169252395629883e+00
4.892743587493896484e+00
4.612749481201171875e+01
1.883671188354492188e+01
2.076349020004272461e+00
1.081212005615234375e+02
2.976693725585937500e+02
2.134814739227294922e+00
2.160768032073974609e+00
2.129799127578735352e+00
2.953871154785156250e+01
1.756446599960327148e+00
2.126369714736938477e+00
2.230222167968750000e+02
8.149325370788574219e+00
4.028395843505859375e+01
6.869155273437500000e+02
3.933968734741210938e+01
1.006492018699645996e+00
3.857184219360351562e+01
