2.323614247143268585e-02
1.339582055807113647e-01
5.196443293243646622e-03
2.017489867284893990e-03
2.654368989169597626e-02
5.739648818969726562e+00
1.987686008214950562e-02
2.500947797670960426e-03
5.078876391053199768e-03
4.406636059284210205e-01
8.265872485935688019e-03
1.724508963525295258e-02
4.112293571233749390e-02
1.880859397351741791e-02
1.606141799129545689e-03
1.285296399146318436e-02
1.785411383025348186e-03
7.448862306773662567e-03
2.048126608133316040e-02
5.523722502402961254e-04
5.413971468806266785e-02
2.344808541238307953e-02
2.039491385221481323e-01
2.378903701901435852e-02
1.224461555480957031e+00
1.031140889972448349e-02
5.181588977575302124e-02
5.079965293407440186e-02
7.674608379602432251e-02
7.701926231384277344e-01
5.046599544584751129e-04
1.157109873020090163e-04
6.972474977374076843e-03
2.822436392307281494e-02
4.155165702104568481e-02
1.190043333917856216e-02
4.320063628256320953e-03
3.965001087635755539e-04
5.858598276972770691e-03
4.329568240791559219e-03
2.237657457590103149e-01
7.840827852487564087e-02
2.475850982591509819e-03
1.073361015319824219e+01
1.470281779766082764e-01
1.320961713790893555e-01
7.947949692606925964e-03
4.112014174461364746e-01
2.104833489283919334e-03
2.327456697821617126e-02
1.327133923768997192e-01
4.000635817646980286e-02
1.230249181389808655e-01
3.248443827033042908e-02
5.648722872138023376e-04
1.897868118248879910e-03
3.252176800742745399e-03
1.042652036994695663e-02
2.362490445375442505e-02
8.966453552246093750e+00
1.406961586326360703e-02
9.071105003356933594e+00
1.236672420054674149e-02
3.171695396304130554e-03
9.996125847101211548e-02
1.998580805957317352e-02
1.832220107316970825e-01
1.493402663618326187e-02
7.353653311729431152e-01
5.685704350471496582e-01
1.001203199848532677e-04
1.040323615074157715e+00
1.164898043498396873e-03
5.465662479400634766e-02
8.571213483810424805e-02
2.797479555010795593e-02
5.445867311209440231e-03
4.590304940938949585e-02
3.215422853827476501e-02
1.110425684601068497e-02
9.770092368125915527e-02
1.602354459464550018e-02
2.023912593722343445e-02
2.061894192593172193e-04
2.203573705628514290e-03
1.666288240812718868e-03
3.561279663699679077e-05
2.986351028084754944e-02
5.251348614692687988e-01
6.027993513271212578e-04
1.041060313582420349e-02
7.992377504706382751e-03
1.532914931885898113e-03
5.915452912449836731e-02
8.831493323668837547e-04
8.966596722602844238e-01
5.636234879493713379e-01
9.024757146835327148e-02
1.214914722368121147e-03
8.133134990930557251e-02
2.478132009506225586e+00
4.499163106083869934e-02
1.368438825011253357e-03
1.680855266749858856e-02
1.394731737673282623e-02
5.193971395492553711e-01
7.417595386505126953e-02
1.395695749670267105e-02
3.088719956576824188e-02
1.599352508783340454e-01
1.065246686339378357e-01
2.816078066825866699e-01
4.678939282894134521e-02
6.043632328510284424e-02
1.399338897317647934e-02
3.929660841822624207e-02
3.903394564986228943e-02
6.786371581256389618e-03
2.903012791648507118e-03
4.821649193763732910e-02
9.965387871488928795e-04
1.306662082672119141e+01
5.437986254692077637e-01
5.377019643783569336e-01
1.222775317728519440e-04
1.796866655349731445e-01
1.795070618391036987e-02
3.357705427333712578e-04
6.364405155181884766e-02
4.906775057315826416e-02
1.019784688949584961e+00
2.566087804734706879e-02
2.413486596196889877e-03
1.157923485152423382e-03
4.534123092889785767e-02
1.414453238248825073e-02
2.529010735452175140e-02
2.113912343978881836e+00
1.545359939336776733e-01
4.298765063285827637e-01
1.326479949057102203e-02
7.164993789047002792e-03
7.976135611534118652e-01
6.589171290397644043e-01
2.495187568664550781e+01
3.291214630007743835e-02
1.912522912025451660e-01
1.264323946088552475e-02
5.917115882039070129e-02
8.232304826378822327e-03
1.252013258635997772e-02
9.580310434103012085e-02
1.459173560142517090e-01
2.396909706294536591e-02
1.278239041566848755e-01
1.184317842125892639e-02
2.325206995010375977e-02
3.732284903526306152e-02
1.262657460756599903e-03
6.437612231820821762e-03
4.453431442379951477e-02
4.139857192058116198e-04
1.087907254695892334e-01
2.707419097423553467e-01
2.921264469623565674e-01
1.162904873490333557e-01
1.160913631319999695e-01
1.798843592405319214e-01
1.052163124084472656e+00
4.749541694764047861e-04
2.101292647421360016e-02
1.262705326080322266e-01
1.039433773257769644e-04
9.460822679102420807e-03
4.076246544718742371e-02
1.897804021835327148e+00
1.983869075775146484e-02
1.009218394756317139e-02
1.296886429190635681e-02
1.116349548101425171e-01
3.498340770602226257e-02
4.304201155900955200e-02
1.134216859936714172e-01
4.012953490018844604e-02
1.535873889923095703e+00
1.328505575656890869e-02
5.265465006232261658e-03
4.036482051014900208e-02
3.369547128677368164e-01
3.114022314548492432e-02
1.636033505201339722e-01
2.352314069867134094e-02
1.786051725503057241e-04
1.288793385028839111e-01
2.475548684597015381e-01
2.494419366121292114e-02
3.455432951450347900e-01
5.342395603656768799e-02
4.283628892153501511e-03
2.318581752479076385e-02
2.725963247939944267e-03
3.637285903096199036e-02
1.218990143388509750e-02
2.075312472879886627e-02
4.949945490807294846e-03
4.019649699330329895e-03
1.720446050167083740e-01
1.377686977386474609e+01
3.869425039738416672e-03
2.144784433767199516e-03
3.658468602225184441e-03
3.181830048561096191e-02
1.107396237784996629e-04
9.872269034385681152e-01
2.683556452393531799e-02
2.197427034378051758e+00
1.460893452167510986e-01
2.128975652158260345e-02
5.000984529033303261e-04
3.552408814430236816e-01
4.472167193889617920e-01
5.485563073307275772e-03
2.276958664879202843e-03
2.798143960535526276e-02
6.419731653295457363e-05
5.073268339037895203e-02
1.080301241017878056e-03
3.441172599792480469e+00
2.767052054405212402e-01
7.507048081606626511e-03
1.614948920905590057e-02
9.048982523381710052e-03
2.263747900724411011e-02
2.886447589844465256e-03
1.428917199373245239e-01
1.722189970314502716e-02
8.411747962236404419e-02
3.756612772122025490e-03
2.173250317573547363e-01
3.655057807918637991e-04
5.779286846518516541e-02
3.595249727368354797e-02
1.748621165752410889e-01
3.162258537486195564e-03
1.239010971039533615e-02
8.099297061562538147e-03
3.957667574286460876e-02
9.035914391279220581e-02
2.981423027813434601e-02
6.255099922418594360e-02
2.933889999985694885e-02
8.692809343338012695e-01
6.522786861751228571e-05
6.332361698150634766e-02
9.893487207591533661e-03
2.234879136085510254e-01
3.644794225692749023e+00
2.635936252772808075e-02
1.110949460417032242e-02
1.301222741603851318e-01
4.301737993955612183e-03
4.958352656103670597e-04
1.213166832923889160e+00
2.798363566398620605e-02
4.186452366411685944e-03
2.824098244309425354e-02
1.229431573301553726e-02
1.783738374710083008e+00
6.039980333298444748e-03
5.779106169939041138e-03
1.681120634078979492e+00
3.343681618571281433e-02
6.107078790664672852e-01
2.486660378053784370e-03
1.342959236353635788e-03
1.364722568541765213e-02
8.476155810058116913e-03
1.058712415397167206e-02
3.172397017478942871e-01
1.027997493743896484e+00
1.506962180137634277e-01
1.169179100543260574e-02
6.949565373361110687e-03
9.461955167353153229e-03
1.441320200683549047e-04
4.604360088706016541e-03
5.238195896148681641e+00
1.122888803482055664e+00
4.625573346856981516e-04
6.027512624859809875e-02
1.094177551567554474e-02
1.630925340577960014e-03
9.473131597042083740e-02
2.780058793723583221e-02
6.564034847542643547e-04
1.368975359946489334e-02
2.309319935739040375e-02
4.163311049342155457e-02
1.968294262886047363e+00
4.111058264970779419e-02
8.377936482429504395e-01
4.834613502025604248e-01
7.743827998638153076e-02
7.000474929809570312e-01
1.754055500030517578e+00
8.573031984269618988e-03
1.927171647548675537e-02
6.148253008723258972e-02
6.646453402936458588e-03
1.072871014475822449e-01
9.848119020462036133e-01
6.070306152105331421e-02
1.128180697560310364e-02
2.677077054977416992e-01
3.725029760971665382e-03
3.409826382994651794e-02
9.282621904276311398e-04
4.844767749309539795e-01
2.426822436973452568e-03
6.280486937612295151e-03
2.428392022848129272e-01
1.070600817911326885e-03
9.851862676441669464e-03
5.198280885815620422e-02
4.207086283713579178e-03
3.652823269367218018e-01
4.223099444061517715e-03
4.623622167855501175e-03
6.604419555515050888e-03
2.376882592216134071e-03
2.699249424040317535e-03
2.326768934726715088e-01
6.142063066363334656e-03
1.382678002119064331e-02
6.532943807542324066e-03
8.541213348507881165e-03
5.117687862366437912e-03
5.208636168390512466e-03
1.524095982313156128e-02
1.752459704875946045e-01
1.786367734894156456e-03
5.474522477015852928e-04
3.516240278258919716e-03
2.056532859802246094e+00
9.142155759036540985e-04
1.209057029336690903e-02
1.613279730081558228e-01
3.177274391055107117e-02
3.358156234025955200e-02
2.661467716097831726e-02
9.161195904016494751e-02
1.569614857435226440e-01
7.096831541275605559e-05
1.287009939551353455e-02
3.387239994481205940e-03
1.872158958576619625e-03
2.333005145192146301e-02
2.010942064225673676e-02
4.053565487265586853e-02
5.588205531239509583e-02
2.364978566765785217e-02
9.721644455567002296e-04
1.845580898225307465e-02
8.210613392293453217e-03
1.551852673292160034e-01
1.518289465457201004e-02
8.105710148811340332e-02
1.073514111340045929e-03
1.069624796509742737e-01
2.845568524207919836e-04
1.040957346558570862e-01
1.128044649958610535e-01
5.438270792365074158e-02
1.723337545990943909e-02
7.441375851631164551e-01
1.981263514608144760e-03
9.910390712320804596e-03
4.964492283761501312e-03
1.232080720365047455e-02
1.842835545539855957e-02
4.370622336864471436e-02
1.253379276022315025e-03
3.276192426681518555e+00
9.537856280803680420e-02
2.139557525515556335e-02
3.959237813949584961e+00
8.767471313476562500e+00
6.211379542946815491e-03
7.260252605192363262e-04
4.979088553227484226e-04
3.062593005597591400e-02
5.157727748155593872e-03
2.367667481303215027e-02
6.650666713714599609e+00
1.413302234141156077e-04
4.392459392547607422e+00
1.073865741491317749e-01
2.099526859819889069e-02
4.295955004636198282e-04
3.251279005780816078e-03
1.007401371002197266e+01
1.206233749389648438e+02
1.311740264892578125e+02
6.736764311790466309e-01
3.072801971435546875e+01
2.421378135681152344e+00
5.587846679687500000e+02
1.094729804992675781e+01
8.830989074707031250e+01
1.006868743896484375e+01
1.986316223144531250e+02
1.569489097595214844e+01
7.654126739501953125e+01
5.912750363349914551e-01
1.147609710693359375e+01
1.277608489990234375e+02
9.945091247558593750e+01
1.775050354003906250e+02
1.420050354003906250e+02
7.019431114196777344e+00
5.495659255981445312e+01
5.044449329376220703e+00
1.093965816497802734e+01
4.710308837890625000e+01
2.850251913070678711e+00
4.551142752170562744e-01
2.381136932373046875e+02
6.924179687500000000e+02
1.249135620117187500e+03
4.108158569335937500e+02
8.257710456848144531e+00
3.637864589691162109e+00
1.034116268157958984e+01
3.502547302246093750e+02
1.296446323394775391e+01
1.386714076995849609e+01
6.939542889595031738e-01
4.948783293366432190e-02
3.106829881668090820e+00
1.217225112915039062e+02
1.235814941406250000e+03
2.011373329162597656e+01
9.928522109985351562e-01
4.292558898925781250e+02
2.579211044311523438e+01
1.473755798339843750e+02
1.168136672973632812e+02
1.561429500579833984e+01
5.956348776817321777e-01
9.030823974609375000e+02
1.880570526123046875e+02
3.070133590698242188e+01
1.432206821441650391e+01
2.211655807495117188e+01
4.279676437377929688e+00
8.253847122192382812e+00
4.884361743927001953e+00
3.671753704547882080e-01
2.278882980346679688e+01
1.391750976562500000e+03
3.702127075195312500e+02
4.662764587402343750e+02
7.484979152679443359e+00
5.332342910766601562e+01
5.872648715972900391e+00
3.812640380859375000e+01
6.531882476806640625e+01
2.512494873046875000e+03
3.216466979980468750e+02
4.808202362060546875e+01
5.784549936652183533e-02
1.324484863281250000e+02
1.196036577224731445e+00
2.000354003906250000e+02
9.284285545349121094e+00
1.169866847991943359e+01
9.557601213455200195e-01
9.196719169616699219e+00
3.599459533691406250e+02
3.767848968505859375e+01
3.139987945556640625e+01
5.876290321350097656e+00
1.055722904205322266e+01
3.920672607421875000e+01
6.635721206665039062e+00
3.179945182800292969e+01
8.748097717761993408e-02
1.246495437622070312e+01
1.632939910888671875e+01
3.308732032775878906e+00
1.481451129913330078e+01
5.078472518920898438e+01
5.148657608032226562e+01
1.679599952697753906e+01
8.403780364990234375e+01
2.928802490234375000e+02
4.412673473358154297e+00
6.927108764648437500e+02
5.912489295005798340e-01
4.044432678222656250e+02
2.843456983566284180e+00
2.693399620056152344e+01
3.709949016571044922e+00
1.180226898193359375e+02
4.512680435180664062e+01
1.165701141357421875e+02
2.122142076492309570e+00
3.668638183593750000e+03
3.456753234863281250e+02
1.165342450141906738e+00
4.905821382999420166e-01
1.057218872070312500e+03
2.455561676025390625e+02
1.107850193977355957e+00
3.472019577026367188e+01
1.019747161865234375e+02
9.847045135498046875e+01
1.344186878204345703e+01
1.053716964721679688e+02
1.216953182220458984e+01
2.008598785400390625e+02
8.251815429687500000e+03
4.998372192382812500e+02
1.544694213867187500e+02
3.409965515136718750e+00
2.646567077636718750e+02
3.415481567382812500e+01
2.478077173233032227e+00
7.438800659179687500e+02
9.344865417480468750e+01
4.873999328613281250e+02
3.029832839965820312e+01
3.488956391811370850e-01
2.098845481872558594e+01
1.998979330062866211e+00
2.720321178436279297e+00
8.926689028739929199e-01
4.644559631347656250e+02
6.490644531250000000e+02
3.440862426757812500e+02
3.762226867675781250e+01
2.563563823699951172e+00
5.185339965820312500e+02
2.243223762512207031e+01
6.365462646484375000e+02
3.968772506713867188e+01
4.350617980957031250e+02
1.847863912582397461e+00
5.225887298583984375e+01
1.861336181640625000e+03
4.950719177722930908e-01
6.049323120117187500e+02
4.068871307373046875e+01
4.528683423995971680e-01
1.658678283691406250e+02
3.397730255126953125e+01
2.061858654022216797e+00
9.646532535552978516e-01
5.630449771881103516e+00
2.813795328140258789e+00
1.152873779296875000e+03
1.625473022460937500e+02
1.777574462890625000e+02
4.096875762939453125e+01
2.095371551513671875e+02
6.644213867187500000e+01
7.544888305664062500e+01
3.546845092773437500e+02
1.025879638671875000e+03
1.077358341217041016e+01
8.004324913024902344e+00
1.679689819335937500e+03
1.873648166656494141e+00
7.793636322021484375e+00
4.303646545410156250e+02
2.065206527709960938e+01
7.566513538360595703e+00
6.078283691406250000e+01
2.690117359161376953e+00
1.948313903808593750e+01
1.084459972381591797e+01
2.625409698486328125e+01
3.044132690429687500e+02
5.261704921722412109e+00
2.343611914062500000e+04
4.813674926757812500e+00
4.661473333835601807e-01
2.046353530883789062e+01
5.250044555664062500e+02
5.247511672973632812e+01
4.060865879058837891e+00
2.247819061279296875e+02
9.963937759399414062e+00
4.648536682128906250e+01
1.469632263183593750e+02
1.917423605918884277e+00
8.686576843261718750e+01
1.171911835670471191e+00
6.989210128784179688e+00
2.826928853988647461e+00
1.587114620208740234e+01
1.042207813262939453e+01
6.866372108459472656e+00
4.177221298217773438e+01
5.239430618286132812e+01
1.192475676536560059e+00
7.078916931152343750e+01
5.834907226562500000e+02
5.257309913635253906e+00
4.149932861328125000e+01
7.388151645660400391e+00
3.849927425384521484e+00
1.114912509918212891e+00
4.751407226562500000e+03
1.718972778320312500e+01
4.515495910644531250e+02
4.769680500030517578e+00
3.049404907226562500e+02
1.738713026046752930e+00
1.996044464111328125e+02
3.750547851562500000e+03
1.491035968065261841e-01
1.944750666618347168e+00
1.184392578125000000e+03
3.389551162719726562e+00
1.332343261718750000e+03
3.454965591430664062e+00
2.501165771484375000e+01
8.667926788330078125e+00
1.625818061828613281e+01
7.788997143507003784e-02
9.788402557373046875e+00
2.762018442153930664e+00
5.528427124023437500e+02
5.440169525146484375e+01
2.016612052917480469e+01
4.414933681488037109e+00
2.616486358642578125e+01
2.468177032470703125e+01
1.714661955833435059e+00
3.897160339355468750e+02
1.229356155395507812e+02
1.455256843566894531e+01
2.137927055358886719e+01
1.672295074462890625e+02
9.207851409912109375e+01
2.305405578613281250e+02
5.953555107116699219e-01
7.005134765625000000e+03
1.000848484039306641e+01
6.189590072631835938e+01
3.096234893798828125e+01
7.023362517356872559e-01
7.168630981445312500e+02
9.995900726318359375e+01
6.546990275382995605e-01
8.431653442382812500e+02
6.104972076416015625e+01
5.672557830810546875e+00
2.921581542968750000e+03
8.004262542724609375e+01
4.726050567626953125e+01
6.051016235351562500e+01
6.273693847656250000e+02
2.201326599121093750e+02
1.800792541503906250e+02
3.051975059509277344e+01
1.564263305664062500e+03
4.498614370822906494e-01
1.533220767974853516e+01
6.154873046875000000e+02
1.303391647338867188e+01
4.371946411132812500e+02
1.352103352546691895e+00
7.801380157470703125e-01
7.269110870361328125e+01
4.568735599517822266e+00
7.870533466339111328e+00
1.093968963623046875e+02
6.938107013702392578e-01
1.629177093505859375e+01
3.994267225265502930e+00
7.529842853546142578e+00
3.390679931640625000e+01
1.290613770484924316e+00
1.146822333335876465e+00
5.704173583984375000e+02
1.294259155273437500e+03
2.917778253555297852e+00
1.812977142333984375e+02
1.940040779113769531e+01
8.455102920532226562e+00
2.541125976562500000e+03
4.588854789733886719e+00
1.554719543457031250e+02
2.930844879150390625e+01
3.010146713256835938e+01
1.178052124023437500e+03
2.170836639404296875e+01
1.430867919921875000e+02
6.844783325195312500e+02
1.352459411621093750e+02
4.592744445800781250e+01
3.409174194335937500e+02
4.340193557739257812e+01
2.517808914184570312e+00
5.778376388549804688e+01
2.305408287048339844e+01
1.222168350219726562e+01
1.355585693359375000e+03
7.205681152343750000e+02
8.574325561523437500e+02
4.582929687500000000e+02
9.014699935913085938e+00
4.589735031127929688e+00
8.520193099975585938e-01
3.409759140014648438e+01
1.236100387573242188e+01
1.003761959075927734e+01
1.426677346229553223e+00
6.007881164550781250e+00
7.539392709732055664e-01
1.508381195068359375e+02
5.500407028198242188e+01
8.603193664550781250e+01
1.386763458251953125e+02
1.858970832824707031e+01
6.678681182861328125e+01
1.646640014648437500e+01
9.138236999511718750e+00
2.690111398696899414e-01
6.708063964843750000e+03
1.749061279296875000e+03
1.099330520629882812e+02
1.622914276123046875e+02
8.388095092773437500e+01
8.626641845703125000e+02
3.293012237548828125e+01
1.678848457336425781e+01
2.796751022338867188e+01
2.307153224945068359e+00
6.453478240966796875e+01
9.872560424804687500e+02
8.487517547607421875e+01
8.481090545654296875e+00
6.399663448333740234e+00
1.371667633056640625e+02
5.616697387695312500e+02
6.470607757568359375e+01
1.324524593353271484e+01
1.585615730285644531e+01
8.972047269344329834e-02
1.233101710677146912e-01
2.769312477111816406e+01
2.148428535461425781e+01
4.826474666595458984e+00
1.371590423583984375e+01
2.051577301025390625e+02
4.644817352294921875e+01
1.309837646484375000e+02
6.597486972808837891e+00
2.558171749114990234e+00
8.096393585205078125e+00
3.151393699645996094e+01
1.449755249023437500e+03
1.616030693054199219e+00
8.683152008056640625e+01
1.000767588615417480e+00
4.462058067321777344e+00
2.591311335563659668e-01
1.456969738006591797e+01
3.871448486328125000e+03
2.430896289062500000e+04
5.162578105926513672e+00
1.015435409545898438e+02
7.462230682373046875e+01
4.632184982299804688e+00
2.002062988281250000e+02
6.103851318359375000e+02
4.694205284118652344e+00
3.796720027923583984e+00
7.729461193084716797e+00
7.992733001708984375e+01
2.612792205810546875e+01
1.314697742462158203e+01
3.418619079589843750e+02
6.464957885742187500e+02
5.470627784729003906e+00
4.497198104858398438e+00
3.430315017700195312e+00
1.968869018554687500e+02
6.008562088012695312e+00
2.026543807983398438e+01
3.510862731933593750e+02
1.760147285461425781e+01
7.537146606445312500e+02
1.160039184570312500e+03
1.829736175537109375e+02
1.680962324142456055e+00
3.202753829956054688e+01
