6.580687314271926880e-02
1.653584092855453491e-01
6.423473823815584183e-03
2.474890090525150299e-03
2.697679586708545685e-02
2.782026290893554688e+00
1.662839576601982117e-02
3.251789137721061707e-03
1.324011664837598801e-02
2.576707899570465088e-01
2.415533736348152161e-02
3.393455967307090759e-02
7.544403523206710815e-02
2.142580598592758179e-02
2.691848436370491982e-03
2.401928417384624481e-02
1.647342694923281670e-03
1.321758516132831573e-02
3.108757548034191132e-02
1.431716722436249256e-03
1.846342720091342926e-02
2.891567535698413849e-02
9.762690216302871704e-02
1.560971140861511230e-02
1.931818604469299316e+00
7.471415214240550995e-03
4.295357316732406616e-02
1.082647889852523804e-01
8.753958344459533691e-02
4.636725485324859619e-01
1.056123757734894753e-03
4.295848484616726637e-04
1.276820246130228043e-02
6.059792265295982361e-02
1.774333231151103973e-02
2.047350816428661346e-02
4.999587312340736389e-03
4.687256005126982927e-04
9.089551866054534912e-03
7.081167772412300110e-03
1.634368002414703369e-01
9.305781126022338867e-02
6.608228199183940887e-03
4.553866386413574219e+00
1.215175837278366089e-01
9.222632646560668945e-02
9.379574097692966461e-03
4.597817659378051758e-01
1.238323980942368507e-03
7.152887433767318726e-02
1.025208383798599243e-01
5.684071034193038940e-02
9.305679053068161011e-02
2.368940226733684540e-02
1.179566723294556141e-03
2.547408686950802803e-03
3.828760469332337379e-03
2.575972117483615875e-02
2.201704308390617371e-02
9.402583122253417969e+00
1.131029054522514343e-02
7.198838233947753906e+00
1.159662939608097076e-02
9.347573854029178619e-03
9.180664271116256714e-02
6.629401445388793945e-02
3.057999908924102783e-01
3.075847215950489044e-02
7.885327339172363281e-01
5.244385600090026855e-01
1.633489737287163734e-04
7.325196266174316406e-01
2.915375633165240288e-03
1.945492029190063477e-01
8.413015305995941162e-02
1.319910585880279541e-02
8.902007713913917542e-03
4.215259104967117310e-02
1.834595203399658203e-02
1.220176462084054947e-02
2.027825862169265747e-01
1.772376522421836853e-02
2.887232974171638489e-02
3.697134088724851608e-04
2.685022074729204178e-03
3.114402294158935547e-03
9.526453504804521799e-05
2.285593561828136444e-02
6.494135856628417969e-01
6.275792839005589485e-04
1.063568983227014542e-02
1.159347780048847198e-02
3.660894231870770454e-03
3.193798288702964783e-02
3.937979694455862045e-03
6.176927089691162109e-01
1.663042008876800537e-01
2.132238596677780151e-01
1.588188344612717628e-03
7.601981610059738159e-02
2.459074735641479492e+00
4.765285551548004150e-02
2.918553771451115608e-03
2.272768318653106689e-02
1.499356329441070557e-02
2.869734168052673340e-01
3.246457129716873169e-02
2.449924685060977936e-02
8.852910250425338745e-02
1.931961476802825928e-01
2.794235385954380035e-02
1.628633141517639160e-01
6.381681561470031738e-02
2.016633152961730957e-01
1.112088467925786972e-02
5.365706980228424072e-02
4.703218489885330200e-02
1.822877116501331329e-02
3.185367910191416740e-03
2.939618751406669617e-02
2.831554273143410683e-03
3.075061416625976562e+01
3.136295378208160400e-01
7.571035623550415039e-01
3.593732544686645269e-04
1.463613510131835938e-01
1.369714457541704178e-02
4.285929317120462656e-04
1.060751453042030334e-01
3.518240526318550110e-02
4.993595778942108154e-01
2.218244038522243500e-02
4.066987428814172745e-03
1.783090410754084587e-03
3.688537701964378357e-02
7.807133719325065613e-03
2.063162438571453094e-02
1.098892092704772949e+00
1.722689867019653320e-01
6.699196696281433105e-01
1.193748321384191513e-02
6.728748325258493423e-03
9.730179905891418457e-01
6.250603795051574707e-01
1.169648456573486328e+01
5.775173753499984741e-02
2.232373207807540894e-01
2.944837883114814758e-02
1.204475760459899902e-01
1.961214840412139893e-02
1.465968135744333267e-02
1.725025922060012817e-01
1.694143116474151611e-01
3.779244795441627502e-02
1.718227565288543701e-01
2.426632679998874664e-02
2.335244417190551758e-02
2.985748089849948883e-02
1.182318083010613918e-03
4.174752626568078995e-03
9.645296633243560791e-02
1.358266803435981274e-03
4.797059297561645508e-02
1.465056538581848145e-01
4.824787676334381104e-01
1.963441967964172363e-01
1.412640511989593506e-01
2.083240449428558350e-01
1.350281834602355957e+00
1.612553372979164124e-03
5.049033463001251221e-02
1.718174368143081665e-01
3.880348522216081619e-04
7.272081449627876282e-03
4.945583269000053406e-02
1.127846240997314453e+00
2.580978721380233765e-02
2.160901203751564026e-02
1.514633465558290482e-02
2.154398262500762939e-01
4.641339927911758423e-02
3.440068662166595459e-02
1.092722043395042419e-01
5.069725587964057922e-02
8.212442994117736816e-01
2.976621128618717194e-02
6.884162314236164093e-03
2.809524349868297577e-02
3.798754215240478516e-01
2.175462245941162109e-02
3.528241515159606934e-01
2.906754054129123688e-02
1.895000605145469308e-04
7.513363659381866455e-02
1.126283630728721619e-01
4.341841861605644226e-02
2.500008344650268555e-01
2.698185853660106659e-02
4.490831866860389709e-03
7.466468960046768188e-02
3.004353027790784836e-03
5.601190775632858276e-02
1.631635613739490509e-02
4.974492266774177551e-02
8.730930276215076447e-03
6.086484994739294052e-03
8.102022111415863037e-02
8.296524047851562500e+00
4.028385970741510391e-03
2.130994573235511780e-03
4.215468186885118484e-03
3.174359723925590515e-02
2.040933613898232579e-04
1.254536032676696777e+00
2.738749235868453979e-02
1.771399497985839844e+00
4.176032543182373047e-01
2.956099994480609894e-02
5.061179399490356445e-04
4.683370590209960938e-01
7.206296324729919434e-01
3.181987209245562553e-03
7.622526027262210846e-03
2.644625864923000336e-02
8.529389742761850357e-05
1.154293939471244812e-01
1.484308973886072636e-03
2.002507925033569336e+00
1.035142317414283752e-01
7.745218463242053986e-03
1.415853388607501984e-02
1.565369591116905212e-02
1.614126563072204590e-02
3.691111691296100616e-03
5.464630201458930969e-02
4.050872847437858582e-02
4.450262337923049927e-02
3.628987586125731468e-03
2.278026789426803589e-01
5.853627808392047882e-04
1.740854084491729736e-01
2.242704294621944427e-02
1.508442610502243042e-01
3.793409559875726700e-03
1.172646414488554001e-02
1.287802495062351227e-02
3.614182025194168091e-02
5.917594209313392639e-02
3.511523827910423279e-02
5.143737047910690308e-02
3.210554644465446472e-02
6.059296131134033203e-01
1.561089447932317853e-04
1.108638495206832886e-01
2.646734565496444702e-02
1.367537379264831543e-01
2.411635160446166992e+00
7.480769604444503784e-02
9.070224128663539886e-03
8.096418529748916626e-02
7.869450375437736511e-03
1.668103970587253571e-03
1.140680909156799316e+00
3.891881927847862244e-02
6.451382301747798920e-03
9.797857701778411865e-02
6.853639148175716400e-03
1.318297266960144043e+00
2.513620769605040550e-03
7.873170077800750732e-03
2.028246879577636719e+00
5.807943269610404968e-02
3.692404925823211670e-01
2.645282074809074402e-03
1.537507865577936172e-03
1.477565895766019821e-02
1.548009179532527924e-02
1.097822748124599457e-02
2.294103205204010010e-01
6.087710857391357422e-01
2.704351842403411865e-01
2.825823053717613220e-02
1.536339707672595978e-02
1.513634901493787766e-02
2.412369358353316784e-04
1.227917708456516266e-02
4.636892795562744141e+00
1.518046021461486816e+00
1.951215788722038269e-03
5.916028097271919250e-02
1.705436408519744873e-02
3.367330413311719894e-03
1.962671875953674316e-01
2.995007298886775970e-02
1.334007945843040943e-03
8.793614804744720459e-03
2.641175314784049988e-02
4.030133411288261414e-02
1.059301614761352539e+00
7.496444135904312134e-02
1.996746182441711426e+00
2.418721914291381836e-01
1.308708190917968750e-01
8.880620002746582031e-01
1.009323000907897949e+00
2.324730344116687775e-02
9.661807678639888763e-03
1.212822720408439636e-01
1.801883243024349213e-02
1.426441222429275513e-01
8.937144875526428223e-01
1.015570908784866333e-01
2.924549020826816559e-02
2.915568351745605469e-01
8.158104494214057922e-03
3.560513630509376526e-02
1.760423765517771244e-03
8.572205305099487305e-01
1.803427701815962791e-03
9.728076867759227753e-03
1.375257670879364014e-01
7.924559176899492741e-04
2.222741954028606415e-02
9.337936341762542725e-02
6.691871676594018936e-03
1.323313713073730469e+00
3.883813973516225815e-03
3.965870942920446396e-03
1.728101260960102081e-02
4.271893762052059174e-03
1.193693024106323719e-03
6.540905237197875977e-01
8.964694105088710785e-03
2.341972663998603821e-02
1.306933350861072540e-02
1.087340153753757477e-02
1.356611121445894241e-02
9.407990612089633942e-03
2.129226922988891602e-02
1.603474617004394531e-01
8.353957906365394592e-03
4.122231330256909132e-04
7.251253817230463028e-03
8.871021866798400879e-01
7.685215678066015244e-04
1.199670974165201187e-02
2.016880661249160767e-01
2.038320153951644897e-01
2.471591159701347351e-02
5.420841276645660400e-02
1.285197436809539795e-01
7.575056701898574829e-02
1.198115351144224405e-04
1.677408441901206970e-02
1.287611480802297592e-02
3.888073842972517014e-03
2.154133468866348267e-02
2.702601253986358643e-02
5.070754140615463257e-02
9.808599948883056641e-02
2.858959138393402100e-02
1.242854166775941849e-03
4.620121419429779053e-02
1.338408794254064560e-02
2.846492528915405273e-01
1.274946425110101700e-02
1.285928785800933838e-01
1.566827995702624321e-03
1.927122175693511963e-01
6.492633838206529617e-04
7.364033162593841553e-02
8.030615746974945068e-02
7.252461910247802734e-01
3.782811015844345093e-02
5.458357334136962891e-01
4.681700840592384338e-03
9.452891536056995392e-03
7.011737208813428879e-03
7.560668513178825378e-03
2.626704238355159760e-02
4.649098217487335205e-02
3.278637304902076721e-03
8.808678388595581055e-01
1.275181472301483154e-01
3.228199481964111328e-02
4.523643016815185547e+00
1.207253932952880859e+01
1.085255201905965805e-02
2.908194437623023987e-03
4.302925663068890572e-04
4.644501581788063049e-02
1.465074345469474792e-02
3.357246145606040955e-02
4.063465118408203125e+00
3.163825604133307934e-04
3.856934070587158203e+00
1.996344476938247681e-01
1.475977245718240738e-02
1.782285398803651333e-03
4.513331688940525055e-03
1.803153610229492188e+01
4.944194030761718750e+01
3.626840972900390625e+01
4.340054094791412354e-01
1.644256019592285156e+01
1.194694757461547852e+00
2.340166778564453125e+02
7.171233177185058594e+00
7.823583984375000000e+01
1.152885532379150391e+01
6.710156250000000000e+01
1.970126533508300781e+01
1.819350814819335938e+01
5.684699416160583496e-01
7.338579654693603516e+00
5.745160293579101562e+01
2.167312812805175781e+01
1.307379760742187500e+02
2.921708679199218750e+01
5.363540172576904297e+00
1.346233749389648438e+01
4.336642265319824219e+00
7.293838977813720703e+00
2.110030555725097656e+01
5.457318782806396484e+00
7.531038522720336914e-01
5.311075592041015625e+01
3.757817382812500000e+02
4.302784729003906250e+02
8.632559204101562500e+01
2.499378681182861328e+00
2.879363536834716797e+00
2.553359746932983398e+00
2.848373718261718750e+02
3.207933664321899414e+00
4.666460990905761719e+00
3.520919084548950195e-01
7.286044955253601074e-02
1.569363713264465332e+00
8.401148223876953125e+01
1.087495361328125000e+03
1.658202552795410156e+01
4.223138093948364258e-01
2.667076416015625000e+02
1.058441257476806641e+01
1.174038543701171875e+02
7.820122528076171875e+01
7.627338886260986328e+00
6.146715283393859863e-01
2.946811828613281250e+02
6.687489318847656250e+01
1.319108772277832031e+01
1.258670330047607422e+01
2.658639335632324219e+01
2.389610052108764648e+00
3.839052438735961914e+00
2.969815969467163086e+00
5.884832143783569336e-01
6.500689029693603516e+00
4.525866699218750000e+02
8.396762847900390625e+01
4.172548217773437500e+02
2.291451692581176758e+00
1.846541404724121094e+01
4.091479778289794922e+00
1.273852348327636719e+01
3.701842117309570312e+01
8.881296997070312500e+02
6.114659423828125000e+02
1.645910453796386719e+01
5.310025438666343689e-02
3.388462448120117188e+01
9.262553453445434570e-01
8.270135498046875000e+01
7.088888168334960938e+00
7.190747261047363281e+00
4.237104952335357666e-01
4.742500782012939453e+00
7.698658752441406250e+01
2.371351051330566406e+01
1.997293853759765625e+01
2.368486166000366211e+00
6.732128143310546875e+00
1.657083320617675781e+01
9.432980537414550781e+00
9.429461479187011719e+00
1.191163212060928345e-01
1.269322395324707031e+01
9.031258583068847656e+00
2.610006332397460938e+00
5.140868663787841797e+00
3.890088272094726562e+01
3.889352035522460938e+01
1.182042026519775391e+01
7.581716918945312500e+01
3.125402641296386719e+01
3.280615091323852539e+00
9.517220458984375000e+02
1.112365007400512695e+00
5.702128601074218750e+01
1.245178103446960449e+00
1.066030025482177734e+01
1.101631164550781250e+00
9.121073913574218750e+01
1.736474227905273438e+01
3.307614135742187500e+01
1.857996582984924316e+00
7.087290039062500000e+02
2.566676330566406250e+02
1.577951550483703613e+00
1.230449825525283813e-01
1.665989837646484375e+02
7.839877319335937500e+01
2.287984609603881836e+00
2.770254707336425781e+01
6.514749908447265625e+01
2.350664329528808594e+01
9.447849273681640625e+00
3.858422470092773438e+01
1.423132228851318359e+01
5.679805755615234375e+01
5.760612792968750000e+03
1.365813903808593750e+02
6.896559906005859375e+01
1.489743947982788086e+00
1.478294830322265625e+02
1.213088798522949219e+01
1.734187722206115723e+00
5.181867675781250000e+02
7.394635772705078125e+01
7.784610748291015625e+01
8.314251899719238281e+00
2.057334780693054199e-01
6.609562873840332031e+00
1.110315918922424316e+00
1.736482143402099609e+00
2.300645828247070312e+00
1.285647888183593750e+02
1.095283813476562500e+02
1.941143493652343750e+02
2.608347511291503906e+01
9.960690736770629883e-01
3.559784851074218750e+02
1.558913803100585938e+01
2.752579650878906250e+02
2.357416152954101562e+01
2.302520599365234375e+02
8.106452822685241699e-01
2.477019119262695312e+01
4.045881347656250000e+02
4.688464701175689697e-01
2.133312988281250000e+02
6.035219573974609375e+01
4.448867738246917725e-01
1.012916870117187500e+02
1.229050731658935547e+01
1.295116305351257324e+00
8.201983571052551270e-01
1.824955701828002930e+00
8.037007451057434082e-01
4.703072204589843750e+02
9.971022033691406250e+01
8.954650878906250000e+01
1.571461963653564453e+01
8.489164733886718750e+01
1.461012840270996094e+01
3.255994415283203125e+01
8.330131530761718750e+01
2.775484924316406250e+02
3.122698068618774414e+00
8.763548851013183594e+00
4.165181274414062500e+02
1.205485582351684570e+00
3.041665077209472656e+00
1.172796936035156250e+02
1.839498710632324219e+01
6.678749561309814453e+00
3.885444259643554688e+01
1.932887554168701172e+00
9.695866584777832031e+00
2.880707979202270508e+00
2.127847290039062500e+01
1.305154266357421875e+02
1.030264019966125488e+00
6.513942382812500000e+03
4.950665473937988281e+00
7.591326236724853516e-01
1.081435775756835938e+01
1.100445022583007812e+02
2.351276397705078125e+01
1.401991844177246094e+00
6.510073089599609375e+01
3.766742229461669922e+00
4.128392791748046875e+01
4.122411727905273438e+01
9.245203137397766113e-01
3.695801925659179688e+01
8.498890995979309082e-01
1.374812364578247070e+00
1.806118369102478027e+00
8.427725791931152344e+00
2.424671649932861328e+00
5.145804882049560547e+00
2.540833854675292969e+01
5.520771408081054688e+01
4.288358688354492188e-01
1.212366580963134766e+01
2.020105743408203125e+02
5.966242313385009766e+00
1.549528026580810547e+01
8.975169181823730469e+00
1.977325201034545898e+00
1.098513841629028320e+00
1.897788940429687500e+03
1.220493221282958984e+01
1.143654937744140625e+02
7.278517246246337891e+00
2.840459594726562500e+02
1.044503331184387207e+00
1.076816024780273438e+02
1.928017578125000000e+03
1.292285025119781494e-01
1.299433112144470215e+00
2.824569396972656250e+02
2.105294704437255859e+00
3.453273925781250000e+02
2.259993553161621094e+00
1.239956760406494141e+01
2.582867860794067383e+00
8.949746131896972656e+00
1.138568148016929626e-01
8.478586196899414062e+00
1.322552442550659180e+00
1.177745437622070312e+02
1.222733211517333984e+01
2.378663063049316406e+01
1.630102157592773438e+00
1.063196659088134766e+01
1.021460151672363281e+01
7.084079980850219727e-01
2.904239807128906250e+02
3.196205902099609375e+01
7.639406681060791016e+00
7.450626850128173828e+00
7.017370605468750000e+01
5.193118286132812500e+01
1.086622924804687500e+02
3.097441196441650391e-01
1.036413085937500000e+03
5.624404907226562500e+00
2.705172348022460938e+01
2.372043800354003906e+01
1.092279672622680664e+00
1.190418624877929688e+02
3.989005279541015625e+01
9.335731863975524902e-01
9.163001251220703125e+01
2.605322647094726562e+01
2.062636613845825195e+00
7.051893920898437500e+02
3.151396751403808594e+01
4.866757965087890625e+01
2.954404258728027344e+01
2.429895935058593750e+02
6.037717819213867188e+01
5.857534790039062500e+01
2.093989562988281250e+01
2.345549163818359375e+02
1.786884516477584839e-01
5.548770427703857422e+00
5.808410644531250000e+02
2.143601226806640625e+01
1.882075805664062500e+02
6.913623809814453125e-01
2.489199489355087280e-01
2.272350692749023438e+01
6.041589736938476562e+00
5.433488845825195312e+00
2.773796463012695312e+01
1.100604772567749023e+00
8.116298675537109375e+00
2.695048809051513672e+00
4.230659961700439453e+00
2.340035438537597656e+01
7.048189043998718262e-01
1.565794229507446289e+00
3.565261535644531250e+02
6.242733154296875000e+02
2.056469678878784180e+00
8.365957641601562500e+01
1.859055137634277344e+01
5.676137924194335938e+00
2.236557617187500000e+03
3.142580270767211914e+00
5.507579803466796875e+01
9.210501670837402344e+00
1.727351188659667969e+01
2.855112915039062500e+02
7.919407367706298828e+00
7.635707092285156250e+01
1.760048828125000000e+02
4.507195281982421875e+01
2.397743797302246094e+01
3.213436279296875000e+02
1.298334407806396484e+01
4.473296642303466797e+00
7.097171783447265625e+01
1.193832969665527344e+01
8.924783706665039062e+00
4.943627014160156250e+02
2.972204895019531250e+02
2.411765899658203125e+02
5.807222290039062500e+02
2.874902725219726562e+00
3.803158521652221680e+00
6.624169945716857910e-01
8.994199752807617188e+00
1.136728668212890625e+01
4.310501575469970703e+00
1.468117475509643555e+00
2.769796609878540039e+00
8.837498426437377930e-01
1.782191467285156250e+02
2.158199882507324219e+01
5.000556945800781250e+01
1.719233856201171875e+02
6.601714134216308594e+00
3.043396568298339844e+01
1.842868232727050781e+01
1.130785655975341797e+01
4.248415529727935791e-01
2.686216064453125000e+03
3.410131835937500000e+02
1.976737022399902344e+01
7.799298095703125000e+01
3.238964462280273438e+01
4.584096679687500000e+02
2.879476165771484375e+01
3.283518314361572266e+00
2.253932571411132812e+01
1.070841073989868164e+00
2.775699234008789062e+01
5.471029052734375000e+02
2.255753326416015625e+01
4.746794700622558594e+00
2.722599983215332031e+00
7.144797515869140625e+01
7.158864746093750000e+02
3.486425018310546875e+01
1.652522468566894531e+01
1.365103149414062500e+01
1.414777040481567383e-01
6.044135242700576782e-02
2.051381111145019531e+01
1.084565734863281250e+01
3.597287893295288086e+00
1.011034679412841797e+01
6.415815734863281250e+01
3.034356689453125000e+01
4.857594299316406250e+01
1.876027941703796387e+00
1.032617330551147461e+00
4.564804077148437500e+00
9.257650375366210938e+00
4.082857055664062500e+02
2.132120847702026367e+00
4.942444992065429688e+01
3.042133450508117676e-01
4.112560272216796875e+00
2.246117889881134033e-01
9.022686004638671875e+00
1.256043701171875000e+03
1.619990234375000000e+04
3.585916280746459961e+00
6.348793029785156250e+01
1.925001144409179688e+01
3.130998373031616211e+00
5.424143981933593750e+01
1.920591583251953125e+02
1.891320705413818359e+00
2.784039735794067383e+00
1.146669960021972656e+01
5.161494064331054688e+01
1.348051643371582031e+01
4.270311832427978516e+00
1.288511505126953125e+02
8.957636108398437500e+02
7.397989749908447266e+00
2.381219625473022461e+00
2.214013576507568359e+00
9.140126037597656250e+01
1.584571003913879395e+00
5.299434185028076172e+00
1.720823364257812500e+02
1.624237251281738281e+01
2.069864959716796875e+02
7.065792236328125000e+02
8.015644073486328125e+01
1.002187848091125488e+00
2.583416366577148438e+01
