1.646481603384017944e-01
6.935048699378967285e-01
3.381845355033874512e-01
3.441721946001052856e-02
7.905621528625488281e-01
2.588765382766723633e+00
1.900016814470291138e-01
7.699669897556304932e-02
1.199084520339965820e+00
1.505065709352493286e-01
6.168693304061889648e-01
3.313600420951843262e-01
1.002611443400382996e-01
7.180725783109664917e-02
1.017949506640434265e-01
3.161457777023315430e-01
2.980900704860687256e-01
1.902757585048675537e-01
4.512437805533409119e-02
1.547288894653320312e-01
4.909900724887847900e-01
1.766577512025833130e-01
1.327968716621398926e+00
9.142392128705978394e-02
6.689430713653564453e+00
2.025927007198333740e-01
1.876342743635177612e-01
4.718424677848815918e-01
1.245580196380615234e+00
1.839306235313415527e+00
8.245581388473510742e-02
3.551986441016197205e-02
3.230349421501159668e-01
1.669253587722778320e+00
4.527818411588668823e-02
2.983111441135406494e-01
3.474042937159538269e-02
5.880775302648544312e-02
8.694895356893539429e-02
2.733784615993499756e-01
2.534433603286743164e+00
2.261614322662353516e+00
1.790673881769180298e-01
1.538045883178710938e+00
3.119844496250152588e-01
1.096767544746398926e+00
4.058423340320587158e-01
1.663976609706878662e-01
3.436102345585823059e-02
1.407356500625610352e+00
6.191608905792236328e-01
9.600379317998886108e-02
9.149775505065917969e-01
2.862964868545532227e-01
2.112392932176589966e-01
2.803746797144412994e-02
3.757787123322486877e-02
3.494307398796081543e-01
1.176892817020416260e-01
1.774843215942382812e+00
1.734903156757354736e-01
1.023500680923461914e+00
1.368546038866043091e-01
1.294496357440948486e-01
5.948624610900878906e-01
1.267073988914489746e+00
3.886342346668243408e-01
3.486012816429138184e-01
1.290389299392700195e+00
1.637507200241088867e+00
6.078363861888647079e-03
3.526653349399566650e-01
1.098597049713134766e-01
1.823769807815551758e+00
1.447659969329833984e+00
4.672018289566040039e-01
1.091315597295761108e-01
1.676048338413238525e-01
2.032230049371719360e-01
1.397139728069305420e-01
2.740768492221832275e-01
7.116565108299255371e-02
2.365542799234390259e-01
1.293294727802276611e-01
1.176756992936134338e-01
1.492498219013214111e-01
1.663040183484554291e-02
3.676849603652954102e-01
1.988050490617752075e-01
1.532705221325159073e-02
1.365335434675216675e-01
3.580084443092346191e-01
1.428738087415695190e-01
3.213622868061065674e-01
2.838217318058013916e-01
8.139316439628601074e-01
8.063494414091110229e-02
7.291823625564575195e-01
8.615909516811370850e-02
2.368344217538833618e-01
5.731349587440490723e-01
2.074868530035018921e-01
3.095450066030025482e-02
3.315325081348419189e-01
1.784041523933410645e-01
2.971597909927368164e-01
1.003223806619644165e-01
6.009755134582519531e-01
2.307513713836669922e+00
4.325081110000610352e-01
5.191846564412117004e-02
6.348210573196411133e-01
9.126533865928649902e-01
4.642979204654693604e-01
2.698223292827606201e-01
1.137064695358276367e-01
4.058183133602142334e-01
5.358110740780830383e-02
3.885781392455101013e-02
3.032670319080352783e-01
3.984170779585838318e-02
4.844045639038085938e+00
9.873614907264709473e-01
1.191331744194030762e+00
3.594973683357238770e-02
3.871938213706016541e-02
5.004031956195831299e-02
1.978151686489582062e-02
6.366900205612182617e-01
1.908522248268127441e-01
2.499266713857650757e-01
3.326436877250671387e-01
1.822553016245365143e-02
1.386017352342605591e-01
1.238796859979629517e-01
6.816457211971282959e-02
4.250753670930862427e-02
5.155012011528015137e-01
1.561685353517532349e-01
1.781231522560119629e+00
5.805268287658691406e-01
5.093694329261779785e-01
1.627629041671752930e+00
7.066892981529235840e-01
3.160583972930908203e-01
2.253108173608779907e-01
1.722333878278732300e-01
5.498601198196411133e-01
1.023148894309997559e+00
1.663570404052734375e-01
4.118589684367179871e-02
1.270399212837219238e+00
2.858234941959381104e-01
8.818341046571731567e-02
2.089026719331741333e-01
1.735965460538864136e-01
1.102074310183525085e-01
6.225531697273254395e-01
1.330769658088684082e-01
2.849058061838150024e-02
2.481116294860839844e+00
8.926542848348617554e-02
2.584332823753356934e-01
2.355990111827850342e-01
3.042312860488891602e-01
2.907038033008575439e-01
2.863372862339019775e-01
3.992315828800201416e-01
3.204596042633056641e+00
4.494617134332656860e-02
4.509959220886230469e-01
6.103810667991638184e-01
7.126688212156295776e-02
6.310085207223892212e-02
2.836210727691650391e-01
8.225006461143493652e-01
2.217559665441513062e-01
2.066470086574554443e-01
1.482938081026077271e-01
1.798593401908874512e+00
9.012013673782348633e-02
1.620292782783508301e+00
6.486042141914367676e-01
7.594673335552215576e-02
6.784864068031311035e-01
4.941399693489074707e-01
1.755224466323852539e-01
2.117185741662979126e-01
6.671802997589111328e-01
2.534889578819274902e-01
5.892281532287597656e-01
2.498809397220611572e-01
7.947228103876113892e-02
1.511128991842269897e-01
2.999007403850555420e-01
1.370014846324920654e-01
9.126706719398498535e-01
3.237401545047760010e-01
5.120107904076576233e-02
3.841931223869323730e-01
1.147402822971343994e-01
8.377783000469207764e-02
6.149506568908691406e-01
1.277353465557098389e-01
8.166162967681884766e-01
1.832810230553150177e-02
4.559193924069404602e-02
7.175990581512451172e+00
6.764681637287139893e-02
7.047570496797561646e-02
1.194242537021636963e-01
2.982072234153747559e-01
4.597305878996849060e-02
2.878272533416748047e-01
1.002257943153381348e+00
7.380694746971130371e-01
8.370858430862426758e-01
1.341030597686767578e-01
1.992901973426342010e-02
5.556206107139587402e-01
1.859357357025146484e-01
1.402367949485778809e-01
8.593703061342239380e-02
2.598228752613067627e-01
4.216316714882850647e-02
4.387643337249755859e-01
9.868873655796051025e-02
1.418675184249877930e+00
2.289928048849105835e-01
6.202172487974166870e-02
7.432534545660018921e-02
4.205633401870727539e-01
1.170710846781730652e-01
5.724644660949707031e-01
3.842167258262634277e-01
3.422554433345794678e-01
1.297024339437484741e-01
3.632260486483573914e-02
1.120588406920433044e-01
2.962104380130767822e-01
6.762253642082214355e-01
5.112019926309585571e-02
6.067490205168724060e-02
1.411490440368652344e-01
2.088003903627395630e-01
1.282160580158233643e-01
3.220149576663970947e-01
7.833421230316162109e-02
2.530055940151214600e-01
1.929535865783691406e-01
1.363249719142913818e-01
6.789056658744812012e-01
1.566566675901412964e-01
5.773519873619079590e-01
1.109254285693168640e-01
1.978612393140792847e-01
1.376615405082702637e+00
4.580430686473846436e-02
1.219616979360580444e-01
4.140775203704833984e-01
1.665712594985961914e-01
1.474032253026962280e-01
4.768020212650299072e-01
1.872048377990722656e-01
3.608189821243286133e-01
4.034906625747680664e-01
6.028048396110534668e-01
1.028803229331970215e+00
3.317628428339958191e-02
7.030710577964782715e-02
6.704293489456176758e-01
1.627262979745864868e-01
1.429953426122665405e-01
4.796558618545532227e-02
2.898000776767730713e-01
7.980680465698242188e-02
7.790800929069519043e-02
2.175717800855636597e-01
1.660997569561004639e-01
1.697606146335601807e-01
3.870904743671417236e-01
3.039691150188446045e-01
1.303190290927886963e-01
4.259358346462249756e-02
3.304579108953475952e-02
2.329659610986709595e-01
1.593868374824523926e+00
7.188447117805480957e-01
1.050357073545455933e-01
1.538124680519104004e-01
3.742081299424171448e-02
5.020930245518684387e-02
5.634518861770629883e-01
2.779007703065872192e-02
7.301262766122817993e-02
9.853732585906982422e-02
1.614260226488113403e-01
4.042762517929077148e-02
8.445071429014205933e-02
1.853475272655487061e-01
8.569535613059997559e-01
6.554935574531555176e-01
1.989079266786575317e-01
7.648243308067321777e-01
4.300227761268615723e-01
2.535324990749359131e-01
1.248741447925567627e-01
5.192953348159790039e-01
3.061160743236541748e-01
1.599814593791961670e-01
1.620202302932739258e+00
9.833618998527526855e-01
6.721451878547668457e-01
1.914817690849304199e+00
5.172486305236816406e-01
1.166478693485260010e-01
3.584834560751914978e-02
7.200098633766174316e-01
4.273477196693420410e-02
1.094824671745300293e-01
1.659482568502426147e-01
1.688355654478073120e-01
1.675210952758789062e+00
6.084765911102294922e+00
3.021359741687774658e-01
6.234885454177856445e-01
1.549877077341079712e-01
3.162859380245208740e-01
2.111390978097915649e-01
1.848551034927368164e-01
1.914890669286251068e-02
1.351423501968383789e+00
2.395615726709365845e-01
2.463817000389099121e-01
9.518142789602279663e-02
8.320313692092895508e-02
6.212651729583740234e-01
9.573638439178466797e-02
1.362442821264266968e-01
1.123534798622131348e+00
1.152535557746887207e+00
2.869063057005405426e-02
8.634132891893386841e-02
1.799344182014465332e+00
2.103882133960723877e-01
8.900129795074462891e-02
1.283721923828125000e+00
1.790575236082077026e-01
3.518825471401214600e-01
1.812851279973983765e-01
4.335582554340362549e-01
5.618640035390853882e-02
1.007491350173950195e-02
1.658557802438735962e-01
3.466293811798095703e-01
8.821859210729598999e-02
1.522314697504043579e-01
7.743036746978759766e-01
5.227580070495605469e-01
5.714257359504699707e-01
3.869903981685638428e-01
9.483044594526290894e-02
2.708939313888549805e-01
1.509268581867218018e-01
5.070772171020507812e-01
7.468496263027191162e-02
3.680816292762756348e-01
7.252956926822662354e-02
3.240502476692199707e-01
2.216362580657005310e-02
3.961748778820037842e-01
1.848472505807876587e-01
6.388281583786010742e-01
3.057660758495330811e-01
3.416889607906341553e-01
8.503264933824539185e-02
6.362702250480651855e-01
1.244999527931213379e+00
2.766429483890533447e-01
1.114498544484376907e-02
1.654592752456665039e-01
2.078350186347961426e-01
6.647403836250305176e-01
6.668484210968017578e-01
1.622641682624816895e-01
1.116783976554870605e+00
8.754389286041259766e-01
1.607472598552703857e-01
3.512320220470428467e-01
1.905181109905242920e-01
2.964209616184234619e-01
5.975176095962524414e-01
6.331738084554672241e-02
1.954892754554748535e+00
3.521377742290496826e-01
4.292221546173095703e+00
1.242955446243286133e+00
6.312593221664428711e-01
3.944582864642143250e-02
1.963391155004501343e-01
1.237483382225036621e+00
1.206376075744628906e+01
4.605592727661132812e+00
3.689883053302764893e-01
5.222221851348876953e+00
1.141320323944091797e+01
3.584088325500488281e+00
6.975531578063964844e-01
1.054635047912597656e+01
7.949419021606445312e-01
1.136574745178222656e+01
2.095134496688842773e+00
8.755639195442199707e-01
5.281606912612915039e-01
5.566507577896118164e-01
4.578626155853271484e+00
1.901686191558837891e+00
1.099808454513549805e+00
8.022910952568054199e-01
1.145489931106567383e+00
1.785759806632995605e+00
1.096001386642456055e+00
9.309101104736328125e+00
1.280418515205383301e+00
2.187930488586425781e+01
2.552624940872192383e+00
1.806620001792907715e+00
2.749963760375976562e+00
9.208171844482421875e+00
1.554257774353027344e+01
1.189164280891418457e+00
4.891530871391296387e-01
2.337479352951049805e+00
1.648000144958496094e+01
4.060497581958770752e-01
2.089607000350952148e+00
2.311253100633621216e-01
1.844577342271804810e-01
5.526900291442871094e-01
2.003236770629882812e+00
1.157589626312255859e+01
8.219729423522949219e+00
5.960274338722229004e-01
7.181078910827636719e+00
2.107205152511596680e+00
4.328725814819335938e+00
7.051717758178710938e+00
1.154339671134948730e+00
6.400862336158752441e-01
1.380698680877685547e+01
6.276135444641113281e+00
1.228692412376403809e+00
8.184735298156738281e+00
4.143634319305419922e+00
1.714394211769104004e+00
8.229200541973114014e-02
2.142087072134017944e-01
8.414121866226196289e-01
4.091470241546630859e-01
9.082860946655273438e+00
1.860436916351318359e+00
1.097417736053466797e+01
7.902715802192687988e-01
1.039291620254516602e+00
1.573214888572692871e+00
7.756807804107666016e+00
1.724364519119262695e+00
3.713174343109130859e+00
4.279979228973388672e+00
2.644291877746582031e+01
1.817470043897628784e-02
2.087595224380493164e+00
6.792994737625122070e-01
7.963171958923339844e+00
1.074525737762451172e+01
2.131190538406372070e+00
1.343336462974548340e+00
1.042808413505554199e+00
1.624018788337707520e+00
1.575316667556762695e+00
1.425764203071594238e+00
3.856838643550872803e-01
2.897072553634643555e+00
1.873507976531982422e+00
1.361646294593811035e+00
7.704176902770996094e-01
3.167997002601623535e-01
3.459865808486938477e+00
1.073114871978759766e+00
1.143790408968925476e-01
1.612361192703247070e+00
2.714515209197998047e+00
1.583467841148376465e+00
2.143924236297607422e+00
3.158430337905883789e+00
1.254822731018066406e+01
3.413975238800048828e-01
7.460860252380371094e+00
7.162606120109558105e-01
1.351036071777343750e+00
1.054598569869995117e+00
2.131219863891601562e+00
2.379478812217712402e-01
7.036962032318115234e+00
1.892707467079162598e+00
1.719529747962951660e+00
4.742502272129058838e-01
6.375219821929931641e+00
2.149299049377441406e+01
1.526549458503723145e+00
3.760761320590972900e-01
3.748861789703369141e+00
3.496828556060791016e+00
2.200799942016601562e+00
1.903973340988159180e+00
7.066313028335571289e-01
1.922338366508483887e+00
5.518371462821960449e-01
4.880608320236206055e-01
3.462063074111938477e+00
3.457291722297668457e-01
6.200496292114257812e+01
2.337638854980468750e+01
1.201680946350097656e+01
3.989955484867095947e-01
7.924740314483642578e-01
6.716547608375549316e-01
3.767382800579071045e-01
9.563667297363281250e+00
2.195672750473022461e+00
5.558072328567504883e-01
2.235226631164550781e+00
1.342797577381134033e-01
5.491308569908142090e-01
1.260663509368896484e+00
5.468667149543762207e-01
1.723301559686660767e-01
2.319074630737304688e+00
8.769974708557128906e-01
9.107294082641601562e+00
8.295315742492675781e+00
2.095623254776000977e+00
8.659358024597167969e+00
4.161171436309814453e+00
2.302336931228637695e+00
2.896507740020751953e+00
1.475462675094604492e+00
3.418465852737426758e+00
7.367576122283935547e+00
1.427723884582519531e+00
3.775820136070251465e-01
7.764682769775390625e+00
1.156857609748840332e+00
6.605616807937622070e-01
2.056375265121459961e+00
1.120042443275451660e+00
8.329936861991882324e-01
5.125206947326660156e+00
1.661989331245422363e+00
1.898564994335174561e-01
5.885336399078369141e+00
1.267308473587036133e+00
3.704347848892211914e+00
9.901420474052429199e-01
1.092980623245239258e+00
1.207912683486938477e+00
2.702692985534667969e+00
3.124051570892333984e+00
2.549825477600097656e+01
4.077009558677673340e-01
3.878979921340942383e+00
5.914994239807128906e+00
7.166554927825927734e-01
2.510226666927337646e-01
5.060001373291015625e+00
5.360172271728515625e+00
1.552185177803039551e+00
3.216500043869018555e+00
1.793092489242553711e+00
1.004317283630371094e+01
3.687445819377899170e-01
1.226420688629150391e+01
4.503059387207031250e+00
1.305361092090606689e-01
6.842641353607177734e+00
7.011526584625244141e+00
3.548843562602996826e-01
1.835740327835083008e+00
8.765245437622070312e+00
1.990347743034362793e+00
2.121295928955078125e+00
1.129305362701416016e+00
5.300484299659729004e-01
9.757360219955444336e-01
3.927180290222167969e+00
9.221394658088684082e-01
5.590725421905517578e+00
1.837828278541564941e+00
4.363988339900970459e-01
2.326340436935424805e+00
1.712095499038696289e+00
6.107533574104309082e-01
5.218302726745605469e+00
1.044041037559509277e+00
2.946011066436767578e+00
8.617421239614486694e-02
3.092666566371917725e-01
2.824110603332519531e+01
1.221227049827575684e+00
9.237802028656005859e-01
1.383198857307434082e+00
2.339564561843872070e+00
3.690501153469085693e-01
2.453794240951538086e+00
6.507399559020996094e+00
8.295410156250000000e+00
1.815347313880920410e+00
1.489687323570251465e+00
2.337012141942977905e-01
2.330796957015991211e+00
1.860218167304992676e+00
1.100297212600708008e+00
4.668930768966674805e-01
2.946061372756958008e+00
4.562037289142608643e-01
9.684665679931640625e+00
5.186278820037841797e-01
1.167953109741210938e+01
9.930136203765869141e-01
7.249205708503723145e-01
3.564219772815704346e-01
2.941887855529785156e+00
1.015208959579467773e+00
1.093824958801269531e+01
2.955578565597534180e+00
1.090285539627075195e+00
3.324423134326934814e-01
2.660044729709625244e-01
3.384144604206085205e-01
3.649954795837402344e+00
3.435764074325561523e+00
1.119297266006469727e+00
5.501830577850341797e-01
7.909971475601196289e-01
2.424353599548339844e+00
1.234585046768188477e+00
1.304584026336669922e+00
8.972703814506530762e-01
4.087241172790527344e+00
4.983978867530822754e-01
8.157274723052978516e-01
3.642717599868774414e+00
1.433881282806396484e+00
5.166933059692382812e+00
1.554393529891967773e+00
9.116305708885192871e-01
8.936847686767578125e+00
4.342534840106964111e-01
2.296999245882034302e-01
6.972223758697509766e+00
2.229917526245117188e+00
2.342394828796386719e+00
2.086875915527343750e+00
1.375288844108581543e+00
3.663729429244995117e+00
2.517442941665649414e+00
1.157318592071533203e+01
4.500488758087158203e+00
5.698590874671936035e-01
7.341712713241577148e-01
2.989323854446411133e+00
1.881101489067077637e+00
2.300349950790405273e+00
3.941904604434967041e-01
1.578798651695251465e+00
6.549668908119201660e-01
4.930583834648132324e-01
1.996579766273498535e+00
2.559012174606323242e+00
6.835579276084899902e-01
2.928867101669311523e+00
1.251053929328918457e+00
9.828282594680786133e-01
9.725606441497802734e-01
8.268466591835021973e-02
3.039563417434692383e+00
1.007159519195556641e+01
3.128715276718139648e+00
1.085205793380737305e+00
4.920207262039184570e-01
5.417368412017822266e-01
5.565258264541625977e-01
6.088989257812500000e+00
3.524875342845916748e-01
4.884084165096282959e-01
1.213074564933776855e+00
1.861705660820007324e+00
8.509225249290466309e-01
2.893742024898529053e-01
1.801683187484741211e+00
7.125144958496093750e+00
3.609926223754882812e+00
1.044519186019897461e+00
3.573021650314331055e+00
2.067368268966674805e+00
2.985369443893432617e+00
2.313510894775390625e+00
1.652978062629699707e+00
2.456187248229980469e+00
1.781954288482666016e+00
1.176377296447753906e+01
8.008963584899902344e+00
4.109658718109130859e+00
1.202618694305419922e+01
1.893228054046630859e+00
2.896241843700408936e-01
3.515327274799346924e-01
3.041181802749633789e+00
3.140177428722381592e-01
3.997533619403839111e-01
5.616847276687622070e-01
6.524879932403564453e-01
1.574522590637207031e+01
1.700821685791015625e+01
3.291412353515625000e+00
3.846530914306640625e+00
9.703238606452941895e-01
2.746106147766113281e+00
1.359880805015563965e+00
2.061154127120971680e+00
3.301989734172821045e-01
8.065332412719726562e+00
4.495487213134765625e+00
1.272998452186584473e+00
8.143053650856018066e-01
1.437825918197631836e+00
1.408668231964111328e+01
7.159988284111022949e-01
3.122290968894958496e-01
5.199445724487304688e+00
4.075905323028564453e+00
3.510873019695281982e-01
9.569848775863647461e-01
9.572169303894042969e+00
1.098677515983581543e+00
1.139024972915649414e+00
9.695845603942871094e+00
2.520869731903076172e+00
1.364735364913940430e+00
1.675171971321105957e+00
2.847764492034912109e+00
2.943005263805389404e-01
8.521576970815658569e-02
2.926689386367797852e+00
1.359647035598754883e+00
8.804087042808532715e-01
3.304632425308227539e+00
1.057387924194335938e+01
8.143790245056152344e+00
3.924697160720825195e+00
1.721353292465209961e+00
7.845461964607238770e-01
2.040240049362182617e+00
1.204331755638122559e+00
2.400531291961669922e+00
3.893268406391143799e-01
3.689588546752929688e+00
3.911457061767578125e-01
2.969482183456420898e+00
2.525237202644348145e-01
1.647911906242370605e+00
3.501469612121582031e+00
1.365638637542724609e+01
2.425194978713989258e+00
3.131161212921142578e+00
7.164856195449829102e-01
4.541894912719726562e+00
5.675853729248046875e+00
3.947937011718750000e+00
6.796286255121231079e-02
1.373095154762268066e+00
2.096379280090332031e+00
4.446567058563232422e+00
9.497130393981933594e+00
8.542057275772094727e-01
2.903307437896728516e+00
4.363433837890625000e+00
1.935731172561645508e+00
3.455734252929687500e+00
1.611980319023132324e+00
1.957427740097045898e+00
3.828732967376708984e+00
5.683751106262207031e-01
2.107695198059082031e+01
3.316125154495239258e+00
1.129622650146484375e+01
1.471224212646484375e+01
4.814100742340087891e+00
4.475019276142120361e-01
2.796065807342529297e+00
