3.864989429712295532e-02
1.671618819236755371e-01
5.406804382801055908e-03
2.849673386663198471e-03
3.848769515752792358e-02
4.995978355407714844e+00
2.020012587308883667e-02
3.075792919844388962e-03
9.420941583812236786e-03
3.844242095947265625e-01
2.019452489912509918e-02
3.321094438433647156e-02
5.501122400164604187e-02
2.745340950787067413e-02
2.958104945719242096e-03
2.043443731963634491e-02
1.976688625290989876e-03
1.397898327559232712e-02
2.895137295126914978e-02
9.163178619928658009e-04
3.455977514386177063e-02
3.126130998134613037e-02
1.154946088790893555e-01
1.888415403664112091e-02
1.482277393341064453e+00
8.607390336692333221e-03
5.736097693443298340e-02
8.037333190441131592e-02
8.387918025255203247e-02
4.369089603424072266e-01
8.270481484942138195e-04
2.539820852689445019e-04
9.582816623151302338e-03
4.936590045690536499e-02
2.675991877913475037e-02
1.645086705684661865e-02
4.376332275569438934e-03
4.543746472336351871e-04
9.074445813894271851e-03
6.272732280194759369e-03
1.333899497985839844e-01
1.136699616909027100e-01
4.701448138803243637e-03
6.751542091369628906e+00
1.499148756265640259e-01
1.272231489419937134e-01
1.272081956267356873e-02
5.079476833343505859e-01
1.621039933525025845e-03
4.257090389728546143e-02
1.229935064911842346e-01
5.867123976349830627e-02
1.034463420510292053e-01
3.531670942902565002e-02
1.079485518857836723e-03
3.270082874223589897e-03
4.218713846057653427e-03
1.920781843364238739e-02
3.025260381400585175e-02
9.785368919372558594e+00
1.526061631739139557e-02
9.930735588073730469e+00
1.282969024032354355e-02
6.522684358060359955e-03
1.053334325551986694e-01
4.690435901284217834e-02
2.154976427555084229e-01
2.279800176620483398e-02
6.737780570983886719e-01
5.222572088241577148e-01
1.932252635015174747e-04
8.887659311294555664e-01
2.103048842400312424e-03
1.066776961088180542e-01
9.179340302944183350e-02
2.029143273830413818e-02
8.598365820944309235e-03
6.531271338462829590e-02
2.595605701208114624e-02
1.257101073861122131e-02
1.369969248771667480e-01
2.113154716789722443e-02
2.019453421235084534e-02
2.435243950458243489e-04
3.068256191909313202e-03
2.938610967248678207e-03
8.063566201599314809e-05
2.985819987952709198e-02
5.252149105072021484e-01
6.487184436991810799e-04
1.267373934388160706e-02
1.011933851987123489e-02
2.547534881159663200e-03
4.789390042424201965e-02
1.987661235034465790e-03
6.718307137489318848e-01
2.257169187068939209e-01
1.200557947158813477e-01
1.074355561286211014e-03
9.465987980365753174e-02
2.186149597167968750e+00
4.800170287489891052e-02
2.008276758715510368e-03
1.951115392148494720e-02
1.473806891590356827e-02
5.327529311180114746e-01
4.842194169759750366e-02
2.108570560812950134e-02
4.948692396283149719e-02
1.635774672031402588e-01
6.119167804718017578e-02
2.228823453187942505e-01
6.234929338097572327e-02
1.453908979892730713e-01
1.324629317969083786e-02
4.497905075550079346e-02
4.306986182928085327e-02
1.368444692343473434e-02
3.501615021377801895e-03
4.225831851363182068e-02
2.242133254185318947e-03
1.463218784332275391e+01
3.277127742767333984e-01
5.977758169174194336e-01
2.883488486986607313e-04
1.797555238008499146e-01
1.762992702424526215e-02
5.016266950406134129e-04
8.761116117238998413e-02
3.896346688270568848e-02
7.116682529449462891e-01
2.136187814176082611e-02
3.705881536006927490e-03
2.392507623881101608e-03
5.101507529616355896e-02
1.337073091417551041e-02
3.120413795113563538e-02
1.192415714263916016e+00
1.507106870412826538e-01
5.554727911949157715e-01
1.306023169308900833e-02
7.867723703384399414e-03
8.019314408302307129e-01
8.008577823638916016e-01
2.051796340942382812e+01
5.750179290771484375e-02
1.892061531543731689e-01
1.834589056670665741e-02
8.885612338781356812e-02
1.299977116286754608e-02
1.730025559663772583e-02
1.178544983267784119e-01
1.807135939598083496e-01
3.082912974059581757e-02
1.665829569101333618e-01
1.559802237898111343e-02
2.536468952894210815e-02
3.916022554039955139e-02
1.547001884318888187e-03
6.395780015736818314e-03
5.972294881939888000e-02
6.778215174563229084e-04
8.073073625564575195e-02
2.298026084899902344e-01
3.389774858951568604e-01
2.109774649143218994e-01
1.320144385099411011e-01
2.664757668972015381e-01
1.536594510078430176e+00
1.331154257059097290e-03
2.648700959980487823e-02
1.540608555078506470e-01
2.185012999689206481e-04
8.166296407580375671e-03
4.493045434355735779e-02
1.906433820724487305e+00
2.438641898334026337e-02
1.706322282552719116e-02
1.810127124190330505e-02
1.776481419801712036e-01
5.111874639987945557e-02
4.032480344176292419e-02
1.073331013321876526e-01
6.840436160564422607e-02
1.059641480445861816e+00
2.016178332269191742e-02
6.594321690499782562e-03
2.645725011825561523e-02
4.829120337963104248e-01
2.786032482981681824e-02
3.067194521427154541e-01
3.343934938311576843e-02
1.754517288645729423e-04
8.809410780668258667e-02
1.693968623876571655e-01
3.117483854293823242e-02
3.358150720596313477e-01
5.137205868959426880e-02
6.255891639739274979e-03
4.669269919395446777e-02
3.519335063174366951e-03
4.986691102385520935e-02
1.385892648249864578e-02
3.671764954924583435e-02
6.977094337344169617e-03
5.783795379102230072e-03
1.307442933320999146e-01
1.249435138702392578e+01
4.906972404569387436e-03
3.064612392336130142e-03
4.954845644533634186e-03
4.482962563633918762e-02
1.663873699726536870e-04
1.037746787071228027e+00
2.474986948072910309e-02
2.493225574493408203e+00
2.810818850994110107e-01
2.720812894403934479e-02
5.432113539427518845e-04
4.982269108295440674e-01
4.903793931007385254e-01
4.043967463076114655e-03
5.132825579494237900e-03
3.157976269721984863e-02
9.423326991964131594e-05
1.017421483993530273e-01
2.044454915449023247e-03
2.438766002655029297e+00
1.908806711435317993e-01
1.000529341399669647e-02
1.828130520880222321e-02
1.332069281488656998e-02
2.149234339594841003e-02
3.523375140503048897e-03
8.313613384962081909e-02
2.253196761012077332e-02
7.447468489408493042e-02
4.522006493061780930e-03
2.850416898727416992e-01
5.091286147944629192e-04
7.892925292253494263e-02
2.525351755321025848e-02
1.708200126886367798e-01
4.622048232704401016e-03
1.255924906581640244e-02
1.095213647931814194e-02
3.135119378566741943e-02
7.862479239702224731e-02
3.493116423487663269e-02
4.493279010057449341e-02
3.175530955195426941e-02
7.107685208320617676e-01
1.292671367991715670e-04
1.176493018865585327e-01
2.124910056591033936e-02
1.627063006162643433e-01
3.762536287307739258e+00
6.342340260744094849e-02
9.662189520895481110e-03
1.298005580902099609e-01
8.357141166925430298e-03
1.193439820781350136e-03
1.324629306793212891e+00
4.155816882848739624e-02
5.751908291131258011e-03
5.491987243294715881e-02
1.116776466369628906e-02
1.493066430091857910e+00
5.540528800338506699e-03
6.915605627000331879e-03
1.889922976493835449e+00
3.809435293078422546e-02
4.287340641021728516e-01
2.549639903008937836e-03
1.547206193208694458e-03
1.332830451428890228e-02
1.460214518010616302e-02
1.205893699079751968e-02
2.957715094089508057e-01
7.590868473052978516e-01
2.236285954713821411e-01
1.729951240122318268e-02
1.519388146698474884e-02
1.416001282632350922e-02
2.450405445415526628e-04
8.842217735946178436e-03
5.108538150787353516e+00
1.777951121330261230e+00
1.246400177478790283e-03
5.145262926816940308e-02
1.471969578415155411e-02
3.023266792297363281e-03
2.070328444242477417e-01
3.405609726905822754e-02
1.301557524129748344e-03
1.102799735963344574e-02
2.449096553027629852e-02
4.934081435203552246e-02
1.666965126991271973e+00
5.878658592700958252e-02
1.635229587554931641e+00
4.336413741111755371e-01
1.116837784647941589e-01
5.844854116439819336e-01
1.488808512687683105e+00
1.586290076375007629e-02
1.656220108270645142e-02
7.905057072639465332e-02
9.830229915678501129e-03
1.665070354938507080e-01
1.026552319526672363e+00
8.590122312307357788e-02
1.997686177492141724e-02
3.349533975124359131e-01
7.600491400808095932e-03
3.490551561117172241e-02
1.850594650022685528e-03
6.400349140167236328e-01
2.155788242816925049e-03
8.956387639045715332e-03
2.373127937316894531e-01
1.048740232363343239e-03
1.342521328479051590e-02
5.710248649120330811e-02
5.497660953551530838e-03
8.040643334388732910e-01
3.686457406729459763e-03
6.080343853682279587e-03
1.150167733430862427e-02
3.437654115259647369e-03
1.731268246658146381e-03
3.402825891971588135e-01
8.228619582951068878e-03
2.110583893954753876e-02
1.053254213184118271e-02
9.337131865322589874e-03
9.736425243318080902e-03
6.788559257984161377e-03
1.625328697264194489e-02
1.612603515386581421e-01
3.814031835645437241e-03
4.796489665750414133e-04
6.255253218114376068e-03
9.612028598785400391e-01
9.227889240719377995e-04
1.537018921226263046e-02
1.807855814695358276e-01
9.046605974435806274e-02
3.380893543362617493e-02
3.626143932342529297e-02
1.146486774086952209e-01
9.489230811595916748e-02
1.005589656415395439e-04
2.116918563842773438e-02
6.728074513375759125e-03
3.505888627842068672e-03
2.665900439023971558e-02
2.623132616281509399e-02
5.201702937483787537e-02
9.288841485977172852e-02
3.421939909458160400e-02
1.122802146710455418e-03
3.889260813593864441e-02
1.177551504224538803e-02
2.143308222293853760e-01
1.344972103834152222e-02
1.465900689363479614e-01
1.627977471798658371e-03
2.092665135860443115e-01
4.243545699864625931e-04
8.212540298700332642e-02
9.537551552057266235e-02
2.035548537969589233e-01
2.787130139768123627e-02
6.612593531608581543e-01
3.853071713820099831e-03
1.292482204735279083e-02
6.758544128388166428e-03
1.077154278755187988e-02
2.989122644066810608e-02
6.156978383660316467e-02
2.144792582839727402e-03
1.959010720252990723e+00
1.069244891405105591e-01
2.879972942173480988e-02
3.818373441696166992e+00
1.068240737915039062e+01
9.273530915379524231e-03
1.321119489148259163e-03
6.206674734130501747e-04
3.815501555800437927e-02
9.135850705206394196e-03
3.123945184051990509e-02
4.417423248291015625e+00
2.547352632973343134e-04
3.638682603836059570e+00
1.931558251380920410e-01
1.916031911969184875e-02
1.185118919238448143e-03
5.295655224472284317e-03
1.601548004150390625e+01
7.251292419433593750e+01
5.563792800903320312e+01
6.404432654380798340e-01
3.128398132324218750e+01
1.531461238861083984e+00
3.335230407714843750e+02
9.183856964111328125e+00
9.195075225830078125e+01
9.798683166503906250e+00
1.151172485351562500e+02
1.879131317138671875e+01
2.866009330749511719e+01
5.552290678024291992e-01
9.109662055969238281e+00
7.743140411376953125e+01
4.243537139892578125e+01
1.735675048828125000e+02
6.679534912109375000e+01
5.932770252227783203e+00
2.826912307739257812e+01
4.550471782684326172e+00
7.133529186248779297e+00
3.007927131652832031e+01
2.525463342666625977e+00
5.584666728973388672e-01
1.112138442993164062e+02
4.424721984863281250e+02
6.356714477539062500e+02
1.357252502441406250e+02
4.479025363922119141e+00
3.905021190643310547e+00
4.158296585083007812e+00
2.660061645507812500e+02
4.934233665466308594e+00
4.991790771484375000e+00
4.105793535709381104e-01
6.317523121833801270e-02
2.567288160324096680e+00
9.381122589111328125e+01
7.257117919921875000e+02
1.767910003662109375e+01
6.544157862663269043e-01
3.937204895019531250e+02
1.290203380584716797e+01
1.290319671630859375e+02
9.530776214599609375e+01
8.282626152038574219e+00
5.339738726615905762e-01
5.171120605468750000e+02
1.022835159301757812e+02
1.780852890014648438e+01
1.252164745330810547e+01
2.247902107238769531e+01
2.622398853302001953e+00
6.919457435607910156e+00
4.185989856719970703e+00
4.192624688148498535e-01
1.506197261810302734e+01
7.932980346679687500e+02
1.615012207031250000e+02
4.818228759765625000e+02
3.730873584747314453e+00
3.788450622558593750e+01
5.919527530670166016e+00
1.920534324645996094e+01
4.999581909179687500e+01
9.732815551757812500e+02
3.413033752441406250e+02
2.095682716369628906e+01
7.713790237903594971e-02
4.277545928955078125e+01
9.457067251205444336e-01
1.074846115112304688e+02
8.385832786560058594e+00
9.811943054199218750e+00
7.076008319854736328e-01
8.740216255187988281e+00
1.581439361572265625e+02
2.819175529479980469e+01
2.200706863403320312e+01
4.417192459106445312e+00
6.946975231170654297e+00
2.675568580627441406e+01
7.501790523529052734e+00
1.827482986450195312e+01
1.406090855598449707e-01
1.128294658660888672e+01
9.642705917358398438e+00
3.058140516281127930e+00
9.192709922790527344e+00
3.312488174438476562e+01
3.577971649169921875e+01
1.186786174774169922e+01
9.064146423339843750e+01
6.126420593261718750e+01
2.990145683288574219e+00
8.080164794921875000e+02
7.336785793304443359e-01
1.554081420898437500e+02
1.421887755393981934e+00
1.885948944091796875e+01
1.660750150680541992e+00
8.884121704101562500e+01
2.531640815734863281e+01
6.253747940063476562e+01
1.894599676132202148e+00
1.710828735351562500e+03
2.773903808593750000e+02
9.111215472221374512e-01
2.799420356750488281e-01
3.111405944824218750e+02
1.181194686889648438e+02
1.526461601257324219e+00
2.558112144470214844e+01
7.013202667236328125e+01
3.372212600708007812e+01
1.273048400878906250e+01
5.140050125122070312e+01
1.321380138397216797e+01
9.804062652587890625e+01
4.996194335937500000e+03
1.683335571289062500e+02
1.085732574462890625e+02
1.897629618644714355e+00
1.580231781005859375e+02
1.805401802062988281e+01
2.536673784255981445e+00
5.194935302734375000e+02
8.076505279541015625e+01
1.662077178955078125e+02
1.141296291351318359e+01
2.990217804908752441e-01
1.232622051239013672e+01
1.509457349777221680e+00
2.483646631240844727e+00
1.939549803733825684e+00
2.044947509765625000e+02
2.154198913574218750e+02
2.230047760009765625e+02
2.461777114868164062e+01
1.432392239570617676e+00
3.197146606445312500e+02
1.726858329772949219e+01
4.635901489257812500e+02
3.202073669433593750e+01
1.884439392089843750e+02
1.275221109390258789e+00
2.841534423828125000e+01
9.223777465820312500e+02
4.365713298320770264e-01
2.965623168945312500e+02
4.732215881347656250e+01
3.548818230628967285e-01
1.195984191894531250e+02
1.973791885375976562e+01
1.736424684524536133e+00
8.339855670928955078e-01
3.421986579895019531e+00
1.413219571113586426e+00
5.343128662109375000e+02
1.411584472656250000e+02
1.241397933959960938e+02
2.334021186828613281e+01
1.336815643310546875e+02
3.539757919311523438e+01
3.808351516723632812e+01
1.999422302246093750e+02
4.557862854003906250e+02
5.836717605590820312e+00
8.263331413269042969e+00
5.702408447265625000e+02
1.195588350296020508e+00
4.438439369201660156e+00
2.016303558349609375e+02
2.330363655090332031e+01
6.834007263183593750e+00
4.162599945068359375e+01
2.583178281784057617e+00
1.396555709838867188e+01
5.858253955841064453e+00
2.050046348571777344e+01
2.342180633544921875e+02
3.295148611068725586e+00
1.084340332031250000e+04
3.929867982864379883e+00
5.745292305946350098e-01
1.233945560455322266e+01
2.101647644042968750e+02
3.347758865356445312e+01
2.214430570602416992e+00
1.282290954589843750e+02
4.810021877288818359e+00
4.742513275146484375e+01
7.746471405029296875e+01
1.498180389404296875e+00
5.240039062500000000e+01
1.008210659027099609e+00
2.747542619705200195e+00
2.009307146072387695e+00
1.019825649261474609e+01
4.276254653930664062e+00
5.087641716003417969e+00
3.105618286132812500e+01
5.558187103271484375e+01
5.845180749893188477e-01
2.885967063903808594e+01
3.365074157714843750e+02
6.963556289672851562e+00
2.391318893432617188e+01
9.134479522705078125e+00
2.296721935272216797e+00
1.084429264068603516e+00
2.335597167968750000e+03
1.127431964874267578e+01
2.501569519042968750e+02
5.622602939605712891e+00
2.986617736816406250e+02
9.606394171714782715e-01
1.611905517578125000e+02
1.810692016601562500e+03
1.059910356998443604e-01
1.827990174293518066e+00
5.032758789062500000e+02
2.624231576919555664e+00
5.528073730468750000e+02
3.347383499145507812e+00
1.267114257812500000e+01
4.018872261047363281e+00
8.770582199096679688e+00
1.126284673810005188e-01
9.314684867858886719e+00
1.355944395065307617e+00
2.867059936523437500e+02
2.349204254150390625e+01
1.688487815856933594e+01
3.941262960433959961e+00
1.755250930786132812e+01
1.302125358581542969e+01
9.095182418823242188e-01
1.833900909423828125e+02
5.663403320312500000e+01
9.632058143615722656e+00
1.404038047790527344e+01
1.038122863769531250e+02
5.716137695312500000e+01
1.312958679199218750e+02
4.277366399765014648e-01
2.149659423828125000e+03
5.080074310302734375e+00
4.347951889038085938e+01
3.247769165039062500e+01
1.143681406974792480e+00
2.975663452148437500e+02
7.108988952636718750e+01
6.152050495147705078e-01
2.774501647949218750e+02
5.747253799438476562e+01
3.202466726303100586e+00
1.576516967773437500e+03
5.313878631591796875e+01
6.169179153442382812e+01
3.817908859252929688e+01
2.800021057128906250e+02
1.016771697998046875e+02
6.898121643066406250e+01
2.537883567810058594e+01
4.322505798339843750e+02
3.356027305126190186e-01
6.270566463470458984e+00
4.945544128417968750e+02
1.343495750427246094e+01
2.605237731933593750e+02
1.009478569030761719e+00
4.278956055641174316e-01
2.742277145385742188e+01
6.908536911010742188e+00
5.306657314300537109e+00
4.689142608642578125e+01
7.370212674140930176e-01
1.055354213714599609e+01
3.125231981277465820e+00
5.638257980346679688e+00
2.714250564575195312e+01
1.086202025413513184e+00
1.623328208923339844e+00
4.293345031738281250e+02
1.199861083984375000e+03
2.463082313537597656e+00
1.113072738647460938e+02
2.025533676147460938e+01
7.753399848937988281e+00
2.361601074218750000e+03
3.775238513946533203e+00
8.555329895019531250e+01
1.314169692993164062e+01
1.717306327819824219e+01
4.350035095214843750e+02
1.457059001922607422e+01
1.040732421875000000e+02
3.715826721191406250e+02
8.135259246826171875e+01
3.772324371337890625e+01
2.113231201171875000e+02
2.463919639587402344e+01
3.163473606109619141e+00
5.933863067626953125e+01
1.074310111999511719e+01
1.158593273162841797e+01
8.300822143554687500e+02
4.973778991699218750e+02
3.832799987792968750e+02
4.638114929199218750e+02
4.917335987091064453e+00
5.147984981536865234e+00
7.648861408233642578e-01
1.847058486938476562e+01
1.276775550842285156e+01
5.444756507873535156e+00
1.681427240371704102e+00
3.987822055816650391e+00
1.117992520332336426e+00
1.192671966552734375e+02
2.777650070190429688e+01
4.775468444824218750e+01
1.844269866943359375e+02
9.910850524902343750e+00
5.038080596923828125e+01
1.400372028350830078e+01
8.373496055603027344e+00
3.288417458534240723e-01
3.859913085937500000e+03
7.095087280273437500e+02
5.120021820068359375e+01
1.148669967651367188e+02
4.507502746582031250e+01
5.699081420898437500e+02
2.432304191589355469e+01
6.261910438537597656e+00
2.644658851623535156e+01
1.689152479171752930e+00
4.210919189453125000e+01
7.812236938476562500e+02
2.707309341430664062e+01
6.529051780700683594e+00
3.576502799987792969e+00
8.424584197998046875e+01
6.943024902343750000e+02
5.854346084594726562e+01
1.411986637115478516e+01
1.549168300628662109e+01
9.419426321983337402e-02
8.653174340724945068e-02
3.166511726379394531e+01
1.095111179351806641e+01
3.770115852355957031e+00
9.856667518615722656e+00
9.326751708984375000e+01
2.597179603576660156e+01
7.787399291992187500e+01
3.026785850524902344e+00
1.542060613632202148e+00
5.766256809234619141e+00
1.312572097778320312e+01
7.130999145507812500e+02
1.874299645423889160e+00
7.034043884277343750e+01
5.775747895240783691e-01
5.809155464172363281e+00
2.172762304544448853e-01
1.021857452392578125e+01
1.856777954101562500e+03
1.276813769531250000e+04
3.054781675338745117e+00
8.855931854248046875e+01
3.460660934448242188e+01
4.631161212921142578e+00
9.367181396484375000e+01
3.026196594238281250e+02
3.182425975799560547e+00
3.506603002548217773e+00
9.192200660705566406e+00
7.118540954589843750e+01
1.613665008544921875e+01
5.652979373931884766e+00
1.723006591796875000e+02
7.986671752929687500e+02
7.527642250061035156e+00
2.612588644027709961e+00
2.971152544021606445e+00
1.170096206665039062e+02
2.457766294479370117e+00
9.367214202880859375e+00
2.018566131591796875e+02
1.868731117248535156e+01
3.495173034667968750e+02
6.877089843750000000e+02
1.243211746215820312e+02
1.326797604560852051e+00
2.640234375000000000e+01
