2.374931797385215759e-02
1.292208284139633179e-01
6.307431962341070175e-03
2.085072454065084457e-03
3.223767504096031189e-02
6.174976348876953125e+00
2.227723039686679840e-02
3.252877620980143547e-03
5.624943412840366364e-03
6.350595355033874512e-01
8.104782551527023315e-03
2.609583921730518341e-02
5.298388376832008362e-02
1.595144346356391907e-02
1.382316695526242256e-03
1.430136524140834808e-02
2.247056690976023674e-03
8.048703894019126892e-03
2.322120591998100281e-02
7.908410043455660343e-04
1.021539494395256042e-01
2.816499397158622742e-02
1.960068345069885254e-01
3.710523247718811035e-02
1.094801783561706543e+00
1.338214799761772156e-02
6.188279017806053162e-02
4.544329643249511719e-02
9.490538388490676880e-02
1.069666504859924316e+00
5.569695495069026947e-04
1.289231440750882030e-04
6.974366959184408188e-03
2.842242270708084106e-02
4.456848651170730591e-02
1.107434928417205811e-02
7.182096596807241440e-03
4.170377214904874563e-04
7.137012667953968048e-03
5.454911850392818451e-03
2.861599922180175781e-01
8.387674391269683838e-02
2.364797517657279968e-03
1.349230670928955078e+01
1.886493116617202759e-01
1.168140694499015808e-01
7.626547012478113174e-03
4.319339990615844727e-01
3.771263640373945236e-03
1.478357985615730286e-02
1.362311840057373047e-01
5.233124271035194397e-02
9.206864982843399048e-02
4.673194512724876404e-02
6.513279513455927372e-04
2.860278356820344925e-03
5.791204981505870819e-03
9.595358744263648987e-03
2.774928696453571320e-02
8.352356910705566406e+00
1.198802888393402100e-02
1.079491138458251953e+01
1.767393015325069427e-02
4.365144763141870499e-03
1.047945767641067505e-01
2.077781595289707184e-02
1.532229185104370117e-01
1.505868602544069290e-02
7.087800502777099609e-01
7.835928797721862793e-01
1.201750928885303438e-04
1.226675868034362793e+00
1.209690119139850140e-03
3.069207444787025452e-02
9.205089509487152100e-02
4.097490757703781128e-02
6.123481784015893936e-03
4.310245811939239502e-02
4.110292717814445496e-02
1.143786776810884476e-02
8.870053291320800781e-02
2.036864124238491058e-02
2.368268184363842010e-02
2.708272659219801426e-04
2.307367278262972832e-03
1.394024235196411610e-03
3.519665551721118391e-05
2.877734787762165070e-02
6.271578073501586914e-01
7.672304636798799038e-04
1.308785565197467804e-02
8.091915398836135864e-03
1.643053139559924603e-03
8.116731792688369751e-02
6.887231720611453056e-04
9.021747708320617676e-01
6.459471583366394043e-01
9.440355002880096436e-02
1.285440986976027489e-03
7.334773987531661987e-02
2.265433311462402344e+00
4.975206404924392700e-02
1.541648991405963898e-03
2.182633802294731140e-02
1.654285565018653870e-02
4.957468807697296143e-01
9.359686076641082764e-02
1.385278813540935516e-02
3.008938208222389221e-02
1.637648344039916992e-01
1.674163639545440674e-01
3.328431546688079834e-01
5.165280401706695557e-02
6.781354546546936035e-02
1.624003238976001740e-02
5.077382549643516541e-02
5.039437487721443176e-02
6.932695396244525909e-03
2.955937758088111877e-03
6.444480270147323608e-02
1.030065584927797318e-03
1.573732185363769531e+01
5.606546998023986816e-01
4.070338904857635498e-01
1.322594325756654143e-04
2.090612351894378662e-01
1.878656633198261261e-02
6.491095409728586674e-04
8.286134898662567139e-02
5.734987184405326843e-02
1.479053974151611328e+00
4.475178942084312439e-02
3.516915952786803246e-03
1.393985003232955933e-03
5.386307090520858765e-02
1.877714507281780243e-02
5.052318423986434937e-02
2.732942104339599609e+00
2.748294472694396973e-01
4.973763823509216309e-01
1.898865774273872375e-02
9.470798075199127197e-03
1.186125278472900391e+00
8.127914071083068848e-01
3.721355056762695312e+01
2.927090413868427277e-02
3.304906785488128662e-01
1.405576895922422409e-02
5.287757515907287598e-02
1.178948767483234406e-02
1.484466902911663055e-02
1.037702560424804688e-01
1.526910066604614258e-01
2.293263189494609833e-02
1.051155254244804382e-01
1.118735224008560181e-02
1.940456964075565338e-02
4.216159880161285400e-02
1.719515654258430004e-03
5.385342519730329514e-03
4.097254574298858643e-02
3.877439012285321951e-04
1.596546322107315063e-01
4.139004349708557129e-01
3.366992473602294922e-01
1.632067263126373291e-01
1.248863860964775085e-01
1.952850371599197388e-01
9.962276220321655273e-01
4.034462326671928167e-04
2.034681849181652069e-02
1.232773959636688232e-01
8.475023787468671799e-05
1.061499770730733871e-02
5.400128662586212158e-02
1.999082565307617188e+00
2.064732648432254791e-02
1.311980374157428741e-02
1.369150914251804352e-02
1.134531423449516296e-01
4.614375904202461243e-02
4.411025345325469971e-02
1.521552205085754395e-01
5.064004287123680115e-02
1.756162285804748535e+00
1.446141209453344345e-02
6.408931687474250793e-03
5.111494660377502441e-02
3.843154013156890869e-01
3.521238639950752258e-02
1.964112669229507446e-01
3.137455880641937256e-02
1.866311795311048627e-04
1.501541286706924438e-01
3.739963471889495850e-01
2.435827068984508514e-02
3.478341400623321533e-01
7.844942063093185425e-02
4.806377924978733063e-03
2.564376592636108398e-02
2.769286977127194405e-03
4.604963958263397217e-02
1.362884137779474258e-02
2.487825602293014526e-02
6.340590305626392365e-03
4.042826127260923386e-03
2.959743738174438477e-01
1.893597221374511719e+01
5.233242642134428024e-03
2.893067197874188423e-03
5.145600065588951111e-03
4.712697491049766541e-02
1.291455118916928768e-04
9.252062439918518066e-01
2.671620063483715057e-02
2.368217945098876953e+00
1.060454100370407104e-01
1.688754186034202576e-02
5.610435619018971920e-04
4.784291684627532959e-01
3.643277585506439209e-01
7.430277299135923386e-03
2.123614074662327766e-03
2.085013315081596375e-02
1.158632585429586470e-04
5.082919821143150330e-02
1.222129445523023605e-03
4.210117340087890625e+00
3.274686932563781738e-01
6.877062376588582993e-03
2.189231663942337036e-02
1.123226806521415710e-02
2.352593280375003815e-02
3.406234085559844971e-03
2.212470024824142456e-01
1.981667988002300262e-02
1.293136030435562134e-01
3.755839075893163681e-03
1.916139721870422363e-01
3.659955109469592571e-04
6.034660711884498596e-02
5.325030907988548279e-02
1.670837849378585815e-01
4.427650943398475647e-03
1.020631380379199982e-02
8.985569700598716736e-03
3.430014848709106445e-02
9.371873736381530762e-02
4.347295314073562622e-02
9.574645012617111206e-02
2.680368907749652863e-02
9.492813348770141602e-01
6.557127198902890086e-05
6.847903132438659668e-02
1.400750223547220230e-02
2.955675125122070312e-01
3.097652435302734375e+00
2.363910898566246033e-02
1.406671851873397827e-02
1.568349599838256836e-01
4.658923484385013580e-03
6.937407306395471096e-04
1.243537425994873047e+00
2.974828146398067474e-02
4.165555816143751144e-03
2.458181045949459076e-02
1.194950006902217865e-02
1.247589945793151855e+00
7.351100910454988480e-03
6.051061674952507019e-03
2.458647727966308594e+00
4.133228212594985962e-02
7.673339247703552246e-01
2.562968991696834564e-03
1.693296944722533226e-03
1.518854964524507523e-02
9.170776233077049255e-03
1.040229666978120804e-02
4.118917584419250488e-01
1.365584492683410645e+00
1.455343663692474365e-01
9.535675868391990662e-03
9.400659240782260895e-03
1.031047478318214417e-02
1.992448524106293917e-04
6.356689613312482834e-03
4.857954502105712891e+00
1.623949766159057617e+00
5.860744277015328407e-04
6.297770142555236816e-02
9.815002791583538055e-03
1.484283478930592537e-03
8.506361395120620728e-02
3.099523484706878662e-02
8.973845979198813438e-04
2.338756993412971497e-02
3.009438142180442810e-02
5.298512056469917297e-02
3.264073371887207031e+00
5.391198024153709412e-02
6.914225220680236816e-01
6.913027167320251465e-01
8.998905867338180542e-02
9.057734608650207520e-01
2.617720603942871094e+00
8.027240633964538574e-03
3.304193913936614990e-02
4.461842402815818787e-02
5.698284134268760681e-03
1.270069181919097900e-01
7.821945548057556152e-01
4.197896644473075867e-02
8.275866508483886719e-03
2.684231698513031006e-01
3.390622325241565704e-03
4.071848094463348389e-02
9.008938795886933804e-04
6.101500988006591797e-01
2.839426044374704361e-03
5.660473369061946869e-03
3.754204511642456055e-01
1.145810354501008987e-03
6.911046802997589111e-03
3.954301401972770691e-02
4.735670052468776703e-03
3.554887771606445312e-01
7.004121784120798111e-03
4.853316117078065872e-03
7.474950514733791351e-03
2.447488484904170036e-03
3.826820291578769684e-03
2.488827109336853027e-01
6.036467850208282471e-03
1.354720257222652435e-02
7.910250686109066010e-03
1.156764570623636246e-02
4.748767241835594177e-03
5.475172773003578186e-03
2.045826055109500885e-02
2.130764126777648926e-01
1.733405282720923424e-03
5.741158383898437023e-04
4.646144807338714600e-03
1.903119206428527832e+00
1.088791294023394585e-03
1.016014069318771362e-02
1.511181890964508057e-01
3.453927859663963318e-02
4.492885991930961609e-02
3.492337092757225037e-02
8.805307745933532715e-02
2.168297320604324341e-01
8.046090806601569057e-05
1.664014346897602081e-02
3.541141049936413765e-03
1.799358753487467766e-03
2.146219834685325623e-02
2.495837025344371796e-02
4.438490793108940125e-02
5.757488310337066650e-02
2.358777634799480438e-02
1.342799048870801926e-03
2.539285644888877869e-02
7.538679987192153931e-03
1.838814467191696167e-01
2.358384989202022552e-02
6.976226717233657837e-02
1.479906146414577961e-03
1.090164631605148315e-01
3.309560415800660849e-04
1.609594523906707764e-01
1.577850878238677979e-01
6.419850140810012817e-02
2.456229552626609802e-02
1.063520073890686035e+00
1.782957813702523708e-03
1.100880466401576996e-02
5.789954215288162231e-03
1.767968758940696716e-02
3.061124123632907867e-02
5.148737132549285889e-02
1.172895194031298161e-03
5.120610713958740234e+00
1.137900501489639282e-01
1.988769136369228363e-02
4.245237350463867188e+00
9.730670928955078125e+00
9.333374910056591034e-03
6.651332369074225426e-04
5.306102102622389793e-04
3.750500828027725220e-02
4.563259892165660858e-03
2.255988121032714844e-02
9.176367759704589844e+00
1.607948652235791087e-04
4.505318164825439453e+00
9.882537275552749634e-02
2.499712072312831879e-02
4.396239237394183874e-04
3.594445530325174332e-03
7.785006046295166016e+00
1.468771209716796875e+02
1.561499938964843750e+02
8.878400325775146484e-01
4.773569869995117188e+01
2.317218780517578125e+00
7.804596557617187500e+02
1.299298954010009766e+01
9.098138427734375000e+01
1.265688228607177734e+01
2.248542633056640625e+02
2.021331405639648438e+01
1.101692962646484375e+02
5.511396527290344238e-01
1.738067245483398438e+01
1.401419830322265625e+02
1.106334533691406250e+02
2.847852172851562500e+02
1.560338745117187500e+02
1.044618606567382812e+01
9.593552398681640625e+01
5.673555374145507812e+00
9.859415054321289062e+00
7.770381164550781250e+01
2.848695516586303711e+00
5.697911381721496582e-01
2.673014221191406250e+02
8.140378417968750000e+02
1.898113769531250000e+03
6.551034545898437500e+02
9.342279434204101562e+00
4.343451023101806641e+00
1.374768352508544922e+01
2.952547607421875000e+02
1.546763038635253906e+01
1.657921218872070312e+01
1.196240782737731934e+00
7.308079302310943604e-02
4.917895793914794922e+00
1.533166656494140625e+02
1.645261230468750000e+03
2.311465644836425781e+01
1.183733224868774414e+00
5.097928771972656250e+02
3.546107864379882812e+01
1.305948638916015625e+02
1.260665130615234375e+02
2.106154441833496094e+01
9.060047864913940430e-01
1.022429931640625000e+03
2.743619079589843750e+02
4.644171905517578125e+01
1.255652046203613281e+01
3.983428192138671875e+01
5.536567211151123047e+00
1.165701103210449219e+01
7.141649723052978516e+00
3.547452986240386963e-01
2.540813255310058594e+01
1.847923217773437500e+03
6.114090576171875000e+02
4.775706787109375000e+02
1.106429767608642578e+01
8.205033111572265625e+01
5.267432689666748047e+00
6.228247070312500000e+01
6.264334106445312500e+01
3.383006835937500000e+03
3.367440185546875000e+02
8.886918640136718750e+01
7.792169600725173950e-02
2.571425476074218750e+02
2.085194349288940430e+00
1.677071990966796875e+02
1.000646591186523438e+01
1.346702098846435547e+01
1.383831739425659180e+00
8.466804504394531250e+00
4.012245178222656250e+02
3.213204574584960938e+01
3.096697044372558594e+01
7.545922279357910156e+00
9.764485359191894531e+00
4.002159881591796875e+01
6.494398117065429688e+00
3.175945472717285156e+01
1.165684908628463745e-01
1.350620174407958984e+01
3.061784934997558594e+01
3.741483926773071289e+00
2.227163505554199219e+01
4.791989135742187500e+01
4.276712799072265625e+01
1.812940788269042969e+01
8.929800415039062500e+01
4.797416992187500000e+02
4.598334789276123047e+00
7.420254516601562500e+02
6.423700451850891113e-01
5.090633850097656250e+02
2.727300643920898438e+00
3.125401878356933594e+01
4.183881282806396484e+00
1.456296386718750000e+02
6.176523208618164062e+01
1.494510650634765625e+02
2.920704364776611328e+00
3.386163574218750000e+03
4.092848815917968750e+02
1.566861152648925781e+00
8.896806240081787109e-01
1.663901855468750000e+03
2.636911621093750000e+02
1.315174579620361328e+00
3.622295761108398438e+01
1.539637145996093750e+02
1.152646713256835938e+02
1.680197525024414062e+01
1.335764312744140625e+02
1.390225028991699219e+01
3.454349365234375000e+02
7.528935058593750000e+03
6.771270751953125000e+02
1.746880035400390625e+02
4.599026203155517578e+00
4.246576538085937500e+02
4.354802322387695312e+01
3.479032278060913086e+00
1.004426330566406250e+03
1.086646194458007812e+02
7.435495605468750000e+02
4.083123779296875000e+01
4.936435222625732422e-01
3.832180404663085938e+01
2.676192283630371094e+00
3.596144914627075195e+00
1.042523980140686035e+00
8.176019287109375000e+02
1.158202514648437500e+03
4.223710327148437500e+02
4.865068817138671875e+01
3.801143169403076172e+00
9.535444946289062500e+02
3.462395095825195312e+01
1.078496826171875000e+03
4.259913253784179688e+01
7.662924804687500000e+02
2.440304756164550781e+00
6.884891510009765625e+01
2.687886718750000000e+03
5.819685459136962891e-01
8.641504516601562500e+02
4.371235656738281250e+01
4.316309690475463867e-01
1.472662048339843750e+02
4.027748870849609375e+01
2.303348064422607422e+00
8.333123326301574707e-01
8.073864936828613281e+00
3.221498250961303711e+00
1.180508911132812500e+03
1.553576049804687500e+02
2.773179016113281250e+02
6.350315856933593750e+01
2.714901123046875000e+02
1.246011199951171875e+02
9.891761779785156250e+01
3.921477355957031250e+02
1.382953857421875000e+03
1.286537647247314453e+01
1.009321975708007812e+01
1.918316284179687500e+03
2.453428745269775391e+00
7.099556922912597656e+00
6.743013305664062500e+02
2.248795127868652344e+01
1.048886203765869141e+01
9.249436950683593750e+01
3.765058755874633789e+00
2.459371185302734375e+01
1.725741767883300781e+01
3.183672904968261719e+01
3.497762145996093750e+02
8.637503623962402344e+00
2.657638867187500000e+04
5.419223785400390625e+00
6.393969655036926270e-01
2.845490264892578125e+01
8.620358886718750000e+02
6.980383300781250000e+01
6.053283214569091797e+00
4.164094848632812500e+02
1.034711360931396484e+01
8.645217895507812500e+01
3.018894958496093750e+02
2.611513853073120117e+00
1.185353622436523438e+02
1.246592402458190918e+00
1.040746784210205078e+01
3.557041883468627930e+00
1.988919067382812500e+01
1.370475101470947266e+01
6.701038837432861328e+00
4.707373046875000000e+01
5.988018798828125000e+01
1.432512760162353516e+00
1.237900924682617188e+02
8.399185791015625000e+02
5.918640136718750000e+00
4.958785247802734375e+01
9.074901580810546875e+00
5.053191661834716797e+00
1.361431121826171875e+00
6.124099121093750000e+03
2.470928382873535156e+01
5.813605957031250000e+02
3.852519035339355469e+00
2.969412841796875000e+02
1.718823194503784180e+00
2.725303344726562500e+02
4.414558105468750000e+03
1.637471914291381836e-01
2.143942594528198242e+00
1.259964477539062500e+03
4.567700386047363281e+00
2.038195434570312500e+03
4.440333366394042969e+00
3.555294418334960938e+01
1.248145103454589844e+01
1.178552913665771484e+01
7.797078043222427368e-02
1.236776256561279297e+01
3.919041156768798828e+00
8.135686645507812500e+02
9.319945526123046875e+01
1.762391853332519531e+01
5.588092803955078125e+00
3.390724563598632812e+01
2.058825302124023438e+01
1.822029948234558105e+00
6.699704589843750000e+02
1.791299133300781250e+02
1.363843822479248047e+01
3.037732696533203125e+01
1.875387420654296875e+02
1.031629333496093750e+02
2.099914703369140625e+02
7.127094864845275879e-01
1.026690625000000000e+04
1.471089553833007812e+01
7.022887420654296875e+01
2.144442558288574219e+01
9.717525839805603027e-01
1.143273925781250000e+03
1.226218719482421875e+02
1.008902788162231445e+00
1.010280761718750000e+03
6.988596343994140625e+01
7.601307868957519531e+00
4.293025878906250000e+03
8.735008239746093750e+01
9.924971771240234375e+01
6.866999816894531250e+01
9.570383300781250000e+02
3.409546508789062500e+02
2.923855895996093750e+02
3.602969360351562500e+01
1.683891235351562500e+03
6.298862695693969727e-01
1.823727607727050781e+01
8.006384887695312500e+02
1.740578269958496094e+01
8.157191162109375000e+02
1.199646115303039551e+00
9.965475797653198242e-01
7.337223052978515625e+01
5.851259708404541016e+00
9.688118934631347656e+00
1.465242156982421875e+02
8.523654937744140625e-01
1.993995666503906250e+01
4.968982696533203125e+00
9.694812774658203125e+00
3.762403488159179688e+01
1.880667090415954590e+00
1.371477484703063965e+00
5.246943969726562500e+02
1.800755615234375000e+03
4.188047885894775391e+00
2.280623016357421875e+02
2.178272438049316406e+01
8.013052940368652344e+00
2.690676025390625000e+03
5.139891147613525391e+00
3.564488220214843750e+02
4.630007553100585938e+01
4.355940246582031250e+01
1.283873657226562500e+03
3.890699386596679688e+01
2.099735412597656250e+02
6.413637695312500000e+02
1.547598266601562500e+02
7.084576416015625000e+01
4.155161437988281250e+02
5.295446395874023438e+01
2.581019163131713867e+00
7.085992431640625000e+01
1.984081077575683594e+01
1.203352355957031250e+01
1.562132202148437500e+03
6.305307006835937500e+02
9.316409301757812500e+02
4.324584045410156250e+02
1.327390003204345703e+01
4.132507324218750000e+00
8.564314246177673340e-01
3.810412979125976562e+01
1.512019252777099609e+01
1.177811908721923828e+01
1.609342813491821289e+00
1.245937156677246094e+01
7.885537147521972656e-01
1.271995391845703125e+02
5.068748092651367188e+01
8.171599578857421875e+01
1.385164031982421875e+02
2.970463371276855469e+01
8.578038024902343750e+01
2.543036079406738281e+01
7.009393692016601562e+00
3.412440121173858643e-01
9.303006835937500000e+03
2.596285156250000000e+03
1.696183776855468750e+02
1.850846405029296875e+02
1.192368316650390625e+02
9.118381958007812500e+02
3.706034851074218750e+01
2.904294586181640625e+01
2.613269996643066406e+01
3.063638448715209961e+00
5.888878631591796875e+01
2.193150146484375000e+03
8.443373107910156250e+01
1.112968635559082031e+01
7.298188686370849609e+00
1.669281158447265625e+02
7.760920410156250000e+02
1.030477905273437500e+02
1.757043838500976562e+01
1.700816535949707031e+01
1.204447299242019653e-01
1.672502160072326660e-01
3.564360427856445312e+01
2.823122406005859375e+01
6.815204620361328125e+00
1.762894439697265625e+01
2.610430603027343750e+02
5.224308776855468750e+01
1.618458251953125000e+02
8.644598960876464844e+00
2.664330959320068359e+00
1.102680492401123047e+01
4.456623840332031250e+01
1.684605102539062500e+03
2.436525821685791016e+00
1.116661071777343750e+02
1.335259914398193359e+00
4.903212070465087891e+00
3.159350156784057617e-01
1.514299964904785156e+01
4.892126464843750000e+03
3.044726562500000000e+04
7.987345218658447266e+00
1.659192504882812500e+02
1.058027725219726562e+02
6.291441440582275391e+00
1.561813354492187500e+02
7.940980834960937500e+02
8.950693130493164062e+00
5.179342269897460938e+00
6.505766391754150391e+00
9.902229309082031250e+01
3.562883758544921875e+01
1.906779289245605469e+01
4.356166687011718750e+02
6.794545288085937500e+02
5.351097106933593750e+00
4.990823268890380859e+00
3.909515857696533203e+00
3.375272521972656250e+02
7.160102844238281250e+00
3.105848693847656250e+01
3.970441284179687500e+02
2.213060569763183594e+01
8.083741455078125000e+02
1.195795532226562500e+03
1.749395751953125000e+02
2.075312614440917969e+00
3.298580551147460938e+01
