7.191267609596252441e-02
2.990404069423675537e-01
2.164405733346939087e-01
8.529121987521648407e-03
2.180792689323425293e-01
5.149567127227783203e-01
1.192100197076797485e-01
1.878842152655124664e-02
2.307534962892532349e-01
1.944842338562011719e-01
5.011509656906127930e-01
8.871480822563171387e-02
7.754719257354736328e-02
2.397025562822818756e-02
4.986584186553955078e-02
8.610957860946655273e-02
1.605353131890296936e-02
6.102967634797096252e-02
3.391862660646438599e-02
3.093789145350456238e-02
3.272781521081924438e-02
1.344245113432407379e-02
4.744206964969635010e-01
8.676760643720626831e-02
6.749518394470214844e+00
2.590850554406642914e-02
4.685416072607040405e-02
2.573085427284240723e-01
1.173523426055908203e+00
1.797460317611694336e+00
7.503215223550796509e-03
2.516375388950109482e-03
2.470343112945556641e-01
4.997191727161407471e-01
1.654637418687343597e-02
6.498561501502990723e-01
3.434586897492408752e-02
1.055880077183246613e-02
1.262945383787155151e-01
8.198826014995574951e-02
1.669604420661926270e+00
2.706431746482849121e-01
9.366305172443389893e-02
4.066820144653320312e+00
5.560990571975708008e-01
4.660009145736694336e-01
8.020726591348648071e-02
1.280093431472778320e+00
8.321825414896011353e-03
1.453389883041381836e+00
1.693651378154754639e-01
4.285755753517150879e-02
1.293261289596557617e+00
2.192697674036026001e-01
1.214804127812385559e-02
1.944104582071304321e-02
1.862392760813236237e-02
3.319505155086517334e-01
3.742593526840209961e-02
1.519660758972167969e+01
3.931925073266029358e-02
5.889177322387695312e+00
5.435466766357421875e-02
5.037076026201248169e-02
3.221662342548370361e-01
5.465858578681945801e-01
4.603866338729858398e-01
1.424544006586074829e-01
5.064666271209716797e+00
1.631769418716430664e+00
6.493361433967947960e-04
1.039148569107055664e+00
1.575777865946292877e-02
2.345807790756225586e+00
3.550628423690795898e-01
1.794683039188385010e-01
2.401519566774368286e-02
2.502722293138504028e-02
8.096030354499816895e-02
8.713766187429428101e-02
6.318468451499938965e-01
4.128073528409004211e-02
1.247611269354820251e-01
4.325303249061107635e-03
1.641220040619373322e-02
1.216340158134698868e-02
9.128033998422324657e-04
5.131118744611740112e-02
1.739409089088439941e+00
3.189202398061752319e-03
3.178591281175613403e-02
2.121576517820358276e-01
5.365646630525588989e-02
9.860891103744506836e-02
7.876107841730117798e-02
9.078007340431213379e-01
2.351623028516769409e-01
1.306715607643127441e+00
3.474009037017822266e-02
2.793325483798980713e-01
5.974622368812561035e-01
4.767043516039848328e-02
1.532573718577623367e-02
7.690718770027160645e-02
9.567429870367050171e-02
4.624437689781188965e-01
1.280771344900131226e-01
3.069151639938354492e-01
1.593372941017150879e+00
1.395190656185150146e-01
2.862866967916488647e-02
3.294466435909271240e-01
4.004185795783996582e-01
6.601409316062927246e-01
2.682579159736633301e-01
1.206623688340187073e-01
2.006745487451553345e-01
4.724827781319618225e-02
5.835128948092460632e-03
5.881525576114654541e-02
1.166339870542287827e-02
1.951028633117675781e+01
1.072211146354675293e+00
1.559079289436340332e+00
3.085137810558080673e-03
3.027686290442943573e-02
2.934152260422706604e-02
2.736569615080952644e-03
2.495250105857849121e-01
8.559597283601760864e-02
1.188084483146667480e+00
3.743430674076080322e-01
1.115707680583000183e-02
9.138233959674835205e-03
4.503379762172698975e-02
1.389059051871299744e-02
4.117036610841751099e-02
1.177258849143981934e+00
1.322232186794281006e-01
1.456861734390258789e+00
1.091345548629760742e-01
7.862397283315658569e-02
8.017035484313964844e+00
1.734427332878112793e+00
3.171454906463623047e+00
1.510430723428726196e-01
3.474107682704925537e-01
1.343362480401992798e-01
2.173555791378021240e-01
5.553171783685684204e-02
3.354944661259651184e-02
1.320250749588012695e+00
2.062434256076812744e-01
9.131362289190292358e-02
3.817971646785736084e-01
1.189922466874122620e-01
5.340358987450599670e-02
8.854149281978607178e-02
4.395828582346439362e-03
5.709291435778141022e-03
4.536567330360412598e-01
8.883830904960632324e-02
2.006282061338424683e-01
1.654415875673294067e-01
1.808580756187438965e+00
2.524347007274627686e-01
6.497491598129272461e-01
2.986395359039306641e-01
5.946314811706542969e+00
5.318126175552606583e-03
4.660621881484985352e-01
2.209544330835342407e-01
2.246197126805782318e-02
1.157949194312095642e-01
2.253488302230834961e-01
1.332498073577880859e+00
1.328008770942687988e-01
1.273580491542816162e-01
9.198577702045440674e-02
1.692315816879272461e+00
2.239302098751068115e-01
2.908438742160797119e-01
2.486601769924163818e-01
7.829188555479049683e-02
2.333440542221069336e+00
2.405694723129272461e-01
2.679714560508728027e-01
1.106753647327423096e-01
3.520054519176483154e-01
1.373397558927536011e-01
9.665890336036682129e-01
1.383343338966369629e-01
7.532416842877864838e-03
1.280258148908615112e-01
2.848387658596038818e-01
7.695303857326507568e-02
2.304117083549499512e-01
9.108855575323104858e-02
7.207474205642938614e-03
3.868176937103271484e-01
1.819689944386482239e-02
1.520869731903076172e-01
1.771371215581893921e-01
6.374186277389526367e-02
1.677914410829544067e-01
2.041924744844436646e-02
1.010106503963470459e-01
1.474503707885742188e+01
1.994228549301624298e-02
1.273981947451829910e-02
5.105515569448471069e-02
1.104964464902877808e-01
6.397506222128868103e-03
4.240784645080566406e-01
2.212330996990203857e-01
7.092015147209167480e-01
5.321298241615295410e-01
2.665381133556365967e-02
9.796383790671825409e-03
2.456512451171875000e+00
1.583203077316284180e+00
1.778677292168140411e-02
2.796440012753009796e-02
5.623045191168785095e-02
8.758421172387897968e-04
4.047575294971466064e-01
2.108749933540821075e-02
1.882771134376525879e+00
2.933016419410705566e-01
4.125210642814636230e-02
3.878080844879150391e-02
7.155840098857879639e-02
2.471387758851051331e-02
1.894561648368835449e-01
4.146559908986091614e-02
8.011125922203063965e-01
1.924270093441009521e-01
5.671469494700431824e-03
4.601763486862182617e-01
2.275993116199970245e-02
2.338425219058990479e-01
2.185240946710109711e-02
7.936098426580429077e-02
2.594072744250297546e-02
8.935656398534774780e-02
8.799108117818832397e-02
3.279910087585449219e-01
8.165035396814346313e-02
1.197276785969734192e-01
3.423594236373901367e-01
1.590764075517654419e-01
7.981141805648803711e-01
6.379691418260335922e-03
8.191885948181152344e-01
2.501451671123504639e-01
2.192637026309967041e-01
3.331772089004516602e+00
6.630324572324752808e-02
1.776166260242462158e-01
4.767245799303054810e-02
6.259436160326004028e-02
1.497949939221143723e-02
2.627057731151580811e-01
1.369429081678390503e-01
4.262722283601760864e-02
6.050987839698791504e-01
1.829660870134830475e-02
1.901200175285339355e+00
3.265089122578501701e-03
8.573224395513534546e-02
7.201423168182373047e+00
2.741360366344451904e-01
1.636132001876831055e-01
1.345126703381538391e-02
3.697924083098769188e-03
5.310892686247825623e-02
7.707944512367248535e-02
5.835309997200965881e-02
7.913229614496231079e-02
6.657608747482299805e-01
1.338105320930480957e+00
2.477072477340698242e-01
8.974259346723556519e-02
3.197063878178596497e-02
6.800300441682338715e-03
4.075392335653305054e-02
4.328296661376953125e+00
1.280277371406555176e+00
3.410624712705612183e-02
2.138241529464721680e-01
2.583339624106884003e-02
1.504795532673597336e-02
3.203421235084533691e-01
2.398876287043094635e-02
2.056308463215827942e-02
2.315105125308036804e-02
4.864922165870666504e-02
8.915796875953674316e-02
1.014703631401062012e+00
2.288629859685897827e-01
1.452484369277954102e+00
3.399183452129364014e-01
2.504974901676177979e-01
3.892351388931274414e+00
4.026725292205810547e-01
6.614880263805389404e-02
2.169320546090602875e-02
1.911307275295257568e-01
3.405373096466064453e-01
5.089170336723327637e-01
1.653924822807312012e+00
3.800461590290069580e-01
5.528380274772644043e-01
5.082622766494750977e-01
3.082363307476043701e-02
1.659097373485565186e-01
7.957233116030693054e-03
1.690311074256896973e+00
5.894870497286319733e-03
3.112112544476985931e-02
2.018231153488159180e-01
1.487920992076396942e-02
3.964329361915588379e-01
1.930591344833374023e+00
1.226641982793807983e-01
2.892764091491699219e+00
2.876910753548145294e-02
4.233808815479278564e-02
5.121375247836112976e-02
9.613865986466407776e-03
4.226310644298791885e-03
5.658610343933105469e+00
9.092091768980026245e-02
1.081352159380912781e-01
4.547351226210594177e-02
8.088932186365127563e-02
8.533789962530136108e-02
3.154845535755157471e-02
1.458844095468521118e-01
8.411190509796142578e-01
1.887035816907882690e-01
1.343610044568777084e-02
2.353667654097080231e-02
3.878998041152954102e+00
1.091582328081130981e-02
1.820568181574344635e-02
1.779163837432861328e+00
4.555017352104187012e-01
2.375932037830352783e-01
4.748816192150115967e-01
1.636173576116561890e-01
4.301647841930389404e-02
1.915706205181777477e-03
4.198835417628288269e-02
1.472855359315872192e-01
9.264014661312103271e-03
3.793179988861083984e-02
4.132637679576873779e-01
4.992403686046600342e-01
1.753928065299987793e-01
1.603381186723709106e-01
4.981515929102897644e-02
1.181701347231864929e-01
6.175356358289718628e-02
6.040048003196716309e-01
1.291648894548416138e-01
1.449422836303710938e-01
2.116885222494602203e-02
5.776575207710266113e-01
2.446788363158702850e-03
2.447272092103958130e-01
3.380309417843818665e-02
3.926253080368041992e+00
1.302579790353775024e-01
5.309469103813171387e-01
1.231871638447046280e-02
5.883313715457916260e-02
1.494126319885253906e-01
7.211623340845108032e-02
1.138572674244642258e-02
1.157572418451309204e-01
1.752189733088016510e-02
1.668668985366821289e+00
1.001037001609802246e+00
1.806975603103637695e-01
1.695448637008666992e+00
1.846687126159667969e+01
4.339269176125526428e-02
5.361913889646530151e-02
1.549155917018651962e-03
1.039035469293594360e-01
2.755655348300933838e-01
1.133036538958549500e-01
1.590012741088867188e+01
5.953585263341665268e-03
3.633114576339721680e+00
3.242395222187042236e-01
1.718986779451370239e-01
2.622346580028533936e-02
3.535081073641777039e-02
1.766707539558410645e+00
3.683524322509765625e+01
3.531681442260742188e+01
7.250847816467285156e-01
1.165499877929687500e+01
4.401204586029052734e+00
4.012363433837890625e+01
3.362526416778564453e+00
7.346508026123046875e+01
2.384197950363159180e+00
5.292683410644531250e+01
1.164697170257568359e+01
3.279326915740966797e+00
4.216990768909454346e-01
9.496851921081542969e+00
4.233482360839843750e+01
6.353981018066406250e+00
3.159802055358886719e+01
2.792484092712402344e+01
2.101605415344238281e+00
2.789405107498168945e+00
1.005419731140136719e+00
9.674560546875000000e+00
1.213773918151855469e+01
4.707588577270507812e+01
1.426127910614013672e+00
7.453983306884765625e+00
3.266662979125976562e+01
2.444682464599609375e+02
2.481433486938476562e+01
2.508407354354858398e+00
1.482691645622253418e+00
3.445061206817626953e+00
1.542977447509765625e+02
8.797640204429626465e-01
3.012889480590820312e+01
7.510833740234375000e-01
4.296059906482696533e-01
2.312640666961669922e+00
1.177875137329101562e+01
4.463507995605468750e+02
1.059601974487304688e+01
1.150898814201354980e+00
3.568915176391601562e+01
9.882332801818847656e+00
8.499570465087890625e+01
3.861788940429687500e+01
1.646844673156738281e+01
1.750685334205627441e+00
8.471788787841796875e+01
1.964107322692871094e+01
4.081154823303222656e+00
2.289985847473144531e+01
4.789455795288085938e+01
6.981631278991699219e+00
5.451147556304931641e-01
9.348003268241882324e-01
1.365250229835510254e+00
2.053660154342651367e+00
9.059557342529296875e+01
2.067370223999023438e+01
1.277014617919921875e+02
1.316330909729003906e+00
4.872257232666015625e+00
1.920304656028747559e+00
3.138107109069824219e+01
5.153891563415527344e+00
1.970783386230468750e+02
2.134254150390625000e+02
1.136233673095703125e+02
5.165811255574226379e-02
2.835431671142578125e+01
1.391360759735107422e+00
9.577166748046875000e+01
2.573785781860351562e+01
5.728311538696289062e+00
1.105844378471374512e+00
9.967998266220092773e-01
1.696651268005371094e+01
1.308825016021728516e+01
1.220672416687011719e+01
1.806877374649047852e+00
4.724988937377929688e+00
3.615999937057495117e+00
3.078681707382202148e+00
2.300818443298339844e+00
7.014192938804626465e-01
1.382264804840087891e+01
1.933893203735351562e+01
8.340820670127868652e-01
3.330726146697998047e+00
4.475967788696289062e+01
2.728675079345703125e+01
6.182007789611816406e+00
9.472653388977050781e+00
2.316073036193847656e+01
3.260858535766601562e+00
3.810347900390625000e+02
2.357177257537841797e+00
1.328851318359375000e+01
7.745172977447509766e-01
1.168920159339904785e+00
2.568532526493072510e-01
7.003127288818359375e+01
1.162586402893066406e+01
1.731878662109375000e+01
2.246842145919799805e+00
1.595252532958984375e+02
1.576304931640625000e+02
1.744489431381225586e+00
3.313336968421936035e-01
1.646018791198730469e+01
9.414954185485839844e+00
8.000101089477539062e+00
1.717799377441406250e+01
6.894045829772949219e+00
7.242252826690673828e+00
3.239367485046386719e+00
3.113001823425292969e+00
7.650977611541748047e+00
9.230312347412109375e+00
1.104559814453125000e+03
4.311959533691406250e+02
2.933707046508789062e+01
2.542287111282348633e+00
3.958643722534179688e+01
9.468722343444824219e+00
2.180774450302124023e+00
1.468533935546875000e+02
1.990187072753906250e+01
6.394011497497558594e+00
1.670775794982910156e+01
1.969421207904815674e-01
1.257873058319091797e+00
1.097934842109680176e+00
8.251130580902099609e-01
4.122825622558593750e+00
6.226622772216796875e+01
3.093669319152832031e+01
4.138008880615234375e+01
8.423559570312500000e+01
6.917667388916015625e-01
1.223145828247070312e+02
4.266873168945312500e+01
4.365822601318359375e+01
9.563478469848632812e+00
1.190743331909179688e+02
3.269039630889892578e+00
1.368703651428222656e+01
1.843260192871093750e+01
2.766196966171264648e+00
1.317933502197265625e+02
6.716631889343261719e+00
1.484287381172180176e+00
3.874694824218750000e+01
5.441080093383789062e+00
1.576312303543090820e+00
2.554103136062622070e+00
8.785260319709777832e-01
1.385369300842285156e+00
8.387267303466796875e+01
3.969701004028320312e+01
3.521616744995117188e+01
4.455535888671875000e+00
1.846581459045410156e+01
1.978998780250549316e+00
1.098810005187988281e+01
2.692157363891601562e+01
3.553088073730468750e+02
4.910868108272552490e-01
1.797748374938964844e+01
5.557805252075195312e+01
3.341891765594482422e+00
4.742551803588867188e+00
1.113518600463867188e+02
1.521669292449951172e+01
3.946486234664916992e+00
1.602434539794921875e+01
6.046030998229980469e+00
3.601438140869140625e+01
1.543272256851196289e+00
5.443393707275390625e+01
3.984014129638671875e+01
1.438891887664794922e-01
1.791871490478515625e+02
2.461092185974121094e+01
1.665739178657531738e+00
3.100675344467163086e+00
7.685506439208984375e+01
1.413910865783691406e+01
1.762422919273376465e+00
6.276053905487060547e+00
1.462398409843444824e+00
1.450743675231933594e+01
1.892497825622558594e+01
4.131665527820587158e-01
3.773590803146362305e+00
2.059731006622314453e+00
1.573099374771118164e+00
3.455658912658691406e+00
1.204838562011718750e+01
3.322213888168334961e+00
8.905969619750976562e+00
5.443803787231445312e+00
3.301445770263671875e+01
3.385380804538726807e-01
6.429523468017578125e+00
7.974143981933593750e+01
9.523232460021972656e+00
1.476866531372070312e+01
8.157042503356933594e+00
6.627863883972167969e+00
7.481307983398437500e-01
8.143798065185546875e+01
3.877145051956176758e+00
1.652553558349609375e+01
1.766801953315734863e+00
3.268184661865234375e+01
7.444047331809997559e-01
5.968526077270507812e+01
3.131976013183593750e+02
7.396330833435058594e-01
7.332602143287658691e-01
2.481507492065429688e+01
1.224403619766235352e+00
2.909541931152343750e+02
4.003505706787109375e+00
6.902938842773437500e+00
1.437783360481262207e+00
3.633170127868652344e+00
5.055942535400390625e-01
1.542500400543212891e+01
1.139222860336303711e+00
5.929888916015625000e+01
1.673590540885925293e+00
2.330170822143554688e+01
7.002420425415039062e-01
9.049080610275268555e-01
2.837790727615356445e+00
1.940440893173217773e+00
2.276805877685546875e+01
5.230728626251220703e+00
2.661415576934814453e+00
3.236228227615356445e+00
2.112247276306152344e+01
1.818543815612792969e+01
3.417688369750976562e+01
5.263709425926208496e-01
5.333781051635742188e+01
3.800410509109497070e+00
3.535627603530883789e+00
8.179509162902832031e+00
1.345248103141784668e+00
6.672951507568359375e+01
1.623874092102050781e+01
8.068508148193359375e+00
1.732780647277832031e+01
2.685800075531005859e+00
3.696300745010375977e+00
4.204895019531250000e+01
4.656226730346679688e+01
1.191811847686767578e+01
1.010270118713378906e+01
2.110999298095703125e+01
1.879373741149902344e+01
2.810929679870605469e+01
4.393869781494140625e+01
1.178846664428710938e+02
3.881211280822753906e-01
1.394749832153320312e+01
2.065044097900390625e+02
4.129376220703125000e+01
8.198013305664062500e+01
5.909970402717590332e-01
6.773748397827148438e-01
1.154082393646240234e+01
3.844902992248535156e+00
1.101990318298339844e+01
9.885806083679199219e+00
3.584559679031372070e+00
1.279395866394042969e+01
6.104712486267089844e+00
5.626372337341308594e+00
2.130751371383666992e+00
6.608786582946777344e-01
2.762526273727416992e+00
9.305899810791015625e+01
2.643885993957519531e+01
5.413216590881347656e+00
6.068986892700195312e+00
8.688436508178710938e+00
4.127965450286865234e+00
3.332705688476562500e+02
3.140518903732299805e+00
8.487881660461425781e+00
3.567570924758911133e+00
1.218319702148437500e+01
2.505992889404296875e+01
3.081057071685791016e+00
1.421120262145996094e+01
3.659563827514648438e+01
3.562214660644531250e+01
5.072571277618408203e+00
7.808992767333984375e+01
8.063031196594238281e+00
5.415553092956542969e+00
5.203051757812500000e+01
4.500107288360595703e+00
1.280235576629638672e+01
9.178340911865234375e+01
6.512248992919921875e+01
9.622842407226562500e+01
2.552212829589843750e+02
2.218607664108276367e+00
2.074748754501342773e+00
9.416118264198303223e-01
1.055802464485168457e+00
8.311348915100097656e+00
1.409986257553100586e+00
7.706840038299560547e-01
2.406121253967285156e+00
6.852998733520507812e-01
2.722102050781250000e+02
1.766089630126953125e+01
1.058993301391601562e+02
2.889725685119628906e+01
2.241984605789184570e+00
2.347117805480957031e+01
9.445227622985839844e+00
5.265010833740234375e+00
1.081118464469909668e+00
1.963902435302734375e+02
5.594975662231445312e+01
6.251062870025634766e+00
1.676615715026855469e+01
5.414480590820312500e+01
1.882293853759765625e+02
6.264871597290039062e+00
1.144055604934692383e+00
2.130344772338867188e+01
1.114599704742431641e+00
7.219789028167724609e+00
1.555205249786376953e+01
3.909964370727539062e+01
1.395435452461242676e+00
3.028532028198242188e+00
1.144574813842773438e+02
4.820924377441406250e+01
3.131178474426269531e+01
1.500837135314941406e+01
8.681532859802246094e+00
2.358852177858352661e-01
1.672805994749069214e-01
1.565777683258056641e+01
7.896454811096191406e+00
1.482003688812255859e+00
1.367591285705566406e+01
1.130787582397460938e+02
1.552469787597656250e+02
1.568362045288085938e+01
5.169193744659423828e+00
2.559036731719970703e+00
6.198335170745849609e+00
8.939709663391113281e+00
3.850267791748046875e+01
2.622105836868286133e+00
2.145203018188476562e+01
1.138719201087951660e+00
4.434965610504150391e+00
2.357556968927383423e-01
4.662723064422607422e+00
5.304708862304687500e+01
4.204017089843750000e+03
5.286394119262695312e+00
1.344759654998779297e+01
2.127860069274902344e+00
2.603035449981689453e+00
4.308398818969726562e+01
5.650296783447265625e+01
7.177253365516662598e-01
1.272966861724853516e+00
4.275914192199707031e+00
5.457199096679687500e+01
4.267916870117187500e+01
2.700698375701904297e+00
5.972449111938476562e+01
2.668862304687500000e+02
2.070691108703613281e+00
4.397816658020019531e+00
2.923159599304199219e+00
1.812587547302246094e+01
4.908164024353027344e+00
6.735666751861572266e+00
6.314854125976562500e+02
6.248134136199951172e+00
2.723101425170898438e+01
5.575587158203125000e+02
7.100211334228515625e+01
2.926067590713500977e+00
5.483717346191406250e+01
