2.605476416647434235e-02
1.014222875237464905e-01
5.998285952955484390e-03
1.424228074029088020e-03
3.319584205746650696e-02
5.660482883453369141e+00
1.496425736695528030e-02
3.780330531299114227e-03
5.272552371025085449e-03
4.859646856784820557e-01
5.461186636239290237e-03
1.242981012910604477e-02
5.067290365695953369e-02
1.652978174388408661e-02
1.552163856104016304e-03
1.246312912553548813e-02
3.400481073185801506e-03
3.844297491014003754e-03
2.199855260550975800e-02
6.350811454467475414e-04
1.194488555192947388e-01
2.539766393601894379e-02
2.348149120807647705e-01
4.620489105582237244e-02
8.159518837928771973e-01
1.596502587199211121e-02
4.095607995986938477e-02
2.364728227257728577e-02
7.023259997367858887e-02
7.960856556892395020e-01
5.206436035223305225e-04
1.482076186221092939e-04
5.617652554064989090e-03
2.287987619638442993e-02
6.843455880880355835e-02
6.211563013494014740e-03
6.689867936074733734e-03
5.594702670350670815e-04
9.011928923428058624e-03
5.157285369932651520e-03
2.144375890493392944e-01
6.428413093090057373e-02
1.544875209219753742e-03
1.471918869018554688e+01
1.317901611328125000e-01
7.556817680597305298e-02
4.685660824179649353e-03
3.012778460979461670e-01
3.875596215948462486e-03
1.170277968049049377e-02
1.620747894048690796e-01
2.651105448603630066e-02
1.069800779223442078e-01
3.513463214039802551e-02
4.459363117348402739e-04
1.933304360136389732e-03
4.637837875634431839e-03
1.269667036831378937e-02
2.245711348950862885e-02
5.680159091949462891e+00
1.700410805642604828e-02
1.302635574340820312e+01
1.174041256308555603e-02
3.214025637134909630e-03
1.152321025729179382e-01
1.734851486980915070e-02
1.330065876245498657e-01
8.402789942920207977e-03
5.194523930549621582e-01
3.983930647373199463e-01
1.728655770421028137e-04
1.448835849761962891e+00
8.713744464330375195e-04
2.413681149482727051e-02
6.923658400774002075e-02
4.180150106549263000e-02
7.913197390735149384e-03
3.947256505489349365e-02
3.629110381007194519e-02
1.556049194186925888e-02
6.896430999040603638e-02
1.915892586112022400e-02
1.318863686174154282e-02
3.246516571380198002e-04
3.276315052062273026e-03
1.250212662853300571e-03
3.393513907212764025e-05
3.983179107308387756e-02
5.540705919265747070e-01
9.398417314514517784e-04
6.596274673938751221e-03
7.178888656198978424e-03
1.402081921696662903e-03
1.055954620242118835e-01
5.056904628872871399e-04
6.198976039886474609e-01
5.164899230003356934e-01
4.508349299430847168e-02
1.665519317612051964e-03
6.864605844020843506e-02
1.502584695816040039e+00
4.480256140232086182e-02
1.107544638216495514e-03
1.625633239746093750e-02
1.340041030198335648e-02
4.974609613418579102e-01
9.460537135601043701e-02
1.424506586045026779e-02
3.423101082444190979e-02
7.128176838159561157e-02
1.437196731567382812e-01
3.821943700313568115e-01
4.187325760722160339e-02
6.313958764076232910e-02
1.404180191457271576e-02
3.461533784866333008e-02
7.598081976175308228e-02
5.708490964025259018e-03
2.990328008309006691e-03
6.603972613811492920e-02
7.942713564261794090e-04
6.693574905395507812e+00
4.376275241374969482e-01
2.973168492317199707e-01
1.420627813786268234e-04
2.274896204471588135e-01
1.116478350013494492e-02
7.530179573222994804e-04
5.854225531220436096e-02
5.435498058795928955e-02
1.463265776634216309e+00
5.333355814218521118e-02
3.210471943020820618e-03
1.311418018303811550e-03
3.005181439220905304e-02
2.378270961344242096e-02
5.402313917875289917e-02
2.053408384323120117e+00
1.377281248569488525e-01
4.387681186199188232e-01
1.774357818067073822e-02
1.001828350126743317e-02
5.332021713256835938e-01
4.840092658996582031e-01
2.397583770751953125e+01
2.795997448265552521e-02
2.469664365053176880e-01
6.145458202809095383e-03
5.770349875092506409e-02
7.372404914349317551e-03
1.709944382309913635e-02
6.044587865471839905e-02
8.517563343048095703e-02
1.510615926235914230e-02
6.071384251117706299e-02
1.082799397408962250e-02
1.444383896887302399e-02
3.182157874107360840e-02
2.336290664970874786e-03
4.018733277916908264e-03
3.598954528570175171e-02
3.761202970054000616e-04
1.438958346843719482e-01
3.812985718250274658e-01
2.482786029577255249e-01
1.062245890498161316e-01
1.276462078094482422e-01
1.887621879577636719e-01
8.106188178062438965e-01
2.375564799876883626e-04
2.232653088867664337e-02
1.262965798377990723e-01
9.240305371349677444e-05
1.307974476367235184e-02
3.766940534114837646e-02
1.432307600975036621e+00
1.971984468400478363e-02
8.600210770964622498e-03
1.172031462192535400e-02
9.104160964488983154e-02
4.606455191969871521e-02
3.354835137724876404e-02
1.414769291877746582e-01
3.143747150897979736e-02
1.841402173042297363e+00
9.813556447625160217e-03
7.095525972545146942e-03
5.687967315316200256e-02
2.711388170719146729e-01
2.509967237710952759e-02
1.268749237060546875e-01
1.924176327884197235e-02
2.683478232938796282e-04
7.435888051986694336e-02
3.583428263664245605e-01
1.391344051808118820e-02
2.072283923625946045e-01
5.804637446999549866e-02
3.683710936456918716e-03
2.247657999396324158e-02
2.916416851803660393e-03
2.752775512635707855e-02
1.157128158956766129e-02
1.978506892919540405e-02
9.275662712752819061e-03
2.009739400818943977e-03
1.799548566341400146e-01
1.066047859191894531e+01
7.915284484624862671e-03
2.908238908275961876e-03
6.814648397266864777e-03
4.259528964757919312e-02
1.454193552490323782e-04
6.464836597442626953e-01
1.807051710784435272e-02
2.555035352706909180e+00
5.782886967062950134e-02
1.765253022313117981e-02
5.509727634489536285e-04
7.138592600822448730e-01
2.764990627765655518e-01
1.302457135170698166e-02
1.484443433582782745e-03
2.065952494740486145e-02
1.102955866372212768e-04
2.927605435252189636e-02
8.431374444626271725e-04
2.944550514221191406e+00
2.872104942798614502e-01
7.283717393875122070e-03
2.989373542368412018e-02
1.397596392780542374e-02
2.437044121325016022e-02
2.337951213121414185e-03
2.505722045898437500e-01
1.950972154736518860e-02
1.739040464162826538e-01
4.432553891092538834e-03
1.049775481224060059e-01
3.519600140862166882e-04
3.554622828960418701e-02
5.723001435399055481e-02
1.701188385486602783e-01
3.793604904785752296e-03
9.157500229775905609e-03
9.518512524664402008e-03
3.558190166950225830e-02
1.073238328099250793e-01
2.956860512495040894e-02
9.329824894666671753e-02
3.169784322381019592e-02
1.294668316841125488e+00
4.898936822428368032e-05
5.512190237641334534e-02
1.513089425861835480e-02
2.894642651081085205e-01
2.515311717987060547e+00
1.949072442948818207e-02
1.913144253194332123e-02
2.238594740629196167e-01
3.543786471709609032e-03
5.929740727879106998e-04
9.021199941635131836e-01
2.571160532534122467e-02
3.967749420553445816e-03
2.198036387562751770e-02
1.163129694759845734e-02
1.719258189201354980e+00
8.481597527861595154e-03
7.684797979891300201e-03
1.383576989173889160e+00
3.816011920571327209e-02
6.359335780143737793e-01
3.248207736760377884e-03
1.611455692909657955e-03
1.564263738691806793e-02
5.769664421677589417e-03
1.022545807063579559e-02
2.408282756805419922e-01
1.283618330955505371e+00
1.293846219778060913e-01
9.003519080579280853e-03
5.201661959290504456e-03
1.211401727050542831e-02
1.822567573981359601e-04
3.095978405326604843e-03
3.118843793869018555e+00
9.628699421882629395e-01
4.432441783137619495e-04
5.755056440830230713e-02
1.078780647367238998e-02
1.058513531461358070e-03
6.379109621047973633e-02
2.652389556169509888e-02
8.953846408985555172e-04
2.039509639143943787e-02
1.679581403732299805e-02
4.261862486600875854e-02
1.903011679649353027e+00
3.836580738425254822e-02
4.790621101856231689e-01
7.219444513320922852e-01
8.151451498270034790e-02
7.439445257186889648e-01
1.927303791046142578e+00
6.312092300504446030e-03
3.689310699701309204e-02
3.227249905467033386e-02
5.428595002740621567e-03
1.202335655689239502e-01
5.731252431869506836e-01
2.906092442572116852e-02
8.151462301611900330e-03
1.406046599149703979e-01
2.624514978379011154e-03
3.456836193799972534e-02
9.384893346577882767e-04
4.674905836582183838e-01
2.112712012603878975e-03
4.897246137261390686e-03
3.320209681987762451e-01
1.507468521595001221e-03
7.700112182646989822e-03
2.254934795200824738e-02
4.963924176990985870e-03
2.554996013641357422e-01
5.724431481212377548e-03
4.278539679944515228e-03
5.369480699300765991e-03
2.548136282712221146e-03
4.429344553500413895e-03
2.427094876766204834e-01
4.345042631030082703e-03
1.117929443717002869e-02
5.660219583660364151e-03
1.574979349970817566e-02
2.385046798735857010e-03
4.293336067348718643e-03
2.512738108634948730e-02
2.146458327770233154e-01
9.957100264728069305e-04
8.038650848902761936e-04
4.385835491120815277e-03
1.357089757919311523e+00
1.199341495521366596e-03
1.131343469023704529e-02
1.268066167831420898e-01
1.735694706439971924e-02
3.936595097184181213e-02
2.862216532230377197e-02
6.751013547182083130e-02
2.260125577449798584e-01
8.008746954146772623e-05
1.719472184777259827e-02
4.045604728162288666e-03
1.195893855765461922e-03
1.710414886474609375e-02
2.100047469139099121e-02
3.712046146392822266e-02
3.538231551647186279e-02
1.469349674880504608e-02
1.005577738396823406e-03
1.444001030176877975e-02
5.085955373942852020e-03
8.206439018249511719e-02
2.146990038454532623e-02
5.343247577548027039e-02
1.981277717277407646e-03
7.646407186985015869e-02
3.284901322331279516e-04
2.959548830986022949e-01
1.521879732608795166e-01
2.429065667092800140e-02
1.367849763482809067e-02
6.948937773704528809e-01
1.262051868252456188e-03
9.799831546843051910e-03
4.443638958036899567e-03
1.734556257724761963e-02
2.000159211456775665e-02
4.827737435698509216e-02
9.704563417471945286e-04
3.198336124420166016e+00
9.829798340797424316e-02
1.822599954903125763e-02
3.437004566192626953e+00
7.209253311157226562e+00
9.800196625292301178e-03
5.404855473898351192e-04
6.625019013881683350e-04
2.634411491453647614e-02
3.221344202756881714e-03
2.274066954851150513e-02
6.920128822326660156e+00
2.125853061443194747e-04
3.950049161911010742e+00
9.475462138652801514e-02
2.229964546859264374e-02
3.436732804402709007e-04
2.625575289130210876e-03
5.759174823760986328e+00
1.108434600830078125e+02
9.868107604980468750e+01
6.772190928459167480e-01
3.034952163696289062e+01
2.712398767471313477e+00
4.691382446289062500e+02
9.867752075195312500e+00
7.356042480468750000e+01
6.190487861633300781e+00
1.951030883789062500e+02
1.258099651336669922e+01
8.415277099609375000e+01
8.457339406013488770e-01
2.749974060058593750e+01
1.199016876220703125e+02
1.543410949707031250e+02
2.024318695068359375e+02
1.336925964355468750e+02
8.548993110656738281e+00
7.612828826904296875e+01
4.508679389953613281e+00
8.029884338378906250e+00
5.061445617675781250e+01
2.643365144729614258e+00
5.195396542549133301e-01
2.278458862304687500e+02
3.250267333984375000e+02
1.283409790039062500e+03
2.734904174804687500e+02
1.066792297363281250e+01
6.048885822296142578e+00
1.263326644897460938e+01
2.356732330322265625e+02
1.671325111389160156e+01
1.312430381774902344e+01
1.031674623489379883e+00
6.457453221082687378e-02
6.121512889862060547e+00
9.908544158935546875e+01
1.053645629882812500e+03
1.222511959075927734e+01
8.080426454544067383e-01
4.187119750976562500e+02
2.728472709655761719e+01
7.762374877929687500e+01
9.328442382812500000e+01
1.904412269592285156e+01
7.018014788627624512e-01
1.011788269042968750e+03
2.893016662597656250e+02
3.338129043579101562e+01
1.139550971984863281e+01
1.894175148010253906e+01
5.107829093933105469e+00
9.828294754028320312e+00
4.659036159515380859e+00
4.450807571411132812e-01
1.643792724609375000e+01
1.552833374023437500e+03
9.577852172851562500e+02
4.875996093750000000e+02
1.395930862426757812e+01
5.835157394409179688e+01
2.966555833816528320e+00
7.892859649658203125e+01
4.417408752441406250e+01
3.250468750000000000e+03
1.588719482421875000e+02
5.389982986450195312e+01
9.075459092855453491e-02
3.425946044921875000e+02
2.241585254669189453e+00
1.843799438476562500e+02
6.212610721588134766e+00
1.140808773040771484e+01
1.935519695281982422e+00
8.893976211547851562e+00
2.825815429687500000e+02
3.155461883544921875e+01
4.015930557250976562e+01
7.341740608215332031e+00
8.940798759460449219e+00
4.501258850097656250e+01
6.402784347534179688e+00
1.957696342468261719e+01
1.386478394269943237e-01
1.569516372680664062e+01
1.841817855834960938e+01
2.030391693115234375e+00
1.971521568298339844e+01
3.279009246826171875e+01
3.481284332275390625e+01
1.700075721740722656e+01
6.338345336914062500e+01
6.749051513671875000e+02
2.809328317642211914e+00
3.016952209472656250e+02
4.122378230094909668e-01
6.899338989257812500e+02
2.490871429443359375e+00
1.533183860778808594e+01
4.810520648956298828e+00
9.501313781738281250e+01
5.439009094238281250e+01
1.543046569824218750e+02
2.397719383239746094e+00
4.394748046875000000e+03
4.381718139648437500e+02
7.019699215888977051e-01
9.052869081497192383e-01
1.555266845703125000e+03
1.437727050781250000e+02
1.906909465789794922e+00
2.674060249328613281e+01
9.530985260009765625e+01
1.487288360595703125e+02
1.400091266632080078e+01
1.029068679809570312e+02
1.001035308837890625e+01
3.188280029296875000e+02
3.642043457031250000e+03
5.613053588867187500e+02
1.452124176025390625e+02
6.167379856109619141e+00
7.255723266601562500e+02
3.408264541625976562e+01
3.253576993942260742e+00
5.020836181640625000e+02
8.859733581542968750e+01
6.038287963867187500e+02
4.368253707885742188e+01
5.345531702041625977e-01
4.860685348510742188e+01
1.649225950241088867e+00
2.813314437866210938e+00
6.572223305702209473e-01
5.304840698242187500e+02
6.220551147460937500e+02
2.872835083007812500e+02
4.590900802612304688e+01
3.022549152374267578e+00
4.703119201660156250e+02
1.880825996398925781e+01
1.004887634277343750e+03
4.494099044799804688e+01
5.343925781250000000e+02
1.254621744155883789e+00
1.393450317382812500e+02
1.745258178710937500e+03
6.128925681114196777e-01
5.377604370117187500e+02
3.095152854919433594e+01
4.610854685306549072e-01
1.196516952514648438e+02
5.894815063476562500e+01
2.193852901458740234e+00
6.947541832923889160e-01
6.399443149566650391e+00
3.116894006729125977e+00
9.834990234375000000e+02
1.571707763671875000e+02
1.161020355224609375e+02
5.545500946044921875e+01
2.117790679931640625e+02
1.286400299072265625e+02
1.222061462402343750e+02
4.774199218750000000e+02
2.076726074218750000e+03
1.792897033691406250e+01
1.329327583312988281e+01
2.174639160156250000e+03
3.840054273605346680e+00
4.699676513671875000e+00
4.318583374023437500e+02
1.542619132995605469e+01
1.017385196685791016e+01
4.702268981933593750e+01
4.006827831268310547e+00
2.015379714965820312e+01
2.222684860229492188e+01
2.876902198791503906e+01
3.051468811035156250e+02
6.330144405364990234e+00
2.348200390625000000e+04
3.877979516983032227e+00
9.290789365768432617e-01
3.142606925964355469e+01
1.200364135742187500e+03
5.157921600341796875e+01
8.714236259460449219e+00
2.981627502441406250e+02
9.692720413208007812e+00
5.785395812988281250e+01
2.023866882324218750e+02
2.224991798400878906e+00
8.141546630859375000e+01
1.443833708763122559e+00
1.328082656860351562e+01
4.235743522644042969e+00
2.803849983215332031e+01
1.533854770660400391e+01
6.235949516296386719e+00
3.261051940917968750e+01
4.725803756713867188e+01
1.209231495857238770e+00
1.202648315429687500e+02
4.542241516113281250e+02
9.263044357299804688e+00
5.367928695678710938e+01
1.158198070526123047e+01
7.464799880981445312e+00
1.236309170722961426e+00
4.823092773437500000e+03
1.296591281890869141e+01
5.963027343750000000e+02
2.436431884765625000e+00
2.198114776611328125e+02
1.320273995399475098e+00
3.003060302734375000e+02
3.097687500000000000e+03
2.028375416994094849e-01
2.353730916976928711e+00
1.178006591796875000e+03
3.436089277267456055e+00
9.317799682617187500e+02
3.581976652145385742e+00
3.023185539245605469e+01
1.172801113128662109e+01
1.346860122680664062e+01
6.657123565673828125e-02
1.913122558593750000e+01
3.872314929962158203e+00
6.758803100585937500e+02
7.515842437744140625e+01
1.116129779815673828e+01
6.943845272064208984e+00
3.027875709533691406e+01
2.023347282409667969e+01
1.491996407508850098e+00
7.126430664062500000e+02
1.447462615966796875e+02
1.361812686920166016e+01
2.913927650451660156e+01
1.608064727783203125e+02
1.333423614501953125e+02
1.684075775146484375e+02
9.302350878715515137e-01
8.867988281250000000e+03
1.298486042022705078e+01
7.477582550048828125e+01
1.808471298217773438e+01
6.285651922225952148e-01
1.310208862304687500e+03
1.176706390380859375e+02
8.033134341239929199e-01
8.143950195312500000e+02
6.122737884521484375e+01
1.073885250091552734e+01
5.317280273437500000e+03
6.540827941894531250e+01
6.824166870117187500e+01
5.637018966674804688e+01
7.016922607421875000e+02
2.230527343750000000e+02
3.351290283203125000e+02
3.743877410888671875e+01
2.488999023437500000e+03
6.462680697441101074e-01
2.309273910522460938e+01
3.886852722167968750e+02
9.743530273437500000e+00
5.212311401367187500e+02
1.304930925369262695e+00
1.653393507003784180e+00
6.410094451904296875e+01
4.201738834381103516e+00
1.475113391876220703e+01
1.672476043701171875e+02
8.180468082427978516e-01
1.827419471740722656e+01
8.788137435913085938e+00
5.531959533691406250e+00
4.070943832397460938e+01
1.189374089241027832e+00
7.925016283988952637e-01
2.158524627685546875e+02
7.826188964843750000e+02
5.309982776641845703e+00
1.457922210693359375e+02
1.529965686798095703e+01
1.073597717285156250e+01
1.874374511718750000e+03
4.434768676757812500e+00
3.843519287109375000e+02
4.637900161743164062e+01
2.378965759277343750e+01
1.065455810546875000e+03
3.576612854003906250e+01
1.708655090332031250e+02
7.182752075195312500e+02
1.742482452392578125e+02
6.890807342529296875e+01
2.472395935058593750e+02
4.661428451538085938e+01
2.247900962829589844e+00
3.667372512817382812e+01
2.031841278076171875e+01
6.552626132965087891e+00
1.141801269531250000e+03
4.566103210449218750e+02
8.600794677734375000e+02
2.204763793945312500e+02
1.075921821594238281e+01
2.797745227813720703e+00
6.440995335578918457e-01
4.380650329589843750e+01
1.365127849578857422e+01
9.329476356506347656e+00
1.308756709098815918e+00
2.064880561828613281e+01
6.256143450736999512e-01
9.963323211669921875e+01
3.077709388732910156e+01
7.864237213134765625e+01
1.184350204467773438e+02
2.438455581665039062e+01
5.862707138061523438e+01
1.497585201263427734e+01
8.425563812255859375e+00
2.271595746278762817e-01
9.568512695312500000e+03
3.375433349609375000e+03
2.879188537597656250e+02
1.821792907714843750e+02
1.216404724121093750e+02
7.959420166015625000e+02
2.277047348022460938e+01
3.800396728515625000e+01
1.655758476257324219e+01
2.603801727294921875e+00
7.322732543945312500e+01
1.434353271484375000e+03
7.327168273925781250e+01
7.339898586273193359e+00
1.037845420837402344e+01
1.802057800292968750e+02
4.246550292968750000e+02
1.122278289794921875e+02
1.012518692016601562e+01
1.369752216339111328e+01
1.193456351757049561e-01
1.569664925336837769e-01
4.442623519897460938e+01
4.537052917480468750e+01
5.248952865600585938e+00
2.191377258300781250e+01
2.148807678222656250e+02
5.513668060302734375e+01
1.275707931518554688e+02
9.656621932983398438e+00
1.874153017997741699e+00
1.223901653289794922e+01
3.885898208618164062e+01
1.034919677734375000e+03
2.224047899246215820e+00
1.067957839965820312e+02
1.587024807929992676e+00
3.338651895523071289e+00
2.824670374393463135e-01
1.142187786102294922e+01
4.666955566406250000e+03
1.745100976562500000e+04
6.521364688873291016e+00
1.011625137329101562e+02
7.197659301757812500e+01
4.194856643676757812e+00
1.251379547119140625e+02
5.409311523437500000e+02
8.385265350341796875e+00
5.669280052185058594e+00
2.976690769195556641e+00
6.349192810058593750e+01
2.633322906494140625e+01
2.470799446105957031e+01
2.570877685546875000e+02
4.776271362304687500e+02
5.074979782104492188e+00
5.003131389617919922e+00
6.085105419158935547e+00
1.858295135498046875e+02
1.047035980224609375e+01
3.414109039306640625e+01
2.186986694335937500e+02
1.593131160736083984e+01
7.854276123046875000e+02
1.026164428710937500e+03
1.834128417968750000e+02
1.283164978027343750e+00
2.004532241821289062e+01
