1.245055720210075378e-01
2.304334640502929688e-01
3.317299112677574158e-02
3.469981020316481590e-03
3.638219833374023438e-02
1.183675765991210938e+00
2.435953170061111450e-02
9.766924194991588593e-03
3.645263984799385071e-02
2.576401233673095703e-01
1.082867309451103210e-01
6.346660107374191284e-02
1.063582450151443481e-01
1.884192973375320435e-02
7.160161156207323074e-03
5.376528948545455933e-02
2.673225477337837219e-03
2.563463896512985229e-02
3.163880854845046997e-02
5.793721415102481842e-03
1.475918851792812347e-02
2.202350459992885590e-02
1.402279883623123169e-01
2.176934666931629181e-02
3.833837270736694336e+00
9.289379231631755829e-03
4.866781830787658691e-02
2.016649246215820312e-01
2.100002616643905640e-01
1.376467704772949219e+00
2.528681652620434761e-03
1.143938978202641010e-03
4.060013964772224426e-02
1.269626170396804810e-01
1.826385222375392914e-02
1.258206069469451904e-01
1.266534160822629929e-02
1.018264447338879108e-03
3.920298069715499878e-02
1.998397894203662872e-02
3.880954086780548096e-01
1.474698632955551147e-01
2.255254052579402924e-02
3.824679374694824219e+00
2.558701038360595703e-01
1.193426251411437988e-01
1.964056678116321564e-02
1.045613408088684082e+00
1.855618087574839592e-03
2.030120491981506348e-01
1.684890389442443848e-01
8.773881942033767700e-02
2.236144244670867920e-01
5.275708809494972229e-02
3.443927969783544540e-03
3.745421301573514938e-03
5.964425392448902130e-03
7.504476606845855713e-02
2.315625548362731934e-02
1.655139923095703125e+01
1.300233136862516403e-02
6.137955665588378906e+00
1.540551241487264633e-02
2.153295464813709259e-02
1.291698515415191650e-01
1.830407977104187012e-01
4.943712055683135986e-01
5.526820942759513855e-02
1.604765653610229492e+00
7.797462940216064453e-01
2.368533896515145898e-04
6.860273480415344238e-01
5.163880065083503723e-03
5.058600902557373047e-01
1.163590997457504272e-01
2.539821527898311615e-02
1.172332186251878738e-02
4.437996819615364075e-02
2.487261593341827393e-02
1.729067973792552948e-02
4.515999555587768555e-01
2.440229058265686035e-02
1.001514568924903870e-01
1.242396770976483822e-03
3.546066582202911377e-03
5.384844262152910233e-03
1.620898401597514749e-04
2.246851660311222076e-02
8.673086762428283691e-01
1.281725242733955383e-03
1.488301996141672134e-02
5.480144917964935303e-02
9.969918057322502136e-03
4.410153627395629883e-02
1.739488728344440460e-02
7.940394878387451172e-01
1.512537896633148193e-01
4.952432215213775635e-01
5.672640632838010788e-03
1.183764860033988953e-01
1.837465763092041016e+00
6.680832058191299438e-02
3.955021500587463379e-03
2.794730477035045624e-02
3.261175006628036499e-02
2.069113701581954956e-01
6.117460876703262329e-02
5.282955244183540344e-02
4.225446581840515137e-01
1.118200346827507019e-01
2.134808152914047241e-02
1.880302876234054565e-01
8.722797036170959473e-02
4.030628502368927002e-01
3.195494785904884338e-02
7.865317910909652710e-02
5.811439454555511475e-02
2.428608760237693787e-02
7.378218229860067368e-03
2.942606620490550995e-02
2.433066489174962044e-03
5.919094467163085938e+01
4.689503908157348633e-01
1.034115791320800781e+00
6.650986615568399429e-04
7.524716854095458984e-02
1.439618133008480072e-02
6.553311250172555447e-04
1.645909249782562256e-01
4.705690592527389526e-02
7.212168574333190918e-01
7.683286815881729126e-02
7.272019051015377045e-03
2.366104861721396446e-03
4.257538169622421265e-02
8.956891484558582306e-03
2.542592212557792664e-02
1.391341209411621094e+00
1.439184695482254028e-01
1.340890884399414062e+00
3.212851285934448242e-02
1.337057724595069885e-02
1.998299002647399902e+00
8.120692968368530273e-01
7.010301113128662109e+00
1.228696182370185852e-01
3.411381244659423828e-01
5.751967430114746094e-02
1.772384196519851685e-01
3.630087524652481079e-02
2.175914496183395386e-02
4.589153528213500977e-01
1.598016321659088135e-01
7.864581048488616943e-02
1.887019425630569458e-01
6.227143108844757080e-02
2.552818693220615387e-02
4.103567078709602356e-02
1.706012990325689316e-03
3.879910102114081383e-03
1.550222337245941162e-01
1.030751038342714310e-02
8.058351278305053711e-02
1.704273372888565063e-01
9.245520830154418945e-01
2.468978464603424072e-01
3.700042665004730225e-01
2.111963927745819092e-01
2.708303689956665039e+00
3.189512761309742928e-03
1.409561932086944580e-01
2.126093804836273193e-01
1.953218132257461548e-03
2.108171395957469940e-02
5.365805327892303467e-02
1.351672053337097168e+00
3.627355396747589111e-02
4.439346119761466980e-02
2.772889100015163422e-02
7.689799070358276367e-01
1.048195660114288330e-01
6.361243873834609985e-02
2.013436406850814819e-01
5.810620635747909546e-02
1.300556182861328125e+00
7.267777621746063232e-02
2.174954488873481750e-02
3.518544882535934448e-02
3.575785756111145020e-01
3.956038504838943481e-02
7.806167006492614746e-01
4.922594502568244934e-02
5.536078824661672115e-04
6.676741689443588257e-02
1.566839665174484253e-01
6.652295589447021484e-02
1.717127710580825806e-01
3.518043085932731628e-02
5.383129231631755829e-03
2.478308230638504028e-01
4.685499705374240875e-03
6.158315762877464294e-02
5.695667117834091187e-02
5.611892417073249817e-02
2.914252690970897675e-02
9.706415235996246338e-03
8.437775820493698120e-02
1.640088653564453125e+01
4.795588552951812744e-03
3.073963103815913200e-03
1.115858834236860275e-02
4.785014316439628601e-02
6.659825448878109455e-04
1.058461070060729980e+00
5.663394927978515625e-02
1.350921273231506348e+00
6.442448496818542480e-01
1.807938702404499054e-02
1.017090631648898125e-03
8.311713337898254395e-01
1.066890835762023926e+00
4.955289885401725769e-03
1.345956325531005859e-02
2.249450236558914185e-02
2.043317508650943637e-04
1.967096030712127686e-01
2.912920201197266579e-03
2.151723861694335938e+00
1.025917455554008484e-01
1.443058717995882034e-02
2.555842325091362000e-02
2.792079746723175049e-02
1.645814068615436554e-02
1.521905697882175446e-02
3.665290027856826782e-02
1.944745630025863647e-01
6.923183053731918335e-02
4.306179005652666092e-03
2.819053828716278076e-01
1.804392901249229908e-03
2.643368244171142578e-01
2.966526709496974945e-02
1.529995352029800415e-01
4.862194880843162537e-03
1.043975912034511566e-02
2.451186068356037140e-02
7.767456024885177612e-02
3.956161811947822571e-02
6.531749665737152100e-02
8.119933307170867920e-02
7.189059257507324219e-02
9.522009491920471191e-01
4.529030702542513609e-04
2.951547205448150635e-01
8.918337523937225342e-02
1.638572812080383301e-01
2.170503616333007812e+00
9.486292302608489990e-02
2.031954005360603333e-02
4.934467375278472900e-02
1.215078216046094894e-02
4.704064689576625824e-03
6.246660947799682617e-01
8.357267081737518311e-02
1.391440909355878830e-02
2.779640257358551025e-01
3.994247410446405411e-03
1.703614830970764160e+00
1.213370123878121376e-03
1.905651949346065521e-02
5.658199310302734375e+00
1.753094047307968140e-01
1.729561835527420044e-01
4.237005021423101425e-03
1.990004675462841988e-03
2.735353820025920868e-02
2.805969119071960449e-02
1.671888120472431183e-02
2.458652257919311523e-01
6.562969088554382324e-01
4.459472894668579102e-01
7.339897751808166504e-02
2.726572379469871521e-02
1.395361032336950302e-02
5.958654801361262798e-04
1.976162381470203400e-02
4.997882843017578125e+00
2.020606994628906250e+00
5.735371261835098267e-03
7.621958851814270020e-02
2.307914197444915771e-02
8.329312317073345184e-03
2.611405551433563232e-01
2.490560337901115417e-02
2.802737522870302200e-03
1.523559726774692535e-02
3.477668017148971558e-02
6.939569860696792603e-02
1.429854512214660645e+00
1.768721789121627808e-01
3.119727849960327148e+00
2.326431721448898315e-01
2.093406021595001221e-01
1.772265434265136719e+00
6.711730360984802246e-01
2.245748974382877350e-02
1.150208339095115662e-02
1.996286213397979736e-01
7.478528469800949097e-02
2.069538533687591553e-01
1.287818312644958496e+00
1.444417238235473633e-01
7.443638145923614502e-02
2.415626794099807739e-01
1.284849736839532852e-02
5.614162236452102661e-02
2.471243962645530701e-03
1.201711177825927734e+00
1.955175772309303284e-03
1.034423615783452988e-02
1.663422733545303345e-01
1.531442045234143734e-03
6.042390316724777222e-02
3.608192801475524902e-01
3.469201922416687012e-02
2.891606569290161133e+00
6.975600961595773697e-03
7.580552250146865845e-03
2.608781494200229645e-02
7.780765648931264877e-03
2.022516913712024689e-03
1.980251073837280273e+00
2.510899677872657776e-02
3.915435448288917542e-02
1.596091501414775848e-02
2.131907455623149872e-02
2.947648242115974426e-02
1.540075987577438354e-02
8.104553073644638062e-02
3.389761745929718018e-01
3.984777629375457764e-02
1.042190706357359886e-03
8.259080350399017334e-03
1.259819626808166504e+00
1.520099001936614513e-03
1.531488914042711258e-02
4.269658327102661133e-01
5.517989397048950195e-01
5.181837081909179688e-02
1.489255428314208984e-01
1.666840910911560059e-01
7.332256436347961426e-02
3.865745675284415483e-04
1.869985647499561310e-02
3.945039212703704834e-02
4.432712215930223465e-03
2.486805617809295654e-02
7.098232209682464600e-02
1.055880635976791382e-01
2.034549266099929810e-01
3.558512404561042786e-02
6.063868757337331772e-03
6.629592180252075195e-02
3.376229852437973022e-02
4.648081064224243164e-01
3.317116573452949524e-02
1.025561839342117310e-01
3.803710220381617546e-03
3.777601718902587891e-01
1.085778465494513512e-03
9.781167656183242798e-02
3.366369754076004028e-02
3.587797164916992188e+00
6.728912144899368286e-02
5.151754617691040039e-01
5.487245041877031326e-03
1.657758466899394989e-02
1.548379752784967422e-02
1.140954811125993729e-02
1.926447637379169464e-02
6.487216800451278687e-02
1.111152395606040955e-02
8.076438307762145996e-01
3.757164478302001953e-01
7.630204409360885620e-02
3.609643220901489258e+00
1.480144500732421875e+01
1.791914924979209900e-02
1.200212258845567703e-02
3.299529198557138443e-04
7.562588900327682495e-02
4.520563408732414246e-02
4.643455147743225098e-02
1.044290637969970703e+01
6.890950608067214489e-04
3.767096519470214844e+00
1.740702837705612183e-01
1.916427537798881531e-02
8.858245797455310822e-03
1.102954894304275513e-02
8.801099777221679688e+00
3.863356399536132812e+01
4.033763504028320312e+01
2.836140096187591553e-01
1.035122394561767578e+01
1.835842251777648926e+00
1.463955078125000000e+02
8.195570945739746094e+00
8.416040039062500000e+01
1.021898365020751953e+01
5.809160995483398438e+01
1.917103576660156250e+01
9.186798095703125000e+00
6.947239041328430176e-01
1.419706726074218750e+01
4.006948852539062500e+01
1.419856357574462891e+01
1.284121704101562500e+02
1.885891532897949219e+01
3.111231803894042969e+00
5.462113380432128906e+00
4.523098945617675781e+00
1.068829727172851562e+01
1.535928535461425781e+01
1.844528961181640625e+01
1.416999816894531250e+00
2.872515106201171875e+01
2.327307128906250000e+02
3.610342102050781250e+02
4.666080856323242188e+01
1.947010993957519531e+00
2.415112018585205078e+00
2.787950754165649414e+00
2.899714965820312500e+02
1.917020797729492188e+00
1.452644824981689453e+01
5.157031416893005371e-01
1.506484001874923706e-01
2.046567201614379883e+00
4.974759674072265625e+01
1.297528686523437500e+03
2.016246223449707031e+01
5.259324312210083008e-01
1.258171691894531250e+02
1.543353843688964844e+01
1.214548873901367188e+02
1.061933746337890625e+02
1.463201999664306641e+01
1.554618239402770996e+00
1.907496337890625000e+02
5.143207931518554688e+01
1.239282321929931641e+01
1.363865661621093750e+01
5.999147796630859375e+01
5.356691837310791016e+00
1.140006542205810547e+00
2.367661476135253906e+00
1.281027913093566895e+00
4.151469230651855469e+00
2.742162170410156250e+02
4.047475051879882812e+01
2.073746337890625000e+02
1.764980435371398926e+00
1.172139739990234375e+01
2.678484201431274414e+00
2.116087150573730469e+01
1.609334945678710938e+01
7.405617065429687500e+02
1.209659790039062500e+03
3.513002014160156250e+01
7.235395163297653198e-02
3.956420898437500000e+01
1.479261040687561035e+00
7.932707214355468750e+01
9.652856826782226562e+00
8.581198692321777344e+00
3.931805491447448730e-01
2.264497756958007812e+00
3.212028121948242188e+01
2.098898887634277344e+01
2.425024032592773438e+01
2.275879383087158203e+00
8.863219261169433594e+00
1.194986820220947266e+01
6.911840915679931641e+00
3.923972129821777344e+00
1.794580668210983276e-01
2.398416137695312500e+01
1.849791717529296875e+01
1.642536878585815430e+00
3.707315206527709961e+00
9.822509002685546875e+01
4.421956634521484375e+01
1.596119117736816406e+01
3.700016403198242188e+01
2.488031005859375000e+01
3.930231094360351562e+00
1.409638549804687500e+03
2.018793344497680664e+00
2.607853889465332031e+01
7.654960751533508301e-01
3.512444257736206055e+00
3.625631034374237061e-01
7.757538604736328125e+01
1.504818630218505859e+01
1.981454086303710938e+01
4.328931331634521484e+00
2.878108520507812500e+02
3.801571350097656250e+02
2.565771818161010742e+00
1.512465476989746094e-01
6.218819046020507812e+01
2.097378730773925781e+01
7.867827892303466797e+00
4.335634613037109375e+01
3.650266265869140625e+01
1.064393234252929688e+01
7.821237564086914062e+00
1.946040916442871094e+01
1.430362701416015625e+01
2.173404884338378906e+01
5.635686035156250000e+03
2.213925018310546875e+02
2.973373413085937500e+01
2.457897901535034180e+00
1.553919219970703125e+02
7.531438827514648438e+00
1.870069861412048340e+00
2.538105621337890625e+02
9.756819915771484375e+01
2.777887153625488281e+01
1.283405971527099609e+01
1.739507615566253662e-01
4.520979404449462891e+00
1.186781406402587891e+00
1.636009335517883301e+00
4.816632270812988281e+00
1.627498931884765625e+02
5.102528762817382812e+01
1.250318450927734375e+02
5.796833801269531250e+01
5.784370303153991699e-01
3.469427185058593750e+02
2.183523559570312500e+01
1.152634124755859375e+02
1.674352264404296875e+01
2.739732360839843750e+02
1.165669202804565430e+00
2.491111564636230469e+01
1.120911254882812500e+02
1.137847661972045898e+00
2.884707641601562500e+02
4.123617935180664062e+01
1.020724177360534668e+00
8.417865753173828125e+01
8.522544860839843750e+00
1.425565719604492188e+00
9.732851982116699219e-01
9.401155114173889160e-01
1.066913962364196777e+00
2.602843627929687500e+02
9.947932434082031250e+01
8.714734649658203125e+01
1.278772544860839844e+01
3.943357086181640625e+01
3.309521675109863281e+00
2.863425636291503906e+01
7.749792480468750000e+01
3.755010681152343750e+02
1.374705195426940918e+00
1.323594856262207031e+01
3.368927307128906250e+02
1.896625757217407227e+00
4.329010009765625000e+00
1.090657882690429688e+02
1.864284133911132812e+01
4.635142803192138672e+00
2.732942771911621094e+01
2.464152812957763672e+00
2.246490859985351562e+01
2.221986055374145508e+00
4.436878967285156250e+01
1.233467636108398438e+02
3.090468049049377441e-01
2.194470458984375000e+03
1.322014522552490234e+01
1.156681060791015625e+00
7.741508007049560547e+00
1.020022888183593750e+02
2.125671005249023438e+01
1.874835729598999023e+00
1.760577964782714844e+01
2.569594383239746094e+00
3.215861129760742188e+01
2.577451133728027344e+01
4.589780867099761963e-01
1.934581756591796875e+01
1.416782736778259277e+00
1.019005656242370605e+00
3.115990161895751953e+00
8.233991622924804688e+00
2.204501152038574219e+00
7.822197914123535156e+00
1.352261829376220703e+01
5.434884262084960938e+01
4.174859225749969482e-01
8.658491134643554688e+00
1.612257690429687500e+02
5.867336273193359375e+00
2.043914222717285156e+01
1.153688716888427734e+01
4.217715740203857422e+00
1.024505257606506348e+00
8.934468383789062500e+02
1.359587574005126953e+01
4.078572082519531250e+01
6.663900852203369141e+00
1.428836822509765625e+02
8.485366702079772949e-01
8.096019744873046875e+01
1.585463134765625000e+03
2.290323376655578613e-01
8.680961728096008301e-01
1.193739395141601562e+02
1.565048098564147949e+00
2.992099914550781250e+02
3.756227254867553711e+00
9.862434387207031250e+00
1.571135640144348145e+00
8.773765563964843750e+00
3.541252315044403076e-01
1.584778594970703125e+01
9.313201904296875000e-01
6.791302490234375000e+01
5.828695297241210938e+00
4.120270538330078125e+01
9.402796030044555664e-01
4.246822834014892578e+00
9.664324760437011719e+00
9.124207496643066406e-01
2.060121612548828125e+02
1.457569789886474609e+01
5.893959522247314453e+00
3.052912712097167969e+00
2.268386268615722656e+01
8.313719177246093750e+01
7.584938812255859375e+01
2.932553887367248535e-01
4.000581970214843750e+02
4.271944046020507812e+00
1.252919292449951172e+01
2.412976646423339844e+01
1.648401618003845215e+00
1.271825561523437500e+02
3.424200057983398438e+01
2.928570032119750977e+00
3.005705451965332031e+01
9.325157165527343750e+00
2.652036905288696289e+00
1.971114196777343750e+02
2.066270828247070312e+01
3.838433837890625000e+01
1.954379272460937500e+01
1.373711090087890625e+02
3.052887725830078125e+01
5.581527328491210938e+01
2.118952369689941406e+01
1.887286376953125000e+02
1.581981182098388672e-01
7.595364093780517578e+00
7.599840698242187500e+02
4.748187255859375000e+01
1.086600646972656250e+02
5.005875825881958008e-01
3.026812672615051270e-01
1.744219398498535156e+01
7.398797512054443359e+00
1.037806797027587891e+01
2.094746589660644531e+01
2.361631155014038086e+00
1.118485641479492188e+01
4.864892959594726562e+00
3.441642761230468750e+00
1.051713848114013672e+01
6.656564474105834961e-01
2.769558668136596680e+00
2.661208496093750000e+02
1.983147583007812500e+02
3.080467939376831055e+00
3.233986663818359375e+01
2.279955291748046875e+01
5.918430328369140625e+00
1.960006835937500000e+03
4.135683059692382812e+00
3.024566268920898438e+01
8.997275352478027344e+00
2.641146659851074219e+01
1.298654479980468750e+02
6.742253303527832031e+00
4.891893768310546875e+01
7.352051544189453125e+01
5.443301773071289062e+01
2.041431808471679688e+01
3.456229248046875000e+02
7.877291679382324219e+00
6.067644596099853516e+00
1.258262863159179688e+02
9.853937149047851562e+00
1.014786243438720703e+01
2.642201538085937500e+02
1.724551086425781250e+02
1.394593658447265625e+02
6.008051147460937500e+02
1.364217400550842285e+00
4.626057624816894531e+00
5.979596376419067383e-01
2.749251842498779297e+00
9.434948921203613281e+00
3.106816530227661133e+00
7.754633426666259766e-01
3.846062183380126953e+00
7.838532328605651855e-01
3.311077880859375000e+02
2.352262115478515625e+01
1.358726348876953125e+02
9.655918121337890625e+01
5.159434795379638672e+00
4.348592376708984375e+01
1.741413879394531250e+01
1.847296142578125000e+01
9.171212911605834961e-01
1.538763793945312500e+03
1.895732116699218750e+02
1.225760650634765625e+01
3.501489257812500000e+01
7.148627471923828125e+01
5.559674072265625000e+02
1.522835350036621094e+01
2.124537467956542969e+00
2.302247810363769531e+01
8.886930346488952637e-01
1.867456436157226562e+01
1.945740814208984375e+02
2.002209091186523438e+01
3.070559740066528320e+00
2.702015638351440430e+00
1.174517898559570312e+02
4.789225158691406250e+02
4.004107666015625000e+01
2.329688644409179688e+01
1.816436958312988281e+01
2.458013445138931274e-01
1.031101793050765991e-01
2.007204246520996094e+01
9.407302856445312500e+00
3.822368621826171875e+00
1.834109878540039062e+01
1.004775009155273438e+02
9.106546020507812500e+01
3.722325134277343750e+01
2.008685350418090820e+00
1.511185646057128906e+00
4.219887733459472656e+00
7.126351356506347656e+00
1.541747741699218750e+02
2.797571182250976562e+00
2.977513504028320312e+01
4.338601231575012207e-01
5.836615562438964844e+00
1.891700774431228638e-01
5.077441215515136719e+00
3.194904785156250000e+02
2.341828906250000000e+04
7.121316909790039062e+00
4.403126525878906250e+01
5.590865135192871094e+00
3.723005294799804688e+00
4.968188476562500000e+01
1.341462402343750000e+02
1.496129512786865234e+00
2.619601488113403320e+00
1.033081245422363281e+01
8.355101776123046875e+01
2.930668640136718750e+01
5.408406734466552734e+00
1.479250183105468750e+02
6.030714721679687500e+02
5.002688884735107422e+00
3.065145492553710938e+00
2.078416109085083008e+00
6.217884826660156250e+01
2.433400869369506836e+00
3.293251037597656250e+00
3.644338378906250000e+02
1.314150333404541016e+01
7.867620086669921875e+01
8.373912353515625000e+02
4.288493347167968750e+01
1.441246509552001953e+00
5.778778839111328125e+01
