2.404532581567764282e-02
7.230534404516220093e-02
6.510335952043533325e-03
1.623163116164505482e-03
3.587506711483001709e-02
4.149639606475830078e+00
1.595261320471763611e-02
2.964235842227935791e-03
4.461354110389947891e-03
4.836658537387847900e-01
3.585822647437453270e-03
1.398597098886966705e-02
5.686100199818611145e-02
1.059161312878131866e-02
1.364800613373517990e-03
1.211036089807748795e-02
3.279079915955662727e-03
3.027733182534575462e-03
2.048137970268726349e-02
5.103543517179787159e-04
1.226944699883460999e-01
1.902024820446968079e-02
2.043728381395339966e-01
4.197694361209869385e-02
6.224984526634216309e-01
1.657911948859691620e-02
4.665784537792205811e-02
1.896829158067703247e-02
8.415988832712173462e-02
7.161837220191955566e-01
4.143216647207736969e-04
1.455663004890084267e-04
5.182029679417610168e-03
1.959700509905815125e-02
6.932845711708068848e-02
5.848070140928030014e-03
6.416594609618186951e-03
5.936765810474753380e-04
7.858354598283767700e-03
5.400537978857755661e-03
1.845638900995254517e-01
6.094981357455253601e-02
1.516285352408885956e-03
1.024806404113769531e+01
1.485632807016372681e-01
5.920721217989921570e-02
3.682730952277779579e-03
1.887543946504592896e-01
4.129075445234775543e-03
7.530032191425561905e-03
1.987981051206588745e-01
2.384656853973865509e-02
9.710028022527694702e-02
2.925943210721015930e-02
3.967438824474811554e-04
1.641090144403278828e-03
5.392858758568763733e-03
1.180903427302837372e-02
2.162513509392738342e-02
5.027830600738525391e+00
1.025454513728618622e-02
1.267798042297363281e+01
1.399295497685670853e-02
2.500947797670960426e-03
1.034540310502052307e-01
1.422160305082798004e-02
1.350354999303817749e-01
7.537820842117071152e-03
4.913219213485717773e-01
4.309928715229034424e-01
1.611507177585735917e-04
1.264612555503845215e+00
1.022009062580764294e-03
2.245625667273998260e-02
6.893872469663619995e-02
5.064515024423599243e-02
5.179554224014282227e-03
4.011439159512519836e-02
4.061117395758628845e-02
1.060757972300052643e-02
4.522079229354858398e-02
1.397390477359294891e-02
1.356574241071939468e-02
2.823050017468631268e-04
2.702686702832579613e-03
1.362060313113033772e-03
2.784916614473331720e-05
3.694620355963706970e-02
6.322339177131652832e-01
1.261879806406795979e-03
5.689617712050676346e-03
8.307159878313541412e-03
1.067555509507656097e-03
8.242430537939071655e-02
3.288465377409011126e-04
4.775329828262329102e-01
4.909540712833404541e-01
4.228520020842552185e-02
1.558483229018747807e-03
4.672516137361526489e-02
1.273764729499816895e+00
4.136595875024795532e-02
9.322019759565591812e-04
1.398892607539892197e-02
8.050831034779548645e-03
3.663129210472106934e-01
8.784307539463043213e-02
1.238723285496234894e-02
2.646185643970966339e-02
6.770262867212295532e-02
1.407989710569381714e-01
3.159036934375762939e-01
3.455344587564468384e-02
5.042575672268867493e-02
1.300656050443649292e-02
2.418997511267662048e-02
6.078142300248146057e-02
4.690352827310562134e-03
3.366713877767324448e-03
5.536169931292533875e-02
6.615731981582939625e-04
4.906221389770507812e+00
4.640723466873168945e-01
3.092224895954132080e-01
1.406788505846634507e-04
1.596016585826873779e-01
1.323109772056341171e-02
8.393791504204273224e-04
4.890363290905952454e-02
5.056086555123329163e-02
1.336147546768188477e+00
5.596603080630302429e-02
3.889134386554360390e-03
1.255883602425456047e-03
3.295954316854476929e-02
2.640686742961406708e-02
4.469864070415496826e-02
2.442974328994750977e+00
1.263103485107421875e-01
2.974874973297119141e-01
1.855630055069923401e-02
7.783288601785898209e-03
4.960171580314636230e-01
5.285048484802246094e-01
1.743745040893554688e+01
1.903945393860340118e-02
2.438523322343826294e-01
5.602530203759670258e-03
4.951500147581100464e-02
1.038279198110103607e-02
1.842226646840572357e-02
6.092274934053421021e-02
6.945007294416427612e-02
1.308406144380569458e-02
5.961349233984947205e-02
1.396591868251562119e-02
1.144378166645765305e-02
3.138728067278862000e-02
2.336681820452213287e-03
4.645538050681352615e-03
3.573947772383689880e-02
3.566691011656075716e-04
1.294497251510620117e-01
3.433302342891693115e-01
2.530232369899749756e-01
8.208392560482025146e-02
1.409916579723358154e-01
1.552490741014480591e-01
7.244424819946289062e-01
2.254785649711266160e-04
1.585732772946357727e-02
8.501979708671569824e-02
9.669093560660257936e-05
1.337228622287511826e-02
4.201973229646682739e-02
9.977548122406005859e-01
1.728077232837677002e-02
8.377109654247760773e-03
1.185924466699361801e-02
9.407708793878555298e-02
5.406600609421730042e-02
2.585447579622268677e-02
1.185010224580764771e-01
2.589563652873039246e-02
1.752350449562072754e+00
8.953394368290901184e-03
5.257702432572841644e-03
5.306023731827735901e-02
2.500016987323760986e-01
2.640897594392299652e-02
1.279339939355850220e-01
2.448482997715473175e-02
3.181088832207024097e-04
7.054156810045242310e-02
3.303331136703491211e-01
1.159979868680238724e-02
1.539329737424850464e-01
7.829095423221588135e-02
3.963759168982505798e-03
2.349766343832015991e-02
2.674904884770512581e-03
2.907149121165275574e-02
1.088724844157695770e-02
1.850654371082782745e-02
8.242921903729438782e-03
1.520995167084038258e-03
1.565474271774291992e-01
9.116218566894531250e+00
7.091886363923549652e-03
3.498340491205453873e-03
5.519351921975612640e-03
3.996519371867179871e-02
1.592413609614595771e-04
5.647956132888793945e-01
1.792014017701148987e-02
2.006400585174560547e+00
4.975562170147895813e-02
1.687626354396343231e-02
5.228119553066790104e-04
5.173769593238830566e-01
1.951396167278289795e-01
1.182126533240079880e-02
1.203500549308955669e-03
1.703329943120479584e-02
1.373592240270227194e-04
2.346333675086498260e-02
9.135231375694274902e-04
3.527855157852172852e+00
3.334512114524841309e-01
6.482048425823450089e-03
2.011348307132720947e-02
8.716545999050140381e-03
2.860009856522083282e-02
2.115951152518391609e-03
2.606408894062042236e-01
1.473727542906999588e-02
1.863069385290145874e-01
3.602480981498956680e-03
8.396435528993606567e-02
4.424151557032018900e-04
1.906332746148109436e-02
6.743157655000686646e-02
1.370404064655303955e-01
2.882309025153517723e-03
7.845235057175159454e-03
6.411319132894277573e-03
2.941676601767539978e-02
6.965588033199310303e-02
1.880985498428344727e-02
1.131836995482444763e-01
2.822214923799037933e-02
1.259662032127380371e+00
4.613409691955894232e-05
4.826342687010765076e-02
9.336758404970169067e-03
2.412395179271697998e-01
2.963938951492309570e+00
1.452674530446529388e-02
2.005388773977756500e-02
1.752807497978210449e-01
2.736668800935149193e-03
6.436718977056443691e-04
7.594683170318603516e-01
2.071389183402061462e-02
3.633238142356276512e-03
1.845404133200645447e-02
1.046895142644643784e-02
1.387723803520202637e+00
1.012084353715181351e-02
6.889173295348882675e-03
1.090414285659790039e+00
3.311725705862045288e-02
5.216121673583984375e-01
3.624971723183989525e-03
1.463755848817527294e-03
1.585478708148002625e-02
5.632743239402770996e-03
7.570989895612001419e-03
1.905445605516433716e-01
1.653474569320678711e+00
1.216361373662948608e-01
8.449058979749679565e-03
3.702273126691579819e-03
1.305779721587896347e-02
1.934718020493164659e-04
2.992725931107997894e-03
3.958369493484497070e+00
8.252369165420532227e-01
3.465395711828023195e-04
5.531233176589012146e-02
1.135952863842248917e-02
8.313583093695342541e-04
5.490503832697868347e-02
1.726499199867248535e-02
7.943444652482867241e-04
1.633620075881481171e-02
2.353607118129730225e-02
4.814280197024345398e-02
1.477840185165405273e+00
3.668878972530364990e-02
3.931370079517364502e-01
6.244265437126159668e-01
6.778084486722946167e-02
6.854823231697082520e-01
1.782577991485595703e+00
4.511944018304347992e-03
3.088873997330665588e-02
2.618375606834888458e-02
4.127081483602523804e-03
9.663788974285125732e-02
4.226321876049041748e-01
2.531829476356506348e-02
5.488794296979904175e-03
1.389754265546798706e-01
2.555188490077853203e-03
3.134090080857276917e-02
9.693782776594161987e-04
4.301770925521850586e-01
2.230629092082381248e-03
3.344670869410037994e-03
2.837173342704772949e-01
1.401513814926147461e-03
5.930289626121520996e-03
2.319251745939254761e-02
5.117148626595735550e-03
2.077220380306243896e-01
5.447511095553636551e-03
3.954485990107059479e-03
4.265972413122653961e-03
1.971128862351179123e-03
5.482532083988189697e-03
2.201136946678161621e-01
3.947904799133539200e-03
7.830271497368812561e-03
4.498963244259357452e-03
1.577354408800601959e-02
2.401076955720782280e-03
5.689501296728849411e-03
2.957537397742271423e-02
2.158369868993759155e-01
9.567625238560140133e-04
5.366480909287929535e-04
3.541218815371394157e-03
1.303824901580810547e+00
9.616294992156326771e-04
1.253813877701759338e-02
1.093947738409042358e-01
1.397981029003858566e-02
3.495626151561737061e-02
2.552186883985996246e-02
6.252517551183700562e-02
2.479273378849029541e-01
7.187180744949728251e-05
1.234565488994121552e-02
4.672873299568891525e-03
1.055224682204425335e-03
1.715083979070186615e-02
1.966232433915138245e-02
3.559355065226554871e-02
3.689600899815559387e-02
1.374539174139499664e-02
8.938254904933273792e-04
1.320815924555063248e-02
5.067588761448860168e-03
6.382480263710021973e-02
2.201544120907783508e-02
4.800550267100334167e-02
1.397563028149306774e-03
5.641055852174758911e-02
3.146013768855482340e-04
1.681727468967437744e-01
1.068855449557304382e-01
2.990969084203243256e-02
1.178494654595851898e-02
4.374601542949676514e-01
1.013896195217967033e-03
8.211803622543811798e-03
4.213396459817886353e-03
1.785800606012344360e-02
1.520391181111335754e-02
5.919360741972923279e-02
9.703184477984905243e-04
2.762926816940307617e+00
8.465262502431869507e-02
2.172251418232917786e-02
2.868783950805664062e+00
6.909163475036621094e+00
8.662804029881954193e-03
6.379137630574405193e-04
4.601129039656370878e-04
2.598739042878150940e-02
3.174683777615427971e-03
1.541336718946695328e-02
5.563450813293457031e+00
2.701086632441729307e-04
3.619853496551513672e+00
7.921508699655532837e-02
2.300755120813846588e-02
3.217012272216379642e-04
2.186154248192906380e-03
4.492076873779296875e+00
8.729212188720703125e+01
1.043588790893554688e+02
7.755103707313537598e-01
3.402636337280273438e+01
3.045077562332153320e+00
5.453487548828125000e+02
7.730117321014404297e+00
5.620841979980468750e+01
5.038572311401367188e+00
1.414294281005859375e+02
1.899006843566894531e+01
8.539984893798828125e+01
7.061501741409301758e-01
2.252406311035156250e+01
1.114767608642578125e+02
1.470394897460937500e+02
1.530087585449218750e+02
1.184356994628906250e+02
6.166719436645507812e+00
6.682778167724609375e+01
3.608326196670532227e+00
7.942868232727050781e+00
5.067240142822265625e+01
2.030556678771972656e+00
4.656330347061157227e-01
3.317869262695312500e+02
2.639443969726562500e+02
1.407410766601562500e+03
2.883790283203125000e+02
1.277575492858886719e+01
5.016101360321044922e+00
1.390012931823730469e+01
2.272396850585937500e+02
1.743605613708496094e+01
1.419040012359619141e+01
9.377538561820983887e-01
6.679631769657135010e-02
5.158993244171142578e+00
9.507395935058593750e+01
8.118530883789062500e+02
1.412371158599853516e+01
8.607062697410583496e-01
2.932965698242187500e+02
2.565865516662597656e+01
5.944882965087890625e+01
7.839723968505859375e+01
1.489206218719482422e+01
7.923372983932495117e-01
9.381181640625000000e+02
4.530446166992187500e+02
3.734521865844726562e+01
1.261333751678466797e+01
1.238860130310058594e+01
4.639087200164794922e+00
1.192410945892333984e+01
5.909720897674560547e+00
4.382044672966003418e-01
1.194181442260742188e+01
1.748519287109375000e+03
6.331536865234375000e+02
4.648833923339843750e+02
1.214819049835205078e+01
6.109733581542968750e+01
2.474917650222778320e+00
8.628686523437500000e+01
4.624734878540039062e+01
3.457777099609375000e+03
1.283872375488281250e+02
6.067595291137695312e+01
9.884636849164962769e-02
3.883110961914062500e+02
2.768331766128540039e+00
2.242763519287109375e+02
6.180778026580810547e+00
1.275795173645019531e+01
1.583957672119140625e+00
9.059414863586425781e+00
2.882921142578125000e+02
2.069186782836914062e+01
3.531600570678710938e+01
5.957425594329833984e+00
1.109493446350097656e+01
3.401739120483398438e+01
5.655895233154296875e+00
2.253438758850097656e+01
1.192404925823211670e-01
1.238646316528320312e+01
1.828071784973144531e+01
2.290819168090820312e+00
2.433796119689941406e+01
4.184457015991210938e+01
2.677224349975585938e+01
1.551803970336914062e+01
4.997755050659179688e+01
6.116895751953125000e+02
2.476762056350708008e+00
2.706584472656250000e+02
3.627611100673675537e-01
7.343264770507812500e+02
2.342295885086059570e+00
1.472023773193359375e+01
3.979980707168579102e+00
1.029990081787109375e+02
3.973514175415039062e+01
1.747174987792968750e+02
2.094343423843383789e+00
3.427611328125000000e+03
4.136917724609375000e+02
8.092104792594909668e-01
8.186261057853698730e-01
1.500991088867187500e+03
1.420355072021484375e+02
1.999012351036071777e+00
2.756461334228515625e+01
7.653389739990234375e+01
1.289270477294921875e+02
1.493332672119140625e+01
1.098815307617187500e+02
6.758476257324218750e+00
2.731444091796875000e+02
3.361757568359375000e+03
6.687081298828125000e+02
1.458060607910156250e+02
5.064083576202392578e+00
5.415490112304687500e+02
3.867421340942382812e+01
2.726154804229736328e+00
4.149397888183593750e+02
1.121984558105468750e+02
6.153863525390625000e+02
5.312628173828125000e+01
5.278100371360778809e-01
5.437540054321289062e+01
1.787113666534423828e+00
2.134513139724731445e+00
5.506800413131713867e-01
5.950256958007812500e+02
5.321640625000000000e+02
2.212563629150390625e+02
4.721687316894531250e+01
2.698105096817016602e+00
4.835539245605468750e+02
2.029426956176757812e+01
7.482814941406250000e+02
3.500172424316406250e+01
6.941442260742187500e+02
1.107754230499267578e+00
1.489381256103515625e+02
2.330093261718750000e+03
5.951715111732482910e-01
5.871346435546875000e+02
2.792195129394531250e+01
4.001593887805938721e-01
1.016720352172851562e+02
6.738838195800781250e+01
1.611068129539489746e+00
7.397050857543945312e-01
5.966495037078857422e+00
3.111600399017333984e+00
8.567430419921875000e+02
1.434738311767578125e+02
9.318701171875000000e+01
4.601027679443359375e+01
2.112306365966796875e+02
1.222387237548828125e+02
1.459756622314453125e+02
3.489534301757812500e+02
2.856544433593750000e+03
2.296199226379394531e+01
7.785379409790039062e+00
1.678744995117187500e+03
4.512492656707763672e+00
4.561635494232177734e+00
4.702428588867187500e+02
1.278157138824462891e+01
9.562511444091796875e+00
5.237039184570312500e+01
4.509549140930175781e+00
2.068254280090332031e+01
2.451905822753906250e+01
3.483699417114257812e+01
2.315174865722656250e+02
6.130031585693359375e+00
1.983882617187500000e+04
3.109074354171752930e+00
8.093714714050292969e-01
2.563662910461425781e+01
9.607918701171875000e+02
5.651010894775390625e+01
9.169596672058105469e+00
3.726108703613281250e+02
1.139174556732177734e+01
6.397735977172851562e+01
1.937276458740234375e+02
1.323782801628112793e+00
8.602332305908203125e+01
1.602990031242370605e+00
1.820459556579589844e+01
4.361423015594482422e+00
4.159531402587890625e+01
2.087812042236328125e+01
4.962121009826660156e+00
2.578516960144042969e+01
3.966588211059570312e+01
1.455259323120117188e+00
1.156418914794921875e+02
3.813504943847656250e+02
7.629874229431152344e+00
7.408453369140625000e+01
1.078651142120361328e+01
8.508160591125488281e+00
1.003358840942382812e+00
4.339039062500000000e+03
1.234009075164794922e+01
5.115434265136718750e+02
2.671499729156494141e+00
1.885902709960937500e+02
1.481668949127197266e+00
2.025251312255859375e+02
2.539409423828125000e+03
1.726632714271545410e-01
1.766589164733886719e+00
1.534623046875000000e+03
3.456048488616943359e+00
7.146630859375000000e+02
4.055450439453125000e+00
2.864356231689453125e+01
1.241368579864501953e+01
1.205485343933105469e+01
4.697890579700469971e-02
1.203165340423583984e+01
4.455237865447998047e+00
7.788231201171875000e+02
6.861131286621093750e+01
9.706594467163085938e+00
5.715440750122070312e+00
2.470418357849121094e+01
2.124981307983398438e+01
1.719823837280273438e+00
7.010728759765625000e+02
1.211595382690429688e+02
1.036106395721435547e+01
1.970094108581542969e+01
1.479399719238281250e+02
1.214624176025390625e+02
1.335306396484375000e+02
6.066632866859436035e-01
7.562238281250000000e+03
1.165326786041259766e+01
5.309349822998046875e+01
1.908185386657714844e+01
5.623196363449096680e-01
1.278421997070312500e+03
1.068089752197265625e+02
7.331404685974121094e-01
8.946776733398437500e+02
5.478197479248046875e+01
1.047913074493408203e+01
4.839084472656250000e+03
5.177441406250000000e+01
7.093920135498046875e+01
5.129714965820312500e+01
6.835285644531250000e+02
2.545160369873046875e+02
2.781101989746093750e+02
4.626099014282226562e+01
3.047609619140625000e+03
7.791513800621032715e-01
2.065293312072753906e+01
3.013340759277343750e+02
7.626955032348632812e+00
4.241786499023437500e+02
1.168703436851501465e+00
1.598282456398010254e+00
7.489440155029296875e+01
4.401748180389404297e+00
1.149176979064941406e+01
1.908045806884765625e+02
1.057455897331237793e+00
1.639182472229003906e+01
9.869968414306640625e+00
4.497373104095458984e+00
4.067035293579101562e+01
1.135056376457214355e+00
1.032585620880126953e+00
2.376915893554687500e+02
7.827047119140625000e+02
4.780189037322998047e+00
1.291874847412109375e+02
1.665812683105468750e+01
9.047965049743652344e+00
2.291226806640625000e+03
3.676074266433715820e+00
3.465183105468750000e+02
4.539385604858398438e+01
3.258891677856445312e+01
1.214594726562500000e+03
3.147558975219726562e+01
1.462485656738281250e+02
7.834253540039062500e+02
1.346001434326171875e+02
5.861468887329101562e+01
2.865657653808593750e+02
3.885865783691406250e+01
1.904681682586669922e+00
4.141495895385742188e+01
1.955622291564941406e+01
3.985033988952636719e+00
1.152210449218750000e+03
3.800242919921875000e+02
8.399834594726562500e+02
1.836757507324218750e+02
1.235480117797851562e+01
2.862085819244384766e+00
6.121238470077514648e-01
5.079885864257812500e+01
1.506754398345947266e+01
7.767276763916015625e+00
1.156240582466125488e+00
1.632543945312500000e+01
5.224531292915344238e-01
6.526353454589843750e+01
3.099313163757324219e+01
9.438925170898437500e+01
8.349936676025390625e+01
2.624005317687988281e+01
5.842184448242187500e+01
1.282124233245849609e+01
7.749051570892333984e+00
2.146680355072021484e-01
7.752047851562500000e+03
2.733240722656250000e+03
2.216469573974609375e+02
1.601587829589843750e+02
1.350303344726562500e+02
9.826641235351562500e+02
2.111963844299316406e+01
5.107560348510742188e+01
1.623927116394042969e+01
2.460670232772827148e+00
5.622512054443359375e+01
9.616287841796875000e+02
6.415885925292968750e+01
7.011023044586181641e+00
1.276356220245361328e+01
1.496036376953125000e+02
2.908851013183593750e+02
1.103702621459960938e+02
8.392603874206542969e+00
1.574505329132080078e+01
1.130609288811683655e-01
1.128664240241050720e-01
3.301687622070312500e+01
4.369607925415039062e+01
5.226006984710693359e+00
2.148928070068359375e+01
2.224812622070312500e+02
5.466434478759765625e+01
1.503175659179687500e+02
1.106034088134765625e+01
1.642780065536499023e+00
1.491926574707031250e+01
4.720301818847656250e+01
9.399400634765625000e+02
1.967517495155334473e+00
1.177663955688476562e+02
1.287797451019287109e+00
3.102446794509887695e+00
2.929376661777496338e-01
5.504520893096923828e+00
3.669855957031250000e+03
1.655788476562500000e+04
7.058579921722412109e+00
7.561996459960937500e+01
7.804476928710937500e+01
3.727591037750244141e+00
1.272495880126953125e+02
6.139937744140625000e+02
6.689252376556396484e+00
4.272064685821533203e+00
2.408855199813842773e+00
6.226108932495117188e+01
2.413092803955078125e+01
3.227083969116210938e+01
2.149026947021484375e+02
3.507191772460937500e+02
3.909965753555297852e+00
4.854869365692138672e+00
3.881459712982177734e+00
2.133833923339843750e+02
1.208158397674560547e+01
2.961621856689453125e+01
2.521059722900390625e+02
1.687838935852050781e+01
9.245124511718750000e+02
9.070143432617187500e+02
1.758132171630859375e+02
1.310479164123535156e+00
1.550694847106933594e+01
