5.275730416178703308e-02
4.598075151443481445e-01
3.860425055027008057e-01
1.737359166145324707e-02
7.781857252120971680e-01
8.030754327774047852e-01
1.760112643241882324e-01
2.350544184446334839e-02
5.695294737815856934e-01
1.668182015419006348e-01
7.006425857543945312e-01
1.887829303741455078e-01
7.373213768005371094e-02
3.247531130909919739e-02
7.429285347461700439e-02
1.825688928365707397e-01
7.322869449853897095e-02
1.130412518978118896e-01
5.122420564293861389e-02
6.270834803581237793e-02
1.068923994898796082e-01
2.342969551682472229e-02
9.345537424087524414e-01
7.046718150377273560e-02
8.825352668762207031e+00
4.588426277041435242e-02
1.012085825204849243e-01
3.100730776786804199e-01
3.307852029800415039e+00
1.640692949295043945e+00
1.292375009506940842e-02
5.565938539803028107e-03
4.418367147445678711e-01
8.729494810104370117e-01
1.163701713085174561e-02
7.774571180343627930e-01
4.020351171493530273e-02
2.625466883182525635e-02
1.742078661918640137e-01
1.939010024070739746e-01
3.744745731353759766e+00
4.743683636188507080e-01
1.329960227012634277e-01
3.393634319305419922e+00
6.494404673576354980e-01
1.024048566818237305e+00
9.744203090667724609e-02
8.172168731689453125e-01
1.799116097390651703e-02
1.576044201850891113e+00
2.953483164310455322e-01
4.753632843494415283e-02
1.211258769035339355e+00
4.230237901210784912e-01
2.918157353997230530e-02
2.826659381389617920e-02
1.450201682746410370e-02
4.481794536113739014e-01
4.538764059543609619e-02
5.345057964324951172e+00
7.766422629356384277e-02
2.481423854827880859e+00
1.062554121017456055e-01
9.173244982957839966e-02
4.386438131332397461e-01
1.248049139976501465e+00
3.787534236907958984e-01
1.858782023191452026e-01
5.378738403320312500e+00
2.336434602737426758e+00
1.006782404147088528e-03
1.071525573730468750e+00
2.417313866317272186e-02
3.817231655120849609e+00
1.110571503639221191e+00
4.648375213146209717e-01
3.285565972328186035e-02
2.694751508533954620e-02
1.247152090072631836e-01
1.469911485910415649e-01
5.027029514312744141e-01
4.075916111469268799e-02
9.439493715763092041e-02
8.459120988845825195e-03
3.502003476023674011e-02
2.234220877289772034e-02
2.334002638235688210e-03
6.188432499766349792e-02
1.626262426376342773e+00
4.603532142937183380e-03
4.139145836234092712e-02
1.718204170465469360e-01
1.049940213561058044e-01
1.110649928450584412e-01
1.180999428033828735e-01
9.994400739669799805e-01
1.442860960960388184e-01
1.788069367408752441e+00
4.165062680840492249e-02
2.522224783897399902e-01
5.343176722526550293e-01
5.084802210330963135e-02
2.453600428998470306e-02
2.117023617029190063e-01
1.427676379680633545e-01
5.348746180534362793e-01
1.429332941770553589e-01
4.513024091720581055e-01
2.615149497985839844e+00
3.577152490615844727e-01
3.142873570322990417e-02
5.797187089920043945e-01
7.596468925476074219e-01
6.078381538391113281e-01
4.797243475914001465e-01
1.588058769702911377e-01
3.039113581180572510e-01
5.549329519271850586e-02
5.003410391509532928e-03
1.256449967622756958e-01
2.043407224118709564e-02
9.771515846252441406e+00
1.316296935081481934e+00
1.588132023811340332e+00
5.420625209808349609e-03
3.828726708889007568e-02
2.254100516438484192e-02
6.282158661633729935e-03
2.615175247192382812e-01
1.284823715686798096e-01
1.026854515075683594e+00
5.264546871185302734e-01
8.094010874629020691e-03
2.218423411250114441e-02
6.467206031084060669e-02
1.706518419086933136e-02
6.060592457652091980e-02
8.543090820312500000e-01
1.135562434792518616e-01
1.405253648757934570e+00
2.180261909961700439e-01
1.897224485874176025e-01
1.058023929595947266e+01
1.348783612251281738e+00
1.886559605598449707e+00
1.711428165435791016e-01
3.572147190570831299e-01
3.376386463642120361e-01
3.641715645790100098e-01
6.735995411872863770e-02
3.894234821200370789e-02
3.064928293228149414e+00
4.053213596343994141e-01
1.062273755669593811e-01
2.900064885616302490e-01
1.014544516801834106e-01
4.832154884934425354e-02
2.158680111169815063e-01
1.360366959124803543e-02
8.047441951930522919e-03
1.353688955307006836e+00
8.607304096221923828e-02
2.587066888809204102e-01
2.388731092214584351e-01
1.554088592529296875e+00
2.094468623399734497e-01
4.884400963783264160e-01
3.769752383232116699e-01
9.094425201416015625e+00
7.012884132564067841e-03
3.870991766452789307e-01
1.905409246683120728e-01
2.991088107228279114e-02
9.721758961677551270e-02
4.293831884860992432e-01
1.577691435813903809e+00
1.250784993171691895e-01
1.546277552843093872e-01
1.638263463973999023e-01
2.077776908874511719e+00
2.150321453809738159e-01
6.726957559585571289e-01
3.097271919250488281e-01
6.055356934666633606e-02
1.600573778152465820e+00
3.376540839672088623e-01
2.944729924201965332e-01
1.992719471454620361e-01
3.889012038707733154e-01
2.273790240287780762e-01
5.721384286880493164e-01
2.604273855686187744e-01
2.453097328543663025e-02
1.384480446577072144e-01
2.943752706050872803e-01
5.969578772783279419e-02
3.456620275974273682e-01
1.425549834966659546e-01
1.101118326187133789e-02
3.989027440547943115e-01
5.091922357678413391e-02
2.363828122615814209e-01
3.686693310737609863e-01
8.371082693338394165e-02
4.629317522048950195e-01
2.420694753527641296e-02
5.737469717860221863e-02
2.373399734497070312e+01
2.472140267491340637e-02
1.775634102523326874e-02
6.790793687105178833e-02
1.237530112266540527e-01
8.356885984539985657e-03
3.011727035045623779e-01
4.220629334449768066e-01
3.714664280414581299e-01
5.019398331642150879e-01
4.738203436136245728e-02
8.061037398874759674e-03
2.135011672973632812e+00
1.144693374633789062e+00
4.960865899920463562e-02
3.728606924414634705e-02
1.028703525662422180e-01
2.159292344003915787e-03
5.931136608123779297e-01
3.231678530573844910e-02
1.970556616783142090e+00
2.644026279449462891e-01
3.692910075187683105e-02
4.359870404005050659e-02
1.234568729996681213e-01
2.831793203949928284e-02
3.293808698654174805e-01
1.065668091177940369e-01
1.129512667655944824e+00
1.458913832902908325e-01
6.960486527532339096e-03
2.920544147491455078e-01
7.453877478837966919e-02
3.915722966194152832e-01
2.281412854790687561e-02
4.220654442906379700e-02
5.388084799051284790e-02
2.665629684925079346e-01
1.444459408521652222e-01
3.558257222175598145e-01
6.058138236403465271e-02
1.618530303239822388e-01
2.565727233886718750e-01
1.267915517091751099e-01
7.372359037399291992e-01
1.542808767408132553e-02
1.101883649826049805e+00
1.844142675399780273e-01
1.246197670698165894e-01
3.391617059707641602e+00
5.714072659611701965e-02
2.591945230960845947e-01
1.086978837847709656e-01
1.158160418272018433e-01
2.600220218300819397e-02
3.241536021232604980e-01
1.655166596174240112e-01
8.818186074495315552e-02
7.198513746261596680e-01
4.135045781731605530e-02
1.653099298477172852e+00
8.130957372486591339e-03
1.099945679306983948e-01
4.101371765136718750e+00
2.372292727231979370e-01
1.745981723070144653e-01
2.334921061992645264e-02
9.222580119967460632e-03
8.044418692588806152e-02
6.265731155872344971e-02
1.162764877080917358e-01
4.680050536990165710e-02
4.765211641788482666e-01
1.015460371971130371e+00
3.265952765941619873e-01
1.071399152278900146e-01
2.277444116771221161e-02
1.176280435174703598e-02
1.219459623098373413e-01
2.881200790405273438e+00
9.238357543945312500e-01
2.874234318733215332e-02
2.368364185094833374e-01
3.211132809519767761e-02
1.962796412408351898e-02
3.356781899929046631e-01
3.249551728367805481e-02
4.591344669461250305e-02
2.356323599815368652e-02
4.560567811131477356e-02
4.616701230406761169e-02
5.089088082313537598e-01
2.555433213710784912e-01
1.261215090751647949e+00
7.272343039512634277e-01
3.029933273792266846e-01
3.773649215698242188e+00
3.892959058284759521e-01
1.692769974470138550e-01
5.256462842226028442e-02
1.694823354482650757e-01
5.034162402153015137e-01
3.813089132308959961e-01
2.356446743011474609e+00
8.692632317543029785e-01
1.094359874725341797e+00
1.390318393707275391e+00
8.703907579183578491e-02
2.122410833835601807e-01
1.751448027789592743e-02
1.079125523567199707e+00
1.094317343086004257e-02
4.872668534517288208e-02
1.393273621797561646e-01
6.655671447515487671e-02
1.259207129478454590e+00
6.440480709075927734e+00
1.398607492446899414e-01
1.891853809356689453e+00
6.562694162130355835e-02
1.371667981147766113e-01
1.435963958501815796e-01
1.885309070348739624e-02
6.998959928750991821e-03
4.540935039520263672e+00
1.953402608633041382e-01
2.367118895053863525e-01
3.762660548090934753e-02
1.778217852115631104e-01
2.239887267351150513e-01
5.650397390127182007e-02
1.315411627292633057e-01
1.119930386543273926e+00
3.471450507640838623e-01
3.310506045818328857e-02
4.051695019006729126e-02
4.035189628601074219e+00
2.709049172699451447e-02
2.013413235545158386e-02
2.282346725463867188e+00
1.449306458234786987e-01
4.209096133708953857e-01
3.598344624042510986e-01
2.790333330631256104e-01
3.173923864960670471e-02
2.632330637425184250e-03
6.868443638086318970e-02
2.420599907636642456e-01
2.208432555198669434e-02
3.023913316428661346e-02
1.077805638313293457e+00
9.159747362136840820e-01
2.376636266708374023e-01
3.177964389324188232e-01
9.487803280353546143e-02
1.349757611751556396e-01
5.885701626539230347e-02
6.235857009887695312e-01
1.487002819776535034e-01
2.015286087989807129e-01
3.140605986118316650e-02
5.264358520507812500e-01
4.653499461710453033e-03
2.571282386779785156e-01
2.921952307224273682e-02
1.877697587013244629e+00
1.810969561338424683e-01
5.235289931297302246e-01
1.542894914746284485e-02
1.544039249420166016e-01
5.446467995643615723e-01
1.466170698404312134e-01
9.342707693576812744e-03
1.788887381553649902e-01
3.286274150013923645e-02
1.701567769050598145e+00
1.186852931976318359e+00
1.948451995849609375e-01
1.261401176452636719e+00
9.455121040344238281e+00
5.296540632843971252e-02
7.098373770713806152e-02
7.265340071171522141e-03
1.835048496723175049e-01
6.451681256294250488e-01
1.681125164031982422e-01
1.271820068359375000e+01
3.505780920386314392e-02
5.473001480102539062e+00
4.407162368297576904e-01
4.615946114063262939e-01
3.361948579549789429e-02
8.441395312547683716e-02
1.023022890090942383e+00
4.219907379150390625e+01
3.384226989746093750e+01
1.032465338706970215e+00
2.255615615844726562e+01
9.205024719238281250e+00
1.915782165527343750e+01
1.659255504608154297e+00
4.600186538696289062e+01
1.203334808349609375e+00
4.433886337280273438e+01
1.019740295410156250e+01
2.413723707199096680e+00
5.240944027900695801e-01
4.226357460021972656e+00
4.870373916625976562e+01
4.813832759857177734e+00
1.093949413299560547e+01
1.985976600646972656e+01
1.561091780662536621e+00
2.488008499145507812e+00
7.142673730850219727e-01
8.179903030395507812e+00
5.826659202575683594e+00
6.959059906005859375e+01
1.462655782699584961e+00
8.081090927124023438e+00
1.102371883392333984e+01
2.010751037597656250e+02
3.773316574096679688e+01
1.634585618972778320e+00
1.314005851745605469e+00
5.305606842041015625e+00
1.261748199462890625e+02
5.441280603408813477e-01
2.415693473815917969e+01
7.739667296409606934e-01
4.236509501934051514e-01
2.347878694534301758e+00
7.023479938507080078e+00
2.230226440429687500e+02
5.967570304870605469e+00
1.162025451660156250e+00
2.463361167907714844e+01
5.030407905578613281e+00
4.619903564453125000e+01
1.376109600067138672e+01
1.316572284698486328e+01
1.851589083671569824e+00
4.228900527954101562e+01
1.214731884002685547e+01
3.660991191864013672e+00
1.703059959411621094e+01
4.426966476440429688e+01
4.194665908813476562e+00
4.281467199325561523e-01
4.620709419250488281e-01
1.173152804374694824e+00
7.525105476379394531e-01
3.720958709716796875e+01
1.137104892730712891e+01
5.245133590698242188e+01
1.386672854423522949e+00
3.932636737823486328e+00
1.151425838470458984e+00
3.384296417236328125e+01
4.242204189300537109e+00
3.889983367919921875e+01
4.936455535888671875e+01
1.433893737792968750e+02
3.405701369047164917e-02
1.280906391143798828e+01
7.544104456901550293e-01
7.534285736083984375e+01
6.090727233886718750e+01
5.381079196929931641e+00
1.856847167015075684e+00
9.044201970100402832e-01
7.423115730285644531e+00
6.906740188598632812e+00
7.072750568389892578e+00
8.714880347251892090e-01
3.937527656555175781e+00
1.567216277122497559e+00
3.330763101577758789e+00
1.631018757820129395e+00
9.624154567718505859e-01
5.880580425262451172e+00
1.173698997497558594e+01
3.538435697555541992e-01
2.372276782989501953e+00
1.081855869293212891e+01
1.954871749877929688e+01
3.094239473342895508e+00
6.210448741912841797e+00
2.255706596374511719e+01
1.125343918800354004e+00
1.077407150268554688e+02
1.484864473342895508e+00
5.375373363494873047e+00
1.084863185882568359e+00
1.361332774162292480e+00
3.392939269542694092e-01
7.917346191406250000e+01
9.393389701843261719e+00
1.470171546936035156e+01
1.392358541488647461e+00
9.035427856445312500e+01
1.043015213012695312e+02
1.787515401840209961e+00
3.563373982906341553e-01
1.379046821594238281e+01
1.150303554534912109e+01
5.460973262786865234e+00
9.269496917724609375e+00
3.266484737396240234e+00
4.823254108428955078e+00
1.734562039375305176e+00
1.042797327041625977e+00
8.236783027648925781e+00
2.775995254516601562e+00
5.082799377441406250e+02
2.844289855957031250e+02
2.650274085998535156e+01
1.136430740356445312e+00
1.431470489501953125e+01
5.724792480468750000e+00
2.168082714080810547e+00
6.976360321044921875e+01
8.596549987792968750e+00
2.882301807403564453e+00
1.525838756561279297e+01
1.664263308048248291e-01
6.995635032653808594e-01
1.336875677108764648e+00
6.235117316246032715e-01
2.197710752487182617e+00
1.831772422790527344e+01
1.102647113800048828e+01
3.544198989868164062e+01
5.846361923217773438e+01
1.393919229507446289e+00
9.890691375732421875e+01
2.369100761413574219e+01
3.527881622314453125e+01
1.030395603179931641e+01
5.047523498535156250e+01
6.805167675018310547e+00
1.471827316284179688e+01
7.996027946472167969e+00
2.441795110702514648e+00
1.089893112182617188e+02
3.246251583099365234e+00
1.920495390892028809e+00
1.999524307250976562e+01
2.937316179275512695e+00
9.340579509735107422e-01
4.923007965087890625e+00
1.546780109405517578e+00
9.354613423347473145e-01
4.454695510864257812e+01
1.502121257781982422e+01
2.154777717590332031e+01
3.211842060089111328e+00
1.043923187255859375e+01
1.822162866592407227e+00
6.316550731658935547e+00
1.265508651733398438e+01
3.573586120605468750e+02
3.830659985542297363e-01
1.412303829193115234e+01
1.806550979614257812e+01
2.857772827148437500e+00
1.412105441093444824e+00
7.261856842041015625e+01
1.890703201293945312e+01
3.683340787887573242e+00
1.237600994110107422e+01
7.692272186279296875e+00
3.520257949829101562e+01
1.239086031913757324e+00
4.233255386352539062e+01
1.751962661743164062e+01
7.501243054866790771e-02
5.506555557250976562e+01
3.126589965820312500e+01
1.010107636451721191e+00
3.469630241394042969e+00
5.828202819824218750e+01
1.058117294311523438e+01
1.440520644187927246e+00
7.308531761169433594e+00
9.850620627403259277e-01
9.431242942810058594e+00
1.690912055969238281e+01
5.879644155502319336e-01
2.704330205917358398e+00
1.462958693504333496e+00
1.351417422294616699e+00
3.795496940612792969e+00
1.143991756439208984e+01
4.238970756530761719e+00
8.320788383483886719e+00
3.983832120895385742e+00
2.321173286437988281e+01
2.436882108449935913e-01
3.278687238693237305e+00
1.478797454833984375e+02
6.675102710723876953e+00
5.819934368133544922e+00
4.660810470581054688e+00
5.006193161010742188e+00
3.723388910293579102e-01
1.079646587371826172e+01
3.054009914398193359e+00
1.246242332458496094e+01
1.161445140838623047e+00
1.176180934906005859e+01
4.476344883441925049e-01
2.369581031799316406e+01
1.000323410034179688e+02
9.239703416824340820e-01
7.339819073677062988e-01
1.333902835845947266e+01
7.782803773880004883e-01
1.728685760498046875e+02
1.532990097999572754e+00
1.122928619384765625e+01
1.333608269691467285e+00
2.084313869476318359e+00
5.266161561012268066e-01
9.563829421997070312e+00
1.082966923713684082e+00
4.664213180541992188e+01
2.559984445571899414e+00
1.042216968536376953e+01
5.033230781555175781e-01
5.808123946189880371e-01
8.150829076766967773e-01
2.783632516860961914e+00
1.019486522674560547e+01
3.235309839248657227e+00
1.725544929504394531e+00
2.277290344238281250e+00
2.196731185913085938e+01
5.095948219299316406e+00
1.008340454101562500e+01
7.561862468719482422e-01
1.868333816528320312e+01
1.591851592063903809e+00
1.871888279914855957e+00
7.696634769439697266e+00
9.303653240203857422e-01
3.197473335266113281e+01
7.094253063201904297e+00
3.141356945037841797e+00
2.450011444091796875e+01
1.745984435081481934e+00
1.658039212226867676e+00
1.983549880981445312e+01
3.185367584228515625e+01
5.729153633117675781e+00
6.403648376464843750e+00
1.103866004943847656e+01
2.077245903015136719e+01
1.843004417419433594e+01
2.878590011596679688e+01
6.355962753295898438e+01
8.175204992294311523e-01
1.043178272247314453e+01
7.478826904296875000e+01
2.199493026733398438e+01
3.989162063598632812e+01
8.828218579292297363e-01
9.221335053443908691e-01
5.770310401916503906e+00
1.505369067192077637e+00
9.046561241149902344e+00
5.980099201202392578e+00
3.041537046432495117e+00
7.989495754241943359e+00
4.377485752105712891e+00
3.515255212783813477e+00
1.180884718894958496e+00
2.749907076358795166e-01
3.745542764663696289e+00
5.139143371582031250e+01
1.002743721008300781e+01
2.231868743896484375e+00
2.121476888656616211e+00
3.113539934158325195e+00
2.308785676956176758e+00
9.544692993164062500e+01
2.319882631301879883e+00
2.823578357696533203e+00
1.931501150131225586e+00
4.927837848663330078e+00
1.060699653625488281e+01
1.593389034271240234e+00
1.052274417877197266e+01
3.395082092285156250e+01
2.988107681274414062e+01
3.039838790893554688e+00
3.124003601074218750e+01
6.613587856292724609e+00
7.671572208404541016e+00
2.508316230773925781e+01
3.418705940246582031e+00
1.149560546875000000e+01
3.510533905029296875e+01
5.194397735595703125e+01
8.599720001220703125e+01
1.050736160278320312e+02
9.165926933288574219e+00
1.271033167839050293e+00
8.663923740386962891e-01
7.874810695648193359e-01
6.532197475433349609e+00
9.993972182273864746e-01
4.429306387901306152e-01
1.077142477035522461e+00
7.513809204101562500e-01
1.781372375488281250e+02
2.829234504699707031e+01
3.861241912841796875e+01
2.492651557922363281e+01
1.743382692337036133e+00
1.367411327362060547e+01
8.046729087829589844e+00
3.348149776458740234e+00
9.259265065193176270e-01
7.975341796875000000e+01
4.973232269287109375e+01
5.024571418762207031e+00
5.500846862792968750e+00
2.653146934509277344e+01
8.647992706298828125e+01
4.896858692169189453e+00
5.816614627838134766e-01
1.741720581054687500e+01
1.591774463653564453e+00
4.045941829681396484e+00
4.233330249786376953e+00
4.254751968383789062e+01
1.107657194137573242e+00
2.743838787078857422e+00
8.019731140136718750e+01
1.353620719909667969e+01
1.608866119384765625e+01
8.127338409423828125e+00
8.042413711547851562e+00
2.330495417118072510e-01
1.410896778106689453e-01
8.561330795288085938e+00
4.759368896484375000e+00
1.337164402008056641e+00
6.459805011749267578e+00
7.569027709960937500e+01
1.301066894531250000e+02
1.140171432495117188e+01
4.078796863555908203e+00
2.645212173461914062e+00
5.259434223175048828e+00
5.857148647308349609e+00
1.552148056030273438e+01
2.447000265121459961e+00
1.733592224121093750e+01
8.049823641777038574e-01
4.332188129425048828e+00
2.702493369579315186e-01
3.766890525817871094e+00
9.802824020385742188e+00
5.879243774414062500e+02
4.399841785430908203e+00
1.090225219726562500e+01
1.114280104637145996e+00
3.586861610412597656e+00
3.984383773803710938e+01
2.302173042297363281e+01
2.544166147708892822e-01
1.884945273399353027e+00
3.205564737319946289e+00
2.030994224548339844e+01
6.348587036132812500e+01
2.201148986816406250e+00
1.768691635131835938e+01
1.060108871459960938e+02
1.982083559036254883e+00
4.606844425201416016e+00
1.993083000183105469e+00
1.045940399169921875e+01
9.438879966735839844e+00
1.070641803741455078e+01
7.486633911132812500e+02
5.608322143554687500e+00
3.443916320800781250e+01
1.384355926513671875e+02
4.340470886230468750e+01
3.364717483520507812e+00
3.203429794311523438e+01
