2.174838632345199585e-01
7.154223322868347168e-01
4.666414558887481689e-01
4.347898438572883606e-02
1.037126660346984863e+00
2.782177925109863281e+00
2.411522716283798218e-01
8.820717781782150269e-02
1.312830924987792969e+00
1.921118795871734619e-01
7.258822917938232422e-01
4.284640550613403320e-01
1.230844110250473022e-01
8.945589512586593628e-02
1.274277865886688232e-01
3.795720934867858887e-01
3.543584644794464111e-01
2.423223704099655151e-01
5.586014315485954285e-02
1.966933757066726685e-01
6.819352507591247559e-01
2.688980996608734131e-01
1.528069734573364258e+00
1.189356669783592224e-01
7.492803096771240234e+00
2.371497005224227905e-01
2.467914223670959473e-01
6.952169537544250488e-01
1.517182588577270508e+00
2.198026895523071289e+00
1.090808361768722534e-01
4.449027404189109802e-02
3.787955045700073242e-01
1.736167192459106445e+00
5.617405101656913757e-02
2.991346418857574463e-01
3.943049535155296326e-02
7.125090807676315308e-02
1.029146835207939148e-01
3.296895325183868408e-01
2.837745428085327148e+00
2.874409914016723633e+00
2.145417332649230957e-01
1.803586006164550781e+00
3.838088512420654297e-01
1.179558753967285156e+00
5.045905113220214844e-01
1.853582710027694702e-01
3.998358920216560364e-02
1.605367302894592285e+00
7.676643729209899902e-01
1.218182221055030823e-01
1.175538420677185059e+00
3.509254157543182373e-01
2.740055024623870850e-01
3.684110566973686218e-02
4.916515573859214783e-02
4.121503829956054688e-01
1.509609222412109375e-01
1.873134255409240723e+00
2.286508232355117798e-01
1.383674621582031250e+00
1.623465269804000854e-01
1.694588810205459595e-01
6.354339718818664551e-01
1.518459081649780273e+00
4.579691886901855469e-01
4.226734340190887451e-01
1.573685765266418457e+00
2.012625694274902344e+00
8.219658397138118744e-03
4.054583311080932617e-01
1.339435130357742310e-01
1.806163430213928223e+00
1.564268946647644043e+00
6.063290834426879883e-01
1.362554281949996948e-01
2.269071787595748901e-01
2.518279850482940674e-01
1.725788712501525879e-01
2.919788062572479248e-01
8.859225362539291382e-02
2.708386182785034180e-01
1.622787714004516602e-01
1.340380758047103882e-01
2.060564607381820679e-01
2.099368721246719360e-02
4.840471446514129639e-01
2.469204217195510864e-01
1.934042945504188538e-02
1.679913103580474854e-01
4.871973097324371338e-01
1.773328483104705811e-01
3.935796022415161133e-01
3.507256209850311279e-01
9.022671580314636230e-01
9.888999909162521362e-02
8.005773425102233887e-01
1.040591821074485779e-01
2.619410157203674316e-01
7.345294356346130371e-01
2.466077059507369995e-01
3.851342201232910156e-02
3.805074393749237061e-01
2.252014428377151489e-01
3.349326848983764648e-01
1.312143355607986450e-01
6.806873679161071777e-01
2.883314847946166992e+00
4.675595462322235107e-01
6.391039490699768066e-02
7.766970396041870117e-01
1.025884032249450684e+00
5.555176138877868652e-01
3.449522554874420166e-01
1.364266425371170044e-01
4.770607948303222656e-01
7.556831836700439453e-02
5.812834575772285461e-02
3.806437849998474121e-01
5.272913351655006409e-02
6.069964408874511719e+00
1.134578943252563477e+00
1.320706605911254883e+00
4.840917512774467468e-02
4.459640011191368103e-02
6.972819566726684570e-02
2.716753259301185608e-02
8.078929781913757324e-01
2.214316427707672119e-01
3.095559775829315186e-01
3.726627826690673828e-01
2.525376342236995697e-02
1.949676126241683960e-01
1.747244596481323242e-01
9.649930894374847412e-02
5.075776204466819763e-02
6.688418388366699219e-01
1.853564083576202393e-01
1.851265668869018555e+00
6.445351839065551758e-01
6.075669527053833008e-01
1.796125888824462891e+00
8.404707908630371094e-01
3.227720558643341064e-01
2.870429456233978271e-01
2.162732332944869995e-01
6.324657201766967773e-01
1.091457724571228027e+00
2.047819793224334717e-01
5.182322859764099121e-02
1.488111376762390137e+00
3.226262032985687256e-01
1.104003861546516418e-01
2.336162030696868896e-01
2.201319038867950439e-01
1.315465569496154785e-01
7.660398483276367188e-01
1.798468083143234253e-01
3.733791783452033997e-02
2.629297971725463867e+00
9.870845824480056763e-02
3.316262364387512207e-01
2.876994609832763672e-01
3.746190667152404785e-01
3.500217199325561523e-01
3.803567588329315186e-01
5.261585116386413574e-01
3.770978450775146484e+00
5.362274497747421265e-02
5.208969712257385254e-01
7.487944960594177246e-01
9.625881910324096680e-02
7.530765235424041748e-02
3.025197684764862061e-01
9.791247844696044922e-01
2.771489620208740234e-01
2.789073288440704346e-01
1.827936768531799316e-01
2.094609498977661133e+00
1.091577634215354919e-01
1.982724547386169434e+00
8.627758026123046875e-01
9.928383678197860718e-02
7.642557621002197266e-01
5.752074122428894043e-01
2.005529105663299561e-01
2.455367147922515869e-01
8.720645308494567871e-01
3.106181919574737549e-01
7.242394089698791504e-01
3.044942319393157959e-01
1.018125414848327637e-01
1.824146062135696411e-01
3.784076869487762451e-01
1.735263764858245850e-01
1.018588066101074219e+00
3.487796187400817871e-01
6.353171169757843018e-02
4.234419763088226318e-01
1.396514624357223511e-01
9.458897262811660767e-02
7.586337327957153320e-01
1.745291650295257568e-01
9.058012962341308594e-01
2.244935184717178345e-02
5.483042076230049133e-02
8.598335266113281250e+00
8.451063930988311768e-02
9.508650749921798706e-02
1.576836556196212769e-01
3.702611625194549561e-01
6.089242920279502869e-02
3.292890191078186035e-01
1.211890578269958496e+00
7.987419366836547852e-01
1.035126328468322754e+00
1.736859828233718872e-01
2.453582175076007843e-02
6.234521269798278809e-01
2.028260827064514160e-01
1.665019541978836060e-01
9.512219578027725220e-02
3.208566606044769287e-01
4.888274520635604858e-02
5.168331265449523926e-01
1.234297379851341248e-01
1.559375643730163574e+00
2.827482223510742188e-01
7.606116682291030884e-02
8.588361740112304688e-02
5.682484507560729980e-01
1.690087467432022095e-01
6.640252470970153809e-01
4.718229472637176514e-01
4.275220036506652832e-01
1.452645957469940186e-01
4.141524806618690491e-02
1.411811858415603638e-01
3.365289866924285889e-01
7.911869883537292480e-01
6.757738441228866577e-02
7.629693299531936646e-02
1.674354374408721924e-01
2.530368864536285400e-01
1.535358875989913940e-01
3.514541685581207275e-01
9.816741943359375000e-02
2.790687978267669678e-01
2.235515415668487549e-01
1.650417298078536987e-01
8.377618789672851562e-01
1.877295374870300293e-01
6.630547046661376953e-01
1.315401643514633179e-01
2.828534245491027832e-01
1.609750390052795410e+00
6.100460886955261230e-02
1.338543742895126343e-01
5.077756047248840332e-01
2.188045233488082886e-01
1.932209134101867676e-01
5.944837331771850586e-01
2.354167550802230835e-01
4.866327643394470215e-01
5.211972594261169434e-01
7.829035520553588867e-01
1.135678529739379883e+00
4.291380569338798523e-02
8.234503120183944702e-02
7.118343114852905273e-01
2.084501385688781738e-01
1.679774373769760132e-01
6.004948541522026062e-02
3.770729899406433105e-01
9.397696703672409058e-02
8.742213994264602661e-02
2.597264945507049561e-01
2.191397398710250854e-01
2.287328243255615234e-01
3.935716450214385986e-01
3.815718591213226318e-01
1.501982659101486206e-01
5.275184288620948792e-02
4.472626373171806335e-02
2.922243177890777588e-01
1.864945054054260254e+00
9.357791543006896973e-01
1.319624930620193481e-01
1.782351583242416382e-01
4.806685447692871094e-02
6.604386866092681885e-02
6.790773272514343262e-01
3.164418041706085205e-02
9.884078055620193481e-02
1.238732188940048218e-01
2.048331350088119507e-01
5.242475122213363647e-02
1.000234633684158325e-01
2.009829878807067871e-01
1.012126326560974121e+00
7.618433237075805664e-01
2.388667613267898560e-01
8.924157619476318359e-01
5.198138356208801270e-01
3.193074464797973633e-01
1.584388613700866699e-01
6.687959432601928711e-01
3.374453783035278320e-01
1.949256509542465210e-01
1.980456709861755371e+00
1.096035003662109375e+00
7.463196516036987305e-01
2.327389717102050781e+00
6.888614296913146973e-01
1.466897130012512207e-01
4.221038892865180969e-02
7.601197361946105957e-01
5.155635625123977661e-02
1.277338117361068726e-01
2.083141803741455078e-01
1.971275806427001953e-01
1.792883276939392090e+00
6.479565143585205078e+00
3.383359909057617188e-01
7.654473185539245605e-01
2.058535516262054443e-01
4.419258236885070801e-01
2.611104249954223633e-01
2.179978191852569580e-01
2.506190910935401917e-02
1.513792514801025391e+00
2.987852990627288818e-01
2.986896932125091553e-01
1.296536177396774292e-01
1.068150773644447327e-01
7.507643699645996094e-01
1.169253885746002197e-01
1.582578122615814209e-01
1.229800224304199219e+00
1.411348581314086914e+00
3.454874455928802490e-02
1.098156273365020752e-01
2.024087667465209961e+00
2.356003373861312866e-01
9.815721213817596436e-02
1.431321740150451660e+00
2.398954480886459351e-01
4.426160752773284912e-01
2.286833971738815308e-01
4.942505657672882080e-01
7.327733188867568970e-02
1.445242296904325485e-02
2.049885243177413940e-01
3.832901716232299805e-01
1.087064072489738464e-01
1.926062703132629395e-01
9.010477662086486816e-01
5.950492620468139648e-01
7.047702074050903320e-01
4.226709902286529541e-01
1.049847304821014404e-01
3.452019691467285156e-01
1.714677959680557251e-01
7.223730087280273438e-01
9.440098702907562256e-02
4.100224673748016357e-01
9.305117279291152954e-02
3.821577131748199463e-01
2.880125492811203003e-02
4.992843270301818848e-01
2.430018484592437744e-01
7.437797784805297852e-01
3.868972659111022949e-01
4.028286337852478027e-01
1.071829646825790405e-01
8.739282488822937012e-01
1.472243785858154297e+00
3.149940371513366699e-01
1.249395124614238739e-02
2.051136195659637451e-01
2.221497446298599243e-01
7.999752163887023926e-01
6.845510005950927734e-01
1.833450049161911011e-01
1.268958687782287598e+00
1.061846971511840820e+00
1.870238929986953735e-01
4.900848865509033203e-01
2.229180485010147095e-01
3.800103962421417236e-01
7.331048846244812012e-01
9.516234695911407471e-02
2.229371786117553711e+00
4.555735588073730469e-01
4.523787498474121094e+00
1.393014669418334961e+00
7.302291989326477051e-01
5.882853642106056213e-02
2.501568198204040527e-01
1.541204690933227539e+00
1.140662479400634766e+01
5.832421302795410156e+00
4.332323968410491943e-01
6.511708259582519531e+00
1.184241199493408203e+01
4.136908054351806641e+00
7.367070913314819336e-01
1.081932449340820312e+01
9.864267110824584961e-01
1.216355705261230469e+01
2.523980617523193359e+00
1.004500508308410645e+00
6.243759393692016602e-01
6.364420652389526367e-01
5.038374900817871094e+00
2.190474510192871094e+00
1.319393277168273926e+00
8.746533989906311035e-01
1.395076274871826172e+00
2.314873218536376953e+00
1.596424102783203125e+00
1.041573143005371094e+01
1.561224579811096191e+00
2.398418426513671875e+01
2.831415176391601562e+00
2.201282978057861328e+00
3.874099493026733398e+00
1.064954185485839844e+01
1.758095169067382812e+01
1.456486463546752930e+00
5.575362443923950195e-01
2.587208032608032227e+00
1.567223453521728516e+01
4.674613773822784424e-01
1.986149668693542480e+00
2.481609284877777100e-01
2.183409631252288818e-01
6.292755007743835449e-01
2.244156837463378906e+00
1.210028648376464844e+01
1.034474086761474609e+01
7.000806331634521484e-01
8.155860900878906250e+00
2.572618961334228516e+00
4.422505378723144531e+00
8.018664360046386719e+00
1.238738536834716797e+00
6.900768876075744629e-01
1.485223579406738281e+01
7.380255699157714844e+00
1.435723304748535156e+00
1.003321456909179688e+01
4.642289161682128906e+00
2.063382625579833984e+00
1.032041832804679871e-01
2.600360512733459473e-01
9.889381527900695801e-01
5.008910894393920898e-01
9.379983901977539062e+00
2.268652200698852539e+00
1.366132640838623047e+01
8.960023522377014160e-01
1.278097271919250488e+00
1.714860320091247559e+00
8.747766494750976562e+00
1.921255707740783691e+00
4.163028240203857422e+00
5.138645648956298828e+00
3.002002143859863281e+01
2.346574142575263977e-02
2.314146995544433594e+00
7.943127155303955078e-01
7.588652133941650391e+00
1.071082496643066406e+01
2.678778648376464844e+00
1.558361411094665527e+00
1.323486685752868652e+00
1.931298851966857910e+00
1.863545417785644531e+00
1.450122594833374023e+00
4.555823504924774170e-01
3.083081245422363281e+00
2.149517774581909180e+00
1.438076496124267578e+00
9.809710383415222168e-01
3.531242609024047852e-01
4.256703376770019531e+00
1.294225454330444336e+00
1.354292184114456177e-01
1.847030520439147949e+00
3.446532726287841797e+00
1.779571175575256348e+00
2.516529083251953125e+00
3.711868762969970703e+00
1.316701889038085938e+01
4.125831127166748047e-01
7.812506198883056641e+00
8.176431655883789062e-01
1.441910982131958008e+00
1.312073707580566406e+00
2.341355085372924805e+00
2.775982618331909180e-01
7.260855674743652344e+00
2.237547159194946289e+00
1.863683700561523438e+00
6.043059229850769043e-01
6.512065887451171875e+00
2.505124282836914062e+01
1.640656828880310059e+00
4.383983314037322998e-01
4.371343135833740234e+00
3.815509796142578125e+00
2.583466291427612305e+00
2.304288148880004883e+00
7.975963950157165527e-01
2.193951129913330078e+00
7.282618284225463867e-01
6.623575091361999512e-01
3.983492136001586914e+00
4.187638461589813232e-01
7.284851074218750000e+01
2.491232299804687500e+01
1.278718852996826172e+01
4.878347516059875488e-01
8.123919367790222168e-01
8.185790777206420898e-01
4.494742751121520996e-01
1.071991729736328125e+01
2.384599447250366211e+00
6.820825338363647461e-01
2.381867647171020508e+00
1.739325076341629028e-01
7.528408765792846680e-01
1.673320055007934570e+00
7.286447286605834961e-01
1.939423829317092896e-01
2.916542768478393555e+00
9.765291213989257812e-01
8.780899047851562500e+00
8.360206604003906250e+00
2.427421331405639648e+00
9.344452857971191406e+00
4.739798545837402344e+00
2.181472063064575195e+00
3.387150764465332031e+00
1.685265421867370605e+00
3.657756805419921875e+00
7.455699920654296875e+00
1.611253619194030762e+00
4.405282437801361084e-01
8.575858116149902344e+00
1.319463968276977539e+00
7.940325140953063965e-01
2.082629442214965820e+00
1.354126334190368652e+00
9.652011990547180176e-01
5.987848281860351562e+00
2.093531370162963867e+00
2.294122725725173950e-01
6.088561058044433594e+00
1.267646312713623047e+00
4.384531497955322266e+00
1.150455474853515625e+00
1.334348320960998535e+00
1.399270892143249512e+00
3.358897686004638672e+00
3.888772726058959961e+00
2.802878189086914062e+01
4.500620663166046143e-01
4.224849224090576172e+00
6.627908706665039062e+00
9.088628888130187988e-01
2.928337752819061279e-01
4.873807430267333984e+00
6.062725543975830078e+00
1.829065799713134766e+00
4.000319004058837891e+00
2.032689332962036133e+00
1.108828353881835938e+01
4.335830509662628174e-01
1.429329490661621094e+01
5.581635475158691406e+00
1.759384125471115112e-01
7.163242816925048828e+00
7.354064941406250000e+00
4.002302885055541992e-01
2.049339771270751953e+00
1.084620285034179688e+01
2.303902864456176758e+00
2.570218086242675781e+00
1.281146526336669922e+00
6.523342728614807129e-01
1.101683974266052246e+00
4.501070499420166016e+00
1.149522781372070312e+00
6.221837520599365234e+00
1.908568739891052246e+00
5.000468492507934570e-01
2.418696641921997070e+00
1.943010210990905762e+00
6.522318124771118164e-01
6.060603618621826172e+00
1.335575222969055176e+00
3.097704648971557617e+00
1.019487380981445312e-01
3.445708453655242920e-01
3.284671783447265625e+01
1.362155199050903320e+00
1.131453752517700195e+00
1.721441388130187988e+00
2.734161376953125000e+00
4.518234431743621826e-01
2.713485956192016602e+00
7.655990123748779297e+00
8.299099922180175781e+00
2.228795051574707031e+00
1.767716050148010254e+00
2.626333236694335938e-01
2.549762010574340820e+00
1.878586649894714355e+00
1.242848515510559082e+00
4.897913336753845215e-01
3.323240995407104492e+00
4.751711487770080566e-01
1.027866077423095703e+01
6.280216574668884277e-01
1.230936336517333984e+01
1.188171863555908203e+00
8.181481957435607910e-01
3.950277566909790039e-01
3.762111425399780273e+00
1.363319158554077148e+00
1.160776138305664062e+01
3.485338211059570312e+00
1.332122445106506348e+00
3.605015575885772705e-01
2.792356014251708984e-01
4.256638288497924805e-01
3.959308624267578125e+00
3.862293720245361328e+00
1.342715382575988770e+00
6.415199637413024902e-01
9.134973883628845215e-01
2.673150062561035156e+00
1.424954295158386230e+00
1.385668039321899414e+00
1.044104218482971191e+00
4.182847023010253906e+00
5.711950659751892090e-01
9.293537139892578125e-01
4.334391593933105469e+00
1.601186633110046387e+00
5.648879051208496094e+00
1.753335952758789062e+00
1.236677527427673340e+00
1.015264034271240234e+01
5.333594083786010742e-01
2.533064782619476318e-01
7.717451572418212891e+00
2.643387079238891602e+00
2.764945268630981445e+00
2.556481122970581055e+00
1.606604456901550293e+00
4.448557853698730469e+00
3.056878566741943359e+00
1.343350696563720703e+01
4.586726188659667969e+00
6.811813712120056152e-01
7.750582695007324219e-01
3.022364377975463867e+00
2.221003770828247070e+00
2.383713483810424805e+00
4.625401198863983154e-01
1.833870649337768555e+00
7.321355342864990234e-01
5.202753543853759766e-01
2.178384780883789062e+00
3.099760293960571289e+00
8.844481706619262695e-01
2.865926980972290039e+00
1.530956149101257324e+00
1.072726488113403320e+00
1.117902040481567383e+00
1.092526391148567200e-01
3.570913314819335938e+00
1.082973480224609375e+01
3.937636137008666992e+00
1.253293514251708984e+00
5.514780879020690918e-01
6.360711455345153809e-01
6.839988827705383301e-01
6.450593471527099609e+00
3.695839941501617432e-01
6.140417456626892090e-01
1.403956532478332520e+00
2.127634048461914062e+00
9.533582329750061035e-01
3.413970768451690674e-01
1.874622702598571777e+00
7.783126354217529297e+00
3.959890127182006836e+00
1.223627328872680664e+00
4.081437587738037109e+00
2.403180360794067383e+00
3.452350378036499023e+00
2.714275836944580078e+00
2.067538499832153320e+00
2.650611639022827148e+00
2.011828660964965820e+00
1.384880065917968750e+01
8.170032501220703125e+00
4.293282032012939453e+00
1.415264987945556641e+01
2.471382379531860352e+00
3.658533990383148193e-01
3.895203471183776855e-01
3.058599472045898438e+00
3.550255596637725830e-01
4.622505009174346924e-01
6.758813858032226562e-01
7.561830282211303711e-01
1.575847148895263672e+01
1.803098678588867188e+01
3.326925754547119141e+00
4.536431312561035156e+00
1.229906678199768066e+00
3.525902748107910156e+00
1.604661703109741211e+00
2.191044569015502930e+00
3.869622945785522461e-01
8.730071067810058594e+00
4.992969512939453125e+00
1.508303880691528320e+00
1.009555220603942871e+00
1.712526559829711914e+00
1.516581249237060547e+01
8.105771541595458984e-01
3.628245592117309570e-01
5.421910285949707031e+00
4.936399459838867188e+00
3.938250541687011719e-01
1.144000530242919922e+00
1.023984336853027344e+01
1.167614817619323730e+00
1.164342999458312988e+00
1.017617130279541016e+01
3.023413181304931641e+00
1.606193780899047852e+00
1.995891571044921875e+00
3.050006628036499023e+00
3.696155548095703125e-01
1.147798448801040649e-01
3.334461688995361328e+00
1.466220855712890625e+00
1.014357924461364746e+00
3.675034046173095703e+00
1.164214611053466797e+01
8.390501022338867188e+00
4.541235923767089844e+00
1.829875588417053223e+00
8.448684811592102051e-01
2.485899209976196289e+00
1.250662088394165039e+00
3.257427930831909180e+00
4.728274047374725342e-01
3.738336086273193359e+00
4.897815287113189697e-01
3.367197990417480469e+00
2.992585003376007080e-01
2.013726949691772461e+00
4.261708736419677734e+00
1.451523494720458984e+01
2.933149814605712891e+00
3.459156274795532227e+00
8.474537134170532227e-01
6.075334072113037109e+00
6.254863739013671875e+00
4.132790565490722656e+00
7.228808850049972534e-02
1.588029265403747559e+00
2.081644773483276367e+00
5.180669307708740234e+00
9.069850921630859375e+00
9.138389825820922852e-01
3.240565061569213867e+00
5.120688915252685547e+00
2.030982971191406250e+00
4.460106372833251953e+00
1.709759712219238281e+00
2.320883035659790039e+00
4.532905578613281250e+00
7.943590879440307617e-01
2.191169166564941406e+01
3.995127439498901367e+00
1.176398849487304688e+01
1.513451004028320312e+01
5.147869110107421875e+00
6.067499518394470215e-01
3.176883220672607422e+00
