6.535299867391586304e-02
5.801592469215393066e-01
4.658371210098266602e-01
2.247767336666584015e-02
9.463752508163452148e-01
1.260521292686462402e+00
1.644767224788665771e-01
3.354202583432197571e-02
8.962340950965881348e-01
1.240947395563125610e-01
5.708650946617126465e-01
2.582373619079589844e-01
6.684724986553192139e-02
4.757368564605712891e-02
7.609926164150238037e-02
2.525054812431335449e-01
1.543730199337005615e-01
1.545220762491226196e-01
6.278103590011596680e-02
7.995583117008209229e-02
1.814594715833663940e-01
3.837968781590461731e-02
1.569255113601684570e+00
6.184509024024009705e-02
8.748651504516601562e+00
8.006622642278671265e-02
1.715400964021682739e-01
3.045737743377685547e-01
4.024694919586181641e+00
1.441841483116149902e+00
2.193962037563323975e-02
1.085922960191965103e-02
4.668210446834564209e-01
1.000964999198913574e+00
1.103567797690629959e-02
6.513362526893615723e-01
4.323824495077133179e-02
4.108334332704544067e-02
1.675911098718643188e-01
2.249308973550796509e-01
5.603264331817626953e+00
6.556979417800903320e-01
1.629070192575454712e-01
2.606774330139160156e+00
5.067995190620422363e-01
1.427433609962463379e+00
1.044016033411026001e-01
5.772411823272705078e-01
2.398638986051082611e-02
1.363418936729431152e+00
4.520041048526763916e-01
5.439876019954681396e-02
1.181652188301086426e+00
5.255163311958312988e-01
5.889045074582099915e-02
2.786501497030258179e-02
1.572615467011928558e-02
5.112085938453674316e-01
6.021082401275634766e-02
2.885668754577636719e+00
1.172454059123992920e-01
2.162936210632324219e+00
1.223090589046478271e-01
1.443618386983871460e-01
4.655090272426605225e-01
1.226934790611267090e+00
3.497112393379211426e-01
2.267651259899139404e-01
4.257682800292968750e+00
2.110584974288940430e+00
1.560924923978745937e-03
1.031716585159301758e+00
3.624007478356361389e-02
4.242430210113525391e+00
1.481313586235046387e+00
5.270438790321350098e-01
4.147473350167274475e-02
4.164433851838111877e-02
1.793619841337203979e-01
1.698119640350341797e-01
4.197609424591064453e-01
4.654453694820404053e-02
1.114532575011253357e-01
2.142736315727233887e-02
4.987936094403266907e-02
3.955858200788497925e-02
4.171646200120449066e-03
9.253845363855361938e-02
1.202787756919860840e+00
6.317138671875000000e-03
6.862922012805938721e-02
1.524221897125244141e-01
1.345460712909698486e-01
1.486544162034988403e-01
1.284304261207580566e-01
1.018766760826110840e+00
1.203390732407569885e-01
2.200022459030151367e+00
4.241829365491867065e-02
2.462729662656784058e-01
6.079410910606384277e-01
6.084404513239860535e-02
2.394117414951324463e-02
3.742386698722839355e-01
1.358255147933959961e-01
4.187004864215850830e-01
1.362457424402236938e-01
5.189123153686523438e-01
3.170388460159301758e+00
4.708787500858306885e-01
3.710888698697090149e-02
5.456852912902832031e-01
1.045776128768920898e+00
5.790427327156066895e-01
4.215179383754730225e-01
1.648124009370803833e-01
3.208530545234680176e-01
6.671399623155593872e-02
6.433892995119094849e-03
1.799463778734207153e-01
2.809968404471874237e-02
8.990951538085937500e+00
1.145430207252502441e+00
1.960585594177246094e+00
8.925789035856723785e-03
3.833504021167755127e-02
2.506541647017002106e-02
8.513945154845714569e-03
2.574989199638366699e-01
1.505538374185562134e-01
1.015876650810241699e+00
5.054244995117187500e-01
8.083762601017951965e-03
3.772487491369247437e-02
7.366619259119033813e-02
1.765300892293453217e-02
7.924959808588027954e-02
6.257513165473937988e-01
1.315580606460571289e-01
1.362913966178894043e+00
2.850407361984252930e-01
2.556691765785217285e-01
6.640474796295166016e+00
9.406168460845947266e-01
1.630060672760009766e+00
1.867010891437530518e-01
3.211409151554107666e-01
4.343082904815673828e-01
6.094416975975036621e-01
8.773379772901535034e-02
4.618141055107116699e-02
2.921357154846191406e+00
4.919838011264801025e-01
1.077035665512084961e-01
2.772754430770874023e-01
1.103253960609436035e-01
5.106509104371070862e-02
3.452073037624359131e-01
2.853684127330780029e-02
1.159061491489410400e-02
2.306872367858886719e+00
7.101773470640182495e-02
2.665726840496063232e-01
2.361696809530258179e-01
1.327511191368103027e+00
2.655251920223236084e-01
3.997862339019775391e-01
4.674892425537109375e-01
8.537439346313476562e+00
1.198231987655162811e-02
3.647471070289611816e-01
1.998748630285263062e-01
4.109104350209236145e-02
8.004351705312728882e-02
4.450704753398895264e-01
1.386073708534240723e+00
1.298844814300537109e-01
1.312875002622604370e-01
2.150850147008895874e-01
2.330730438232421875e+00
1.889878362417221069e-01
1.023595809936523438e+00
3.448983728885650635e-01
4.765332117676734924e-02
1.193798899650573730e+00
4.082597196102142334e-01
2.839783132076263428e-01
2.413483858108520508e-01
4.292846322059631348e-01
2.309075891971588135e-01
4.993248283863067627e-01
3.153632283210754395e-01
4.941656067967414856e-02
1.473375856876373291e-01
3.492196202278137207e-01
6.311826407909393311e-02
4.746160805225372314e-01
2.035074383020401001e-01
1.807421445846557617e-02
4.018918275833129883e-01
6.744567304849624634e-02
2.013796865940093994e-01
5.066225528717041016e-01
8.415643870830535889e-02
7.540928721427917480e-01
2.789468877017498016e-02
5.295358598232269287e-02
2.069680786132812500e+01
3.260802850127220154e-02
2.392061054706573486e-02
7.983361929655075073e-02
1.517606079578399658e-01
1.461253780871629715e-02
2.883312106132507324e-01
5.761542916297912598e-01
2.989433407783508301e-01
4.860274493694305420e-01
5.746185779571533203e-02
7.521954365074634552e-03
1.837253570556640625e+00
8.321519494056701660e-01
9.007983654737472534e-02
4.399649426341056824e-02
1.266001015901565552e-01
4.880563821643590927e-03
5.958045125007629395e-01
4.570819810032844543e-02
2.207107305526733398e+00
2.538914084434509277e-01
3.323881328105926514e-02
5.443172529339790344e-02
1.661682277917861938e-01
3.656653314828872681e-02
3.597389757633209229e-01
1.542179733514785767e-01
1.128239750862121582e+00
1.678255796432495117e-01
1.033066119998693466e-02
1.829523146152496338e-01
1.410329341888427734e-01
5.654937028884887695e-01
2.847272157669067383e-02
4.247971624135971069e-02
8.009891211986541748e-02
3.577975630760192871e-01
1.722900718450546265e-01
4.183301627635955811e-01
5.470092222094535828e-02
1.928950250148773193e-01
2.362930476665496826e-01
1.098306030035018921e-01
7.857893109321594238e-01
3.048116341233253479e-02
1.151511788368225098e+00
1.521115154027938843e-01
1.067889258265495300e-01
3.348219156265258789e+00
5.010753497481346130e-02
2.922097146511077881e-01
1.352624744176864624e-01
1.713579446077346802e-01
3.635513037443161011e-02
3.536258935928344727e-01
2.007819116115570068e-01
1.318414211273193359e-01
6.737006306648254395e-01
7.328008115291595459e-02
1.229238629341125488e+00
1.486034877598285675e-02
1.209072321653366089e-01
3.133648157119750977e+00
2.279376834630966187e-01
2.403345555067062378e-01
3.034328296780586243e-02
1.978912577033042908e-02
8.347150683403015137e-02
6.583697348833084106e-02
1.864030957221984863e-01
5.575519055128097534e-02
3.845383226871490479e-01
7.627326250076293945e-01
3.924930393695831299e-01
1.363398283720016479e-01
2.228580974042415619e-02
1.713519357144832611e-02
2.043564915657043457e-01
2.171641111373901367e+00
9.898870587348937988e-01
4.064329713582992554e-02
1.905523687601089478e-01
3.409743309020996094e-02
2.420125715434551239e-02
3.646419942378997803e-01
3.878923133015632629e-02
6.854593753814697266e-02
2.421069890260696411e-02
5.527916178107261658e-02
3.688851743936538696e-02
3.630037903785705566e-01
2.718525528907775879e-01
1.108196139335632324e+00
9.931160211563110352e-01
2.939405739307403564e-01
2.962094783782958984e+00
3.448842465877532959e-01
1.799610108137130737e-01
7.603146880865097046e-02
2.597609162330627441e-01
6.659408807754516602e-01
3.304151892662048340e-01
2.254755735397338867e+00
1.142854571342468262e+00
1.242507100105285645e+00
2.284590005874633789e+00
1.549030244350433350e-01
2.090992480516433716e-01
2.183832041919231415e-02
9.772376418113708496e-01
1.758928596973419189e-02
7.127566635608673096e-02
1.188437938690185547e-01
1.168597862124443054e-01
1.978920698165893555e+00
6.534326076507568359e+00
1.745813190937042236e-01
1.229176878929138184e+00
9.100582450628280640e-02
2.080921679735183716e-01
2.382041513919830322e-01
3.533215448260307312e-02
1.054586935788393021e-02
4.063487052917480469e+00
2.732709646224975586e-01
2.413679212331771851e-01
4.079632833600044250e-02
2.329780161380767822e-01
3.424917459487915039e-01
7.211799174547195435e-02
1.363682895898818970e-01
1.235141515731811523e+00
4.836323261260986328e-01
4.324036091566085815e-02
5.400584265589714050e-02
4.094216346740722656e+00
5.455638840794563293e-02
2.989285998046398163e-02
2.293152093887329102e+00
9.739302098751068115e-02
4.131685495376586914e-01
2.996712923049926758e-01
3.397661447525024414e-01
3.236697614192962646e-02
3.674116916954517365e-03
7.818505913019180298e-02
2.888606190681457520e-01
3.251559659838676453e-02
3.513192757964134216e-02
1.291338443756103516e+00
1.018554568290710449e+00
3.390323221683502197e-01
4.136161208152770996e-01
9.600345045328140259e-02
1.591573208570480347e-01
5.667317286133766174e-02
6.622390151023864746e-01
1.697348803281784058e-01
1.962001919746398926e-01
5.021037906408309937e-02
4.884760975837707520e-01
8.896571584045886993e-03
3.403296470642089844e-01
4.035050421953201294e-02
1.395663619041442871e+00
2.753986120223999023e-01
5.454897284507751465e-01
1.917211338877677917e-02
2.823404669761657715e-01
8.029322028160095215e-01
1.789344847202301025e-01
1.161431614309549332e-02
2.319591343402862549e-01
6.290235370397567749e-02
1.529229402542114258e+00
1.321911334991455078e+00
1.772670298814773560e-01
1.193199872970581055e+00
5.582057952880859375e+00
6.726475805044174194e-02
8.097591996192932129e-02
1.981027424335479736e-02
1.870334297418594360e-01
8.854104280471801758e-01
1.369343549013137817e-01
8.689211845397949219e+00
9.437061101198196411e-02
8.089908599853515625e+00
6.463071703910827637e-01
4.835692942142486572e-01
3.558679670095443726e-02
1.219810917973518372e-01
1.042571663856506348e+00
3.761159515380859375e+01
2.697065734863281250e+01
8.198892474174499512e-01
1.979771232604980469e+01
1.161309623718261719e+01
1.247111129760742188e+01
1.302908897399902344e+00
3.679449081420898438e+01
7.587103247642517090e-01
3.036595916748046875e+01
7.324836254119873047e+00
1.729551315307617188e+00
6.478263139724731445e-01
2.576561927795410156e+00
3.471124267578125000e+01
4.572280883789062500e+00
6.363474369049072266e+00
1.264039802551269531e+01
1.405026078224182129e+00
2.303845882415771484e+00
7.944037914276123047e-01
1.161840724945068359e+01
3.380166053771972656e+00
5.978766250610351562e+01
1.965270638465881348e+00
8.529653549194335938e+00
5.711005687713623047e+00
1.174541931152343750e+02
3.106780242919921875e+01
1.390782952308654785e+00
1.210888385772705078e+00
5.323707103729248047e+00
8.035509490966796875e+01
4.074174761772155762e-01
1.405459785461425781e+01
6.639556288719177246e-01
3.998947739601135254e-01
1.895745992660522461e+00
4.617555618286132812e+00
1.498703155517578125e+02
4.858016490936279297e+00
1.066663026809692383e+00
1.767849159240722656e+01
3.164646387100219727e+00
2.936704254150390625e+01
7.761408329010009766e+00
8.024548530578613281e+00
1.465604066848754883e+00
2.631547927856445312e+01
1.021932220458984375e+01
3.145277500152587891e+00
1.510056114196777344e+01
3.495587158203125000e+01
3.211395502090454102e+00
2.777448296546936035e-01
3.509316742420196533e-01
1.266146898269653320e+00
5.816084146499633789e-01
1.907741928100585938e+01
7.788466930389404297e+00
4.050439834594726562e+01
1.216604828834533691e+00
3.563055515289306641e+00
1.007945895195007324e+00
2.431906509399414062e+01
3.737496376037597656e+00
1.725937652587890625e+01
2.314834785461425781e+01
1.061450805664062500e+02
2.618249505758285522e-02
9.151451110839843750e+00
6.460453271865844727e-01
5.699507904052734375e+01
5.300942611694335938e+01
4.099870681762695312e+00
1.906643271446228027e+00
9.417037367820739746e-01
5.391241550445556641e+00
4.285638332366943359e+00
5.225636482238769531e+00
6.619424819946289062e-01
3.953949213027954102e+00
1.897274732589721680e+00
3.121792554855346680e+00
1.422866702079772949e+00
8.329096436500549316e-01
4.823693752288818359e+00
7.619334220886230469e+00
2.455393821001052856e-01
2.602158546447753906e+00
4.893617630004882812e+00
1.223063564300537109e+01
2.737441301345825195e+00
4.358438491821289062e+00
2.143053817749023438e+01
6.770021319389343262e-01
6.143302536010742188e+01
1.100508451461791992e+00
3.611512899398803711e+00
1.352060437202453613e+00
1.546746373176574707e+00
3.310224413871765137e-01
6.964656829833984375e+01
5.672307014465332031e+00
7.671416759490966797e+00
1.084728360176086426e+00
5.011016464233398438e+01
8.899021148681640625e+01
1.744677424430847168e+00
3.666726946830749512e-01
8.474087715148925781e+00
1.158001708984375000e+01
4.123615741729736328e+00
6.473416805267333984e+00
2.194136857986450195e+00
3.349257469177246094e+00
1.403011322021484375e+00
6.446539163589477539e-01
7.958013534545898438e+00
1.790952086448669434e+00
3.517349243164062500e+02
1.514491424560546875e+02
2.795595741271972656e+01
7.375903129577636719e-01
6.570949077606201172e+00
4.044193267822265625e+00
1.800751805305480957e+00
3.777218246459960938e+01
5.918203830718994141e+00
2.225030422210693359e+00
1.109242153167724609e+01
1.441698819398880005e-01
5.721232295036315918e-01
1.295327067375183105e+00
4.651892781257629395e-01
1.476752281188964844e+00
7.806944370269775391e+00
5.981514930725097656e+00
2.555667686462402344e+01
3.186732673645019531e+01
1.674277544021606445e+00
5.760244750976562500e+01
1.238311195373535156e+01
2.844430160522460938e+01
9.333809852600097656e+00
2.307380294799804688e+01
6.571788787841796875e+00
1.606952095031738281e+01
5.268529891967773438e+00
1.994677305221557617e+00
6.028112411499023438e+01
2.281965732574462891e+00
1.686218380928039551e+00
1.381115531921386719e+01
2.082764148712158203e+00
7.236534953117370605e-01
5.880293369293212891e+00
1.831742644309997559e+00
7.054621577262878418e-01
3.030407142639160156e+01
7.187317848205566406e+00
1.352991867065429688e+01
2.125167369842529297e+00
6.721496582031250000e+00
2.127299308776855469e+00
4.954993247985839844e+00
1.028071784973144531e+01
2.488286895751953125e+02
4.400823116302490234e-01
1.071010971069335938e+01
1.092362689971923828e+01
2.384040594100952148e+00
6.903418898582458496e-01
4.112387847900390625e+01
1.564684677124023438e+01
2.979611873626708984e+00
7.824343204498291016e+00
7.659961223602294922e+00
3.000880050659179688e+01
9.752686619758605957e-01
3.185214996337890625e+01
1.134867477416992188e+01
4.969177022576332092e-02
2.982585144042968750e+01
3.060632514953613281e+01
8.071252107620239258e-01
3.567307233810424805e+00
3.377552795410156250e+01
6.407746791839599609e+00
1.470863223075866699e+00
5.798274040222167969e+00
1.071684956550598145e+00
5.983956813812255859e+00
1.601719856262207031e+01
6.864609718322753906e-01
3.107147932052612305e+00
1.457883238792419434e+00
1.108816862106323242e+00
3.727374076843261719e+00
7.586512088775634766e+00
3.136741161346435547e+00
7.859318256378173828e+00
2.643297910690307617e+00
1.696362495422363281e+01
2.220912277698516846e-01
2.095497369766235352e+00
1.162682952880859375e+02
4.827405452728271484e+00
3.861025094985961914e+00
3.533131122589111328e+00
4.200913906097412109e+00
4.150310456752777100e-01
4.868143558502197266e+00
3.303474426269531250e+00
9.276826858520507812e+00
1.070186018943786621e+00
5.527633190155029297e+00
3.231647908687591553e-01
1.437534332275390625e+01
4.307611846923828125e+01
1.085109472274780273e+00
7.094027400016784668e-01
7.787586688995361328e+00
7.387799024581909180e-01
9.017531585693359375e+01
1.103032588958740234e+00
1.619187545776367188e+01
1.341950416564941406e+00
1.322345614433288574e+00
5.344448089599609375e-01
6.586131572723388672e+00
9.463725090026855469e-01
3.461974716186523438e+01
2.592833518981933594e+00
5.897565841674804688e+00
6.433558464050292969e-01
5.032266974449157715e-01
4.370711743831634521e-01
3.445546388626098633e+00
8.395899772644042969e+00
2.602075099945068359e+00
1.404578924179077148e+00
1.632754564285278320e+00
1.697680282592773438e+01
3.349832057952880859e+00
6.267713069915771484e+00
8.851542472839355469e-01
1.262187767028808594e+01
1.068311333656311035e+00
1.378509163856506348e+00
8.140830039978027344e+00
1.087425827980041504e+00
2.159368324279785156e+01
4.028046131134033203e+00
1.777926564216613770e+00
2.586275863647460938e+01
1.231458187103271484e+00
1.086701631546020508e+00
1.217068958282470703e+01
2.215939140319824219e+01
4.040798664093017578e+00
3.996652126312255859e+00
7.947664737701416016e+00
1.434889125823974609e+01
1.180939865112304688e+01
1.977825546264648438e+01
2.818400573730468750e+01
1.049228310585021973e+00
7.293477535247802734e+00
4.281175994873046875e+01
1.397018527984619141e+01
3.017849349975585938e+01
8.355690240859985352e-01
1.183222532272338867e+00
2.878763198852539062e+00
1.103518366813659668e+00
8.409919738769531250e+00
4.986407279968261719e+00
2.251509904861450195e+00
5.867591381072998047e+00
3.679588317871093750e+00
3.121760129928588867e+00
1.077476024627685547e+00
1.956637948751449585e-01
5.164947986602783203e+00
3.540061950683593750e+01
7.268459320068359375e+00
1.895132541656494141e+00
1.103154301643371582e+00
1.817551493644714355e+00
1.400874495506286621e+00
4.638688659667968750e+01
1.870671510696411133e+00
1.882570624351501465e+00
1.276389718055725098e+00
3.733052968978881836e+00
6.233605861663818359e+00
1.120141506195068359e+00
8.230582237243652344e+00
2.643507766723632812e+01
2.292959403991699219e+01
2.288083553314208984e+00
1.864123344421386719e+01
4.206609725952148438e+00
6.070313930511474609e+00
1.408777332305908203e+01
3.648858070373535156e+00
1.029618358612060547e+01
1.774281501770019531e+01
3.480486679077148438e+01
6.105033111572265625e+01
5.061484527587890625e+01
1.642558288574218750e+01
1.184272289276123047e+00
6.660065054893493652e-01
5.778807997703552246e-01
6.277830600738525391e+00
8.255547881126403809e-01
4.417835175991058350e-01
7.668045759201049805e-01
8.334810733795166016e-01
1.070676574707031250e+02
2.092342185974121094e+01
2.132497787475585938e+01
1.626235580444335938e+01
1.459602713584899902e+00
1.000309562683105469e+01
6.962556838989257812e+00
3.077419042587280273e+00
9.077071547508239746e-01
5.191996765136718750e+01
4.124978637695312500e+01
3.521579027175903320e+00
3.283939361572265625e+00
1.598480224609375000e+01
5.679843902587890625e+01
3.172921419143676758e+00
4.578579664230346680e-01
1.371785926818847656e+01
1.968681216239929199e+00
2.521725654602050781e+00
2.407425880432128906e+00
3.884292221069335938e+01
1.085775494575500488e+00
2.289416074752807617e+00
5.415056228637695312e+01
7.627644062042236328e+00
8.310777664184570312e+00
5.793910980224609375e+00
6.550640106201171875e+00
2.594004273414611816e-01
1.317833364009857178e-01
5.707088470458984375e+00
3.185316562652587891e+00
1.260173678398132324e+00
5.362388610839843750e+00
4.953045272827148438e+01
8.582154083251953125e+01
9.587902069091796875e+00
3.370777130126953125e+00
1.860265612602233887e+00
4.287049770355224609e+00
3.583599328994750977e+00
9.827183723449707031e+00
2.117498159408569336e+00
1.011030292510986328e+01
7.256325483322143555e-01
4.500061511993408203e+00
3.656769692897796631e-01
3.653531074523925781e+00
5.705689907073974609e+00
2.131558074951171875e+02
4.726950645446777344e+00
9.605611801147460938e+00
8.058466315269470215e-01
4.449703216552734375e+00
2.494603919982910156e+01
1.235238647460937500e+01
2.018270641565322876e-01
2.465851068496704102e+00
3.162701129913330078e+00
1.308014202117919922e+01
5.866389846801757812e+01
1.795966386795043945e+00
9.358111381530761719e+00
5.437637329101562500e+01
2.303280115127563477e+00
3.734868764877319336e+00
1.798973083496093750e+00
5.497612953186035156e+00
1.191604709625244141e+01
6.335783958435058594e+00
4.120968322753906250e+02
5.603913784027099609e+00
3.813470458984375000e+01
7.517781066894531250e+01
2.216238594055175781e+01
2.411203861236572266e+00
1.946897125244140625e+01
