4.242417961359024048e-02
1.709400266408920288e-01
1.103198435157537460e-02
2.315534511581063271e-03
5.226957052946090698e-02
7.545938491821289062e+00
2.717189863324165344e-02
5.195372737944126129e-03
8.024496957659721375e-03
8.297442197799682617e-01
5.564699415117502213e-03
1.998022943735122681e-02
9.254641830921173096e-02
1.488994061946868896e-02
1.706872251816093922e-03
1.544948108494281769e-02
4.910872317850589752e-03
4.118476994335651398e-03
3.923188149929046631e-02
6.310238386504352093e-04
1.910748332738876343e-01
2.795383520424365997e-02
3.612516820430755615e-01
6.926622241735458374e-02
8.679518103599548340e-01
2.683843113481998444e-02
6.544964015483856201e-02
2.500327117741107941e-02
1.211404055356979370e-01
1.134271740913391113e+00
5.314351292327046394e-04
1.920650684041902423e-04
7.933954708278179169e-03
3.087026067078113556e-02
1.041167601943016052e-01
8.633080869913101196e-03
1.101997029036283493e-02
8.649875526316463947e-04
1.111318729817867279e-02
8.570567704737186432e-03
2.980166673660278320e-01
1.045744866132736206e-01
2.005148679018020630e-03
1.661799049377441406e+01
2.190930396318435669e-01
1.044855639338493347e-01
4.821744281798601151e-03
3.071106374263763428e-01
4.910310264676809311e-03
1.450939662754535675e-02
2.885046303272247314e-01
4.521946609020233154e-02
1.383657902479171753e-01
4.555350542068481445e-02
5.526072345674037933e-04
2.197761321440339088e-03
7.386617828160524368e-03
1.750633865594863892e-02
2.781842276453971863e-02
9.623458862304687500e+00
1.579345762729644775e-02
2.204153060913085938e+01
2.139490284025669098e-02
3.779425751417875290e-03
1.992837786674499512e-01
1.850012503564357758e-02
1.968948394060134888e-01
1.036333292722702026e-02
8.198732733726501465e-01
6.918218135833740234e-01
1.910533610498532653e-04
2.303512334823608398e+00
1.131639117375016212e-03
3.378130123019218445e-02
1.092842966318130493e-01
8.365372568368911743e-02
8.927713148295879364e-03
5.947255343198776245e-02
6.364463269710540771e-02
1.329193077981472015e-02
7.485856860876083374e-02
1.972027309238910675e-02
2.363669127225875854e-02
3.689724835567176342e-04
4.079326521605253220e-03
1.790657523088157177e-03
2.898883394664153457e-05
6.090867519378662109e-02
1.120857000350952148e+00
1.440691412426531315e-03
7.427935488522052765e-03
1.284896302968263626e-02
1.401789137162268162e-03
1.324116587638854980e-01
4.502478695940226316e-04
7.964781522750854492e-01
7.705093622207641602e-01
6.671269237995147705e-02
2.013704972341656685e-03
6.764744222164154053e-02
2.678948640823364258e+00
6.648333370685577393e-02
1.228642184287309647e-03
1.910058222711086273e-02
1.181618776172399521e-02
5.921011567115783691e-01
1.539542227983474731e-01
2.000440098345279694e-02
3.525080904364585876e-02
1.149418279528617859e-01
2.190283238887786865e-01
4.694685041904449463e-01
6.080371513962745667e-02
7.758029550313949585e-02
2.432510443031787872e-02
3.969071060419082642e-02
9.087073057889938354e-02
6.359214894473552704e-03
4.337964579463005066e-03
1.087262630462646484e-01
7.844670326448976994e-04
9.378676414489746094e+00
8.133630752563476562e-01
5.017958879470825195e-01
1.687281765043735504e-04
2.363712042570114136e-01
1.689907722175121307e-02
1.164483139291405678e-03
8.448634296655654907e-02
8.028599619865417480e-02
2.375797510147094727e+00
9.333746880292892456e-02
5.830731708556413651e-03
1.458809361793100834e-03
4.091683402657508850e-02
4.520558193325996399e-02
6.723632663488388062e-02
4.546207904815673828e+00
1.834365129470825195e-01
6.144581437110900879e-01
2.924869209527969360e-02
9.997014887630939484e-03
9.019981026649475098e-01
7.502229213714599609e-01
2.676893806457519531e+01
2.937781065702438354e-02
3.959130942821502686e-01
1.009447034448385239e-02
7.949835807085037231e-02
1.608225516974925995e-02
2.900744974613189697e-02
9.651719033718109131e-02
9.471884369850158691e-02
2.135742828249931335e-02
1.059303060173988342e-01
1.703748293220996857e-02
1.414415426552295685e-02
5.309679731726646423e-02
3.729432122781872749e-03
5.832213908433914185e-03
5.963913723826408386e-02
4.911630530841648579e-04
2.198543399572372437e-01
6.334412097930908203e-01
3.615362942218780518e-01
1.248518228530883789e-01
2.253387719392776489e-01
2.266416847705841064e-01
1.376254916191101074e+00
2.831770107150077820e-04
2.759353630244731903e-02
1.532329022884368896e-01
1.029452250804752111e-04
1.954578980803489685e-02
6.528635323047637939e-02
1.908462762832641602e+00
2.348653040826320648e-02
1.567224040627479553e-02
1.716085150837898254e-02
1.504989266395568848e-01
8.669704943895339966e-02
4.112662002444267273e-02
2.099629640579223633e-01
3.496130928397178650e-02
2.836910009384155273e+00
1.367686688899993896e-02
8.324686437845230103e-03
9.408973902463912964e-02
3.529323041439056396e-01
3.499378263950347900e-02
1.938800364732742310e-01
3.687277808785438538e-02
4.049128910992294550e-04
1.246057450771331787e-01
5.743693709373474121e-01
1.717788912355899811e-02
2.782092690467834473e-01
9.813753515481948853e-02
5.919740069657564163e-03
3.074029088020324707e-02
3.783441381528973579e-03
4.721199721097946167e-02
1.625187695026397705e-02
2.720192261040210724e-02
1.256334036588668823e-02
2.095312345772981644e-03
2.440349310636520386e-01
1.699255180358886719e+01
1.063368096947669983e-02
5.318311508744955063e-03
9.148989804089069366e-03
6.418237090110778809e-02
1.962247042683884501e-04
1.044150114059448242e+00
2.570591680705547333e-02
2.766399860382080078e+00
7.776277512311935425e-02
2.334441803395748138e-02
8.171566878445446491e-04
9.061580300331115723e-01
4.081539809703826904e-01
2.001589350402355194e-02
1.642338000237941742e-03
2.563134022057056427e-02
1.904552191263064742e-04
3.583126515150070190e-02
1.107904361560940742e-03
6.162112236022949219e+00
5.003055334091186523e-01
9.139209985733032227e-03
3.143399581313133240e-02
1.090461667627096176e-02
3.447971120476722717e-02
3.098886460065841675e-03
4.563368260860443115e-01
2.365666069090366364e-02
2.720476984977722168e-01
5.034344270825386047e-03
1.439746618270874023e-01
6.767376908101141453e-04
2.530826441943645477e-02
8.297263085842132568e-02
2.632003128528594971e-01
4.314301535487174988e-03
1.018827408552169800e-02
9.619510732591152191e-03
5.200446769595146179e-02
1.105537116527557373e-01
3.857383504509925842e-02
1.777581274509429932e-01
5.409836024045944214e-02
1.945074677467346191e+00
5.793535819975659251e-05
6.467057019472122192e-02
1.533041521906852722e-02
3.414390981197357178e-01
4.964531898498535156e+00
2.132263220846652985e-02
3.694348037242889404e-02
3.042429089546203613e-01
3.498212201520800591e-03
8.315212908200919628e-04
1.311452507972717285e+00
3.111179918050765991e-02
3.884449135512113571e-03
2.508338727056980133e-02
1.673540100455284119e-02
2.021908044815063477e+00
1.290550269186496735e-02
1.038920506834983826e-02
1.859236598014831543e+00
5.705429613590240479e-02
6.560897231101989746e-01
4.399884492158889771e-03
1.658965949900448322e-03
2.622220851480960846e-02
7.312999106943607330e-03
1.329447887837886810e-02
2.947446703910827637e-01
2.554271697998046875e+00
1.847531944513320923e-01
1.337608695030212402e-02
5.721519701182842255e-03
1.906020008027553558e-02
2.035341603914275765e-04
5.047569517046213150e-03
7.893906116485595703e+00
1.617278218269348145e+00
5.124879535287618637e-04
7.203971594572067261e-02
1.466395240277051926e-02
1.235287403687834740e-03
7.031605392694473267e-02
2.677706815302371979e-02
1.217414741404354572e-03
2.532498352229595184e-02
3.579979762434959412e-02
7.574534416198730469e-02
2.954087018966674805e+00
6.098547205328941345e-02
7.037098407745361328e-01
1.245902657508850098e+00
1.022315248847007751e-01
1.163266658782958984e+00
3.139970541000366211e+00
5.760807078331708908e-03
5.210213735699653625e-02
4.335319623351097107e-02
5.880291573703289032e-03
1.232364550232887268e-01
7.004092335700988770e-01
4.299722239375114441e-02
9.677387773990631104e-03
2.636507153511047363e-01
3.246566280722618103e-03
3.918880596756935120e-02
1.113320467993617058e-03
7.026376724243164062e-01
3.750647185370326042e-03
5.017654504626989365e-03
4.647813141345977783e-01
1.682187081314623356e-03
8.880347013473510742e-03
4.579412192106246948e-02
7.793847471475601196e-03
3.142417073249816895e-01
9.174576960504055023e-03
5.348845385015010834e-03
6.622334942221641541e-03
3.137338440865278244e-03
8.328661322593688965e-03
3.195829391479492188e-01
5.447464529424905777e-03
1.241182908415794373e-02
6.544130388647317886e-03
2.358826994895935059e-02
3.980163019150495529e-03
8.623695932328701019e-03
4.599773883819580078e-02
3.737350702285766602e-01
1.260227407328784466e-03
7.719901623204350471e-04
5.222456064075231552e-03
2.673505067825317383e+00
1.688887714408338070e-03
2.172698453068733215e-02
1.630057543516159058e-01
2.363607101142406464e-02
5.632707104086875916e-02
3.217307105660438538e-02
1.066919416189193726e-01
4.712756276130676270e-01
7.819338497938588262e-05
1.681979373097419739e-02
6.389473099261522293e-03
1.537535688839852810e-03
3.183079883456230164e-02
3.602939844131469727e-02
5.609720200300216675e-02
5.568001419305801392e-02
2.191585488617420197e-02
1.408300595358014107e-03
2.089447714388370514e-02
9.037745185196399689e-03
8.954216539859771729e-02
4.400418326258659363e-02
7.884455472230911255e-02
1.943416893482208252e-03
9.928935021162033081e-02
3.536761796567589045e-04
2.784675359725952148e-01
1.922965198755264282e-01
5.175773426890373230e-02
2.073573134839534760e-02
6.965962052345275879e-01
1.581001910381019115e-03
1.217868831008672714e-02
7.144217379391193390e-03
2.660004794597625732e-02
2.577276341617107391e-02
7.763395458459854126e-02
1.626949291676282883e-03
4.605676651000976562e+00
1.292198151350021362e-01
3.120837919414043427e-02
4.147126674652099609e+00
1.200465583801269531e+01
1.349488273262977600e-02
8.214302361011505127e-04
6.297306972555816174e-04
4.529440030455589294e-02
5.813297349959611893e-03
2.032971568405628204e-02
1.112381076812744141e+01
3.039636940229684114e-04
6.516896247863769531e+00
1.266209632158279419e-01
3.880335763096809387e-02
3.757006779778748751e-04
2.669320208951830864e-03
7.587955474853515625e+00
2.096141052246093750e+02
2.391318359375000000e+02
1.308399915695190430e+00
5.869873809814453125e+01
5.730246543884277344e+00
1.174083984375000000e+03
1.660490417480468750e+01
1.386185607910156250e+02
8.472505569458007812e+00
3.203219909667968750e+02
3.284035110473632812e+01
1.721140899658203125e+02
1.280941486358642578e+00
4.074226760864257812e+01
1.715300140380859375e+02
2.527133026123046875e+02
2.436172485351562500e+02
2.521541900634765625e+02
1.144333267211914062e+01
1.266681747436523438e+02
5.922143459320068359e+00
1.122157573699951172e+01
1.055458908081054688e+02
3.559169292449951172e+00
9.824208617210388184e-01
6.331603393554687500e+02
5.003107910156250000e+02
2.690822265625000000e+03
6.232920532226562500e+02
2.014312362670898438e+01
9.223854064941406250e+00
2.742503929138183594e+01
4.507314758300781250e+02
3.271897125244140625e+01
3.091702079772949219e+01
1.823736906051635742e+00
1.033647134900093079e-01
7.691036224365234375e+00
1.859978637695312500e+02
1.465023559570312500e+03
2.783245658874511719e+01
1.395893454551696777e+00
6.123897094726562500e+02
4.577971649169921875e+01
1.319673461914062500e+02
1.270513839721679688e+02
2.960015869140625000e+01
1.204797744750976562e+00
2.048337890625000000e+03
8.614741821289062500e+02
8.531490325927734375e+01
2.291859817504882812e+01
2.482021522521972656e+01
9.877775192260742188e+00
2.017395401000976562e+01
1.029484844207763672e+01
7.066178917884826660e-01
1.692747497558593750e+01
3.783166015625000000e+03
1.263043701171875000e+03
9.367784423828125000e+02
2.285587310791015625e+01
1.204318237304687500e+02
4.413589477539062500e+00
1.645204620361328125e+02
8.657444763183593750e+01
6.659004394531250000e+03
2.610918579101562500e+02
1.162274398803710938e+02
1.550527662038803101e-01
7.916433105468750000e+02
4.425611019134521484e+00
3.822110290527343750e+02
1.085236644744873047e+01
2.238085174560546875e+01
2.981784105300903320e+00
1.603501892089843750e+01
5.415418090820312500e+02
3.075121688842773438e+01
5.419989013671875000e+01
9.055404663085937500e+00
2.229784011840820312e+01
5.621841812133789062e+01
1.082736015319824219e+01
3.557583999633789062e+01
1.899818181991577148e-01
2.308815383911132812e+01
3.719971466064453125e+01
2.975768327713012695e+00
4.192905807495117188e+01
9.203194427490234375e+01
5.653528213500976562e+01
2.759734916687011719e+01
9.480491638183593750e+01
1.193853881835937500e+03
4.005529403686523438e+00
5.381354370117187500e+02
6.452334523200988770e-01
1.500095336914062500e+03
4.230624675750732422e+00
2.675128936767578125e+01
6.767096996307373047e+00
1.665984191894531250e+02
7.499958038330078125e+01
2.930762329101562500e+02
4.098176956176757812e+00
7.759754882812500000e+03
7.127429809570312500e+02
1.646445035934448242e+00
1.458330035209655762e+00
2.776664306640625000e+03
3.085829772949218750e+02
3.285270690917968750e+00
5.570280456542968750e+01
1.634901275634765625e+02
2.482059478759765625e+02
2.654693984985351562e+01
1.753435363769531250e+02
1.298738098144531250e+01
5.675766601562500000e+02
7.702386718750000000e+03
1.248501342773437500e+03
2.506652526855468750e+02
8.403079032897949219e+00
9.942227783203125000e+02
6.680748748779296875e+01
4.145881175994873047e+00
8.689079589843750000e+02
2.458836517333984375e+02
1.284356201171875000e+03
9.157187652587890625e+01
9.927991628646850586e-01
9.508664703369140625e+01
2.770899057388305664e+00
4.340810298919677734e+00
8.408184051513671875e-01
1.394357543945312500e+03
1.088702636718750000e+03
4.546595153808593750e+02
8.931699371337890625e+01
4.230896949768066406e+00
9.503380126953125000e+02
3.461600875854492188e+01
1.304668945312500000e+03
6.564217376708984375e+01
1.472997070312500000e+03
1.799279928207397461e+00
2.493535614013671875e+02
4.209637695312500000e+03
1.085742712020874023e+00
1.222916625976562500e+03
3.822826766967773438e+01
6.723262071609497070e-01
1.922609252929687500e+02
1.174149398803710938e+02
2.587065696716308594e+00
1.489271521568298340e+00
1.187417030334472656e+01
5.270865440368652344e+00
1.632547973632812500e+03
2.763181457519531250e+02
1.886834716796875000e+02
8.601753997802734375e+01
4.065547180175781250e+02
2.173475952148437500e+02
2.481747131347656250e+02
6.438291625976562500e+02
6.187123535156250000e+03
4.128548431396484375e+01
1.497502326965332031e+01
3.675098876953125000e+03
7.386421203613281250e+00
7.979887485504150391e+00
9.577778930664062500e+02
2.254114151000976562e+01
1.495296096801757812e+01
1.334408264160156250e+02
7.597816467285156250e+00
3.946939086914062500e+01
4.091976547241210938e+01
7.338945007324218750e+01
4.553865661621093750e+02
9.190587997436523438e+00
3.340048046875000000e+04
6.901684761047363281e+00
1.323488831520080566e+00
4.933287048339843750e+01
2.000567749023437500e+03
1.039724960327148438e+02
1.584753322601318359e+01
8.347890625000000000e+02
2.004274177551269531e+01
1.314646453857421875e+02
3.533007202148437500e+02
2.632683753967285156e+00
1.896373138427734375e+02
2.601106166839599609e+00
3.053883552551269531e+01
7.462602138519287109e+00
7.628453826904296875e+01
3.602550125122070312e+01
9.523623466491699219e+00
4.735359191894531250e+01
7.481951141357421875e+01
2.633492708206176758e+00
1.963369598388671875e+02
7.332092895507812500e+02
1.413239192962646484e+01
1.528614501953125000e+02
1.999399757385253906e+01
1.488364982604980469e+01
1.233658671379089355e+00
8.341365234375000000e+03
2.183128356933593750e+01
9.805671386718750000e+02
4.783761978149414062e+00
3.221452331542968750e+02
3.205822229385375977e+00
3.454953918457031250e+02
5.980015625000000000e+03
3.625216782093048096e-01
3.395233869552612305e+00
3.010613525390625000e+03
6.935659408569335938e+00
1.459702392578125000e+03
6.579119205474853516e+00
5.471530151367187500e+01
2.087186431884765625e+01
2.225230598449707031e+01
7.055236399173736572e-02
1.755124092102050781e+01
6.350132465362548828e+00
1.516908325195312500e+03
1.427249603271484375e+02
1.820775413513183594e+01
9.139502525329589844e+00
4.122311401367187500e+01
4.139388275146484375e+01
3.229721546173095703e+00
1.230904785156250000e+03
2.035490417480468750e+02
2.199267959594726562e+01
3.386664581298828125e+01
2.661482543945312500e+02
2.539954376220703125e+02
2.688418579101562500e+02
9.912143945693969727e-01
1.860651953125000000e+04
2.161244583129882812e+01
1.259319915771484375e+02
3.511827087402343750e+01
1.076993823051452637e+00
2.414670410156250000e+03
2.436750946044921875e+02
1.088079929351806641e+00
1.758320800781250000e+03
1.005243225097656250e+02
2.213111686706542969e+01
1.030114453125000000e+04
8.079367065429687500e+01
1.518803100585937500e+02
9.796717071533203125e+01
1.336998657226562500e+03
3.964052734375000000e+02
5.699589843750000000e+02
8.974014282226562500e+01
5.855985351562500000e+03
1.422357559204101562e+00
3.708774185180664062e+01
6.302430419921875000e+02
1.365423774719238281e+01
6.803995971679687500e+02
1.762073755264282227e+00
2.425049066543579102e+00
1.515372619628906250e+02
7.332096099853515625e+00
2.080224990844726562e+01
3.609271545410156250e+02
1.663144350051879883e+00
3.242310714721679688e+01
1.723288345336914062e+01
7.401751041412353516e+00
8.899742126464843750e+01
1.865301489830017090e+00
2.187082052230834961e+00
5.372757568359375000e+02
1.748986328125000000e+03
9.491894721984863281e+00
1.982419586181640625e+02
2.798281669616699219e+01
1.669303321838378906e+01
3.903245605468750000e+03
5.997867584228515625e+00
7.083485717773437500e+02
8.797953033447265625e+01
5.105663299560546875e+01
2.095471435546875000e+03
7.816145324707031250e+01
2.946965026855468750e+02
1.548257446289062500e+03
3.054022216796875000e+02
9.584028625488281250e+01
6.396705322265625000e+02
7.765910339355468750e+01
3.451799869537353516e+00
7.880814361572265625e+01
3.904626464843750000e+01
6.875402927398681641e+00
2.010394531250000000e+03
7.438336181640625000e+02
1.895143798828125000e+03
3.625210876464843750e+02
2.439327621459960938e+01
5.139209270477294922e+00
1.005498290061950684e+00
6.301898193359375000e+01
2.673338127136230469e+01
1.295200347900390625e+01
1.931782126426696777e+00
2.650426292419433594e+01
7.586014270782470703e-01
1.346011047363281250e+02
6.112898254394531250e+01
1.724735260009765625e+02
1.554168090820312500e+02
4.694464874267578125e+01
1.221400833129882812e+02
2.338261985778808594e+01
1.474614715576171875e+01
3.370783329010009766e-01
1.479606542968750000e+04
5.011641601562500000e+03
4.188471679687500000e+02
2.780819396972656250e+02
2.266470031738281250e+02
2.046246948242187500e+03
4.304631423950195312e+01
1.070080413818359375e+02
2.629592323303222656e+01
4.341103076934814453e+00
9.726426696777343750e+01
1.929938110351562500e+03
1.453388366699218750e+02
1.567017936706542969e+01
2.616102027893066406e+01
3.041316528320312500e+02
6.304302368164062500e+02
1.882576599121093750e+02
1.377689266204833984e+01
3.156866073608398438e+01
2.409333735704421997e-01
1.721481829881668091e-01
5.207189178466796875e+01
8.520399475097656250e+01
1.070215892791748047e+01
5.145178985595703125e+01
5.381798095703125000e+02
9.756117248535156250e+01
2.410433502197265625e+02
2.123705482482910156e+01
2.814991950988769531e+00
2.778347587585449219e+01
1.028963623046875000e+02
1.763067749023437500e+03
4.457273006439208984e+00
2.088122253417968750e+02
2.361554145812988281e+00
6.435338973999023438e+00
4.598218500614166260e-01
9.361385345458984375e+00
8.805483398437500000e+03
3.599796093750000000e+04
1.424926567077636719e+01
1.326208190917968750e+02
1.598729553222656250e+02
6.898211002349853516e+00
2.858011474609375000e+02
1.225225708007812500e+03
1.202931594848632812e+01
7.741918087005615234e+00
4.768016815185546875e+00
1.257359008789062500e+02
5.272729110717773438e+01
5.302086257934570312e+01
3.896476440429687500e+02
7.000399780273437500e+02
7.945518016815185547e+00
7.529273986816406250e+00
7.420203208923339844e+00
3.667249450683593750e+02
2.415726852416992188e+01
4.929348373413085938e+01
4.955333251953125000e+02
2.878063011169433594e+01
1.942809448242187500e+03
1.660586425781250000e+03
3.760608215332031250e+02
1.972460508346557617e+00
2.795175743103027344e+01
