7.231994718313217163e-02
2.757940590381622314e-01
8.778734132647514343e-03
3.885367885231971741e-03
4.053262993693351746e-02
5.283723831176757812e+00
3.045798279345035553e-02
4.299949388951063156e-03
1.216931920498609543e-02
6.754819154739379883e-01
2.818618714809417725e-02
4.067711904644966125e-02
8.928491920232772827e-02
3.214492276310920715e-02
3.714541671797633171e-03
2.691475674510002136e-02
2.470800885930657387e-03
1.786544173955917358e-02
4.613316804170608521e-02
1.141189248301088810e-03
4.959854856133460999e-02
5.555706471204757690e-02
1.859838515520095825e-01
2.599588595330715179e-02
2.495914936065673828e+00
1.436120085418224335e-02
8.602856844663619995e-02
1.512628048658370972e-01
1.207749620079994202e-01
9.131969213485717773e-01
1.218166784383356571e-03
3.513290430419147015e-04
1.854634098708629608e-02
6.733603030443191528e-02
3.937161341309547424e-02
2.398776821792125702e-02
6.725896615535020828e-03
5.648458609357476234e-04
1.177791319787502289e-02
1.014595106244087219e-02
2.810511589050292969e-01
1.756151318550109863e-01
7.320947479456663132e-03
9.362516403198242188e+00
2.538643479347229004e-01
2.336455583572387695e-01
1.931641995906829834e-02
7.054795026779174805e-01
2.507475903257727623e-03
6.579460948705673218e-02
2.237053364515304565e-01
1.022938415408134460e-01
1.525219231843948364e-01
4.674981907010078430e-02
1.471468480303883553e-03
3.864960744976997375e-03
5.826112814247608185e-03
2.507493272423744202e-02
5.137407034635543823e-02
1.816065979003906250e+01
2.123649604618549347e-02
1.281961631774902344e+01
2.150991000235080719e-02
9.947310201823711395e-03
1.476198285818099976e-01
7.470316439867019653e-02
2.938818037509918213e-01
3.115601837635040283e-02
1.150386214256286621e+00
8.647637367248535156e-01
2.011362521443516016e-04
1.952903866767883301e+00
3.807226894423365593e-03
1.528163999319076538e-01
1.098306030035018921e-01
2.473209798336029053e-02
9.948828257620334625e-03
8.405260741710662842e-02
4.279154911637306213e-02
1.921269670128822327e-02
2.345755398273468018e-01
2.737395837903022766e-02
3.625935688614845276e-02
3.927955694962292910e-04
4.075175616890192032e-03
3.310382831841707230e-03
8.515166700817644596e-05
4.097633436322212219e-02
1.122256875038146973e+00
9.331643814221024513e-04
1.937909610569477081e-02
1.668692007660865784e-02
4.287638235837221146e-03
6.741366535425186157e-02
2.635169075801968575e-03
1.363899111747741699e+00
3.520205616950988770e-01
2.407083362340927124e-01
1.770030357874929905e-03
1.217942088842391968e-01
3.314838409423828125e+00
8.354005962610244751e-02
3.206373425200581551e-03
3.173114359378814697e-02
2.592132613062858582e-02
6.854800581932067871e-01
6.729467213153839111e-02
2.922382019460201263e-02
8.313722163438796997e-02
2.286483943462371826e-01
8.769161999225616455e-02
3.815633654594421387e-01
1.018202900886535645e-01
2.117926776409149170e-01
2.350153028964996338e-02
7.214290648698806763e-02
5.557103827595710754e-02
2.090407349169254303e-02
5.388553254306316376e-03
5.574927479028701782e-02
2.955940552055835724e-03
3.345057296752929688e+01
6.491478681564331055e-01
9.253829121589660645e-01
3.259770164731889963e-04
2.603201568126678467e-01
2.203314751386642456e-02
6.284632836468517780e-04
1.397150605916976929e-01
5.852786451578140259e-02
1.167601585388183594e+00
3.434266895055770874e-02
5.613700486719608307e-03
3.395825857296586037e-03
7.776789367198944092e-02
1.635652780532836914e-02
5.150946974754333496e-02
2.754652738571166992e+00
2.805744409561157227e-01
9.363940358161926270e-01
1.810288615524768829e-02
1.502055581659078598e-02
1.358276128768920898e+00
1.232944607734680176e+00
2.370158958435058594e+01
8.068334311246871948e-02
3.378064334392547607e-01
3.225951269268989563e-02
1.516272723674774170e-01
1.880579628050327301e-02
2.087158896028995514e-02
1.893408447504043579e-01
3.109796643257141113e-01
4.711313545703887939e-02
2.865510582923889160e-01
2.051913551986217499e-02
3.399533405900001526e-02
6.771074980497360229e-02
2.203552750870585442e-03
8.267193101346492767e-03
1.231655478477478027e-01
9.317868971265852451e-04
1.431520134210586548e-01
2.693893909454345703e-01
4.675349891185760498e-01
3.022256493568420410e-01
1.638727933168411255e-01
3.149051666259765625e-01
2.464143991470336914e+00
1.672843471169471741e-03
4.134605079889297485e-02
3.162297904491424561e-01
3.303906123619526625e-04
1.163914240896701813e-02
7.126856595277786255e-02
2.255336284637451172e+00
3.022378124296665192e-02
2.700513601303100586e-02
2.130886539816856384e-02
2.544243633747100830e-01
7.112960517406463623e-02
6.203307956457138062e-02
2.529451847076416016e-01
9.712550044059753418e-02
1.368646621704101562e+00
2.912793867290019989e-02
8.557168766856193542e-03
4.709994047880172729e-02
8.063386082649230957e-01
4.068014398217201233e-02
4.114484786987304688e-01
4.244492948055267334e-02
2.680777106434106827e-04
1.582887768745422363e-01
3.262771368026733398e-01
6.184479594230651855e-02
6.146492958068847656e-01
6.675422191619873047e-02
9.443335235118865967e-03
6.972268968820571899e-02
5.570125766098499298e-03
7.557112723588943481e-02
2.226641960442066193e-02
6.825581938028335571e-02
1.223945524543523788e-02
8.913565427064895630e-03
1.804579645395278931e-01
2.319452285766601562e+01
6.232040002942085266e-03
3.355261404067277908e-03
5.035410635173320770e-03
6.731370091438293457e-02
1.828323001973330975e-04
1.606595039367675781e+00
3.983204811811447144e-02
3.483277559280395508e+00
3.889400064945220947e-01
3.865437954664230347e-02
7.108597783371806145e-04
6.214034557342529297e-01
8.074661493301391602e-01
5.495626945048570633e-03
7.504410576075315475e-03
4.297094419598579407e-02
9.518225851934403181e-05
1.734272688627243042e-01
2.848563482984900475e-03
4.424612045288085938e+00
2.969899475574493408e-01
1.288209669291973114e-02
2.629906870424747467e-02
1.942012645304203033e-02
3.702489659190177917e-02
3.878596704453229904e-03
1.189481988549232483e-01
3.753107041120529175e-02
1.145509406924247742e-01
7.118889596313238144e-03
4.665588736534118652e-01
6.472023087553679943e-04
1.816520839929580688e-01
4.733588546514511108e-02
2.401319742202758789e-01
6.417423952370882034e-03
1.845660991966724396e-02
1.842407509684562683e-02
4.273658618330955505e-02
8.917476236820220947e-02
5.803769826889038086e-02
7.814946025609970093e-02
4.521407559514045715e-02
1.091411709785461426e+00
1.913766900543123484e-04
1.409898400306701660e-01
3.809265419840812683e-02
2.667381763458251953e-01
4.686369895935058594e+00
6.109269708395004272e-02
1.364893745630979538e-02
1.436777263879776001e-01
1.406064908951520920e-02
1.554789836518466473e-03
2.691056251525878906e+00
7.566560059785842896e-02
8.285216055810451508e-03
1.034436523914337158e-01
1.404394488781690598e-02
1.949995517730712891e+00
5.200724117457866669e-03
1.131431479007005692e-02
4.469635009765625000e+00
6.593326479196548462e-02
9.467401504516601562e-01
3.734368365257978439e-03
1.939045963808894157e-03
2.269786782562732697e-02
1.924314536154270172e-02
1.663861982524394989e-02
5.286393165588378906e-01
9.451580047607421875e-01
3.194141387939453125e-01
2.487543784081935883e-02
1.937768980860710144e-02
1.787973381578922272e-02
3.388511249795556068e-04
1.780125685036182404e-02
7.875552654266357422e+00
2.810144901275634766e+00
1.607410609722137451e-03
8.291138708591461182e-02
2.144079469144344330e-02
4.006636794656515121e-03
2.939508855342864990e-01
5.378618836402893066e-02
1.349385245703160763e-03
1.953102648258209229e-02
4.582045227289199829e-02
7.477004081010818481e-02
2.423538208007812500e+00
1.048426032066345215e-01
2.217208147048950195e+00
6.328065395355224609e-01
1.866835355758666992e-01
1.154464364051818848e+00
2.422264575958251953e+00
2.448614314198493958e-02
2.474259026348590851e-02
1.322057247161865234e-01
1.420285180211067200e-02
2.568417489528656006e-01
1.280205249786376953e+00
1.263584494590759277e-01
2.865592949092388153e-02
5.610237121582031250e-01
9.256958961486816406e-03
5.215464532375335693e-02
1.962133916094899178e-03
9.884510636329650879e-01
2.728750230744481087e-03
1.203313563019037247e-02
2.825783193111419678e-01
1.441676169633865356e-03
1.866241171956062317e-02
9.912855923175811768e-02
8.054582402110099792e-03
1.321270823478698730e+00
6.065971218049526215e-03
7.997470907866954803e-03
2.040312066674232483e-02
5.643448792397975922e-03
2.727731596678495407e-03
5.501954555511474609e-01
1.662863418459892273e-02
3.446182981133460999e-02
1.630512438714504242e-02
1.760312169790267944e-02
1.316739805042743683e-02
1.112864539027214050e-02
2.998777106404304504e-02
1.972450464963912964e-01
6.078465376049280167e-03
6.659704376943409443e-04
9.469253942370414734e-03
2.115455865859985352e+00
1.271069282665848732e-03
1.869231462478637695e-02
2.836525440216064453e-01
1.684897691011428833e-01
4.592000693082809448e-02
5.504082143306732178e-02
1.666145026683807373e-01
1.161194071173667908e-01
1.327553036389872432e-04
2.368739061057567596e-02
1.108472514897584915e-02
5.635824985802173615e-03
4.062733054161071777e-02
4.393536224961280823e-02
7.347715646028518677e-02
1.594837009906768799e-01
5.456631258130073547e-02
1.708056894131004810e-03
5.587635561823844910e-02
1.512655802071094513e-02
3.653558790683746338e-01
1.530582178384065628e-02
1.728214919567108154e-01
2.204656135290861130e-03
3.380533456802368164e-01
6.113121635280549526e-04
1.121083274483680725e-01
1.698348820209503174e-01
3.744034767150878906e-01
3.681408986449241638e-02
8.877772688865661621e-01
5.654929671436548233e-03
2.056123688817024231e-02
1.034035068005323410e-02
1.641260087490081787e-02
3.879042714834213257e-02
7.128839194774627686e-02
3.113676095381379128e-03
3.416548252105712891e+00
1.627603322267532349e-01
3.842118754982948303e-02
7.105616569519042969e+00
1.942010879516601562e+01
1.269777212291955948e-02
2.199833048507571220e-03
8.192397071979939938e-04
6.394944339990615845e-02
1.530805509537458420e-02
5.856633558869361877e-02
7.961040496826171875e+00
3.448078641667962074e-04
5.496877670288085938e+00
2.522419393062591553e-01
2.789861150085926056e-02
1.829179353080689907e-03
8.177921175956726074e-03
2.831042861938476562e+01
1.103038101196289062e+02
1.025907516479492188e+02
1.014408469200134277e+00
4.267501831054687500e+01
1.674602985382080078e+00
5.956729736328125000e+02
1.464718532562255859e+01
1.379327087402343750e+02
2.169557571411132812e+01
1.923585815429687500e+02
2.459416961669921875e+01
4.858606719970703125e+01
7.438656687736511230e-01
1.220930290222167969e+01
1.256594238281250000e+02
5.520918655395507812e+01
2.851832580566406250e+02
1.120865859985351562e+02
8.128711700439453125e+00
4.568936538696289062e+01
8.156183242797851562e+00
1.146583271026611328e+01
4.642393112182617188e+01
5.187258243560791016e+00
1.119557738304138184e+00
2.021999511718750000e+02
9.541107788085937500e+02
1.059781860351562500e+03
3.269020080566406250e+02
6.177860260009765625e+00
5.048792839050292969e+00
8.017939567565917969e+00
4.737830200195312500e+02
8.918152809143066406e+00
8.276413917541503906e+00
7.567499876022338867e-01
1.001779213547706604e-01
3.682058811187744141e+00
1.726068878173828125e+02
1.733327880859375000e+03
3.008920478820800781e+01
9.798586368560791016e-01
6.020359497070312500e+02
2.679112434387207031e+01
2.500633239746093750e+02
1.441448211669921875e+02
1.259697341918945312e+01
1.116545557975769043e+00
7.911972045898437500e+02
2.124883575439453125e+02
3.595401000976562500e+01
2.103585624694824219e+01
4.418367385864257812e+01
4.615900039672851562e+00
8.906383514404296875e+00
6.734543800354003906e+00
6.831520795822143555e-01
2.711585044860839844e+01
1.405915649414062500e+03
2.410346069335937500e+02
7.093027343750000000e+02
6.704722404479980469e+00
6.449221038818359375e+01
8.778805732727050781e+00
3.218304061889648438e+01
8.040082550048828125e+01
1.542405273437500000e+03
6.318522338867187500e+02
3.890763473510742188e+01
1.127140000462532043e-01
1.059874343872070312e+02
1.657160878181457520e+00
1.720685577392578125e+02
1.022312355041503906e+01
1.341253566741943359e+01
9.617716073989868164e-01
1.209077644348144531e+01
2.532100219726562500e+02
4.486042404174804688e+01
3.972158813476562500e+01
5.838845252990722656e+00
1.416208362579345703e+01
4.255864715576171875e+01
1.361791324615478516e+01
2.148424530029296875e+01
1.853340566158294678e-01
1.890760993957519531e+01
2.413148498535156250e+01
4.885345935821533203e+00
1.654552841186523438e+01
5.976884841918945312e+01
7.343299865722656250e+01
1.929078292846679688e+01
1.382773895263671875e+02
1.195473327636718750e+02
5.846919536590576172e+00
1.535417114257812500e+03
1.321496367454528809e+00
1.894520263671875000e+02
2.534271240234375000e+00
2.944458198547363281e+01
2.675699472427368164e+00
1.796133270263671875e+02
5.207773971557617188e+01
8.830626678466796875e+01
3.238587617874145508e+00
2.823719726562500000e+03
4.301523132324218750e+02
1.353568315505981445e+00
3.924885988235473633e-01
6.338856201171875000e+02
2.226477661132812500e+02
2.147893190383911133e+00
5.475335311889648438e+01
1.359981842041015625e+02
5.185587310791015625e+01
2.142685508728027344e+01
8.526341247558593750e+01
2.023160171508789062e+01
1.565151824951171875e+02
1.036983496093750000e+04
3.701325683593750000e+02
1.635196838378906250e+02
3.005759716033935547e+00
2.381824035644531250e+02
3.085888671875000000e+01
3.552326679229736328e+00
1.042133300781250000e+03
1.350669708251953125e+02
2.909761047363281250e+02
1.959285354614257812e+01
4.440931677818298340e-01
2.104434394836425781e+01
2.616625785827636719e+00
3.437596559524536133e+00
3.460790634155273438e+00
3.773568420410156250e+02
3.720899353027343750e+02
4.043883056640625000e+02
4.568947219848632812e+01
2.699842453002929688e+00
5.113946533203125000e+02
3.030219268798828125e+01
5.398988647460937500e+02
5.402311706542968750e+01
3.941278991699218750e+02
2.047634601593017578e+00
4.036061859130859375e+01
1.444988281250000000e+03
6.689380407333374023e-01
6.042729492187500000e+02
7.456307983398437500e+01
5.919864773750305176e-01
2.219290161132812500e+02
2.878542709350585938e+01
2.181257486343383789e+00
1.390171408653259277e+00
6.219468116760253906e+00
2.003776073455810547e+00
1.060471923828125000e+03
2.424017028808593750e+02
2.928264770507812500e+02
3.225232696533203125e+01
2.160943756103515625e+02
4.938393020629882812e+01
5.223131942749023438e+01
2.396615142822265625e+02
7.942064208984375000e+02
7.942095756530761719e+00
1.386835098266601562e+01
1.298566040039062500e+03
2.202945709228515625e+00
6.969632625579833984e+00
3.211682128906250000e+02
3.141603088378906250e+01
1.175331306457519531e+01
7.829928588867187500e+01
3.994425773620605469e+00
2.140647697448730469e+01
7.403810977935791016e+00
3.418802261352539062e+01
5.775704345703125000e+02
4.676683425903320312e+00
1.387000878906250000e+04
6.507692337036132812e+00
9.064515233039855957e-01
2.082396316528320312e+01
3.966353759765625000e+02
4.730146026611328125e+01
2.848778247833251953e+00
1.981908264160156250e+02
1.062678909301757812e+01
8.487715911865234375e+01
1.376585845947265625e+02
2.501913070678710938e+00
9.895639801025390625e+01
1.469773650169372559e+00
4.578460216522216797e+00
3.292081356048583984e+00
1.793401908874511719e+01
6.663388729095458984e+00
9.309906959533691406e+00
5.814542770385742188e+01
1.013925857543945312e+02
9.367882013320922852e-01
3.632629013061523438e+01
7.411237792968750000e+02
1.026150131225585938e+01
3.456466293334960938e+01
1.213696384429931641e+01
3.599075317382812500e+00
1.543723225593566895e+00
4.017734130859375000e+03
2.032414054870605469e+01
3.643000488281250000e+02
8.225240707397460938e+00
4.893887634277343750e+02
1.662668466567993164e+00
2.076330871582031250e+02
3.514417236328125000e+03
1.659508049488067627e-01
2.803709030151367188e+00
8.977592773437500000e+02
3.375264167785644531e+00
9.553558959960937500e+02
5.350212097167968750e+00
2.416164016723632812e+01
6.822559356689453125e+00
1.511956882476806641e+01
1.644516438245773315e-01
1.244618701934814453e+01
2.515686273574829102e+00
3.561492919921875000e+02
3.232738494873046875e+01
3.258106613159179688e+01
6.735242843627929688e+00
2.807779502868652344e+01
2.186962127685546875e+01
1.411103844642639160e+00
5.476126708984375000e+02
1.137316131591796875e+02
1.631503486633300781e+01
2.056420516967773438e+01
1.667091979980468750e+02
9.781420135498046875e+01
2.009135131835937500e+02
5.183138251304626465e-01
3.585397705078125000e+03
9.738578796386718750e+00
6.249270248413085938e+01
5.149664306640625000e+01
1.835340142250061035e+00
3.493398437500000000e+02
1.243316726684570312e+02
1.047843456268310547e+00
3.347867431640625000e+02
6.085095596313476562e+01
4.566383361816406250e+00
1.711374511718750000e+03
8.814518737792968750e+01
7.723227691650390625e+01
7.944680786132812500e+01
5.736209106445312500e+02
1.716587219238281250e+02
1.338587036132812500e+02
3.914925003051757812e+01
6.520135498046875000e+02
3.816318213939666748e-01
1.193120479583740234e+01
1.201111328125000000e+03
2.687175369262695312e+01
5.063867187500000000e+02
1.636351704597473145e+00
5.503607988357543945e-01
4.857934951782226562e+01
9.642528533935546875e+00
7.570990562438964844e+00
8.454851531982421875e+01
9.700546264648437500e-01
1.490850257873535156e+01
4.309786796569824219e+00
8.525080680847167969e+00
4.147599411010742188e+01
1.915904641151428223e+00
2.803652763366699219e+00
6.845674438476562500e+02
1.929548950195312500e+03
3.885686635971069336e+00
1.681772766113281250e+02
2.891201019287109375e+01
1.061601352691650391e+01
3.630727783203125000e+03
6.331327915191650391e+00
1.007319946289062500e+02
2.787521171569824219e+01
3.442145538330078125e+01
7.838199462890625000e+02
2.274068260192871094e+01
2.077328033447265625e+02
4.668170471191406250e+02
1.244353408813476562e+02
6.119585418701171875e+01
4.225392150878906250e+02
4.320366668701171875e+01
5.650363922119140625e+00
1.211665878295898438e+02
2.084890747070312500e+01
1.929546928405761719e+01
1.616558593750000000e+03
7.633432006835937500e+02
6.049597167968750000e+02
7.856621093750000000e+02
9.833087921142578125e+00
6.197074890136718750e+00
1.247727870941162109e+00
1.863630867004394531e+01
1.879594993591308594e+01
9.000595092773437500e+00
2.394143104553222656e+00
5.177862644195556641e+00
1.735817790031433105e+00
2.088193969726562500e+02
4.908938980102539062e+01
7.067833709716796875e+01
3.328681335449218750e+02
1.564401912689208984e+01
6.443703460693359375e+01
3.294707870483398438e+01
1.709850692749023438e+01
6.664624214172363281e-01
6.768094726562500000e+03
1.568716674804687500e+03
8.673605346679687500e+01
1.764259338378906250e+02
8.711365509033203125e+01
8.616023559570312500e+02
5.683485031127929688e+01
1.249332046508789062e+01
3.674776077270507812e+01
2.524887323379516602e+00
7.107612609863281250e+01
1.282016967773437500e+03
6.123835754394531250e+01
9.859401702880859375e+00
5.400799751281738281e+00
1.498614654541015625e+02
1.414035400390625000e+03
8.199741363525390625e+01
2.199560165405273438e+01
2.356061363220214844e+01
1.395763009786605835e-01
1.250257492065429688e-01
3.357084655761718750e+01
1.984870719909667969e+01
6.891612052917480469e+00
1.844686698913574219e+01
1.879236602783203125e+02
4.566895675659179688e+01
1.323976440429687500e+02
5.348727226257324219e+00
2.570382595062255859e+00
7.963844299316406250e+00
2.124778175354003906e+01
1.286987426757812500e+03
2.476689338684082031e+00
1.015295486450195312e+02
9.091894626617431641e-01
1.045737743377685547e+01
3.619790077209472656e-01
1.908111381530761719e+01
3.393492187500000000e+03
2.448931835937500000e+04
5.249375820159912109e+00
1.279758377075195312e+02
6.203687286376953125e+01
8.390074729919433594e+00
1.322479248046875000e+02
4.900668945312500000e+02
4.296769142150878906e+00
5.110605239868164062e+00
1.692635726928710938e+01
1.339155883789062500e+02
2.915893173217773438e+01
8.771190643310546875e+00
3.343703308105468750e+02
1.438324340820312500e+03
1.328159904479980469e+01
4.360608100891113281e+00
4.808814525604248047e+00
2.173924713134765625e+02
3.723631620407104492e+00
1.860462951660156250e+01
3.339213256835937500e+02
3.339834213256835938e+01
5.339932250976562500e+02
1.366115478515625000e+03
2.075262908935546875e+02
2.415470838546752930e+00
4.685690307617187500e+01
