2.545158937573432922e-02
8.143249899148941040e-02
6.597828585654497147e-03
1.135757309384644032e-03
4.141960293054580688e-02
5.240229606628417969e+00
1.507699303328990936e-02
2.788652200251817703e-03
5.038753617554903030e-03
4.559616446495056152e-01
4.073704592883586884e-03
1.265259925276041031e-02
4.679726809263229370e-02
8.557279594242572784e-03
9.126514778472483158e-04
1.044936571270227432e-02
2.922823885455727577e-03
2.393679460510611534e-03
1.946327090263366699e-02
4.718500713352113962e-04
1.635715812444686890e-01
2.076283097267150879e-02
2.050140798091888428e-01
4.184706136584281921e-02
5.634087920188903809e-01
1.427857205271720886e-02
3.551458194851875305e-02
1.864812150597572327e-02
9.096179157495498657e-02
8.981389999389648438e-01
3.448402567300945520e-04
1.280868600588291883e-04
6.099838297814130783e-03
1.812397688627243042e-02
6.373623013496398926e-02
4.871549550443887711e-03
7.709171622991561890e-03
5.868512671440839767e-04
7.971287705004215240e-03
4.989194218069314957e-03
2.176302969455718994e-01
5.401653051376342773e-02
1.317052403464913368e-03
1.271806144714355469e+01
1.546299606561660767e-01
6.628832221031188965e-02
3.506754757836461067e-03
2.376874536275863647e-01
3.455033991485834122e-03
8.861582726240158081e-03
1.691198647022247314e-01
2.629605866968631744e-02
8.075651526451110840e-02
2.513588964939117432e-02
3.247993881814181805e-04
1.826187479309737682e-03
3.480292856693267822e-03
1.256392709910869598e-02
1.733460649847984314e-02
6.443000316619873047e+00
9.746189229190349579e-03
1.092310810089111328e+01
1.179074775427579880e-02
2.467920770868659019e-03
9.338049590587615967e-02
1.526142377406358719e-02
1.160928010940551758e-01
6.493024062365293503e-03
5.466106534004211426e-01
4.112946987152099609e-01
1.345699565717950463e-04
1.433537364006042480e+00
8.406336419284343719e-04
2.454952709376811981e-02
9.055045247077941895e-02
4.880505800247192383e-02
5.202435422688722610e-03
4.230619594454765320e-02
3.131570667028427124e-02
1.220046170055866241e-02
4.857505857944488525e-02
1.338979415595531464e-02
1.283468306064605713e-02
2.442896657157689333e-04
1.967935822904109955e-03
1.162704313173890114e-03
2.428741572657600045e-05
3.199268877506256104e-02
7.627445459365844727e-01
1.042709685862064362e-03
4.433221649378538132e-03
7.663676049560308456e-03
9.159050532616674900e-04
7.867881655693054199e-02
3.358136164024472237e-04
5.573081970214843750e-01
6.424689888954162598e-01
4.184159263968467712e-02
1.911849714815616608e-03
5.307736992835998535e-02
1.742684602737426758e+00
4.078889638185501099e-02
8.792562293820083141e-04
1.447695679962635040e-02
1.009217463433742523e-02
3.770497739315032959e-01
7.061757892370223999e-02
1.273926068097352982e-02
2.352400496602058411e-02
7.459560036659240723e-02
1.620504707098007202e-01
3.913246393203735352e-01
4.354441538453102112e-02
4.847035929560661316e-02
1.417014468461275101e-02
2.975400723516941071e-02
6.021849066019058228e-02
4.031374119222164154e-03
2.135907299816608429e-03
7.779871672391891479e-02
4.754510882776230574e-04
6.644396781921386719e+00
5.022069215774536133e-01
3.836611211299896240e-01
1.078492496162652969e-04
1.740874648094177246e-01
7.996925152838230133e-03
7.344814948737621307e-04
6.313280016183853149e-02
6.647059321403503418e-02
1.377536296844482422e+00
6.510053575038909912e-02
3.672903170809149742e-03
8.613314712420105934e-04
3.208212554454803467e-02
2.171681821346282959e-02
4.363534972071647644e-02
2.697018623352050781e+00
1.156921833753585815e-01
4.505265355110168457e-01
1.691618375480175018e-02
6.318361964076757431e-03
5.643715262413024902e-01
5.208135843276977539e-01
2.393560028076171875e+01
1.552745699882507324e-02
2.497998028993606567e-01
6.233210675418376923e-03
4.429477825760841370e-02
8.941354230046272278e-03
2.102781087160110474e-02
6.789278239011764526e-02
6.672928482294082642e-02
1.407653465867042542e-02
5.829698964953422546e-02
1.052457932382822037e-02
1.194445230066776276e-02
3.354644030332565308e-02
1.756118494085967541e-03
3.151133423671126366e-03
4.063080623745918274e-02
2.853272308129817247e-04
1.557159870862960815e-01
4.948657751083374023e-01
2.253138273954391479e-01
8.608677238225936890e-02
1.384791582822799683e-01
1.236757934093475342e-01
7.269739508628845215e-01
2.079564583254978061e-04
2.253337390720844269e-02
7.464879006147384644e-02
6.692834722343832254e-05
1.158849801868200302e-02
4.231845960021018982e-02
1.239891052246093750e+00
1.328109763562679291e-02
9.668964892625808716e-03
8.643168024718761444e-03
7.479020208120346069e-02
5.168596655130386353e-02
3.452385216951370239e-02
1.258047968149185181e-01
2.416093647480010986e-02
1.888430237770080566e+00
8.241491392254829407e-03
4.710562992841005325e-03
4.891379177570343018e-02
2.607727944850921631e-01
1.982077211141586304e-02
1.184296458959579468e-01
1.917719654738903046e-02
3.131077974103391171e-04
8.803220838308334351e-02
3.127165138721466064e-01
1.166469417512416840e-02
1.607613861560821533e-01
5.433671176433563232e-02
2.529719844460487366e-03
1.698487810790538788e-02
2.384494058787822723e-03
3.479557856917381287e-02
9.964727796614170074e-03
1.904590055346488953e-02
7.182308938354253769e-03
1.321059651672840118e-03
1.553793400526046753e-01
1.361524486541748047e+01
6.995239760726690292e-03
2.943233121186494827e-03
6.741195917129516602e-03
3.273396566510200500e-02
1.608737075002864003e-04
6.199807524681091309e-01
1.735515892505645752e-02
2.069144725799560547e+00
4.008464887738227844e-02
1.861625164747238159e-02
4.434837028384208679e-04
4.056910276412963867e-01
2.253268510103225708e-01
1.468885969370603561e-02
1.016880618408322334e-03
1.471787132322788239e-02
1.252686197403818369e-04
2.034472301602363586e-02
6.115605938248336315e-04
3.732742786407470703e+00
3.106999993324279785e-01
5.465797614306211472e-03
1.712033711373806000e-02
7.698533125221729279e-03
2.070601098239421844e-02
1.811508554965257645e-03
2.557384371757507324e-01
1.442702300846576691e-02
1.660393625497817993e-01
3.111415775492787361e-03
7.165214419364929199e-02
4.084536631125956774e-04
2.042002230882644653e-02
6.161493808031082153e-02
1.532139182090759277e-01
2.237065928056836128e-03
7.758909836411476135e-03
7.697839755564928055e-03
2.952314168214797974e-02
7.053810358047485352e-02
2.666721120476722717e-02
1.039387062191963196e-01
3.053590655326843262e-02
1.214929580688476562e+00
3.607725739129818976e-05
3.641923144459724426e-02
1.113769132643938065e-02
1.777159720659255981e-01
2.888576269149780273e+00
1.479434128850698471e-02
1.693294569849967957e-02
2.141676396131515503e-01
2.463337965309619904e-03
4.521137743722647429e-04
8.238859176635742188e-01
1.958734914660453796e-02
2.939941128715872765e-03
1.312999892979860306e-02
1.061177905648946762e-02
1.431048989295959473e+00
7.561133708804845810e-03
8.132876828312873840e-03
1.606253504753112793e+00
3.276567533612251282e-02
4.921480715274810791e-01
3.267844440415501595e-03
1.048485748469829559e-03
1.575967296957969666e-02
5.032734014093875885e-03
8.107070811092853546e-03
1.671731770038604736e-01
2.222813129425048828e+00
1.204596087336540222e-01
8.405663073062896729e-03
3.255625953897833824e-03
1.198185700923204422e-02
1.251840585609897971e-04
3.267079358920454979e-03
5.007573127746582031e+00
9.882357716560363770e-01
2.923198626376688480e-04
5.426105484366416931e-02
9.372013621032238007e-03
8.174368995241820812e-04
4.206592962145805359e-02
1.692340523004531860e-02
7.925038808025419712e-04
1.788381673395633698e-02
1.732479035854339600e-02
3.972922638058662415e-02
1.762101531028747559e+00
3.612556308507919312e-02
4.761204421520233154e-01
1.057975530624389648e+00
6.594935059547424316e-02
7.291379570960998535e-01
1.871793031692504883e+00
4.052313975989818573e-03
3.810383751988410950e-02
2.261022850871086121e-02
5.010207183659076691e-03
9.392544627189636230e-02
5.750354528427124023e-01
2.604200877249240875e-02
5.544281564652919769e-03
1.646510362625122070e-01
1.889538136310875416e-03
2.303864620625972748e-02
6.919075385667383671e-04
4.229998886585235596e-01
2.083165338262915611e-03
2.645154716446995735e-03
2.401944696903228760e-01
1.105207600630819798e-03
6.442390382289886475e-03
2.221877127885818481e-02
6.106648128479719162e-03
1.572749763727188110e-01
6.371024530380964279e-03
2.847749972715973854e-03
5.550659261643886566e-03
1.869001425802707672e-03
4.950243048369884491e-03
2.063088268041610718e-01
3.243357175961136818e-03
7.243388332426548004e-03
4.456967581063508987e-03
1.263080816715955734e-02
2.230431418865919113e-03
4.927354864776134491e-03
3.191044554114341736e-02
2.935255467891693115e-01
8.957335376180708408e-04
5.112309590913355350e-04
3.656644374132156372e-03
1.579533696174621582e+00
1.047536730766296387e-03
1.010222267359495163e-02
9.381376951932907104e-02
1.453032717108726501e-02
3.661642596125602722e-02
2.824892289936542511e-02
6.594771146774291992e-02
2.966926395893096924e-01
5.377418347052298486e-05
1.031941641122102737e-02
3.317438298836350441e-03
8.367408299818634987e-04
1.433693803846836090e-02
1.862352900207042694e-02
3.656769171357154846e-02
4.349600151181221008e-02
1.276858616620302200e-02
1.180597580969333649e-03
1.036135200411081314e-02
4.830495920032262802e-03
6.247710064053535461e-02
2.508741244673728943e-02
5.372440069913864136e-02
1.199143589474260807e-03
5.335402116179466248e-02
2.661884354893118143e-04
2.084770351648330688e-01
8.894614130258560181e-02
2.469562366604804993e-02
1.240086648613214493e-02
4.278484880924224854e-01
8.950551273301243782e-04
8.360337466001510620e-03
4.439489915966987610e-03
1.343495957553386688e-02
1.673914305865764618e-02
5.139924585819244385e-02
9.758028318174183369e-04
2.972560405731201172e+00
7.995776087045669556e-02
2.122073993086814880e-02
3.271478891372680664e+00
7.534149169921875000e+00
8.302150294184684753e-03
6.180743803270161152e-04
4.002838686574250460e-04
2.253976278007030487e-02
3.572326619178056717e-03
1.684981584548950195e-02
6.339588642120361328e+00
2.253768761875107884e-04
3.974055528640747070e+00
5.871212482452392578e-02
3.122094832360744476e-02
3.128433309029787779e-04
1.857541850768029690e-03
5.189734458923339844e+00
1.141685791015625000e+02
2.017546081542968750e+02
7.823624610900878906e-01
5.185580062866210938e+01
3.860712051391601562e+00
6.675946655273437500e+02
8.562964439392089844e+00
7.972969055175781250e+01
5.931574821472167969e+00
2.224826354980468750e+02
2.219862747192382812e+01
9.941521453857421875e+01
7.263793945312500000e-01
2.472210693359375000e+01
1.091605834960937500e+02
1.722232818603515625e+02
1.520465393066406250e+02
1.348978271484375000e+02
8.043210983276367188e+00
1.140746002197265625e+02
4.868862628936767578e+00
6.598316669464111328e+00
7.557829284667968750e+01
2.868872880935668945e+00
7.348500490188598633e-01
3.697815246582031250e+02
3.217606811523437500e+02
2.341431396484375000e+03
4.327255249023437500e+02
1.294388103485107422e+01
5.130403518676757812e+00
1.871142578125000000e+01
3.278536376953125000e+02
1.943921279907226562e+01
1.844408035278320312e+01
1.324243545532226562e+00
6.085705757141113281e-02
5.130627632141113281e+00
1.117502136230468750e+02
1.153717407226562500e+03
1.362134552001953125e+01
9.312795400619506836e-01
4.508355102539062500e+02
3.582072067260742188e+01
7.795163726806640625e+01
9.463915252685546875e+01
2.361552429199218750e+01
1.074900388717651367e+00
1.352208007812500000e+03
4.939317626953125000e+02
5.791471099853515625e+01
1.237314510345458984e+01
1.372087860107421875e+01
5.910335063934326172e+00
1.439500904083251953e+01
5.413533687591552734e+00
4.920603930950164795e-01
1.021170139312744141e+01
2.358631103515625000e+03
8.275074462890625000e+02
5.942309570312500000e+02
1.663374328613281250e+01
6.551868438720703125e+01
2.240269899368286133e+00
1.402470703125000000e+02
4.562366104125976562e+01
4.786248535156250000e+03
1.532951812744140625e+02
8.131098175048828125e+01
8.264999836683273315e-02
5.137498168945312500e+02
3.518334865570068359e+00
3.266628112792968750e+02
9.789646148681640625e+00
1.511370849609375000e+01
2.000907182693481445e+00
9.860200881958007812e+00
2.670322570800781250e+02
2.414579391479492188e+01
3.719253921508789062e+01
6.543818950653076172e+00
1.324718189239501953e+01
3.088463401794433594e+01
5.339163303375244141e+00
2.328838348388671875e+01
1.354528367519378662e-01
1.507262802124023438e+01
2.414649581909179688e+01
2.166374444961547852e+00
2.555463027954101562e+01
5.559088134765625000e+01
2.896710395812988281e+01
1.645309638977050781e+01
7.901106262207031250e+01
9.769650878906250000e+02
3.064868927001953125e+00
3.487979125976562500e+02
6.059983372688293457e-01
1.053966796875000000e+03
2.689410924911499023e+00
1.553179454803466797e+01
4.049042701721191406e+00
1.200869598388671875e+02
4.947468566894531250e+01
1.817713775634765625e+02
2.394983530044555664e+00
5.594084960937500000e+03
5.293565673828125000e+02
1.106867909431457520e+00
1.042779088020324707e+00
2.412998046875000000e+03
2.075910186767578125e+02
1.916300296783447266e+00
3.677836227416992188e+01
1.255555038452148438e+02
1.152411499023437500e+02
1.854581642150878906e+01
8.986894989013671875e+01
9.051935195922851562e+00
3.592436218261718750e+02
5.675577148437500000e+03
7.919627075195312500e+02
1.791313629150390625e+02
5.024295806884765625e+00
7.135992431640625000e+02
3.556238174438476562e+01
2.581905126571655273e+00
5.814177246093750000e+02
1.686358795166015625e+02
7.532464599609375000e+02
8.611965179443359375e+01
7.051092386245727539e-01
6.722046661376953125e+01
2.307663440704345703e+00
2.045896768569946289e+00
5.143386721611022949e-01
8.507088012695312500e+02
5.395995483398437500e+02
2.753607482910156250e+02
4.935163116455078125e+01
3.004910469055175781e+00
7.362309570312500000e+02
2.424541854858398438e+01
1.188280639648437500e+03
3.835397720336914062e+01
8.543732299804687500e+02
1.103738307952880859e+00
1.896985473632812500e+02
2.653426025390625000e+03
7.291501164436340332e-01
7.066644287109375000e+02
2.814714050292968750e+01
5.146026015281677246e-01
1.116088790893554688e+02
7.615148162841796875e+01
2.272926568984985352e+00
1.132278442382812500e+00
6.120398998260498047e+00
2.939264774322509766e+00
1.158195312500000000e+03
1.766724243164062500e+02
1.123884353637695312e+02
6.751912689208984375e+01
2.740826110839843750e+02
1.766859130859375000e+02
1.711500091552734375e+02
3.344210510253906250e+02
4.465343261718750000e+03
3.047442436218261719e+01
1.096445941925048828e+01
2.124544189453125000e+03
4.799612522125244141e+00
5.171219348907470703e+00
4.781954956054687500e+02
1.589738368988037109e+01
7.998531341552734375e+00
9.990844726562500000e+01
4.114637374877929688e+00
1.785847663879394531e+01
2.348575401306152344e+01
5.930581665039062500e+01
3.048795471191406250e+02
6.984084606170654297e+00
2.594109765625000000e+04
5.197393417358398438e+00
6.409741640090942383e-01
3.872076797485351562e+01
1.574921752929687500e+03
5.623946380615234375e+01
9.118966102600097656e+00
5.056604309082031250e+02
1.232191658020019531e+01
7.921810150146484375e+01
2.152044982910156250e+02
1.827015161514282227e+00
1.183449783325195312e+02
1.538646459579467773e+00
1.811859130859375000e+01
3.912479877471923828e+00
4.980339813232421875e+01
2.788421821594238281e+01
5.843696594238281250e+00
4.929653930664062500e+01
4.939908599853515625e+01
1.761210203170776367e+00
1.510263977050781250e+02
5.626183471679687500e+02
8.860510826110839844e+00
9.524665832519531250e+01
1.406054019927978516e+01
8.740903854370117188e+00
8.788459300994873047e-01
7.092577636718750000e+03
1.903706359863281250e+01
7.801195678710937500e+02
3.187149286270141602e+00
2.301336364746093750e+02
1.797683238983154297e+00
1.925021820068359375e+02
3.940832031250000000e+03
2.681363821029663086e-01
2.040655374526977539e+00
2.209461914062500000e+03
3.680109977722167969e+00
8.765667724609375000e+02
3.970272064208984375e+00
3.462043380737304688e+01
1.430457496643066406e+01
1.448087978363037109e+01
3.520645201206207275e-02
1.502817630767822266e+01
4.798778533935546875e+00
8.595427856445312500e+02
1.008678741455078125e+02
1.050432014465332031e+01
6.384546756744384766e+00
2.467217445373535156e+01
2.273311042785644531e+01
2.141638040542602539e+00
9.327139282226562500e+02
1.611542053222656250e+02
1.297801113128662109e+01
1.951870727539062500e+01
1.835598297119140625e+02
1.846509399414062500e+02
1.912071533203125000e+02
6.962226033210754395e-01
1.306419531250000000e+04
1.506225681304931641e+01
7.776701354980468750e+01
2.066662025451660156e+01
6.159063577651977539e-01
1.367231811523437500e+03
1.669337615966796875e+02
9.034931659698486328e-01
1.252875854492187500e+03
6.218498611450195312e+01
1.057517528533935547e+01
7.031781250000000000e+03
5.459492111206054688e+01
9.341390991210937500e+01
5.429281616210937500e+01
9.355838623046875000e+02
3.572071838378906250e+02
3.896718139648437500e+02
6.535287475585937500e+01
4.228798828125000000e+03
8.829631805419921875e-01
3.317994689941406250e+01
5.923112182617187500e+02
8.668085098266601562e+00
4.479305114746093750e+02
1.550933361053466797e+00
1.431234240531921387e+00
8.393528747558593750e+01
4.841786384582519531e+00
1.201865673065185547e+01
2.311031036376953125e+02
1.456199169158935547e+00
2.194302749633789062e+01
1.235437393188476562e+01
4.708064556121826172e+00
6.004029846191406250e+01
8.508309125900268555e-01
1.231026411056518555e+00
3.282409362792968750e+02
8.549278564453125000e+02
4.882726669311523438e+00
1.308033905029296875e+02
1.554086589813232422e+01
1.050046920776367188e+01
2.943350097656250000e+03
3.821539402008056641e+00
4.603320007324218750e+02
7.208567810058593750e+01
3.320597076416015625e+01
1.377965576171875000e+03
4.715469741821289062e+01
1.996631774902343750e+02
9.602848510742187500e+02
2.491251373291015625e+02
6.493663024902343750e+01
3.545484008789062500e+02
4.578141784667968750e+01
2.603375434875488281e+00
5.503846740722656250e+01
2.959435844421386719e+01
5.580863475799560547e+00
1.637912597656250000e+03
5.439481201171875000e+02
1.245720092773437500e+03
2.456912231445312500e+02
1.807157135009765625e+01
2.525099277496337891e+00
5.724647045135498047e-01
4.301058578491210938e+01
1.606259918212890625e+01
8.744889259338378906e+00
1.149151682853698730e+00
1.783370018005371094e+01
4.438127279281616211e-01
1.012658462524414062e+02
3.213423156738281250e+01
1.210753936767578125e+02
1.030645446777343750e+02
3.285178375244140625e+01
6.782325744628906250e+01
1.990325164794921875e+01
1.022083759307861328e+01
2.635539770126342773e-01
9.481825195312500000e+03
3.201698974609375000e+03
2.730121154785156250e+02
2.306029052734375000e+02
1.566199340820312500e+02
1.140819458007812500e+03
3.162595939636230469e+01
6.927141571044921875e+01
1.863482475280761719e+01
3.055268049240112305e+00
6.424172973632812500e+01
1.398113891601562500e+03
1.114932403564453125e+02
1.024887561798095703e+01
1.467630100250244141e+01
1.969321594238281250e+02
4.398540344238281250e+02
1.167632675170898438e+02
1.268127918243408203e+01
1.512851810455322266e+01
1.474948823451995850e-01
1.050160005688667297e-01
3.766176605224609375e+01
3.492625427246093750e+01
4.966773509979248047e+00
2.310461807250976562e+01
3.289808349609375000e+02
6.353662872314453125e+01
2.120462341308593750e+02
1.197482395172119141e+01
2.075696229934692383e+00
1.384005641937255859e+01
7.258699035644531250e+01
1.172137329101562500e+03
3.130585193634033203e+00
1.579103546142578125e+02
1.288851976394653320e+00
3.345728397369384766e+00
2.626903653144836426e-01
6.319607734680175781e+00
4.980661621093750000e+03
2.316575195312500000e+04
9.854041099548339844e+00
1.230915298461914062e+02
1.091321716308593750e+02
5.937201976776123047e+00
1.721754913330078125e+02
6.733756713867187500e+02
8.476182937622070312e+00
5.741404056549072266e+00
2.589010715484619141e+00
7.872296142578125000e+01
3.541872787475585938e+01
4.600770187377929688e+01
2.689980468750000000e+02
5.021791687011718750e+02
4.933425426483154297e+00
5.405399322509765625e+00
4.029311656951904297e+00
2.460010528564453125e+02
1.542069816589355469e+01
4.061663055419921875e+01
3.279579162597656250e+02
1.662646675109863281e+01
1.238017822265625000e+03
1.023367919921875000e+03
2.838056640625000000e+02
1.552772879600524902e+00
2.654966163635253906e+01
