1.140473127365112305e+00
7.761448621749877930e-01
8.347153067588806152e-01
1.326501369476318359e+00
1.778438210487365723e+00
8.120065331459045410e-01
9.494825005531311035e-01
5.426412820816040039e-01
7.593978047370910645e-01
1.452409386634826660e+00
1.133446574211120605e+00
1.002572774887084961e+00
9.767683148384094238e-01
4.621773660182952881e-01
6.614158153533935547e-01
7.670039534568786621e-01
6.213786005973815918e-01
8.646113872528076172e-01
5.363358259201049805e-01
6.206614971160888672e-01
1.384264469146728516e+00
7.309156656265258789e-01
6.597326397895812988e-01
1.297854900360107422e+00
1.569181084632873535e+00
6.534806489944458008e-01
9.946466088294982910e-01
1.692179322242736816e+00
7.289189696311950684e-01
9.958016872406005859e-01
6.374230980873107910e-01
7.443554401397705078e-01
1.163012862205505371e+00
1.420568585395812988e+00
1.079887151718139648e+00
1.047463297843933105e+00
5.910440683364868164e-01
8.599298596382141113e-01
1.041143774986267090e+00
1.197272777557373047e+00
9.196785688400268555e-01
1.472172021865844727e+00
8.900683522224426270e-01
1.779248237609863281e+00
1.462792277336120605e+00
6.216650009155273438e-01
9.831563830375671387e-01
1.264090776443481445e+00
8.541053533554077148e-01
1.524902820587158203e+00
1.080264329910278320e+00
1.028784513473510742e+00
7.352306842803955078e-01
1.361716151237487793e+00
1.312312245368957520e+00
9.625610709190368652e-01
5.342621207237243652e-01
8.611057400703430176e-01
9.577559232711791992e-01
1.278262138366699219e+00
6.798521280288696289e-01
6.230617165565490723e-01
7.302613854408264160e-01
4.585136771202087402e-01
6.666153669357299805e-01
1.625376939773559570e+00
8.292989730834960938e-01
7.280846238136291504e-01
9.697830080986022949e-01
1.313119411468505859e+00
6.947499513626098633e-01
1.119038701057434082e+00
8.064596652984619141e-01
1.437918186187744141e+00
1.909124732017517090e+00
1.290514230728149414e+00
1.150912165641784668e+00
1.228665471076965332e+00
6.706290841102600098e-01
1.027582526206970215e+00
8.479505181312561035e-01
7.646508216857910156e-01
7.220492362976074219e-01
7.627449035644531250e-01
7.082199454307556152e-01
1.048809647560119629e+00
6.054677367210388184e-01
7.745234370231628418e-01
1.104965567588806152e+00
8.659754991531372070e-01
5.458309054374694824e-01
1.415608048439025879e+00
8.553869724273681641e-01
8.196132183074951172e-01
1.039844274520874023e+00
1.408031344413757324e+00
7.426592111587524414e-01
8.635527491569519043e-01
1.383676290512084961e+00
6.232066154479980469e-01
2.704845666885375977e+00
1.054215550422668457e+00
9.437064528465270996e-01
7.204679250717163086e-01
1.330472588539123535e+00
7.798044681549072266e-01
9.006791710853576660e-01
7.494857311248779297e-01
1.976685762405395508e+00
1.450799822807312012e+00
9.229397773742675781e-01
1.726012945175170898e+00
6.938015222549438477e-01
7.028473019599914551e-01
1.612966775894165039e+00
1.140315294265747070e+00
7.473320960998535156e-01
7.902782559394836426e-01
8.727503418922424316e-01
1.078432679176330566e+00
7.450683712959289551e-01
9.898666739463806152e-01
1.030388951301574707e+00
7.732759118080139160e-01
8.081393837928771973e-01
5.211346149444580078e-01
6.178069710731506348e-01
5.869603753089904785e-01
9.173827171325683594e-01
8.364409208297729492e-01
5.697262287139892578e-01
1.007845520973205566e+00
7.344728708267211914e-01
9.743524193763732910e-01
1.643477320671081543e+00
6.472469568252563477e-01
5.407842993736267090e-01
1.549107670783996582e+00
4.998014867305755615e-01
1.045968055725097656e+00
1.801779747009277344e+00
1.618309974670410156e+00
1.448931932449340820e+00
1.310691595077514648e+00
4.546067416667938232e-01
8.579263687133789062e-01
7.707944512367248535e-01
5.884143114089965820e-01
8.415535092353820801e-01
8.739385604858398438e-01
7.063959240913391113e-01
1.341067671775817871e+00
9.337309002876281738e-01
1.910356760025024414e+00
9.854011535644531250e-01
1.093870162963867188e+00
1.213844776153564453e+00
1.219164729118347168e+00
8.605315685272216797e-01
7.070115804672241211e-01
1.241513252258300781e+00
9.794951081275939941e-01
1.257547855377197266e+00
1.467505335807800293e+00
1.094358682632446289e+00
4.545876681804656982e-01
8.296754360198974609e-01
8.012571930885314941e-01
1.144207835197448730e+00
5.906579494476318359e-01
8.631548881530761719e-01
1.301201820373535156e+00
1.060207009315490723e+00
1.068652868270874023e+00
8.431079387664794922e-01
1.353793978691101074e+00
8.015475273132324219e-01
7.852326035499572754e-01
7.447811365127563477e-01
9.298744797706604004e-01
8.157928586006164551e-01
1.093151926994323730e+00
1.001033425331115723e+00
9.786025285720825195e-01
1.425706386566162109e+00
9.592542648315429688e-01
6.956522464752197266e-01
9.239161610603332520e-01
1.279466748237609863e+00
1.075876712799072266e+00
1.053761959075927734e+00
1.023785829544067383e+00
8.336297273635864258e-01
1.226330041885375977e+00
7.752000093460083008e-01
6.954480409622192383e-01
1.085068106651306152e+00
1.091218709945678711e+00
4.546240270137786865e-01
8.231197595596313477e-01
7.579233646392822266e-01
1.217394590377807617e+00
1.179045915603637695e+00
1.176535725593566895e+00
6.756536960601806641e-01
7.145774364471435547e-01
5.414063930511474609e-01
1.303931236267089844e+00
6.404671669006347656e-01
6.869175434112548828e-01
6.110802292823791504e-01
4.829127788543701172e-01
4.936335682868957520e-01
7.611008286476135254e-01
1.179373741149902344e+00
1.080140709877014160e+00
8.920917510986328125e-01
1.231123805046081543e+00
5.841928720474243164e-01
6.303966641426086426e-01
9.627971649169921875e-01
5.990768671035766602e-01
6.565558910369873047e-01
1.468103408813476562e+00
6.176208257675170898e-01
9.405990242958068848e-01
6.276512145996093750e-01
1.129153251647949219e+00
1.367761731147766113e+00
9.998322725296020508e-01
4.183488786220550537e-01
1.250729203224182129e+00
1.096252083778381348e+00
8.320667743682861328e-01
1.028004050254821777e+00
9.347499608993530273e-01
4.469161033630371094e-01
6.316390037536621094e-01
8.842164874076843262e-01
1.112513661384582520e+00
7.987742424011230469e-01
7.862319350242614746e-01
7.993586063385009766e-01
6.213045716285705566e-01
9.936709403991699219e-01
8.112919926643371582e-01
8.012629747390747070e-01
1.007775425910949707e+00
8.097483515739440918e-01
5.324390530586242676e-01
7.135940790176391602e-01
1.254590034484863281e+00
4.547212421894073486e-01
6.950591802597045898e-01
1.772767186164855957e+00
1.026954293251037598e+00
1.568381667137145996e+00
8.433867692947387695e-01
5.590268373489379883e-01
1.207135558128356934e+00
7.011700868606567383e-01
7.388487458229064941e-01
1.337622880935668945e+00
6.648329496383666992e-01
1.891628265380859375e+00
1.067969918251037598e+00
9.199436306953430176e-01
1.180760979652404785e+00
3.759855926036834717e-01
1.178188204765319824e+00
6.298864483833312988e-01
9.849891066551208496e-01
3.579019606113433838e-01
1.135903358459472656e+00
9.997129440307617188e-01
1.190215945243835449e+00
4.406586587429046631e-01
4.896603822708129883e-01
1.089642524719238281e+00
1.652565956115722656e+00
6.698080301284790039e-01
1.369755864143371582e+00
7.603502869606018066e-01
6.828308701515197754e-01
3.155057430267333984e-01
8.523750901222229004e-01
1.048780441284179688e+00
9.216395616531372070e-01
3.539343476295471191e-01
1.747712373733520508e+00
8.691045045852661133e-01
1.075796723365783691e+00
9.070419073104858398e-01
9.138163328170776367e-01
4.176321625709533691e-01
9.583346843719482422e-01
7.950814962387084961e-01
8.917751312255859375e-01
6.500762104988098145e-01
6.333764195442199707e-01
1.070476531982421875e+00
1.276824474334716797e+00
1.053902387619018555e+00
8.020177483558654785e-01
1.535472750663757324e+00
1.726113915443420410e+00
1.022687911987304688e+00
7.939779162406921387e-01
1.118803977966308594e+00
6.470268368721008301e-01
1.484403610229492188e+00
9.021149277687072754e-01
1.257153630256652832e+00
8.112446665763854980e-01
1.232923865318298340e+00
6.345187425613403320e-01
7.515950798988342285e-01
6.216846704483032227e-01
6.840851306915283203e-01
5.944973230361938477e-01
9.095718264579772949e-01
7.131462097167968750e-01
1.091439366340637207e+00
1.627081155776977539e+00
6.460602879524230957e-01
1.613119840621948242e+00
9.200782775878906250e-01
6.901447176933288574e-01
9.247842431068420410e-01
8.558312654495239258e-01
7.273214459419250488e-01
8.638144135475158691e-01
8.454685211181640625e-01
1.447462558746337891e+00
6.898627877235412598e-01
5.392692089080810547e-01
6.997894644737243652e-01
1.079030990600585938e+00
9.721536636352539062e-01
1.676168441772460938e+00
1.155760169029235840e+00
9.743796586990356445e-01
1.024986624717712402e+00
1.142673015594482422e+00
6.982570290565490723e-01
6.799373030662536621e-01
9.810889363288879395e-01
1.021735668182373047e+00
1.023563742637634277e+00
9.953796267509460449e-01
2.390311717987060547e+00
7.131955623626708984e-01
7.225651144981384277e-01
1.205532908439636230e+00
9.916058182716369629e-01
9.783495068550109863e-01
4.454070925712585449e-01
1.698462605476379395e+00
8.433102965354919434e-01
1.118080139160156250e+00
7.109799981117248535e-01
1.272500872611999512e+00
3.956423997879028320e-01
9.567540884017944336e-01
1.014555573463439941e+00
7.158675193786621094e-01
1.863911628723144531e+00
4.967952370643615723e-01
7.229396104812622070e-01
4.834176003932952881e-01
1.218095541000366211e+00
8.423712849617004395e-01
7.334367632865905762e-01
7.975225448608398438e-01
1.081460595130920410e+00
1.164253115653991699e+00
9.797334074974060059e-01
9.186872243881225586e-01
1.054330587387084961e+00
5.638033747673034668e-01
1.107016921043395996e+00
7.303529977798461914e-01
8.916339874267578125e-01
1.403855681419372559e+00
1.244781374931335449e+00
1.507377743721008301e+00
8.159807920455932617e-01
8.838780522346496582e-01
1.167357206344604492e+00
9.566571712493896484e-01
1.000938415527343750e+00
9.243031144142150879e-01
1.793213248252868652e+00
6.977251172065734863e-01
8.816723227500915527e-01
1.019445180892944336e+00
8.862025141716003418e-01
1.591920852661132812e+00
7.742782831192016602e-01
1.271688342094421387e+00
1.399593710899353027e+00
9.650696516036987305e-01
1.068036675453186035e+00
1.704316258430480957e+00
2.197278261184692383e+00
9.764543771743774414e-01
1.160132646560668945e+00
6.739026904106140137e-01
9.350687861442565918e-01
1.738879561424255371e+00
1.432406306266784668e+00
1.198278188705444336e+00
1.223252892494201660e+00
5.600681900978088379e-01
7.738382220268249512e-01
9.509448409080505371e-01
7.693455815315246582e-01
1.062191486358642578e+00
6.695988178253173828e-01
7.580307722091674805e-01
1.614789962768554688e+00
8.840460181236267090e-01
8.200870752334594727e-01
1.588111639022827148e+00
1.844135522842407227e+00
8.192202448844909668e-01
1.219267129898071289e+00
2.022819995880126953e+00
9.018316864967346191e-01
1.196629762649536133e+00
8.063428401947021484e-01
9.060606360435485840e-01
1.386888265609741211e+00
1.671673774719238281e+00
1.319660902023315430e+00
1.308242678642272949e+00
7.082833051681518555e-01
1.045426964759826660e+00
1.292104482650756836e+00
1.452542781829833984e+00
1.103758096694946289e+00
1.839271306991577148e+00
1.073131680488586426e+00
2.092151165008544922e+00
1.775579214096069336e+00
7.248692512512207031e-01
1.218232870101928711e+00
1.514194607734680176e+00
1.080183029174804688e+00
1.848911046981811523e+00
1.363427281379699707e+00
1.284358143806457520e+00
9.259818792343139648e-01
1.686276078224182129e+00
1.601695299148559570e+00
1.143914461135864258e+00
6.196898818016052246e-01
1.015934944152832031e+00
1.078784346580505371e+00
1.569517612457275391e+00
8.206170797348022461e-01
7.797989845275878906e-01
8.949946761131286621e-01
5.439454913139343262e-01
7.998679280281066895e-01
1.921488881111145020e+00
9.907919764518737793e-01
9.000937938690185547e-01
1.178132176399230957e+00
1.622667074203491211e+00
8.315283656120300293e-01
1.371126890182495117e+00
9.727228283882141113e-01
1.662092447280883789e+00
2.305956602096557617e+00
1.522779345512390137e+00
1.408685922622680664e+00
1.444564461708068848e+00
8.237576484680175781e-01
1.270775675773620605e+00
1.040159344673156738e+00
9.347234368324279785e-01
8.988305330276489258e-01
9.457682371139526367e-01
8.694977164268493652e-01
1.271516799926757812e+00
7.560249567031860352e-01
9.717442393302917480e-01
1.370633125305175781e+00
1.047647118568420410e+00
6.825376152992248535e-01
1.736140727996826172e+00
1.065959811210632324e+00
9.735358357429504395e-01
1.301759123802185059e+00
1.753956317901611328e+00
9.132583141326904297e-01
1.079212665557861328e+00
1.692859411239624023e+00
7.467681169509887695e-01
3.131545305252075195e+00
1.294501185417175293e+00
1.132009506225585938e+00
9.376768469810485840e-01
1.702134132385253906e+00
9.448477625846862793e-01
1.095126271247863770e+00
9.243443012237548828e-01
2.466326475143432617e+00
1.710244059562683105e+00
1.116383552551269531e+00
2.055695772171020508e+00
8.242676854133605957e-01
8.579605817794799805e-01
1.968723177909851074e+00
1.406283855438232422e+00
9.036467671394348145e-01
9.758088588714599609e-01
1.091067194938659668e+00
1.288875937461853027e+00
8.883114457130432129e-01
1.228177189826965332e+00
1.299827337265014648e+00
9.473435282707214355e-01
1.006667256355285645e+00
6.351544260978698730e-01
7.444017529487609863e-01
7.184954285621643066e-01
1.125322937965393066e+00
1.066783428192138672e+00
6.611636877059936523e-01
1.244289278984069824e+00
8.852987289428710938e-01
1.193250894546508789e+00
2.026260852813720703e+00
8.047045469284057617e-01
6.234419345855712891e-01
1.891346454620361328e+00
6.021813750267028809e-01
1.235787510871887207e+00
2.223155260086059570e+00
1.885026931762695312e+00
1.728078246116638184e+00
1.560024023056030273e+00
5.391734838485717773e-01
1.052958130836486816e+00
8.927972316741943359e-01
7.014861702919006348e-01
1.018633604049682617e+00
1.051210045814514160e+00
8.463324904441833496e-01
1.637014269828796387e+00
1.158119678497314453e+00
2.352543830871582031e+00
1.204905390739440918e+00
1.347155928611755371e+00
1.574203133583068848e+00
1.436372399330139160e+00
1.041334271430969238e+00
8.787103295326232910e-01
1.472324967384338379e+00
1.226979613304138184e+00
1.573327779769897461e+00
1.798181533813476562e+00
1.347460150718688965e+00
5.577051639556884766e-01
1.014924883842468262e+00
9.673909544944763184e-01
1.376374483108520508e+00
7.240680456161499023e-01
1.095953702926635742e+00
1.576688885688781738e+00
1.274835109710693359e+00
1.282474637031555176e+00
1.053831934928894043e+00
1.651070117950439453e+00
1.003994703292846680e+00
9.849117398262023926e-01
9.433375597000122070e-01
1.126135945320129395e+00
9.343453645706176758e-01
1.316018700599670410e+00
1.224051833152770996e+00
1.186272859573364258e+00
1.748825788497924805e+00
1.172741532325744629e+00
8.189356923103332520e-01
1.132813930511474609e+00
1.634818434715270996e+00
1.293490171432495117e+00
1.266957283020019531e+00
1.214302301406860352e+00
1.007774710655212402e+00
1.456906795501708984e+00
9.166821837425231934e-01
8.703657984733581543e-01
1.343307733535766602e+00
1.367742419242858887e+00
5.549629926681518555e-01
9.692726135253906250e-01
9.544257521629333496e-01
1.438673496246337891e+00
1.439293384552001953e+00
1.412278294563293457e+00
7.847074270248413086e-01
8.733929395675659180e-01
6.475322246551513672e-01
1.543833613395690918e+00
7.821785211563110352e-01
8.430669307708740234e-01
7.319012880325317383e-01
6.043310761451721191e-01
5.896528363227844238e-01
9.196110367774963379e-01
1.440496563911437988e+00
1.317480802536010742e+00
1.054568290710449219e+00
1.504199504852294922e+00
7.236537337303161621e-01
7.440564632415771484e-01
1.158603549003601074e+00
7.523879408836364746e-01
7.992320060729980469e-01
1.795930266380310059e+00
7.463008165359497070e-01
1.160529494285583496e+00
7.773260474205017090e-01
1.359715223312377930e+00
1.617659330368041992e+00
1.288363814353942871e+00
4.982947707176208496e-01
1.491303563117980957e+00
1.348230004310607910e+00
1.031643986701965332e+00
1.268652796745300293e+00
1.143576979637145996e+00
5.122299790382385254e-01
7.562527656555175781e-01
1.044004201889038086e+00
1.374809503555297852e+00
9.518072605133056641e-01
9.897791743278503418e-01
9.832979440689086914e-01
7.651176452636718750e-01
1.208896636962890625e+00
1.017727136611938477e+00
9.546368122100830078e-01
1.241495490074157715e+00
9.979574084281921387e-01
6.560642719268798828e-01
8.908611536026000977e-01
1.553859114646911621e+00
5.736846923828125000e-01
8.966594934463500977e-01
2.267424345016479492e+00
1.187959313392639160e+00
1.906657814979553223e+00
1.024753689765930176e+00
6.482112407684326172e-01
1.505079627037048340e+00
8.636135458946228027e-01
9.092500805854797363e-01
1.648937344551086426e+00
7.790502905845642090e-01
2.276562452316284180e+00
1.312245965003967285e+00
1.164883494377136230e+00
1.396794080734252930e+00
4.736940264701843262e-01
1.409124374389648438e+00
7.665809392929077148e-01
1.245270609855651855e+00
4.479032754898071289e-01
1.407180190086364746e+00
1.180638074874877930e+00
1.456235289573669434e+00
5.331909060478210449e-01
5.817050337791442871e-01
1.364297151565551758e+00
1.942834496498107910e+00
8.133712410926818848e-01
1.656482696533203125e+00
9.304830431938171387e-01
8.760225772857666016e-01
3.632195591926574707e-01
1.065090656280517578e+00
1.254555940628051758e+00
1.074942588806152344e+00
4.333072006702423096e-01
2.039358615875244141e+00
1.069178342819213867e+00
1.339917421340942383e+00
1.078547358512878418e+00
1.103578567504882812e+00
4.971744716167449951e-01
1.173870086669921875e+00
9.580816030502319336e-01
1.099921941757202148e+00
7.962087988853454590e-01
7.846639156341552734e-01
1.278830051422119141e+00
1.565575480461120605e+00
1.249767303466796875e+00
9.744665026664733887e-01
1.855740666389465332e+00
2.145795583724975586e+00
1.331233143806457520e+00
9.820524454116821289e-01
1.432818412780761719e+00
7.555574178695678711e-01
1.795559167861938477e+00
1.064744710922241211e+00
1.502306342124938965e+00
1.001153945922851562e+00
1.509697437286376953e+00
7.483606934547424316e-01
9.335292577743530273e-01
7.348561882972717285e-01
8.382409811019897461e-01
7.347356081008911133e-01
1.089049696922302246e+00
8.765089511871337891e-01
1.339414119720458984e+00
1.899193406105041504e+00
7.765982151031494141e-01
1.952808499336242676e+00
1.116998434066772461e+00
8.459915518760681152e-01
1.112100005149841309e+00
1.045568943023681641e+00
8.725255131721496582e-01
1.061545848846435547e+00
1.033666253089904785e+00
1.754030823707580566e+00
8.164432048797607422e-01
6.648340821266174316e-01
8.757480978965759277e-01
1.328106045722961426e+00
1.164539694786071777e+00
1.997331976890563965e+00
1.380336284637451172e+00
1.197863459587097168e+00
1.264077305793762207e+00
1.389313817024230957e+00
8.184045553207397461e-01
8.516960144042968750e-01
1.193887710571289062e+00
1.239899635314941406e+00
1.174674987792968750e+00
1.193695425987243652e+00
2.773514509201049805e+00
8.510590195655822754e-01
8.838679194450378418e-01
1.541873097419738770e+00
1.171644449234008789e+00
1.202500462532043457e+00
5.452927947044372559e-01
2.157860517501831055e+00
1.054490923881530762e+00
1.353400349617004395e+00
8.522461652755737305e-01
1.574452757835388184e+00
4.900756478309631348e-01
1.188991785049438477e+00
1.204178929328918457e+00
8.772763013839721680e-01
2.277708053588867188e+00
6.208327412605285645e-01
8.987979888916015625e-01
5.959032773971557617e-01
1.462357282638549805e+00
1.071887969970703125e+00
9.166213274002075195e-01
1.007669806480407715e+00
1.361608386039733887e+00
1.427641391754150391e+00
1.180029630661010742e+00
1.106473684310913086e+00
1.286942720413208008e+00
6.883493065834045410e-01
1.382116198539733887e+00
8.922382593154907227e-01
1.085355281829833984e+00
1.735729455947875977e+00
1.466700792312622070e+00
1.756457448005676270e+00
9.863373637199401855e-01
1.095410227775573730e+00
1.406523466110229492e+00
1.169466376304626465e+00
1.234111070632934570e+00
1.129048585891723633e+00
2.207732200622558594e+00
8.397545814514160156e-01
1.120074868202209473e+00
1.235385179519653320e+00
1.063559532165527344e+00
1.940836429595947266e+00
9.477965831756591797e-01
1.573609352111816406e+00
