7.053153961896896362e-02
6.156025528907775879e-01
4.031846821308135986e-01
2.827304974198341370e-02
1.003188848495483398e+00
1.844923257827758789e+00
1.343666166067123413e-01
3.356324881315231323e-02
1.276490688323974609e+00
1.101587042212486267e-01
5.576634407043457031e-01
2.646792232990264893e-01
6.147987768054008484e-02
4.814036935567855835e-02
7.140427082777023315e-02
2.537631988525390625e-01
2.065971493721008301e-01
1.508961468935012817e-01
4.742674529552459717e-02
9.321133792400360107e-02
2.239566296339035034e-01
3.661886975169181824e-02
1.316571593284606934e+00
6.500165164470672607e-02
9.466126441955566406e+00
8.935681730508804321e-02
1.908160746097564697e-01
2.833469510078430176e-01
2.935506105422973633e+00
1.346162199974060059e+00
2.594163641333580017e-02
1.398755144327878952e-02
3.797662854194641113e-01
1.313786029815673828e+00
1.356286369264125824e-02
5.238357186317443848e-01
3.704771399497985840e-02
5.017124861478805542e-02
1.298285722732543945e-01
2.136409729719161987e-01
4.854654312133789062e+00
9.759364724159240723e-01
1.758414953947067261e-01
2.106278419494628906e+00
3.987392485141754150e-01
1.243721008300781250e+00
1.274547129869461060e-01
3.700254559516906738e-01
2.552944608032703400e-02
1.006196856498718262e+00
4.202549159526824951e-01
5.918544903397560120e-02
8.095487356185913086e-01
4.647012352943420410e-01
9.488113224506378174e-02
2.646907977759838104e-02
1.221800874918699265e-02
3.968256711959838867e-01
7.043652981519699097e-02
1.971206188201904297e+00
1.133012771606445312e-01
1.494554519653320312e+00
1.025708839297294617e-01
1.155285090208053589e-01
4.441812634468078613e-01
1.417841911315917969e+00
2.819439470767974854e-01
2.539394497871398926e-01
2.413888692855834961e+00
1.955620646476745605e+00
2.064531901851296425e-03
6.660165190696716309e-01
4.540628939867019653e-02
3.711233854293823242e+00
1.598033070564270020e+00
4.948261380195617676e-01
4.940122365951538086e-02
5.831879004836082458e-02
1.930559873580932617e-01
1.650185883045196533e-01
3.164978027343750000e-01
4.143504425883293152e-02
1.339361965656280518e-01
3.203466162085533142e-02
5.844017490744590759e-02
5.436976999044418335e-02
5.409589502960443497e-03
1.329249888658523560e-01
5.418210625648498535e-01
6.559563800692558289e-03
8.900246024131774902e-02
1.544970273971557617e-01
1.065367311239242554e-01
1.370878368616104126e-01
1.474600732326507568e-01
8.085087537765502930e-01
8.977938443422317505e-02
1.510070562362670898e+00
4.460843652486801147e-02
2.361315041780471802e-01
6.374294161796569824e-01
7.860009372234344482e-02
2.199608646333217621e-02
4.221912920475006104e-01
1.206691861152648926e-01
4.087529480457305908e-01
1.089915111660957336e-01
4.309121072292327881e-01
2.471551418304443359e+00
6.844484210014343262e-01
3.334022313356399536e-02
5.591548085212707520e-01
1.006280899047851562e+00
4.899329543113708496e-01
3.712643980979919434e-01
1.429120153188705444e-01
2.838871181011199951e-01
5.130833759903907776e-02
9.909502230584621429e-03
1.547155827283859253e-01
2.502208016812801361e-02
7.442142486572265625e+00
8.837713003158569336e-01
1.562467217445373535e+00
1.452442444860935211e-02
3.326094523072242737e-02
2.881262078881263733e-02
8.308657445013523102e-03
2.785489261150360107e-01
1.521206200122833252e-01
5.510455965995788574e-01
3.672868311405181885e-01
8.343328721821308136e-03
4.876332730054855347e-02
8.698467910289764404e-02
1.985816285014152527e-02
5.787086486816406250e-02
4.829704761505126953e-01
1.163735538721084595e-01
1.157162189483642578e+00
3.755275309085845947e-01
3.165251016616821289e-01
4.754961013793945312e+00
8.245479464530944824e-01
8.913345932960510254e-01
1.838515996932983398e-01
2.323573082685470581e-01
4.374331533908843994e-01
7.183190584182739258e-01
9.783208370208740234e-02
3.495469316840171814e-02
2.348295211791992188e+00
4.582703411579132080e-01
9.342690557241439819e-02
1.893097609281539917e-01
1.113290190696716309e-01
4.563108831644058228e-02
3.679709434509277344e-01
4.070245847105979919e-02
1.465845108032226562e-02
2.501841783523559570e+00
5.604685470461845398e-02
2.189587354660034180e-01
2.134835720062255859e-01
8.428959250450134277e-01
2.561267912387847900e-01
2.680045366287231445e-01
3.797012269496917725e-01
6.622798919677734375e+00
1.588453352451324463e-02
3.399448096752166748e-01
2.500562667846679688e-01
4.403687641024589539e-02
6.287049502134323120e-02
3.937686979770660400e-01
1.213805198669433594e+00
1.103514879941940308e-01
1.042712777853012085e-01
1.977102011442184448e-01
2.123339414596557617e+00
1.472807377576828003e-01
1.132662773132324219e+00
3.651209771633148193e-01
4.424886032938957214e-02
8.307299613952636719e-01
3.986846208572387695e-01
1.902783513069152832e-01
2.441545873880386353e-01
4.660526812076568604e-01
2.076276987791061401e-01
4.755496978759765625e-01
3.788666129112243652e-01
5.020238459110260010e-02
1.506083309650421143e-01
2.958205640316009521e-01
5.643400549888610840e-02
6.052260994911193848e-01
2.583018243312835693e-01
2.149720676243305206e-02
3.618717789649963379e-01
7.521538436412811279e-02
1.506256312131881714e-01
5.205161571502685547e-01
8.241532742977142334e-02
7.141515612602233887e-01
2.267009019851684570e-02
4.463052004575729370e-02
1.436047649383544922e+01
4.076783731579780579e-02
2.610456943511962891e-02
7.496980577707290649e-02
1.691596060991287231e-01
1.475893519818782806e-02
2.722043991088867188e-01
7.072693705558776855e-01
3.366521000862121582e-01
4.474684298038482666e-01
7.929025590419769287e-02
7.017533760517835617e-03
1.062988758087158203e+00
4.552976787090301514e-01
9.890907257795333862e-02
4.254759475588798523e-02
1.492758393287658691e-01
9.080107323825359344e-03
4.995216429233551025e-01
4.511784762144088745e-02
1.894940257072448730e+00
2.263734936714172363e-01
3.021561168134212494e-02
4.869934543967247009e-02
1.828516870737075806e-01
5.547702312469482422e-02
4.022782146930694580e-01
2.162088155746459961e-01
8.053846955299377441e-01
1.400271058082580566e-01
1.312726270407438278e-02
1.140520721673965454e-01
1.927589029073715210e-01
5.660029649734497070e-01
2.643605135381221771e-02
4.447109997272491455e-02
8.171208947896957397e-02
3.319511413574218750e-01
1.225951388478279114e-01
3.753856718540191650e-01
3.975898027420043945e-02
1.403284817934036255e-01
1.747052073478698730e-01
9.377698600292205811e-02
6.426296830177307129e-01
4.407611861824989319e-02
8.084717988967895508e-01
1.058657690882682800e-01
1.047644689679145813e-01
2.736922025680541992e+00
4.518172517418861389e-02
1.834783107042312622e-01
1.825132668018341064e-01
1.393574774265289307e-01
4.894962906837463379e-02
3.510802686214447021e-01
1.818301975727081299e-01
2.291132658720016479e-01
5.927491188049316406e-01
1.109098792076110840e-01
1.115287661552429199e+00
2.003258839249610901e-02
9.706410765647888184e-02
1.526772975921630859e+00
1.741047054529190063e-01
1.734768450260162354e-01
3.459801897406578064e-02
4.856190457940101624e-02
8.044857531785964966e-02
5.284858867526054382e-02
1.854008585214614868e-01
6.124670431017875671e-02
2.651649415493011475e-01
5.863577127456665039e-01
3.519825041294097900e-01
1.167392358183860779e-01
2.280254662036895752e-02
1.900319196283817291e-02
2.002319246530532837e-01
1.443632364273071289e+00
8.370248079299926758e-01
3.496571257710456848e-02
1.631009727716445923e-01
3.303460404276847839e-02
2.650807797908782959e-02
3.474512398242950439e-01
2.764678373932838440e-02
6.763810664415359497e-02
2.624386176466941833e-02
5.890421196818351746e-02
3.028941899538040161e-02
1.752119362354278564e-01
2.273955643177032471e-01
9.399188160896301270e-01
8.897545933723449707e-01
2.534482479095458984e-01
1.741682648658752441e+00
3.388804495334625244e-01
1.902084499597549438e-01
9.185334295034408569e-02
2.987419068813323975e-01
5.254598259925842285e-01
2.083816677331924438e-01
2.133938550949096680e+00
1.353055357933044434e+00
1.071767807006835938e+00
2.076123237609863281e+00
2.378432601690292358e-01
1.532785147428512573e-01
2.519107982516288757e-02
7.270666956901550293e-01
1.905882358551025391e-02
6.715297698974609375e-02
1.026391312479972839e-01
1.395093500614166260e-01
1.749396562576293945e+00
5.445359706878662109e+00
1.872213482856750488e-01
8.804218173027038574e-01
1.044761240482330322e-01
1.758345067501068115e-01
2.631109654903411865e-01
5.848681181669235229e-02
1.233836263418197632e-02
3.042260169982910156e+00
2.202945798635482788e-01
2.229352444410324097e-01
4.437757655978202820e-02
1.285540759563446045e-01
3.834114074707031250e-01
7.731325924396514893e-02
1.154503971338272095e-01
1.096074581146240234e+00
5.592633485794067383e-01
3.636918216943740845e-02
4.865509271621704102e-02
2.484946012496948242e+00
8.005364984273910522e-02
3.739630430936813354e-02
2.165847539901733398e+00
8.967297524213790894e-02
3.556981086730957031e-01
2.125552892684936523e-01
4.084209203720092773e-01
2.788346447050571442e-02
3.206387162208557129e-03
9.380784630775451660e-02
2.634328603744506836e-01
3.446566686034202576e-02
3.977378085255622864e-02
1.141461253166198730e+00
7.191965579986572266e-01
3.562275171279907227e-01
3.529151082038879395e-01
1.014091074466705322e-01
1.655442267656326294e-01
6.873718649148941040e-02
5.095014572143554688e-01
1.044834479689598083e-01
2.158469706773757935e-01
5.056871473789215088e-02
3.470793366432189941e-01
1.162213273346424103e-02
3.475423753261566162e-01
5.084475129842758179e-02
1.041623830795288086e+00
3.196392059326171875e-01
4.387735426425933838e-01
2.744206786155700684e-02
3.300142884254455566e-01
8.426669239997863770e-01
1.927292793989181519e-01
9.955049492418766022e-03
2.261120527982711792e-01
9.643302857875823975e-02
1.007049918174743652e+00
1.150028109550476074e+00
2.008496075868606567e-01
1.394644618034362793e+00
2.674693822860717773e+00
7.417825609445571899e-02
1.146916002035140991e-01
3.497475758194923401e-02
1.764823794364929199e-01
7.584020495414733887e-01
1.066395267844200134e-01
4.297568798065185547e+00
1.757560074329376221e-01
7.629681110382080078e+00
7.851102948188781738e-01
4.684977233409881592e-01
3.148229047656059265e-02
1.401834934949874878e-01
1.014944672584533691e+00
2.981700515747070312e+01
1.603726005554199219e+01
6.759430766105651855e-01
1.443043327331542969e+01
1.390102767944335938e+01
7.107782840728759766e+00
7.997224330902099609e-01
3.138107109069824219e+01
6.611717939376831055e-01
2.443860054016113281e+01
4.268953323364257812e+00
1.213903665542602539e+00
5.927712321281433105e-01
1.509569048881530762e+00
1.686733436584472656e+01
3.219084739685058594e+00
2.866282224655151367e+00
4.713038921356201172e+00
1.250748157501220703e+00
1.752545356750488281e+00
5.555011034011840820e-01
1.002158164978027344e+01
2.549868583679199219e+00
5.102237701416015625e+01
1.841268301010131836e+00
5.956886291503906250e+00
3.437674522399902344e+00
4.910894012451171875e+01
2.434394454956054688e+01
1.020373463630676270e+00
7.869114279747009277e-01
4.371356010437011719e+00
5.560127258300781250e+01
3.296501636505126953e-01
8.067477226257324219e+00
4.764492511749267578e-01
3.253212571144104004e-01
1.318639755249023438e+00
3.102681159973144531e+00
6.928862762451171875e+01
5.095449924468994141e+00
9.250583052635192871e-01
1.295677757263183594e+01
2.368387937545776367e+00
1.413419151306152344e+01
6.319059371948242188e+00
4.435813903808593750e+00
1.071068644523620605e+00
1.561253070831298828e+01
6.855374813079833984e+00
2.405633687973022461e+00
1.004628849029541016e+01
2.016808700561523438e+01
2.465979099273681641e+00
1.857219785451889038e-01
1.939387470483779907e-01
9.290905594825744629e-01
4.384205341339111328e-01
1.268068599700927734e+01
4.081571578979492188e+00
2.677311897277832031e+01
9.240860939025878906e-01
2.024661540985107422e+00
8.834345936775207520e-01
1.998927879333496094e+01
2.666611433029174805e+00
9.563198089599609375e+00
1.075240802764892578e+01
7.768588256835937500e+01
1.849320530891418457e-02
5.050097942352294922e+00
5.321328639984130859e-01
3.332439422607421875e+01
3.547355651855468750e+01
3.028471708297729492e+00
1.671209216117858887e+00
8.767889142036437988e-01
3.484387636184692383e+00
2.891604661941528320e+00
3.006419897079467773e+00
4.531690478324890137e-01
3.819706439971923828e+00
1.555780053138732910e+00
2.179324865341186523e+00
1.037286281585693359e+00
5.492352247238159180e-01
3.776169776916503906e+00
3.368779897689819336e+00
1.414956301450729370e-01
2.438383102416992188e+00
3.052614688873291016e+00
5.067089080810546875e+00
1.889129042625427246e+00
3.392929315567016602e+00
1.769880294799804688e+01
4.162903130054473877e-01
2.655607414245605469e+01
8.664854168891906738e-01
2.615553379058837891e+00
1.518704771995544434e+00
1.793979883193969727e+00
2.995387017726898193e-01
4.317985916137695312e+01
3.194941520690917969e+00
4.981287002563476562e+00
7.335152029991149902e-01
1.978474044799804688e+01
5.184936904907226562e+01
2.329457759857177734e+00
3.152181208133697510e-01
5.883160591125488281e+00
8.264637947082519531e+00
3.122180223464965820e+00
4.689417839050292969e+00
1.417323231697082520e+00
2.396468162536621094e+00
9.028551578521728516e-01
4.983706772327423096e-01
4.897026538848876953e+00
7.919306755065917969e-01
2.214936523437500000e+02
7.286296081542968750e+01
2.207215690612792969e+01
5.947316884994506836e-01
3.153304100036621094e+00
2.467190742492675781e+00
1.027427792549133301e+00
2.224240303039550781e+01
4.240199089050292969e+00
1.155374765396118164e+00
5.963755607604980469e+00
1.261422038078308105e-01
4.053986370563507080e-01
1.371492505073547363e+00
3.916611671447753906e-01
6.313540935516357422e-01
4.188879013061523438e+00
2.619505882263183594e+00
1.574083042144775391e+01
2.126787185668945312e+01
1.984780788421630859e+00
3.767034149169921875e+01
8.487683296203613281e+00
1.409465789794921875e+01
6.629971504211425781e+00
8.782402038574218750e+00
5.448229312896728516e+00
1.249944019317626953e+01
3.334944963455200195e+00
1.019728541374206543e+00
3.317960739135742188e+01
1.795866250991821289e+00
1.233350396156311035e+00
6.739952564239501953e+00
1.499548316001892090e+00
4.948122501373291016e-01
5.305778503417968750e+00
1.506090879440307617e+00
4.265217781066894531e-01
1.590986919403076172e+01
3.044713497161865234e+00
7.783623695373535156e+00
1.335219621658325195e+00
3.715217351913452148e+00
1.825081110000610352e+00
3.364542484283447266e+00
6.031023979187011719e+00
1.327871093750000000e+02
3.808180689811706543e-01
7.043365478515625000e+00
8.176701545715332031e+00
1.519201636314392090e+00
3.937513232231140137e-01
2.134045600891113281e+01
1.250291252136230469e+01
1.734335184097290039e+00
4.379687786102294922e+00
5.844065666198730469e+00
2.058728027343750000e+01
7.872056365013122559e-01
2.007314682006835938e+01
7.425832748413085938e+00
4.583143070340156555e-02
1.747374916076660156e+01
2.225144004821777344e+01
4.741685092449188232e-01
3.075008630752563477e+00
1.959099960327148438e+01
3.712236881256103516e+00
1.602908730506896973e+00
4.731764793395996094e+00
7.120195627212524414e-01
3.551266431808471680e+00
1.016105747222900391e+01
6.328967809677124023e-01
3.918871402740478516e+00
1.592115521430969238e+00
6.858814954757690430e-01
3.315313816070556641e+00
4.498322963714599609e+00
1.993233919143676758e+00
7.112517356872558594e+00
1.754515528678894043e+00
7.773706912994384766e+00
1.521032005548477173e-01
1.113444328308105469e+00
7.414747619628906250e+01
3.268887042999267578e+00
1.967960596084594727e+00
2.194933414459228516e+00
3.242271900177001953e+00
3.106521964073181152e-01
3.054157733917236328e+00
4.266059398651123047e+00
8.911258697509765625e+00
9.939088225364685059e-01
3.442886114120483398e+00
2.299338877201080322e-01
6.690554618835449219e+00
1.444947242736816406e+01
1.018317461013793945e+00
5.426551699638366699e-01
5.300858020782470703e+00
6.405859589576721191e-01
4.547195434570312500e+01
6.167209148406982422e-01
1.590081024169921875e+01
1.295217156410217285e+00
8.437814116477966309e-01
4.025993943214416504e-01
4.050983905792236328e+00
1.106600642204284668e+00
2.564980316162109375e+01
2.922015428543090820e+00
3.061251401901245117e+00
5.576818585395812988e-01
3.679156899452209473e-01
2.822689712047576904e-01
3.702620744705200195e+00
5.708888053894042969e+00
1.721561789512634277e+00
1.083077669143676758e+00
9.810838103294372559e-01
1.030858993530273438e+01
1.728587388992309570e+00
3.389261960983276367e+00
7.469075918197631836e-01
6.365881919860839844e+00
6.493061184883117676e-01
1.009403109550476074e+00
5.878170490264892578e+00
1.021614074707031250e+00
1.191945648193359375e+01
2.292427778244018555e+00
1.127950191497802734e+00
2.216001319885253906e+01
8.902528882026672363e-01
5.074805617332458496e-01
9.794614791870117188e+00
8.860396385192871094e+00
3.106577157974243164e+00
2.493895530700683594e+00
4.130460739135742188e+00
1.096888065338134766e+01
7.603000640869140625e+00
1.248931789398193359e+01
1.514636135101318359e+01
9.341422319412231445e-01
3.689129352569580078e+00
1.470592594146728516e+01
6.450544834136962891e+00
1.230424308776855469e+01
6.342527866363525391e-01
1.463956356048583984e+00
1.542612791061401367e+00
6.657291650772094727e-01
5.224645614624023438e+00
3.524493217468261719e+00
1.440004110336303711e+00
4.813508510589599609e+00
2.443071603775024414e+00
1.938400983810424805e+00
1.093098998069763184e+00
1.187819838523864746e-01
4.627321720123291016e+00
1.998621940612792969e+01
5.189679622650146484e+00
1.074634671211242676e+00
7.820320129394531250e-01
1.101764559745788574e+00
8.901660442352294922e-01
2.105160522460937500e+01
9.821898937225341797e-01
1.053259015083312988e+00
9.586679935455322266e-01
2.374609947204589844e+00
3.503340959548950195e+00
5.599136352539062500e-01
4.930454730987548828e+00
1.953025054931640625e+01
1.284003448486328125e+01
1.748589754104614258e+00
1.013897323608398438e+01
3.167970895767211914e+00
4.549261569976806641e+00
7.698172569274902344e+00
2.719169616699218750e+00
6.288188457489013672e+00
7.244367599487304688e+00
2.603437423706054688e+01
4.251984405517578125e+01
2.320609855651855469e+01
1.581229782104492188e+01
1.388974905014038086e+00
4.199065268039703369e-01
4.442962408065795898e-01
4.686357021331787109e+00
4.594526588916778564e-01
3.364933133125305176e-01
5.324365496635437012e-01
7.340000867843627930e-01
4.732836532592773438e+01
1.570262718200683594e+01
1.152680206298828125e+01
1.074541664123535156e+01
1.250004529953002930e+00
4.921967506408691406e+00
4.253198146820068359e+00
2.849006175994873047e+00
7.174296379089355469e-01
3.009570503234863281e+01
1.849887275695800781e+01
2.245424032211303711e+00
1.824527740478515625e+00
5.707027912139892578e+00
3.330173492431640625e+01
1.775084853172302246e+00
2.947888374328613281e-01
9.571582794189453125e+00
2.283720254898071289e+00
1.210554957389831543e+00
1.210793018341064453e+00
2.019466209411621094e+01
9.796704649925231934e-01
1.576522231101989746e+00
3.931286239624023438e+01
5.144591808319091797e+00
4.246402740478515625e+00
3.515455245971679688e+00
5.467432498931884766e+00
2.261394560337066650e-01
7.805704325437545776e-02
4.473005771636962891e+00
2.085232973098754883e+00
9.115916490554809570e-01
3.864303588867187500e+00
2.952339744567871094e+01
3.664867401123046875e+01
6.422680854797363281e+00
2.169336080551147461e+00
1.465332150459289551e+00
2.907362461090087891e+00
2.456925392150878906e+00
5.258233547210693359e+00
9.977870583534240723e-01
6.822237968444824219e+00
4.946400523185729980e-01
3.763754129409790039e+00
3.626141846179962158e-01
2.639230966567993164e+00
3.613074779510498047e+00
8.638439178466796875e+01
4.337975978851318359e+00
6.405998706817626953e+00
6.853464841842651367e-01
4.074648857116699219e+00
1.310553932189941406e+01
7.967826843261718750e+00
1.247186511754989624e-01
2.445087194442749023e+00
2.993907213211059570e+00
7.568193435668945312e+00
4.313123321533203125e+01
1.810216307640075684e+00
6.510237216949462891e+00
2.140158843994140625e+01
2.197375774383544922e+00
3.500432014465332031e+00
1.357048034667968750e+00
2.882544755935668945e+00
8.649408340454101562e+00
3.204672098159790039e+00
1.551421203613281250e+02
5.377779960632324219e+00
2.777729606628417969e+01
4.219734191894531250e+01
1.199473762512207031e+01
1.363362669944763184e+00
9.580327033996582031e+00
