3.362353518605232239e-02
1.311833709478378296e-01
7.329826708883047104e-03
3.333787666633725166e-03
3.450463712215423584e-02
5.343004226684570312e+00
2.469673193991184235e-02
2.941388171166181564e-03
7.986559532582759857e-03
5.139711499214172363e-01
1.709171570837497711e-02
2.861990034580230713e-02
5.864806473255157471e-02
2.470666170120239258e-02
2.148366766050457954e-03
1.424434594810009003e-02
1.974652055650949478e-03
9.498005732893943787e-03
2.925112470984458923e-02
7.310593500733375549e-04
5.663131549954414368e-02
2.752415090799331665e-02
1.741119474172592163e-01
3.280178457498550415e-02
1.832390189170837402e+00
9.257545694708824158e-03
5.564315989613533020e-02
7.297037541866302490e-02
1.039573177695274353e-01
8.331984877586364746e-01
6.803254946134984493e-04
1.843323552748188376e-04
9.168402291834354401e-03
4.434555023908615112e-02
5.080838501453399658e-02
1.416390947997570038e-02
6.679884623736143112e-03
4.977780627086758614e-04
8.173040114343166351e-03
6.826323922723531723e-03
2.056196033954620361e-01
1.106391400098800659e-01
2.955319127067923546e-03
1.212224674224853516e+01
1.730652451515197754e-01
1.443896293640136719e-01
8.264418691396713257e-03
5.063696503639221191e-01
2.681283513084053993e-03
3.185397759079933167e-02
1.387849599123001099e-01
5.987321585416793823e-02
1.325896978378295898e-01
4.336267709732055664e-02
8.817922207526862621e-04
2.820478752255439758e-03
4.269940778613090515e-03
1.052596420049667358e-02
2.834640443325042725e-02
1.124302673339843750e+01
1.274453476071357727e-02
1.107100200653076172e+01
1.333004608750343323e-02
4.460988100618124008e-03
1.123296990990638733e-01
3.510875627398490906e-02
1.848982125520706177e-01
1.674998551607131958e-02
7.793383598327636719e-01
8.786387443542480469e-01
1.308637583861127496e-04
1.062404155731201172e+00
2.013349905610084534e-03
7.011657208204269409e-02
8.735092729330062866e-02
2.495674043893814087e-02
5.443416535854339600e-03
5.944235995411872864e-02
2.994206920266151428e-02
1.313802134245634079e-02
1.397050321102142334e-01
2.004244923591613770e-02
2.798506245017051697e-02
2.317571343155577779e-04
2.805252559483051300e-03
2.446647034958004951e-03
5.183366374694742262e-05
3.074812702834606171e-02
8.130677342414855957e-01
5.944757140241563320e-04
1.205428037792444229e-02
1.038320269435644150e-02
2.861641347408294678e-03
5.246327817440032959e-02
1.464441418647766113e-03
1.141420125961303711e+00
3.886151611804962158e-01
1.127395629882812500e-01
1.431750133633613586e-03
9.928644448518753052e-02
2.514568090438842773e+00
4.895916581153869629e-02
1.684995251707732677e-03
2.678286470472812653e-02
1.910573802888393402e-02
5.722281932830810547e-01
7.530450820922851562e-02
1.697517000138759613e-02
3.475202992558479309e-02
1.979101151227951050e-01
9.069614857435226440e-02
3.653552234172821045e-01
5.893948674201965332e-02
1.106325984001159668e-01
1.692083850502967834e-02
5.543401464819908142e-02
3.769676387310028076e-02
9.054071269929409027e-03
3.513918723911046982e-03
5.451062321662902832e-02
1.179512706585228443e-03
1.617025375366210938e+01
5.079700350761413574e-01
5.530202984809875488e-01
2.261616755276918411e-04
1.871218532323837280e-01
1.808620803058147430e-02
4.652006027754396200e-04
7.117218524217605591e-02
5.188744142651557922e-02
1.040947437286376953e+00
2.145029976963996887e-02
3.526548389345407486e-03
2.034487668424844742e-03
5.635865405201911926e-02
1.548309624195098877e-02
3.906497731804847717e-02
2.087490797042846680e+00
1.949089020490646362e-01
4.271531999111175537e-01
1.459568552672863007e-02
9.236883372068405151e-03
1.093936085700988770e+00
7.766402959823608398e-01
2.313804054260253906e+01
3.645278140902519226e-02
3.074459433555603027e-01
1.508640684187412262e-02
7.993683218955993652e-02
1.081762090325355530e-02
1.296226680278778076e-02
9.996860474348068237e-02
2.446725070476531982e-01
2.982470206916332245e-02
1.745480597019195557e-01
1.436920184642076492e-02
2.099757641553878784e-02
4.487665742635726929e-02
1.464534318074584007e-03
6.372619420289993286e-03
5.407073721289634705e-02
5.177709390409290791e-04
1.365411430597305298e-01
3.079796433448791504e-01
3.262350261211395264e-01
1.679755449295043945e-01
1.314247101545333862e-01
1.738411784172058105e-01
1.340875387191772461e+00
7.857548771426081657e-04
2.934616059064865112e-02
1.644540876150131226e-01
1.344807824352756143e-04
1.039080508053302765e-02
4.763874411582946777e-02
2.267428159713745117e+00
2.439604885876178741e-02
1.389061007648706436e-02
1.605712249875068665e-02
1.334625780582427979e-01
5.303697660565376282e-02
4.901535436511039734e-02
1.789337843656539917e-01
6.563299894332885742e-02
1.411204338073730469e+00
2.055484615266323090e-02
7.147621363401412964e-03
5.038672313094139099e-02
5.622183084487915039e-01
4.273057356476783752e-02
2.834270894527435303e-01
3.872734680771827698e-02
2.069342444883659482e-04
1.379604488611221313e-01
2.574089467525482178e-01
2.125230804085731506e-02
3.480064570903778076e-01
5.411637946963310242e-02
6.151412613689899445e-03
3.723451867699623108e-02
3.476786427199840546e-03
5.710215866565704346e-02
1.651540398597717285e-02
3.118284605443477631e-02
6.603298708796501160e-03
4.673724528402090073e-03
1.794610619544982910e-01
1.579025840759277344e+01
3.928617108613252640e-03
2.668884815648198128e-03
3.929911646991968155e-03
4.471525922417640686e-02
1.188989917864091694e-04
1.349465489387512207e+00
3.430979326367378235e-02
2.544777631759643555e+00
1.936565339565277100e-01
3.064120188355445862e-02
5.787130212411284447e-04
4.268997013568878174e-01
4.885806441307067871e-01
4.932714626193046570e-03
3.267733845859766006e-03
3.106425143778324127e-02
8.464635902782902122e-05
8.618181198835372925e-02
1.899761380627751350e-03
4.364762783050537109e+00
3.241994678974151611e-01
7.200699765235185623e-03
1.832866482436656952e-02
1.347363274544477463e-02
2.446324564516544342e-02
2.569281496107578278e-03
1.563139110803604126e-01
2.224394306540489197e-02
1.113969907164573669e-01
4.115457646548748016e-03
3.195450305938720703e-01
3.656691405922174454e-04
8.836856484413146973e-02
3.399103879928588867e-02
2.005878686904907227e-01
3.675497835502028465e-03
1.190208457410335541e-02
9.654963389039039612e-03
4.235223308205604553e-02
8.486339449882507324e-02
4.034796357154846191e-02
5.992348492145538330e-02
2.715624496340751648e-02
1.325309514999389648e+00
1.048648700816556811e-04
8.584770560264587402e-02
1.644720509648323059e-02
2.626432180404663086e-01
3.908143758773803711e+00
3.483228385448455811e-02
1.331763155758380890e-02
1.185075491666793823e-01
5.505423527210950851e-03
1.027741469442844391e-03
1.231087327003479004e+00
3.728862106800079346e-02
6.738428957760334015e-03
4.351571947336196899e-02
1.378604210913181305e-02
1.755116820335388184e+00
7.113925181329250336e-03
5.741473287343978882e-03
1.960395693778991699e+00
3.825308009982109070e-02
7.435870170593261719e-01
2.984611317515373230e-03
1.437789876945316792e-03
1.873413287103176117e-02
9.209312498569488525e-03
9.746058844029903412e-03
4.071009159088134766e-01
1.159961938858032227e+00
1.868042200803756714e-01
1.658449508249759674e-02
8.993611671030521393e-03
1.044066529721021652e-02
2.866765426006168127e-04
7.982638664543628693e-03
4.856934070587158203e+00
1.584839344024658203e+00
7.475584861822426319e-04
5.662565678358078003e-02
1.169627439230680466e-02
2.427399856969714165e-03
1.195835247635841370e-01
3.133702278137207031e-02
7.511462899856269360e-04
1.389885880053043365e-02
3.261031955480575562e-02
5.691043660044670105e-02
2.337255954742431641e+00
5.388033390045166016e-02
1.083944082260131836e+00
4.972184598445892334e-01
9.664539992809295654e-02
9.043519496917724609e-01
1.790848374366760254e+00
1.485418528318405151e-02
1.950825937092304230e-02
9.666333347558975220e-02
7.535294629633426666e-03
1.468293070793151855e-01
1.031703829765319824e+00
8.185321837663650513e-02
1.376014668494462967e-02
4.265422821044921875e-01
5.513041745871305466e-03
3.123656101524829865e-02
1.021306612528860569e-03
4.739624857902526855e-01
2.104780403897166252e-03
6.776095367968082428e-03
3.310180604457855225e-01
1.067828387022018433e-03
1.312562916427850723e-02
4.746251180768013000e-02
5.362472496926784515e-03
5.673175454139709473e-01
5.372443702071905136e-03
4.034531768411397934e-03
8.388909511268138885e-03
2.759148366749286652e-03
2.702319528907537460e-03
3.051852285861968994e-01
6.687227170914411545e-03
1.695588417351245880e-02
9.546699002385139465e-03
9.846240282058715820e-03
7.472006604075431824e-03
6.028005387634038925e-03
2.356548234820365906e-02
1.824523359537124634e-01
2.354314783588051796e-03
4.800837195944041014e-04
4.825099837034940720e-03
1.735440731048583984e+00
1.282192883081734180e-03
1.283543556928634644e-02
2.143418043851852417e-01
5.523954331874847412e-02
3.089049272239208221e-02
3.143300488591194153e-02
1.039402931928634644e-01
1.231345757842063904e-01
9.097984730033203959e-05
1.608888991177082062e-02
4.240815062075853348e-03
3.127214964479207993e-03
2.149831317365169525e-02
2.565306052565574646e-02
5.294117704033851624e-02
5.480224639177322388e-02
2.828958444297313690e-02
1.187316956929862499e-03
2.763299830257892609e-02
1.108616311103105545e-02
1.532131880521774292e-01
1.454005111008882523e-02
1.085938066244125366e-01
1.350898179225623608e-03
1.473243236541748047e-01
4.213149077259004116e-04
1.159313246607780457e-01
1.265165209770202637e-01
1.075550168752670288e-01
2.149527333676815033e-02
7.026686668395996094e-01
3.184379311278462410e-03
1.061610598117113113e-02
4.638988059014081955e-03
1.993713527917861938e-02
1.966381072998046875e-02
4.991394281387329102e-02
1.579378033056855202e-03
3.455224990844726562e+00
9.771916270256042480e-02
2.558263204991817474e-02
4.842160224914550781e+00
1.248375129699707031e+01
8.155206218361854553e-03
8.757285540923476219e-04
6.811600760556757450e-04
3.744172304868698120e-02
7.042981218546628952e-03
4.105046391487121582e-02
6.836084365844726562e+00
2.486950834281742573e-04
4.101286888122558594e+00
1.443205773830413818e-01
1.905129104852676392e-02
8.514448418281972408e-04
6.007084622979164124e-03
1.513395500183105469e+01
1.018947525024414062e+02
1.127802734375000000e+02
9.724420309066772461e-01
3.929219055175781250e+01
1.681500554084777832e+00
4.759703979492187500e+02
1.330142974853515625e+01
1.104733581542968750e+02
1.314186668395996094e+01
2.319785156250000000e+02
1.698077392578125000e+01
6.471632385253906250e+01
6.149173974990844727e-01
1.137012958526611328e+01
1.374524230957031250e+02
7.486930084228515625e+01
1.888580017089843750e+02
1.324434967041015625e+02
8.130320549011230469e+00
4.369197463989257812e+01
4.662645816802978516e+00
8.558333396911621094e+00
6.218288040161132812e+01
3.713360309600830078e+00
4.946828782558441162e-01
1.831595611572265625e+02
7.645412597656250000e+02
1.203334960937500000e+03
4.243437194824218750e+02
6.986822605133056641e+00
3.743788003921508789e+00
9.983605384826660156e+00
4.116380615234375000e+02
1.314301967620849609e+01
9.047879219055175781e+00
7.463827133178710938e-01
6.767183542251586914e-02
3.883138895034790039e+00
1.252237854003906250e+02
9.504426879882812500e+02
2.515555000305175781e+01
9.967855811119079590e-01
6.343449096679687500e+02
2.039651679992675781e+01
1.546884155273437500e+02
1.165354385375976562e+02
1.737958335876464844e+01
8.711246848106384277e-01
7.650514526367187500e+02
2.143450469970703125e+02
2.990233612060546875e+01
1.563364601135253906e+01
3.077642631530761719e+01
4.538432598114013672e+00
8.465609550476074219e+00
5.192514896392822266e+00
3.035861551761627197e-01
2.206661224365234375e+01
1.365541015625000000e+03
2.462021942138671875e+02
6.142921752929687500e+02
6.120528221130371094e+00
5.665823745727539062e+01
6.215460777282714844e+00
3.879484176635742188e+01
6.167902755737304688e+01
1.933284423828125000e+03
3.386407165527343750e+02
5.631387710571289062e+01
7.289261370897293091e-02
1.022669296264648438e+02
1.398359060287475586e+00
1.656732940673828125e+02
7.305235862731933594e+00
1.081035423278808594e+01
9.783705472946166992e-01
1.099673366546630859e+01
3.018047180175781250e+02
3.476258087158203125e+01
3.093124961853027344e+01
7.194383144378662109e+00
1.290536308288574219e+01
3.543640518188476562e+01
8.438017845153808594e+00
3.498157501220703125e+01
1.046233922243118286e-01
1.381521224975585938e+01
1.787477874755859375e+01
3.575154542922973633e+00
1.366537570953369141e+01
5.312396240234375000e+01
6.395039749145507812e+01
1.668915748596191406e+01
1.237522583007812500e+02
2.546587982177734375e+02
4.041921138763427734e+00
7.596474609375000000e+02
7.731428742408752441e-01
3.143403625488281250e+02
2.485591888427734375e+00
3.081979942321777344e+01
3.357386827468872070e+00
1.478509063720703125e+02
5.005186080932617188e+01
1.022008743286132812e+02
2.818542718887329102e+00
2.862163085937500000e+03
3.521507873535156250e+02
1.254808306694030762e+00
4.562625885009765625e-01
8.729974365234375000e+02
2.246151885986328125e+02
1.426418900489807129e+00
3.261213684082031250e+01
1.198871612548828125e+02
7.763540649414062500e+01
1.671298789978027344e+01
7.932011413574218750e+01
1.589901733398437500e+01
1.530997009277343750e+02
7.745190429687500000e+03
3.222277221679687500e+02
1.677259826660156250e+02
3.427666902542114258e+00
2.081850891113281250e+02
2.912796974182128906e+01
2.982367038726806641e+00
6.300618286132812500e+02
9.283907318115234375e+01
4.024112854003906250e+02
2.018609237670898438e+01
3.217073678970336914e-01
2.274066734313964844e+01
2.109806776046752930e+00
2.769434452056884766e+00
1.561967134475708008e+00
4.794738769531250000e+02
5.173105468750000000e+02
2.882210693359375000e+02
3.029366874694824219e+01
2.316739559173583984e+00
5.847273559570312500e+02
2.244812774658203125e+01
6.415837402343750000e+02
3.853478240966796875e+01
4.328918762207031250e+02
1.909825444221496582e+00
5.184687423706054688e+01
1.777441406250000000e+03
5.282083153724670410e-01
5.708758544921875000e+02
6.020267486572265625e+01
4.750386476516723633e-01
2.057064971923828125e+02
3.093276214599609375e+01
2.041180372238159180e+00
1.025226354598999023e+00
4.992077350616455078e+00
2.604203701019287109e+00
1.026042602539062500e+03
1.618937530517578125e+02
2.272342681884765625e+02
3.797796249389648438e+01
1.970768280029296875e+02
6.335447311401367188e+01
6.347875976562500000e+01
2.729230651855468750e+02
7.082580566406250000e+02
1.058015632629394531e+01
1.092308807373046875e+01
1.530134277343750000e+03
1.810346364974975586e+00
7.386744022369384766e+00
3.664048767089843750e+02
2.760011863708496094e+01
7.838195323944091797e+00
5.927822494506835938e+01
3.149165868759155273e+00
2.238691520690917969e+01
1.313100147247314453e+01
2.910741996765136719e+01
4.052664489746093750e+02
5.708149433135986328e+00
2.118428125000000000e+04
6.039257526397705078e+00
5.122355818748474121e-01
2.233076095581054688e+01
5.413845825195312500e+02
5.945117950439453125e+01
4.786603450775146484e+00
3.001498413085937500e+02
7.028958320617675781e+00
5.468762588500976562e+01
1.494633178710937500e+02
1.847555279731750488e+00
7.265244293212890625e+01
1.178291440010070801e+00
5.713102340698242188e+00
3.534511327743530273e+00
1.602858924865722656e+01
1.068752288818359375e+01
7.310691833496093750e+00
4.745533370971679688e+01
6.131774902343750000e+01
8.669201135635375977e-01
5.468428802490234375e+01
5.161923828125000000e+02
5.131044864654541016e+00
3.890135574340820312e+01
6.544448852539062500e+00
4.099739074707031250e+00
1.134678483009338379e+00
4.203287597656250000e+03
2.124505615234375000e+01
4.096005859375000000e+02
6.417148590087890625e+00
3.301903381347656250e+02
1.613593101501464844e+00
2.047681579589843750e+02
3.200334472656250000e+03
1.176753118634223938e-01
2.173924207687377930e+00
8.175173339843750000e+02
3.051431894302368164e+00
1.074418701171875000e+03
4.116905689239501953e+00
2.711329078674316406e+01
9.518510818481445312e+00
1.255950546264648438e+01
1.002581045031547546e-01
1.079713726043701172e+01
2.600060939788818359e+00
3.929164733886718750e+02
4.931144332885742188e+01
2.248965644836425781e+01
4.986054420471191406e+00
2.729073143005371094e+01
2.250140762329101562e+01
1.328168511390686035e+00
4.201026916503906250e+02
1.154296264648437500e+02
1.751968193054199219e+01
2.141311264038085938e+01
1.574848937988281250e+02
7.963220214843750000e+01
2.060327911376953125e+02
5.135164260864257812e-01
5.312277832031250000e+03
8.246657371520996094e+00
6.045340728759765625e+01
4.647634506225585938e+01
1.043167710304260254e+00
5.481628417968750000e+02
1.089133605957031250e+02
9.187306165695190430e-01
6.963143310546875000e+02
7.048017883300781250e+01
5.387251853942871094e+00
2.305699218750000000e+03
6.217840576171875000e+01
8.093885040283203125e+01
4.825957870483398438e+01
5.656651000976562500e+02
2.244408874511718750e+02
1.436195526123046875e+02
2.891038322448730469e+01
1.062124267578125000e+03
4.935484230518341064e-01
1.083552551269531250e+01
5.819863281250000000e+02
1.539957523345947266e+01
5.237649536132812500e+02
1.514511466026306152e+00
6.188695430755615234e-01
6.595891571044921875e+01
4.734162807464599609e+00
6.357304573059082031e+00
9.832757568359375000e+01
8.152918815612792969e-01
1.417425155639648438e+01
4.805570125579833984e+00
7.356765747070312500e+00
4.038594436645507812e+01
1.996204018592834473e+00
1.655951023101806641e+00
5.030318603515625000e+02
1.864607055664062500e+03
3.376226663589477539e+00
1.412204437255859375e+02
2.165500831604003906e+01
1.049791622161865234e+01
2.655927246093750000e+03
5.019446849822998047e+00
1.348903045654296875e+02
2.607009696960449219e+01
3.095545578002929688e+01
1.132274169921875000e+03
2.165130805969238281e+01
1.213220443725585938e+02
5.848450317382812500e+02
1.102174301147460938e+02
4.846985626220703125e+01
3.667002868652343750e+02
4.238412857055664062e+01
3.850290536880493164e+00
5.745067214965820312e+01
2.171036529541015625e+01
1.296475315093994141e+01
1.244096557617187500e+03
7.275498657226562500e+02
7.069104614257812500e+02
4.938884277343750000e+02
1.055315399169921875e+01
5.283248901367187500e+00
8.899100422859191895e-01
2.330804252624511719e+01
1.228684520721435547e+01
7.674168109893798828e+00
1.591879367828369141e+00
6.674802780151367188e+00
9.368406534194946289e-01
1.496674957275390625e+02
4.209608459472656250e+01
8.094046783447265625e+01
1.634863128662109375e+02
1.865913391113281250e+01
5.210837936401367188e+01
1.735276985168457031e+01
9.804013252258300781e+00
3.473884463310241699e-01
5.814122070312500000e+03
1.323855346679687500e+03
1.116022262573242188e+02
1.722232055664062500e+02
8.732672119140625000e+01
7.527969360351562500e+02
3.643695068359375000e+01
2.029659271240234375e+01
2.839060783386230469e+01
2.174771547317504883e+00
5.979604339599609375e+01
1.120859985351562500e+03
6.065746688842773438e+01
1.089592266082763672e+01
5.323389530181884766e+00
1.362523651123046875e+02
7.921349487304687500e+02
6.748680877685546875e+01
1.512507438659667969e+01
1.806016921997070312e+01
7.631887495517730713e-02
1.103537827730178833e-01
2.748905563354492188e+01
1.628049850463867188e+01
5.329866886138916016e+00
1.098543167114257812e+01
1.900028991699218750e+02
4.644001388549804688e+01
1.078474197387695312e+02
5.594532966613769531e+00
2.477298259735107422e+00
7.489454269409179688e+00
2.590991783142089844e+01
1.165102661132812500e+03
1.893328428268432617e+00
8.713156127929687500e+01
9.460402727127075195e-01
5.966330051422119141e+00
3.280872404575347900e-01
1.563716506958007812e+01
3.805572265625000000e+03
2.472546875000000000e+04
4.276119709014892578e+00
9.978276062011718750e+01
6.412310791015625000e+01
5.352525711059570312e+00
1.211042022705078125e+02
6.891425170898437500e+02
4.064237594604492188e+00
3.676870346069335938e+00
1.070047283172607422e+01
8.113925170898437500e+01
2.171405601501464844e+01
1.023841476440429688e+01
3.164723815917968750e+02
7.752934570312500000e+02
6.082828998565673828e+00
3.931758880615234375e+00
3.355362892150878906e+00
2.070867919921875000e+02
6.226999759674072266e+00
2.621247291564941406e+01
3.304264221191406250e+02
2.118442153930664062e+01
5.883630371093750000e+02
1.115794555664062500e+03
1.790032806396484375e+02
1.944519639015197754e+00
4.165558624267578125e+01
