1.139141842722892761e-01
2.230089008808135986e-01
1.140283606946468353e-02
4.678145982325077057e-03
3.095981478691101074e-02
3.871790170669555664e+00
2.087669074535369873e-02
6.026358809322118759e-03
1.837681420147418976e-02
4.617930054664611816e-01
4.185760766267776489e-02
5.522451922297477722e-02
1.182420849800109863e-01
2.687346190214157104e-02
3.860442433506250381e-03
3.392918780446052551e-02
2.407030900940299034e-03
2.184464223682880402e-02
5.072853341698646545e-02
1.833569258451461792e-03
3.490295261144638062e-02
3.940842673182487488e-02
1.300037354230880737e-01
2.159962803125381470e-02
3.596772909164428711e+00
1.041345857083797455e-02
6.848079711198806763e-02
1.566779315471649170e-01
1.362519264221191406e-01
8.086944222450256348e-01
1.801148639060556889e-03
5.160940927453339100e-04
2.748795785009860992e-02
7.298184186220169067e-02
2.838057465851306915e-02
4.367219284176826477e-02
9.206265211105346680e-03
6.267900462262332439e-04
1.241263374686241150e-02
1.107989531010389328e-02
2.270346730947494507e-01
1.683706641197204590e-01
1.569154858589172363e-02
6.059416294097900391e+00
2.439705282449722290e-01
1.343351304531097412e-01
1.886339671909809113e-02
6.226080060005187988e-01
1.892123022116720676e-03
8.893297612667083740e-02
1.440294533967971802e-01
1.013300791382789612e-01
1.155918240547180176e-01
4.237088933587074280e-02
2.033995930105447769e-03
4.428820684552192688e-03
5.446038674563169479e-03
3.498185425996780396e-02
3.923579305410385132e-02
1.276982021331787109e+01
1.550938654690980911e-02
8.823570251464843750e+00
1.771656610071659088e-02
1.622832007706165314e-02
1.278263032436370850e-01
9.614333510398864746e-02
4.330308437347412109e-01
4.319783300161361694e-02
1.252559781074523926e+00
7.988380193710327148e-01
2.428953739581629634e-04
9.014684557914733887e-01
4.135138355195522308e-03
3.369958102703094482e-01
1.172215417027473450e-01
2.243579924106597900e-02
1.208889856934547424e-02
8.009656518697738647e-02
3.338705003261566162e-02
1.962637342512607574e-02
2.828142940998077393e-01
2.944514155387878418e-02
6.349927932024002075e-02
4.063436063006520271e-04
3.709194483235478401e-03
4.902404733002185822e-03
1.082679518731310964e-04
3.115191124379634857e-02
1.135424971580505371e+00
8.975497912615537643e-04
1.780811697244644165e-02
1.879670657217502594e-02
5.824609659612178802e-03
4.553313553333282471e-02
5.423650611191987991e-03
1.166362643241882324e+00
2.742533087730407715e-01
3.279431164264678955e-01
2.438194118440151215e-03
1.062677502632141113e-01
5.056896209716796875e+00
6.590090692043304443e-02
3.540042089298367500e-03
2.918531000614166260e-02
2.641766704618930817e-02
4.444019496440887451e-01
5.304412171244621277e-02
2.685106545686721802e-02
9.941894561052322388e-02
2.756451666355133057e-01
4.360407963395118713e-02
2.622323036193847656e-01
8.190026134252548218e-02
3.012729883193969727e-01
1.795741729438304901e-02
8.097316324710845947e-02
6.205862760543823242e-02
3.109902143478393555e-02
6.857434753328561783e-03
3.763858601450920105e-02
4.079670645296573639e-03
5.269453048706054688e+01
5.289176702499389648e-01
9.534238576889038086e-01
4.933039308525621891e-04
2.212426215410232544e-01
2.212243154644966125e-02
7.087890408001840115e-04
1.906403452157974243e-01
5.188113451004028320e-02
9.479406476020812988e-01
4.112450405955314636e-02
8.570616133511066437e-03
2.499223919585347176e-03
6.702391058206558228e-02
1.488539017736911774e-02
3.557734563946723938e-02
1.735505580902099609e+00
2.501828968524932861e-01
9.386479258537292480e-01
1.791467145085334778e-02
1.095290482044219971e-02
1.485398173332214355e+00
1.077194571495056152e+00
1.357005214691162109e+01
8.919420093297958374e-02
5.381746292114257812e-01
5.118312686681747437e-02
1.583906263113021851e-01
3.231477364897727966e-02
1.812988892197608948e-02
2.827342152595520020e-01
2.168314307928085327e-01
5.433573946356773376e-02
2.029180228710174561e-01
3.595932200551033020e-02
2.699509449303150177e-02
4.208245128393173218e-02
1.960483146831393242e-03
6.196112371981143951e-03
1.321309804916381836e-01
2.061654347926378250e-03
1.066560521721839905e-01
1.680483520030975342e-01
8.602677583694458008e-01
2.855458259582519531e-01
2.193505614995956421e-01
2.727876007556915283e-01
2.340936183929443359e+00
2.240949077531695366e-03
6.614118814468383789e-02
2.955136001110076904e-01
6.534467102028429508e-04
9.694629348814487457e-03
7.036415487527847290e-02
1.419581174850463867e+00
3.007724508643150330e-02
3.361568599939346313e-02
3.085516765713691711e-02
3.838643729686737061e-01
6.780931353569030762e-02
5.313393846154212952e-02
2.029619812965393066e-01
7.904146611690521240e-02
9.711705446243286133e-01
3.969288989901542664e-02
8.702587336301803589e-03
3.395608067512512207e-02
7.104886174201965332e-01
3.125821799039840698e-02
4.733194112777709961e-01
5.698686838150024414e-02
3.440738655626773834e-04
1.129629611968994141e-01
1.606450527906417847e-01
6.479979306459426880e-02
4.085487723350524902e-01
4.488455504179000854e-02
8.329193107783794403e-03
1.441687196493148804e-01
4.281617235392332077e-03
1.043542698025703430e-01
3.000115044414997101e-02
8.428876847028732300e-02
1.010753307491540909e-02
1.285157352685928345e-02
1.163778007030487061e-01
1.341098403930664062e+01
3.933408297598361969e-03
2.955517731606960297e-03
5.678031593561172485e-03
5.529167130589485168e-02
2.437388466205447912e-04
1.436163067817687988e+00
4.036361724138259888e-02
2.472196578979492188e+00
5.386676788330078125e-01
3.846747428178787231e-02
7.386782672256231308e-04
7.640296220779418945e-01
1.043211579322814941e+00
5.016922485083341599e-03
1.049214508384466171e-02
3.372910246253013611e-02
9.621775825507938862e-05
2.063652873039245605e-01
2.350556896999478340e-03
3.257133960723876953e+00
1.750970035791397095e-01
1.035379059612751007e-02
2.244826592504978180e-02
1.691890321671962738e-02
2.661762759089469910e-02
5.066972691565752029e-03
8.821674436330795288e-02
7.653564214706420898e-02
7.208601385354995728e-02
5.534542724490165710e-03
3.860971033573150635e-01
8.867973810993134975e-04
2.624444067478179932e-01
3.792962804436683655e-02
2.098046094179153442e-01
5.048173945397138596e-03
1.378211844712495804e-02
1.515950635075569153e-02
5.946923419833183289e-02
6.172172725200653076e-02
4.716518148779869080e-02
7.386913895606994629e-02
3.762903809547424316e-02
7.877740263938903809e-01
2.232426340924575925e-04
1.346180289983749390e-01
4.934615641832351685e-02
2.009655833244323730e-01
3.463056564331054688e+00
1.235419660806655884e-01
1.165059767663478851e-02
1.059510707855224609e-01
1.115811429917812347e-02
2.449716208502650261e-03
1.366560816764831543e+00
7.746684551239013672e-02
1.165405381470918655e-02
1.780075877904891968e-01
8.588018827140331268e-03
1.487434506416320801e+00
3.532935865223407745e-03
1.247663237154483795e-02
3.925907135009765625e+00
8.962760120630264282e-02
4.568541944026947021e-01
3.545483341440558434e-03
2.216335153207182884e-03
2.836678922176361084e-02
2.007560059428215027e-02
1.568385772407054901e-02
4.023036658763885498e-01
8.693796396255493164e-01
3.728407621383666992e-01
3.359853103756904602e-02
2.249874360859394073e-02
1.892999373376369476e-02
3.364771837368607521e-04
1.916036382317543030e-02
5.054536342620849609e+00
2.534311056137084961e+00
2.473429543897509575e-03
7.960195094347000122e-02
1.897926069796085358e-02
5.122182425111532211e-03
2.872511744499206543e-01
4.585099592804908752e-02
1.766802393831312656e-03
1.221662200987339020e-02
3.187552839517593384e-02
7.562051713466644287e-02
1.902402281761169434e+00
1.314529329538345337e-01
3.466997146606445312e+00
4.459018111228942871e-01
2.155956178903579712e-01
1.712436795234680176e+00
1.763413190841674805e+00
3.681815415620803833e-02
1.863154023885726929e-02
1.652894616127014160e-01
2.067163027822971344e-02
2.007901370525360107e-01
1.325540304183959961e+00
1.738004684448242188e-01
4.792372509837150574e-02
4.772049784660339355e-01
1.199895236641168594e-02
5.456079915165901184e-02
2.638557460159063339e-03
9.021035432815551758e-01
2.928665140643715858e-03
1.306312810629606247e-02
1.741986125707626343e-01
1.287510734982788563e-03
3.302003070712089539e-02
1.514453142881393433e-01
9.014361537992954254e-03
2.321227073669433594e+00
6.865146104246377945e-03
6.653892807662487030e-03
3.052950091660022736e-02
7.922329939901828766e-03
2.259470755234360695e-03
8.344719409942626953e-01
1.620321348309516907e-02
4.377809911966323853e-02
1.370599772781133652e-02
1.928927749395370483e-02
2.285625785589218140e-02
1.285713259130716324e-02
3.394449129700660706e-02
2.280497997999191284e-01
1.253629755228757858e-02
5.821880185976624489e-04
1.054237503558397293e-02
1.465875864028930664e+00
9.960709139704704285e-04
1.666983775794506073e-02
2.975106835365295410e-01
3.302252888679504395e-01
3.734106570482254028e-02
6.862362474203109741e-02
1.771394610404968262e-01
1.069346815347671509e-01
1.801181206246837974e-04
2.201887965202331543e-02
2.200633101165294647e-02
5.370592232793569565e-03
3.426367044448852539e-02
4.315342754125595093e-02
7.436732202768325806e-02
1.260798424482345581e-01
4.097487032413482666e-02
1.802341081202030182e-03
6.959081441164016724e-02
1.943829841911792755e-02
4.320811629295349121e-01
1.518970169126987457e-02
1.515147387981414795e-01
2.054723445326089859e-03
3.363081514835357666e-01
1.017365138977766037e-03
8.644470572471618652e-02
8.738558739423751831e-02
1.069102644920349121e+00
5.036828666925430298e-02
7.416167855262756348e-01
4.713827744126319885e-03
1.480612717568874359e-02
1.142555382102727890e-02
1.017143484205007553e-02
3.586576879024505615e-02
6.322536617517471313e-02
4.548112396150827408e-03
1.426550984382629395e+00
2.285986244678497314e-01
4.623353108763694763e-02
6.450257301330566406e+00
1.879870223999023438e+01
1.259052567183971405e-02
4.609023220837116241e-03
4.940148210152983665e-04
7.848406583070755005e-02
2.219155430793762207e-02
5.748171359300613403e-02
6.830906867980957031e+00
4.717574047390371561e-04
4.873270511627197266e+00
2.661687731742858887e-01
2.373113110661506653e-02
2.784665906801819801e-03
8.576020598411560059e-03
2.296112060546875000e+01
6.159582138061523438e+01
6.086639404296875000e+01
6.961112618446350098e-01
2.085764694213867188e+01
1.659140229225158691e+00
3.439400939941406250e+02
1.232695579528808594e+01
1.260884552001953125e+02
1.933445549011230469e+01
1.052110366821289062e+02
3.270349884033203125e+01
2.312467193603515625e+01
7.083769440650939941e-01
1.009066486358642578e+01
8.039537811279296875e+01
2.482992172241210938e+01
2.155342559814453125e+02
4.458459091186523438e+01
6.795504570007324219e+00
2.227249526977539062e+01
6.198246002197265625e+00
9.742609977722167969e+00
3.045850181579589844e+01
9.963512420654296875e+00
1.220435619354248047e+00
8.008595275878906250e+01
5.725562744140625000e+02
7.253308715820312500e+02
1.714146423339843750e+02
3.690961122512817383e+00
3.468152284622192383e+00
4.702212333679199219e+00
3.349248657226562500e+02
5.056453704833984375e+00
8.315188407897949219e+00
7.060604095458984375e-01
1.021582335233688354e-01
1.845571041107177734e+00
9.452928161621093750e+01
1.518008056640625000e+03
2.754458999633789062e+01
8.521158099174499512e-01
3.777212219238281250e+02
1.891445922851562500e+01
1.663690795898437500e+02
1.429251098632812500e+02
9.862673759460449219e+00
1.038304209709167480e+00
3.745629272460937500e+02
1.006552658081054688e+02
2.127729034423828125e+01
1.531133747100830078e+01
4.794386672973632812e+01
4.264333724975585938e+00
6.513046264648437500e+00
4.287628173828125000e+00
8.750146031379699707e-01
1.064920234680175781e+01
6.118214721679687500e+02
1.072175521850585938e+02
5.975993041992187500e+02
3.837673425674438477e+00
3.059220886230468750e+01
5.383249759674072266e+00
1.979700469970703125e+01
4.528137207031250000e+01
1.188818481445312500e+03
1.085884887695312500e+03
2.607585334777832031e+01
8.545729517936706543e-02
5.026465606689453125e+01
1.319465756416320801e+00
1.158205795288085938e+02
1.114742088317871094e+01
1.094568443298339844e+01
5.817688703536987305e-01
6.821717739105224609e+00
1.207927703857421875e+02
3.346672439575195312e+01
2.614221000671386719e+01
4.045123100280761719e+00
1.448695373535156250e+01
1.923530387878417969e+01
1.231176471710205078e+01
1.259310245513916016e+01
1.485670953989028931e-01
1.877336883544921875e+01
2.282143783569335938e+01
3.285521507263183594e+00
7.325106620788574219e+00
6.092632675170898438e+01
6.905721282958984375e+01
1.622141647338867188e+01
9.429833221435546875e+01
5.644141006469726562e+01
4.529919624328613281e+00
1.602344848632812500e+03
1.843826889991760254e+00
7.905964660644531250e+01
2.320389747619628906e+00
1.380641078948974609e+01
1.394517183303833008e+00
1.353394317626953125e+02
2.894520568847656250e+01
4.902484893798828125e+01
3.105482101440429688e+00
7.224421386718750000e+02
3.333007812500000000e+02
2.104348897933959961e+00
2.005980461835861206e-01
2.256035766601562500e+02
1.038674926757812500e+02
3.030878782272338867e+00
4.516165542602539062e+01
1.038481292724609375e+02
3.393851089477539062e+01
1.354165649414062500e+01
6.921290588378906250e+01
1.912525177001953125e+01
8.533841705322265625e+01
9.463585937500000000e+03
2.041328277587890625e+02
8.171186065673828125e+01
2.387749195098876953e+00
2.222937774658203125e+02
2.116697692871093750e+01
2.496911525726318359e+00
8.164207153320312500e+02
1.071198501586914062e+02
1.351621398925781250e+02
1.309710884094238281e+01
3.973314464092254639e-01
1.054006671905517578e+01
1.878743648529052734e+00
3.073754072189331055e+00
4.548795700073242188e+00
2.217339630126953125e+02
1.463102264404296875e+02
2.697210388183593750e+02
3.802533721923828125e+01
1.660943388938903809e+00
5.230065307617187500e+02
2.464715194702148438e+01
3.104313354492187500e+02
3.753538131713867188e+01
5.193129882812500000e+02
1.269532680511474609e+00
3.580737304687500000e+01
6.132772216796875000e+02
6.151171326637268066e-01
3.780776367187500000e+02
8.057299041748046875e+01
6.686481833457946777e-01
1.313583679199218750e+02
1.932417488098144531e+01
1.427556037902832031e+00
1.176261782646179199e+00
2.938110828399658203e+00
1.493516325950622559e+00
5.926714477539062500e+02
1.329455108642578125e+02
1.862512512207031250e+02
1.919128227233886719e+01
1.336537170410156250e+02
1.902272224426269531e+01
4.610100936889648438e+01
1.354560241699218750e+02
4.425477600097656250e+02
4.228526592254638672e+00
1.185049819946289062e+01
7.773768920898437500e+02
2.137056112289428711e+00
4.587958812713623047e+00
1.690447845458984375e+02
2.264271163940429688e+01
8.342736244201660156e+00
5.070382308959960938e+01
3.791680574417114258e+00
1.807554435729980469e+01
3.920655965805053711e+00
3.103271293640136719e+01
2.416385345458984375e+02
1.399850487709045410e+00
7.754384277343750000e+03
6.317590713500976562e+00
1.012166261672973633e+00
1.473141288757324219e+01
2.014425659179687500e+02
2.920936203002929688e+01
1.673479199409484863e+00
1.118545989990234375e+02
6.344254016876220703e+00
6.597266387939453125e+01
6.054075622558593750e+01
1.272501468658447266e+00
5.446483612060546875e+01
1.238709211349487305e+00
2.464435338973999023e+00
2.901134252548217773e+00
1.445007133483886719e+01
4.999550342559814453e+00
9.023518562316894531e+00
4.771354293823242188e+01
6.773246765136718750e+01
7.809887528419494629e-01
1.719504356384277344e+01
3.003050231933593750e+02
6.280706882476806641e+00
1.964002418518066406e+01
1.236216163635253906e+01
3.000909566879272461e+00
1.183130860328674316e+00
2.085095703125000000e+03
1.689924240112304688e+01
1.436640167236328125e+02
9.830882072448730469e+00
3.644334716796875000e+02
1.387257933616638184e+00
1.557972259521484375e+02
3.011788085937500000e+03
1.951321661472320557e-01
1.837316870689392090e+00
3.754301452636718750e+02
2.641905069351196289e+00
6.358412475585937500e+02
3.005955457687377930e+00
1.504820060729980469e+01
3.817254781723022461e+00
1.148300266265869141e+01
1.850280463695526123e-01
9.973359107971191406e+00
2.253942012786865234e+00
1.565159301757812500e+02
1.699023056030273438e+01
3.707630157470703125e+01
2.635815858840942383e+00
1.441849994659423828e+01
1.650543022155761719e+01
1.097872495651245117e+00
4.210677490234375000e+02
5.015608978271484375e+01
1.159545516967773438e+01
8.597402572631835938e+00
8.053047180175781250e+01
6.538224029541015625e+01
1.605175781250000000e+02
3.654459118843078613e-01
1.176696899414062500e+03
7.243248462677001953e+00
3.273315048217773438e+01
3.384881591796875000e+01
1.666429638862609863e+00
1.722622985839843750e+02
7.160404205322265625e+01
1.284237146377563477e+00
1.163162612915039062e+02
3.848458862304687500e+01
2.748392105102539062e+00
8.917009887695312500e+02
3.829676818847656250e+01
7.653524780273437500e+01
4.000470352172851562e+01
4.550392761230468750e+02
1.122711868286132812e+02
1.091156768798828125e+02
2.342174911499023438e+01
2.430739593505859375e+02
2.964830398559570312e-01
9.035024642944335938e+00
9.982382812500000000e+02
3.162265014648437500e+01
2.226995849609375000e+02
8.272824883460998535e-01
4.156396687030792236e-01
3.834051132202148438e+01
7.992244720458984375e+00
6.696342468261718750e+00
4.735129928588867188e+01
1.484507083892822266e+00
1.169676971435546875e+01
3.456819534301757812e+00
5.143518447875976562e+00
2.975024986267089844e+01
1.126092910766601562e+00
2.674927473068237305e+00
3.824103088378906250e+02
8.078963012695312500e+02
3.008361339569091797e+00
1.048285980224609375e+02
2.249182701110839844e+01
8.947944641113281250e+00
2.938351074218750000e+03
4.638200283050537109e+00
6.644141387939453125e+01
1.379465103149414062e+01
2.485517120361328125e+01
4.980169982910156250e+02
1.449618911743164062e+01
1.177843093872070312e+02
2.761153259277343750e+02
8.143017578125000000e+01
3.861867904663085938e+01
5.661132812500000000e+02
2.452642059326171875e+01
7.561287403106689453e+00
1.433210144042968750e+02
1.577025794982910156e+01
1.174799060821533203e+01
8.038430175781250000e+02
4.514908142089843750e+02
3.550996093750000000e+02
9.099652709960937500e+02
4.948421001434326172e+00
6.089592933654785156e+00
1.032795548439025879e+00
1.319386482238769531e+01
1.238004112243652344e+01
6.158407688140869141e+00
1.916111230850219727e+00
3.674926280975341797e+00
1.582347154617309570e+00
2.603119201660156250e+02
3.134461975097656250e+01
6.764115905761718750e+01
2.663110046386718750e+02
9.648089408874511719e+00
4.983304214477539062e+01
3.658290481567382812e+01
2.046066284179687500e+01
9.112066030502319336e-01
3.354826904296875000e+03
5.399274291992187500e+02
3.652082824707031250e+01
9.249595642089843750e+01
5.135078048706054688e+01
6.309769897460937500e+02
3.703308105468750000e+01
5.246014595031738281e+00
2.794093132019042969e+01
1.542957425117492676e+00
3.551279830932617188e+01
8.134821777343750000e+02
3.922094345092773438e+01
6.782324314117431641e+00
4.226768016815185547e+00
1.193481521606445312e+02
1.049790161132812500e+03
5.677720642089843750e+01
1.963704299926757812e+01
2.070296096801757812e+01
2.023120671510696411e-01
8.678277581930160522e-02
2.444701004028320312e+01
1.567476844787597656e+01
5.483877182006835938e+00
1.618309211730957031e+01
1.049195098876953125e+02
4.656650924682617188e+01
5.315567398071289062e+01
2.499743700027465820e+00
1.794894099235534668e+00
5.142813682556152344e+00
1.372445487976074219e+01
5.679153442382812500e+02
2.407342910766601562e+00
6.334293365478515625e+01
3.811893761157989502e-01
6.798732757568359375e+00
3.881668448448181152e-01
9.881505966186523438e+00
1.296368530273437500e+03
2.323957031250000000e+04
4.903122425079345703e+00
9.448583984375000000e+01
2.295211219787597656e+01
4.218572139739990234e+00
8.184194946289062500e+01
2.540196685791015625e+02
2.693090438842773438e+00
3.848676443099975586e+00
1.574919414520263672e+01
9.863172912597656250e+01
2.584648513793945312e+01
6.568325996398925781e+00
2.287070007324218750e+02
1.215037231445312500e+03
9.728796958923339844e+00
3.975075483322143555e+00
2.961044549942016602e+00
1.579073333740234375e+02
2.487841129302978516e+00
8.824276924133300781e+00
3.343544006347656250e+02
2.811115264892578125e+01
2.706887817382812500e+02
9.189078979492187500e+02
1.183671569824218750e+02
1.483038306236267090e+00
4.944231796264648438e+01
