3.205025941133499146e-02
1.267767697572708130e-01
6.092419847846031189e-03
2.240273868665099144e-03
4.399978742003440857e-02
5.794772624969482422e+00
1.990763470530509949e-02
3.070659469813108444e-03
6.637392565608024597e-03
5.665521025657653809e-01
1.012802775949239731e-02
2.288767881691455841e-02
5.526857823133468628e-02
2.412928640842437744e-02
1.525818603113293648e-03
1.648412272334098816e-02
1.991807483136653900e-03
6.531084422022104263e-03
2.043833956122398376e-02
7.363333716057240963e-04
7.124202698469161987e-02
3.036206215620040894e-02
1.970649957656860352e-01
3.117352351546287537e-02
9.179880619049072266e-01
1.423279009759426117e-02
6.526409834623336792e-02
6.048735231161117554e-02
1.016886979341506958e-01
7.528613209724426270e-01
5.762485670857131481e-04
1.298409042647108436e-04
6.473458372056484222e-03
3.275923058390617371e-02
4.012372717261314392e-02
1.182672288268804550e-02
6.091423332691192627e-03
4.644541186280548573e-04
6.979899946600198746e-03
6.042650900781154633e-03
1.692433208227157593e-01
1.053098291158676147e-01
3.125609364360570908e-03
1.057002067565917969e+01
1.584337502717971802e-01
1.338015496730804443e-01
9.922727942466735840e-03
4.396859705448150635e-01
2.614593366160988808e-03
2.386416494846343994e-02
1.509651988744735718e-01
6.077088788151741028e-02
1.564106792211532593e-01
4.891887679696083069e-02
7.066798279993236065e-04
2.436164999380707741e-03
4.402650520205497742e-03
9.778457693755626678e-03
2.569491788744926453e-02
7.370963573455810547e+00
1.753202639520168304e-02
1.170292854309082031e+01
1.200544741004705429e-02
3.569637890905141830e-03
9.466721117496490479e-02
2.852563932538032532e-02
1.794785410165786743e-01
1.623678021132946014e-02
7.557510733604431152e-01
6.837052702903747559e-01
1.362880866508930922e-04
1.117958188056945801e+00
1.395192695781588554e-03
6.074407696723937988e-02
1.036405488848686218e-01
3.580707311630249023e-02
5.636271089315414429e-03
6.203049421310424805e-02
3.701239824295043945e-02
1.309789437800645828e-02
1.157066896557807922e-01
1.823868416249752045e-02
2.014405280351638794e-02
3.044002805836498737e-04
2.253854880109429359e-03
2.405717270448803902e-03
4.502205774770118296e-05
3.331020474433898926e-02
6.311746239662170410e-01
8.603549213148653507e-04
1.354785542935132980e-02
9.521735832095146179e-03
1.857169903814792633e-03
7.921431213617324829e-02
8.319456246681511402e-04
8.825693726539611816e-01
6.150041222572326660e-01
8.880021423101425171e-02
1.324659562669694424e-03
8.676570653915405273e-02
2.153345108032226562e+00
5.835508927702903748e-02
1.420700340531766415e-03
2.112477831542491913e-02
1.620721630752086639e-02
6.172764301300048828e-01
8.619657158851623535e-02
1.697020977735519409e-02
3.905390575528144836e-02
1.552768200635910034e-01
1.474993377923965454e-01
2.682189345359802246e-01
5.228143557906150818e-02
8.075021952390670776e-02
1.683482341468334198e-02
4.459153860807418823e-02
4.488814994692802429e-02
8.322729729115962982e-03
3.711398923769593239e-03
5.800848081707954407e-02
1.190822687931358814e-03
1.784199714660644531e+01
5.450378656387329102e-01
4.863900840282440186e-01
1.346341305179521441e-04
2.046588212251663208e-01
2.280435152351856232e-02
5.383732495829463005e-04
7.544210553169250488e-02
4.992720112204551697e-02
1.094909191131591797e+00
2.677264995872974396e-02
3.468275535851716995e-03
1.676100306212902069e-03
5.962421000003814697e-02
2.167713642120361328e-02
4.522050172090530396e-02
2.690516710281372070e+00
1.951428204774856567e-01
4.344408214092254639e-01
1.414706185460090637e-02
8.694337680935859680e-03
8.730574846267700195e-01
7.832550406455993652e-01
2.683852386474609375e+01
3.143081814050674438e-02
2.307106405496597290e-01
1.313132606446743011e-02
6.420736014842987061e-02
1.031676400452852249e-02
1.563260890543460846e-02
9.955571591854095459e-02
1.474440842866897583e-01
2.893007360398769379e-02
1.457261294126510620e-01
1.350472494959831238e-02
2.587861940264701843e-02
5.603589862585067749e-02
1.837960910052061081e-03
6.639981642365455627e-03
4.818416386842727661e-02
4.276232793927192688e-04
1.118504032492637634e-01
3.529978692531585693e-01
3.246072530746459961e-01
1.624441295862197876e-01
1.403437703847885132e-01
2.098567038774490356e-01
1.167001962661743164e+00
4.311461234465241432e-04
2.026359550654888153e-02
1.611418128013610840e-01
1.196928715216927230e-04
9.160309098660945892e-03
4.618784040212631226e-02
2.573611259460449219e+00
2.795038931071758270e-02
1.328648719936609268e-02
1.426768954843282700e-02
1.076861619949340820e-01
4.040550068020820618e-02
3.477173671126365662e-02
1.351011991500854492e-01
4.654639214277267456e-02
1.685175180435180664e+00
1.144139189273118973e-02
5.861937534064054489e-03
5.483435839414596558e-02
4.302824437618255615e-01
4.254712164402008057e-02
1.963032633066177368e-01
3.167262673377990723e-02
2.413747715763747692e-04
1.550575047731399536e-01
3.395687937736511230e-01
2.477781474590301514e-02
3.723197877407073975e-01
8.009606599807739258e-02
4.729894921183586121e-03
2.393919788300991058e-02
3.182225394994020462e-03
3.881021216511726379e-02
1.335413847118616104e-02
2.446868829429149628e-02
8.362953551113605499e-03
3.352226223796606064e-03
2.032677680253982544e-01
1.582438087463378906e+01
5.953375250101089478e-03
3.013771260157227516e-03
5.227902904152870178e-03
4.924509301781654358e-02
1.049737329594790936e-04
1.326596140861511230e+00
2.974209189414978027e-02
2.681950092315673828e+00
1.761006414890289307e-01
2.238917164504528046e-02
5.499535473063588142e-04
3.930912911891937256e-01
4.455139338970184326e-01
8.419916033744812012e-03
2.426545834168791771e-03
2.935565635561943054e-02
8.340161730302497745e-05
4.895550012588500977e-02
1.545877312310039997e-03
4.457029819488525391e+00
3.394129872322082520e-01
7.597158197313547134e-03
2.053373493254184723e-02
1.359159592539072037e-02
2.858657948672771454e-02
3.132909070700407028e-03
1.699857413768768311e-01
2.101981639862060547e-02
1.149556934833526611e-01
4.447403363883495331e-03
2.606738507747650146e-01
4.544552357401698828e-04
7.642754912376403809e-02
4.919927567243576050e-02
1.913758814334869385e-01
4.994559567421674728e-03
1.317265443503856659e-02
9.068602696061134338e-03
3.602189943194389343e-02
1.113343015313148499e-01
3.829888999462127686e-02
6.844661384820938110e-02
3.609825298190116882e-02
9.496423602104187012e-01
7.390468090306967497e-05
7.115685939788818359e-02
1.268187072128057480e-02
2.916921675205230713e-01
3.611384153366088867e+00
2.837454713881015778e-02
1.255962066352367401e-02
1.458188891410827637e-01
4.619833547621965408e-03
6.569940596818923950e-04
1.391246199607849121e+00
3.569326549768447876e-02
4.411043133586645126e-03
2.723540738224983215e-02
1.224729605019092560e-02
1.661694288253784180e+00
6.575657520443201065e-03
6.553832907229661942e-03
2.397483587265014648e+00
3.634084761142730713e-02
5.778200626373291016e-01
2.529945457354187965e-03
1.832639216445386410e-03
1.464061718434095383e-02
9.687983430922031403e-03
1.122051756829023361e-02
4.751235246658325195e-01
1.331400394439697266e+00
1.491977274417877197e-01
1.399941556155681610e-02
8.133400231599807739e-03
1.102597266435623169e-02
1.740921579767018557e-04
6.321628578007221222e-03
5.435663700103759766e+00
1.557877779006958008e+00
5.432883044704794884e-04
5.942752212285995483e-02
1.349935587495565414e-02
1.878515118733048439e-03
8.837328106164932251e-02
3.432154282927513123e-02
7.967320852912962437e-04
1.701510697603225708e-02
2.781232260167598724e-02
5.482282862067222595e-02
2.366414785385131836e+00
5.107861757278442383e-02
1.050957798957824707e+00
5.752117037773132324e-01
8.294328302145004272e-02
7.911244034767150879e-01
2.136520147323608398e+00
7.750316523015499115e-03
2.366776764392852783e-02
7.738634198904037476e-02
8.287030272185802460e-03
1.226904615759849548e-01
9.475169181823730469e-01
6.038709357380867004e-02
9.887450374662876129e-03
3.724811375141143799e-01
4.625551402568817139e-03
3.212871029973030090e-02
9.332030895166099072e-04
6.284546256065368652e-01
3.408996388316154480e-03
7.459931075572967529e-03
2.843887805938720703e-01
1.076786546036601067e-03
8.756279945373535156e-03
4.189569875597953796e-02
4.363154992461204529e-03
4.842942953109741211e-01
5.353921093046665192e-03
6.152738817036151886e-03
8.686455897986888885e-03
2.653732895851135254e-03
3.942622337490320206e-03
2.287982255220413208e-01
6.486237980425357819e-03
1.430525910109281540e-02
8.199603296816349030e-03
9.303280152380466461e-03
4.859568551182746887e-03
5.032052285969257355e-03
1.871341839432716370e-02
1.965468376874923706e-01
2.115427749231457710e-03
6.869622156955301762e-04
4.505169577896595001e-03
2.242673873901367188e+00
1.003838609904050827e-03
1.190226059406995773e-02
1.622019112110137939e-01
3.629016131162643433e-02
3.938913345336914062e-02
3.054422885179519653e-02
1.032256856560707092e-01
1.774434447288513184e-01
8.209418592741712928e-05
1.696357503533363342e-02
3.432849654927849770e-03
2.225483767688274384e-03
2.615808136761188507e-02
2.844088152050971985e-02
5.208984017372131348e-02
8.805906027555465698e-02
2.314967662096023560e-02
9.397987159900367260e-04
2.121937833726406097e-02
9.367943741381168365e-03
1.807335168123245239e-01
1.897546090185642242e-02
8.631448447704315186e-02
1.353837433271110058e-03
1.202684566378593445e-01
3.211706061847507954e-04
1.321306377649307251e-01
1.369555443525314331e-01
7.240163534879684448e-02
2.198647521436214447e-02
9.964683055877685547e-01
2.453079214319586754e-03
1.252151746302843094e-02
6.056610029190778732e-03
1.976946555078029633e-02
2.693838067352771759e-02
5.573152005672454834e-02
1.573503483086824417e-03
4.719677925109863281e+00
1.067605167627334595e-01
2.923653274774551392e-02
3.593481540679931641e+00
1.089380073547363281e+01
8.064970374107360840e-03
7.671276689507067204e-04
5.572952213697135448e-04
3.240147233009338379e-02
6.155761424452066422e-03
3.510784357786178589e-02
9.105278015136718750e+00
1.674065133556723595e-04
3.801346778869628906e+00
1.028638556599617004e-01
2.418209798634052277e-02
5.834494368173182011e-04
3.778436686843633652e-03
1.189972496032714844e+01
1.166340560913085938e+02
1.592808074951171875e+02
8.363146185874938965e-01
5.037594223022460938e+01
2.471650123596191406e+00
6.007432250976562500e+02
1.124820613861083984e+01
9.365135955810546875e+01
1.120409488677978516e+01
1.866938781738281250e+02
2.027084541320800781e+01
9.662522888183593750e+01
7.787174582481384277e-01
1.271223735809326172e+01
1.485471191406250000e+02
1.110277023315429688e+02
2.038170166015625000e+02
1.266597137451171875e+02
9.790185928344726562e+00
6.977694702148437500e+01
5.810708999633789062e+00
8.964085578918457031e+00
5.886596298217773438e+01
2.565723419189453125e+00
6.402285695075988770e-01
2.754193115234375000e+02
7.111894531250000000e+02
1.442348266601562500e+03
3.759767456054687500e+02
9.566271781921386719e+00
4.137693405151367188e+00
1.002667236328125000e+01
3.703912353515625000e+02
1.203332901000976562e+01
1.231234836578369141e+01
8.345101475715637207e-01
5.629307776689529419e-02
4.092759132385253906e+00
1.738016357421875000e+02
9.694445800781250000e+02
2.517646789550781250e+01
1.121718883514404297e+00
4.551790466308593750e+02
2.892189788818359375e+01
1.623871765136718750e+02
1.277618789672851562e+02
1.718238449096679688e+01
8.518843650817871094e-01
9.988063354492187500e+02
2.382119293212890625e+02
4.482970428466796875e+01
1.856465721130371094e+01
2.878181076049804688e+01
4.236167430877685547e+00
1.108433246612548828e+01
5.606174468994140625e+00
3.256909549236297607e-01
2.285069656372070312e+01
1.373790405273437500e+03
5.132635498046875000e+02
5.315148315429687500e+02
7.812368392944335938e+00
6.668011474609375000e+01
5.564081668853759766e+00
4.823761749267578125e+01
6.530057525634765625e+01
2.466060302734375000e+03
2.819810791015625000e+02
6.479827117919921875e+01
6.878377497196197510e-02
1.710972290039062500e+02
1.457886219024658203e+00
2.145661315917968750e+02
1.004349899291992188e+01
1.218084144592285156e+01
1.176186323165893555e+00
1.069520854949951172e+01
3.720531921386718750e+02
3.899388122558593750e+01
3.663602447509765625e+01
6.344113349914550781e+00
9.150851249694824219e+00
5.278740310668945312e+01
6.152544975280761719e+00
4.005458068847656250e+01
1.349639892578125000e-01
1.475810623168945312e+01
2.158679962158203125e+01
3.693821191787719727e+00
1.502050304412841797e+01
5.803800582885742188e+01
5.555060577392578125e+01
1.821384620666503906e+01
8.644525146484375000e+01
3.364469299316406250e+02
4.502837181091308594e+00
6.230977172851562500e+02
6.740471124649047852e-01
4.823973388671875000e+02
2.223055601119995117e+00
2.709898185729980469e+01
3.591412305831909180e+00
1.279122009277343750e+02
5.274807739257812500e+01
1.373809356689453125e+02
2.605268478393554688e+00
4.241287109375000000e+03
3.950252075195312500e+02
1.106013059616088867e+00
6.360839009284973145e-01
1.036558837890625000e+03
2.140001678466796875e+02
1.541100144386291504e+00
3.956575393676757812e+01
1.022130126953125000e+02
1.024993667602539062e+02
1.832543754577636719e+01
1.178393096923828125e+02
1.347072029113769531e+01
2.634594116210937500e+02
9.822786132812500000e+03
5.031710205078125000e+02
1.720399932861328125e+02
3.431029081344604492e+00
3.066918334960937500e+02
3.391757965087890625e+01
3.637809991836547852e+00
7.870621948242187500e+02
9.092933654785156250e+01
4.691058044433593750e+02
2.973123931884765625e+01
3.968706130981445312e-01
3.121712493896484375e+01
2.704014539718627930e+00
3.516402006149291992e+00
1.246019363403320312e+00
5.599628295898437500e+02
7.255360107421875000e+02
3.066796875000000000e+02
3.766484451293945312e+01
2.666598558425903320e+00
5.697359008789062500e+02
2.724532127380371094e+01
7.863322143554687500e+02
4.855635070800781250e+01
4.249785461425781250e+02
1.882322907447814941e+00
6.224310302734375000e+01
2.117600830078125000e+03
5.222368836402893066e-01
6.737819824218750000e+02
3.650013732910156250e+01
5.707962512969970703e-01
1.861660919189453125e+02
3.633447265625000000e+01
2.743134021759033203e+00
1.127668380737304688e+00
7.021126747131347656e+00
2.712422609329223633e+00
1.223860595703125000e+03
1.728928070068359375e+02
1.766535644531250000e+02
5.632206726074218750e+01
2.480303802490234375e+02
9.624283599853515625e+01
9.181348419189453125e+01
3.918382263183593750e+02
1.343519287109375000e+03
1.065837192535400391e+01
8.963329315185546875e+00
1.679490356445312500e+03
2.447416067123413086e+00
6.737458705902099609e+00
4.182420654296875000e+02
2.953812599182128906e+01
9.227313995361328125e+00
7.328551483154296875e+01
2.709696292877197266e+00
1.841162490844726562e+01
1.372917747497558594e+01
2.257536315917968750e+01
3.786172485351562500e+02
7.512518882751464844e+00
2.216862890625000000e+04
4.555141925811767578e+00
5.699926018714904785e-01
2.606556510925292969e+01
7.306949462890625000e+02
7.687148284912109375e+01
4.746716022491455078e+00
3.579596252441406250e+02
1.044840526580810547e+01
5.829147720336914062e+01
1.735240631103515625e+02
2.238969564437866211e+00
8.827944946289062500e+01
1.449950337409973145e+00
8.277611732482910156e+00
2.796818494796752930e+00
1.804324722290039062e+01
1.082190418243408203e+01
6.480624198913574219e+00
4.182946014404296875e+01
6.678238677978515625e+01
1.235257744789123535e+00
7.513943481445312500e+01
5.883742675781250000e+02
7.516978263854980469e+00
4.935579681396484375e+01
1.097938537597656250e+01
4.204175949096679688e+00
1.230804800987243652e+00
5.797632812500000000e+03
1.762409019470214844e+01
6.338170166015625000e+02
4.483495235443115234e+00
3.333603820800781250e+02
1.590212702751159668e+00
2.412923126220703125e+02
3.492549316406250000e+03
1.620486378669738770e-01
2.092411279678344727e+00
1.215113159179687500e+03
3.471343755722045898e+00
1.100878051757812500e+03
4.444747447967529297e+00
2.522077560424804688e+01
9.493594169616699219e+00
1.716485214233398438e+01
9.642240405082702637e-02
1.278168678283691406e+01
3.210964918136596680e+00
6.823867797851562500e+02
7.790151214599609375e+01
2.005508041381835938e+01
5.499190807342529297e+00
2.531658935546875000e+01
2.208866691589355469e+01
1.908808112144470215e+00
4.829729919433593750e+02
1.466765441894531250e+02
1.540165710449218750e+01
2.494225120544433594e+01
1.807683715820312500e+02
1.109091186523437500e+02
2.101157684326171875e+02
6.839204430580139160e-01
8.907775390625000000e+03
9.184739112854003906e+00
7.079447174072265625e+01
3.307221221923828125e+01
7.508994936943054199e-01
8.102164306640625000e+02
1.031605224609375000e+02
8.316293358802795410e-01
8.241551513671875000e+02
7.036503601074218750e+01
6.543216228485107422e+00
3.184885498046875000e+03
7.531501770019531250e+01
6.817616271972656250e+01
6.872624206542968750e+01
8.449382324218750000e+02
2.318107757568359375e+02
2.031897583007812500e+02
3.402964019775390625e+01
1.351308227539062500e+03
4.989218413829803467e-01
1.434072399139404297e+01
7.031090087890625000e+02
1.263703250885009766e+01
4.597960815429687500e+02
1.299075961112976074e+00
8.328382372856140137e-01
7.527197265625000000e+01
5.718353748321533203e+00
8.724453926086425781e+00
1.281737060546875000e+02
7.872942090034484863e-01
1.877827072143554688e+01
5.113504409790039062e+00
8.303277969360351562e+00
3.702334594726562500e+01
1.381553769111633301e+00
1.594292044639587402e+00
6.099879760742187500e+02
1.754337768554687500e+03
3.281505107879638672e+00
1.942801971435546875e+02
2.195715904235839844e+01
7.985322952270507812e+00
2.323948242187500000e+03
4.919741153717041016e+00
1.971551208496093750e+02
3.354677963256835938e+01
3.064775085449218750e+01
1.208662963867187500e+03
2.874874687194824219e+01
1.866684112548828125e+02
7.787470092773437500e+02
1.757186737060546875e+02
4.543918228149414062e+01
3.793393859863281250e+02
4.244100952148437500e+01
2.445053339004516602e+00
6.055897521972656250e+01
2.835049057006835938e+01
1.695878982543945312e+01
1.202282470703125000e+03
6.856637573242187500e+02
8.544990844726562500e+02
4.319905395507812500e+02
1.202298164367675781e+01
4.755519866943359375e+00
7.841995954513549805e-01
3.373611831665039062e+01
1.440379142761230469e+01
1.213530826568603516e+01
1.729779005050659180e+00
8.239338874816894531e+00
7.499079704284667969e-01
1.702770538330078125e+02
4.630121231079101562e+01
8.222830963134765625e+01
1.520972137451171875e+02
2.122876167297363281e+01
8.346218109130859375e+01
2.196604919433593750e+01
9.820586204528808594e+00
3.232140541076660156e-01
7.686844238281250000e+03
2.317461181640625000e+03
1.214870910644531250e+02
1.705962829589843750e+02
9.632868957519531250e+01
8.095475463867187500e+02
3.628427505493164062e+01
2.261044120788574219e+01
2.676222991943359375e+01
3.228711843490600586e+00
6.508341217041015625e+01
1.391066284179687500e+03
8.342530059814453125e+01
1.092952728271484375e+01
6.936321735382080078e+00
1.468853149414062500e+02
5.528202514648437500e+02
8.094664764404296875e+01
1.802408409118652344e+01
1.735018920898437500e+01
1.069335639476776123e-01
1.566118001937866211e-01
3.924717330932617188e+01
2.388456153869628906e+01
6.270919799804687500e+00
1.454595375061035156e+01
2.630762634277343750e+02
4.968973922729492188e+01
1.801788940429687500e+02
6.622475147247314453e+00
2.137981176376342773e+00
9.534446716308593750e+00
3.587149429321289062e+01
1.513419433593750000e+03
1.838586449623107910e+00
8.172047424316406250e+01
1.097257137298583984e+00
5.313649654388427734e+00
2.663287818431854248e-01
1.606228828430175781e+01
4.477577636718750000e+03
2.621186328125000000e+04
5.948873043060302734e+00
1.349017486572265625e+02
7.747749328613281250e+01
5.700462341308593750e+00
1.964387512207031250e+02
7.543409423828125000e+02
6.329134464263916016e+00
6.343033790588378906e+00
7.595135688781738281e+00
9.189766693115234375e+01
2.726214981079101562e+01
1.748914909362792969e+01
2.770185546875000000e+02
8.235957031250000000e+02
6.003008365631103516e+00
4.975284576416015625e+00
4.055244445800781250e+00
2.187350616455078125e+02
8.332483291625976562e+00
3.042156791687011719e+01
3.956899108886718750e+02
1.762286376953125000e+01
6.772969360351562500e+02
9.948435668945312500e+02
1.561374816894531250e+02
2.348219394683837891e+00
2.776646423339843750e+01
