9.619724005460739136e-02
6.415167450904846191e-01
4.259482026100158691e-01
3.581440448760986328e-02
1.046573877334594727e+00
2.346254110336303711e+00
1.592562794685363770e-01
4.541964828968048096e-02
1.325569152832031250e+00
1.147279441356658936e-01
5.346449613571166992e-01
3.562448918819427490e-01
7.894124090671539307e-02
6.261042505502700806e-02
9.150920808315277100e-02
2.965722382068634033e-01
2.944149971008300781e-01
2.021988183259963989e-01
5.088508501648902893e-02
1.256562620401382446e-01
3.097542226314544678e-01
6.669216603040695190e-02
1.620308518409729004e+00
6.625630706548690796e-02
9.293090820312500000e+00
1.335574090480804443e-01
2.329003661870956421e-01
3.679064512252807617e-01
2.796284914016723633e+00
1.500607490539550781e+00
4.266610369086265564e-02
1.834609545767307281e-02
3.840077519416809082e-01
1.571581125259399414e+00
1.821592077612876892e-02
4.262600243091583252e-01
4.662065953016281128e-02
5.593786761164665222e-02
1.556198745965957642e-01
2.136976569890975952e-01
4.506568908691406250e+00
1.560140490531921387e+00
1.870796978473663330e-01
2.251006603240966797e+00
3.554001748561859131e-01
1.234009385108947754e+00
2.075587213039398193e-01
2.883054316043853760e-01
2.896413207054138184e-02
9.787088036537170410e-01
6.931005120277404785e-01
1.027032658457756042e-01
9.362486004829406738e-01
4.974187016487121582e-01
1.290462613105773926e-01
3.027309663593769073e-02
1.949567906558513641e-02
4.366525113582611084e-01
1.059094443917274475e-01
1.848378300666809082e+00
1.390719115734100342e-01
1.455835580825805664e+00
1.134002730250358582e-01
1.361060142517089844e-01
5.120671987533569336e-01
1.322786808013916016e+00
2.945107817649841309e-01
2.918605506420135498e-01
2.103643894195556641e+00
2.124761104583740234e+00
2.937245182693004608e-03
6.144730448722839355e-01
6.006817147135734558e-02
3.243381023406982422e+00
1.539175271987915039e+00
5.679140686988830566e-01
5.809721350669860840e-02
1.039214804768562317e-01
1.983755379915237427e-01
1.894905418157577515e-01
3.712166547775268555e-01
5.162388458847999573e-02
1.804410666227340698e-01
5.940487235784530640e-02
8.960512280464172363e-02
7.760762423276901245e-02
7.553490344434976578e-03
2.090935409069061279e-01
3.918894827365875244e-01
7.904108613729476929e-03
1.066217347979545593e-01
2.163770049810409546e-01
1.401070654392242432e-01
1.776153743267059326e-01
2.121318727731704712e-01
8.647628426551818848e-01
8.664433658123016357e-02
1.376800060272216797e+00
5.663729831576347351e-02
2.706336677074432373e-01
6.390693783760070801e-01
1.184434816241264343e-01
2.752408012747764587e-02
4.980757236480712891e-01
1.555030345916748047e-01
3.725159466266632080e-01
1.178322508931159973e-01
5.388341546058654785e-01
2.728289127349853516e+00
6.150063872337341309e-01
4.044452682137489319e-02
7.477820515632629395e-01
1.323661088943481445e+00
5.834839940071105957e-01
3.718516826629638672e-01
1.337832063436508179e-01
3.157227635383605957e-01
5.552889779210090637e-02
1.653657853603363037e-02
1.821142435073852539e-01
3.137391060590744019e-02
6.898240089416503906e+00
1.077282905578613281e+00
1.546393275260925293e+00
1.760466583073139191e-02
4.013305529952049255e-02
3.873502090573310852e-02
1.227070763707160950e-02
3.323642611503601074e-01
1.657594740390777588e-01
5.195962190628051758e-01
3.991719484329223633e-01
1.158697344362735748e-02
7.467280328273773193e-02
1.093167364597320557e-01
3.340294957160949707e-02
6.095359474420547485e-02
4.289715886116027832e-01
1.540202796459197998e-01
1.336325526237487793e+00
4.914390146732330322e-01
3.927813172340393066e-01
3.833678722381591797e+00
8.913220167160034180e-01
7.840325236320495605e-01
2.077747136354446411e-01
2.518792748451232910e-01
5.308967828750610352e-01
8.118448853492736816e-01
1.122989580035209656e-01
4.223279654979705811e-02
2.129510879516601562e+00
4.546545147895812988e-01
9.256976842880249023e-02
2.225260138511657715e-01
1.398236602544784546e-01
5.613936111330986023e-02
4.455344378948211670e-01
7.287336140871047974e-02
1.914152503013610840e-02
2.431721448898315430e+00
6.417036801576614380e-02
2.545719742774963379e-01
2.715379893779754639e-01
7.604855298995971680e-01
2.952261567115783691e-01
2.804959416389465332e-01
4.242091178894042969e-01
5.319680213928222656e+00
2.339844033122062683e-02
3.421771228313446045e-01
3.765180706977844238e-01
4.979966580867767334e-02
5.768602713942527771e-02
3.547775149345397949e-01
1.097180366516113281e+00
1.384261995553970337e-01
1.284336447715759277e-01
2.033350467681884766e-01
2.339507341384887695e+00
1.285785585641860962e-01
1.166499495506286621e+00
4.637663364410400391e-01
5.480881780385971069e-02
9.005045294761657715e-01
4.092791080474853516e-01
1.780146211385726929e-01
2.713304460048675537e-01
6.068989038467407227e-01
2.678900361061096191e-01
5.342782735824584961e-01
3.761668801307678223e-01
6.842873245477676392e-02
1.366942077875137329e-01
3.056723773479461670e-01
6.952805817127227783e-02
6.882802248001098633e-01
3.211434185504913330e-01
2.914919704198837280e-02
3.679249286651611328e-01
9.168799966573715210e-02
1.132678166031837463e-01
6.434566378593444824e-01
8.776500821113586426e-02
9.344502091407775879e-01
2.184553816914558411e-02
4.827414080500602722e-02
1.302130031585693359e+01
4.752006754279136658e-02
3.573841601610183716e-02
1.041411906480789185e-01
2.431585043668746948e-01
2.327759005129337311e-02
2.905815243721008301e-01
8.273919820785522461e-01
4.824317991733551025e-01
6.051739454269409180e-01
8.937030285596847534e-02
8.025147020816802979e-03
9.485145807266235352e-01
3.879660367965698242e-01
1.426105797290802002e-01
5.038136616349220276e-02
1.905884444713592529e-01
1.458638347685337067e-02
4.821013808250427246e-01
6.568028777837753296e-02
1.863524198532104492e+00
2.326392680406570435e-01
3.777810558676719666e-02
7.013783603906631470e-02
2.918908298015594482e-01
7.215856015682220459e-02
4.621114134788513184e-01
3.394086658954620361e-01
6.826827526092529297e-01
1.617958992719650269e-01
1.645949855446815491e-02
1.060621961951255798e-01
2.788688838481903076e-01
7.323407530784606934e-01
3.042909502983093262e-02
5.405054241418838501e-02
1.066658720374107361e-01
3.196085691452026367e-01
1.490966081619262695e-01
3.538933396339416504e-01
5.186646431684494019e-02
1.937846243381500244e-01
2.129604965448379517e-01
9.972005337476730347e-02
7.277430891990661621e-01
7.092858850955963135e-02
8.841158747673034668e-01
1.101220697164535522e-01
1.699756681919097900e-01
2.071373224258422852e+00
4.900823906064033508e-02
1.848501563072204590e-01
2.415693998336791992e-01
1.546627432107925415e-01
7.127461582422256470e-02
4.893196523189544678e-01
2.135887742042541504e-01
3.078884184360504150e-01
6.030631065368652344e-01
2.052479237318038940e-01
9.303001761436462402e-01
2.424043416976928711e-02
9.603538364171981812e-02
1.441898107528686523e+00
1.620348989963531494e-01
1.794153004884719849e-01
3.550007194280624390e-02
8.311007171869277954e-02
7.291491329669952393e-02
6.588838994503021240e-02
2.063379287719726562e-01
9.818211942911148071e-02
2.448804527521133423e-01
4.989046454429626465e-01
4.132547974586486816e-01
1.366859078407287598e-01
2.586631476879119873e-02
2.204064466059207916e-02
2.585155665874481201e-01
1.385138630867004395e+00
9.245301485061645508e-01
5.634587630629539490e-02
1.685866117477416992e-01
3.176965937018394470e-02
3.204103186726570129e-02
4.271009266376495361e-01
3.633569180965423584e-02
7.733625173568725586e-02
3.726653754711151123e-02
8.349615335464477539e-02
3.455862030386924744e-02
1.735853552818298340e-01
2.469043880701065063e-01
9.737357497215270996e-01
9.660715460777282715e-01
2.906300723552703857e-01
1.498113632202148438e+00
4.140657186508178711e-01
1.968655139207839966e-01
9.673380851745605469e-02
4.217764437198638916e-01
5.898090004920959473e-01
2.207075655460357666e-01
2.282884597778320312e+00
1.301935553550720215e+00
1.058142304420471191e+00
2.130227088928222656e+00
3.540681600570678711e-01
1.631304621696472168e-01
3.192158788442611694e-02
6.761032938957214355e-01
2.901382558047771454e-02
9.474988281726837158e-02
1.344540268182754517e-01
1.987044960260391235e-01
2.256625890731811523e+00
4.977900028228759766e+00
2.324044853448867798e-01
7.975734472274780273e-01
1.347158998250961304e-01
2.455932646989822388e-01
2.888259291648864746e-01
9.768394380807876587e-02
1.539557613432407379e-02
2.907791852951049805e+00
3.264043927192687988e-01
2.632153928279876709e-01
5.717478320002555847e-02
1.334257125854492188e-01
5.031992197036743164e-01
9.610636532306671143e-02
1.323206126689910889e-01
1.138176202774047852e+00
6.715778112411499023e-01
3.756377473473548889e-02
6.394901871681213379e-02
2.777744770050048828e+00
1.193618550896644592e-01
4.821637645363807678e-02
2.236781120300292969e+00
1.003716886043548584e-01
4.084547460079193115e-01
2.108841538429260254e-01
4.190078079700469971e-01
3.546828776597976685e-02
4.752135835587978363e-03
1.292541027069091797e-01
3.042409121990203857e-01
5.644851177930831909e-02
4.978708177804946899e-02
1.097368121147155762e+00
7.569227218627929688e-01
3.892038166522979736e-01
3.664309680461883545e-01
1.095851808786392212e-01
1.836681067943572998e-01
7.879853248596191406e-02
6.128835082054138184e-01
1.111978963017463684e-01
2.475130856037139893e-01
5.933636054396629333e-02
3.501334190368652344e-01
1.468336209654808044e-02
4.218046665191650391e-01
7.399855554103851318e-02
8.827395439147949219e-01
3.465034961700439453e-01
4.616468846797943115e-01
3.760758414864540100e-02
6.106470823287963867e-01
1.067241787910461426e+00
2.219877541065216064e-01
1.233729254454374313e-02
2.729549407958984375e-01
1.422765403985977173e-01
9.468200802803039551e-01
1.113559126853942871e+00
2.157013863325119019e-01
1.401863336563110352e+00
1.986580371856689453e+00
1.026620641350746155e-01
1.836563497781753540e-01
5.950619652867317200e-02
2.157167792320251465e-01
9.724133610725402832e-01
1.067263409495353699e-01
3.833375453948974609e+00
2.642099559307098389e-01
7.206680774688720703e+00
9.848644733428955078e-01
5.234331488609313965e-01
3.791584819555282593e-02
1.664987951517105103e-01
1.156993031501770020e+00
2.315379142761230469e+01
1.211097717285156250e+01
6.377334594726562500e-01
1.156562042236328125e+01
1.531724548339843750e+01
6.202418804168701172e+00
7.843510508537292480e-01
2.359588241577148438e+01
6.675788164138793945e-01
1.868012619018554688e+01
4.033165931701660156e+00
1.218965053558349609e+00
6.378757953643798828e-01
1.289936542510986328e+00
1.235313415527343750e+01
3.367222785949707031e+00
2.556854248046875000e+00
2.936052322387695312e+00
1.474910140037536621e+00
1.790408730506896973e+00
7.999327778816223145e-01
1.197021389007568359e+01
2.066320180892944336e+00
4.259137344360351562e+01
2.279502391815185547e+00
5.151448726654052734e+00
3.324163675308227539e+00
3.388613510131835938e+01
2.201835250854492188e+01
1.241915941238403320e+00
6.967642307281494141e-01
3.872500658035278320e+00
4.217133331298828125e+01
3.343522846698760986e-01
5.166663169860839844e+00
4.933165907859802246e-01
2.896787226200103760e-01
1.437070608139038086e+00
2.331829786300659180e+00
4.210356140136718750e+01
6.910760879516601562e+00
8.423207998275756836e-01
1.317882823944091797e+01
2.065040588378906250e+00
9.515620231628417969e+00
7.255318164825439453e+00
2.986953735351562500e+00
9.231726527214050293e-01
1.325562000274658203e+01
9.354660034179687500e+00
2.880013942718505859e+00
1.092425155639648438e+01
1.652637481689453125e+01
2.225486755371093750e+00
1.665247231721878052e-01
2.343541681766510010e-01
9.864839315414428711e-01
5.092245340347290039e-01
1.107758522033691406e+01
3.485954761505126953e+00
2.505344009399414062e+01
8.779491782188415527e-01
1.882852792739868164e+00
1.070987462997436523e+00
1.464404296875000000e+01
2.235876083374023438e+00
6.925788879394531250e+00
8.089918136596679688e+00
6.246383666992187500e+01
1.844301819801330566e-02
4.083441734313964844e+00
5.336624979972839355e-01
2.350041770935058594e+01
2.431548118591308594e+01
2.974854230880737305e+00
1.514255285263061523e+00
1.157824754714965820e+00
2.726869344711303711e+00
2.876435756683349609e+00
3.096096754074096680e+00
4.562826752662658691e-01
4.097541809082031250e+00
1.950246691703796387e+00
2.310739517211914062e+00
9.067958593368530273e-01
4.731326699256896973e-01
4.193438529968261719e+00
2.205301523208618164e+00
1.157773658633232117e-01
2.322294235229492188e+00
3.154984474182128906e+00
4.300791263580322266e+00
2.070987462997436523e+00
4.070510864257812500e+00
1.783346557617187500e+01
3.748265802860260010e-01
1.985358810424804688e+01
8.717882633209228516e-01
2.456985712051391602e+00
1.381032228469848633e+00
2.204514741897583008e+00
3.351099193096160889e-01
3.058476257324218750e+01
3.127189874649047852e+00
3.473158359527587891e+00
7.100701332092285156e-01
1.518412017822265625e+01
4.646459960937500000e+01
1.896905303001403809e+00
3.488721251487731934e-01
6.394181251525878906e+00
8.619659423828125000e+00
3.455077171325683594e+00
4.017472743988037109e+00
1.076808452606201172e+00
2.156687259674072266e+00
7.804662585258483887e-01
5.230095386505126953e-01
4.535898208618164062e+00
6.685383915901184082e-01
1.553513946533203125e+02
5.837047195434570312e+01
1.974872589111328125e+01
4.709039032459259033e-01
2.439629554748535156e+00
1.915412068367004395e+00
9.146935343742370605e-01
1.521208190917968750e+01
3.458387374877929688e+00
1.101500630378723145e+00
4.956094741821289062e+00
1.467682570219039917e-01
4.610620737075805664e-01
1.512262701988220215e+00
5.200999379158020020e-01
4.899756312370300293e-01
2.784639596939086914e+00
2.215179204940795898e+00
1.368633460998535156e+01
1.732452392578125000e+01
2.363874435424804688e+00
2.754276466369628906e+01
7.515383243560791016e+00
1.063185501098632812e+01
5.420066833496093750e+00
6.188692569732666016e+00
5.457467079162597656e+00
1.088514709472656250e+01
2.499022245407104492e+00
8.685339689254760742e-01
2.256961631774902344e+01
1.693329691886901855e+00
1.004192471504211426e+00
5.635318279266357422e+00
1.506372809410095215e+00
5.300328731536865234e-01
5.619117259979248047e+00
1.921079516410827637e+00
3.300964534282684326e-01
1.003675842285156250e+01
2.372770786285400391e+00
7.173537254333496094e+00
1.477281808853149414e+00
3.064945936203002930e+00
1.794146656990051270e+00
3.323410987854003906e+00
5.524739742279052734e+00
8.073536682128906250e+01
4.143775105476379395e-01
5.588011264801025391e+00
8.297491073608398438e+00
1.173134446144104004e+00
3.032951653003692627e-01
1.379102420806884766e+01
1.029982948303222656e+01
1.566328644752502441e+00
4.000820159912109375e+00
4.773644924163818359e+00
1.949681472778320312e+01
6.120128035545349121e-01
1.499337863922119141e+01
6.888063907623291016e+00
6.116813421249389648e-02
1.662644386291503906e+01
1.638129234313964844e+01
4.117270410060882568e-01
3.091315746307373047e+00
1.794548606872558594e+01
3.684870719909667969e+00
1.925049543380737305e+00
3.537194252014160156e+00
7.393745779991149902e-01
2.210384607315063477e+00
7.995442867279052734e+00
7.056147456169128418e-01
4.454478740692138672e+00
1.870493769645690918e+00
6.132830381393432617e-01
3.017076492309570312e+00
3.422741413116455078e+00
1.260541319847106934e+00
8.061208724975585938e+00
1.412113785743713379e+00
6.748011589050292969e+00
1.281315237283706665e-01
8.166704773902893066e-01
6.296035003662109375e+01
2.314853429794311523e+00
1.612476348876953125e+00
2.306728124618530273e+00
3.610651016235351562e+00
3.731215596199035645e-01
2.690866231918334961e+00
5.075672626495361328e+00
1.038226509094238281e+01
1.305713057518005371e+00
2.621869802474975586e+00
1.988914757966995239e-01
5.293186187744140625e+00
8.713760375976562500e+00
1.333415150642395020e+00
5.059046745300292969e-01
4.489694118499755859e+00
5.628541111946105957e-01
2.905768394470214844e+01
6.520597934722900391e-01
1.613436126708984375e+01
1.282747864723205566e+00
7.958317995071411133e-01
5.147580504417419434e-01
4.826273441314697266e+00
1.127854228019714355e+00
2.117021751403808594e+01
3.720812082290649414e+00
2.234469413757324219e+00
6.234745979309082031e-01
3.061394393444061279e-01
2.839378416538238525e-01
4.414063930511474609e+00
6.155528545379638672e+00
1.437604904174804688e+00
9.899205565452575684e-01
9.831284284591674805e-01
7.058104515075683594e+00
1.811460494995117188e+00
2.414586782455444336e+00
9.166388511657714844e-01
6.704761505126953125e+00
6.914822459220886230e-01
9.580575823783874512e-01
5.447641849517822266e+00
1.274034619331359863e+00
1.094363117218017578e+01
2.037513494491577148e+00
1.381387352943420410e+00
1.538993740081787109e+01
7.335400581359863281e-01
4.331290721893310547e-01
9.313235282897949219e+00
6.435180187225341797e+00
3.027734279632568359e+00
2.907984733581542969e+00
3.401981592178344727e+00
8.794561386108398438e+00
6.174576282501220703e+00
1.342297363281250000e+01
8.838133811950683594e+00
8.638942837715148926e-01
2.438407182693481445e+00
1.067808628082275391e+01
4.145537853240966797e+00
8.347309112548828125e+00
5.203495621681213379e-01
1.484217882156372070e+00
1.018375635147094727e+00
6.749440431594848633e-01
4.114794731140136719e+00
3.861753702163696289e+00
1.168644785881042480e+00
3.923797607421875000e+00
2.475800752639770508e+00
1.829272627830505371e+00
1.033979654312133789e+00
9.551198035478591919e-02
5.216837406158447266e+00
1.567544460296630859e+01
4.936344623565673828e+00
1.276284098625183105e+00
7.086015939712524414e-01
7.936856150627136230e-01
7.544108629226684570e-01
1.587708091735839844e+01
9.996839761734008789e-01
9.058350920677185059e-01
1.009477257728576660e+00
2.326068401336669922e+00
2.522845268249511719e+00
5.766408443450927734e-01
4.138978481292724609e+00
1.580914211273193359e+01
1.025491523742675781e+01
1.866974592208862305e+00
7.945489406585693359e+00
3.162290096282958984e+00
3.662173509597778320e+00
4.901066780090332031e+00
2.758451700210571289e+00
6.271044731140136719e+00
5.610641956329345703e+00
2.287208938598632812e+01
2.772039222717285156e+01
1.453479766845703125e+01
1.558799362182617188e+01
1.638106942176818848e+00
4.236430227756500244e-01
4.669979512691497803e-01
4.125171661376953125e+00
4.530316293239593506e-01
4.284009933471679688e-01
6.332017779350280762e-01
9.197809100151062012e-01
4.011483764648437500e+01
1.303232002258300781e+01
8.163938522338867188e+00
8.297572135925292969e+00
1.289077162742614746e+00
4.822550773620605469e+00
3.420037984848022461e+00
2.887278556823730469e+00
6.234195232391357422e-01
2.492202377319335938e+01
1.809627151489257812e+01
2.169334650039672852e+00
1.488451004028320312e+00
4.302878856658935547e+00
2.820825386047363281e+01
1.405556440353393555e+00
3.157650232315063477e-01
7.916152954101562500e+00
2.562637090682983398e+00
8.823731541633605957e-01
1.166110277175903320e+00
1.978094291687011719e+01
1.117377400398254395e+00
1.414394855499267578e+00
3.102570724487304688e+01
4.026076316833496094e+00
3.341968536376953125e+00
2.952353000640869141e+00
4.646524429321289062e+00
2.730980515480041504e-01
8.507821708917617798e-02
4.401629924774169922e+00
1.876621723175048828e+00
1.112746357917785645e+00
3.156889438629150391e+00
2.334284400939941406e+01
2.654180717468261719e+01
5.023106098175048828e+00
1.941382646560668945e+00
1.288069009780883789e+00
2.541959285736083984e+00
1.797800183296203613e+00
5.104097366333007812e+00
8.705639839172363281e-01
5.605313777923583984e+00
4.745786488056182861e-01
4.011304378509521484e+00
3.536598384380340576e-01
2.568418264389038086e+00
3.479108095169067383e+00
4.822539520263671875e+01
3.854285717010498047e+00
5.760296344757080078e+00
6.234570741653442383e-01
6.338521957397460938e+00
1.060073184967041016e+01
6.791268348693847656e+00
1.245620474219322205e-01
2.728573083877563477e+00
2.999861955642700195e+00
6.683665275573730469e+00
3.446878433227539062e+01
1.665137529373168945e+00
5.058266639709472656e+00
1.308422851562500000e+01
2.480957508087158203e+00
4.351918697357177734e+00
1.431926846504211426e+00
2.548049688339233398e+00
9.435281753540039062e+00
2.368288516998291016e+00
9.641899108886718750e+01
5.306760311126708984e+00
2.283823966979980469e+01
3.255219650268554688e+01
9.316086769104003906e+00
1.128781557083129883e+00
7.220657348632812500e+00
