5.827089399099349976e-02
3.124801516532897949e-01
2.788186371326446533e-01
1.099251769483089447e-02
3.786718249320983887e-01
5.549933910369873047e-01
1.340511739253997803e-01
1.714701205492019653e-02
2.773266136646270752e-01
1.673218160867691040e-01
5.165916085243225098e-01
1.058254465460777283e-01
7.803011685609817505e-02
2.423292212188243866e-02
5.729039758443832397e-02
1.214424818754196167e-01
2.626691013574600220e-02
7.813463360071182251e-02
3.826479986310005188e-02
3.822785988450050354e-02
4.993698745965957642e-02
1.471310015767812729e-02
5.956434011459350586e-01
8.285094052553176880e-02
7.281974792480468750e+00
3.320775553584098816e-02
5.816978588700294495e-02
2.846866250038146973e-01
1.914409756660461426e+00
1.480106949806213379e+00
8.391098119318485260e-03
3.046959638595581055e-03
2.982968986034393311e-01
5.894850492477416992e-01
1.331900339573621750e-02
7.301233410835266113e-01
3.287288174033164978e-02
1.403305958956480026e-02
1.354746818542480469e-01
1.067394912242889404e-01
2.571021556854248047e+00
3.033255338668823242e-01
9.660296887159347534e-02
3.367586851119995117e+00
6.269143223762512207e-01
5.521551370620727539e-01
8.372320234775543213e-02
9.552186131477355957e-01
1.057776436209678650e-02
1.570243835449218750e+00
1.967070847749710083e-01
3.376625850796699524e-02
1.293696284294128418e+00
2.484037131071090698e-01
1.506046019494533539e-02
1.998349279165267944e-02
1.704722642898559570e-02
3.561628460884094238e-01
3.587423637509346008e-02
1.045630550384521484e+01
5.366492643952369690e-02
4.250835895538330078e+00
6.997857242822647095e-02
5.313367396593093872e-02
3.575251102447509766e-01
7.399013042449951172e-01
3.975597023963928223e-01
1.449673473834991455e-01
5.327379226684570312e+00
2.341275691986083984e+00
6.528926314786076546e-04
1.037894010543823242e+00
1.915804482996463776e-02
2.723022222518920898e+00
5.427051782608032227e-01
2.744036912918090820e-01
2.827449329197406769e-02
2.186403982341289520e-02
9.124818444252014160e-02
9.437637031078338623e-02
5.290538668632507324e-01
3.558301180601119995e-02
8.484091609716415405e-02
5.862149875611066818e-03
1.845697499811649323e-02
1.406106539070606232e-02
1.252894639037549496e-03
5.051679909229278564e-02
1.530212283134460449e+00
3.273419803008437157e-03
2.876755781471729279e-02
1.995011270046234131e-01
6.209195777773857117e-02
1.054513081908226013e-01
9.713976085186004639e-02
9.497342705726623535e-01
1.943826675415039062e-01
1.380595088005065918e+00
4.030394926667213440e-02
2.542388141155242920e-01
4.918376505374908447e-01
3.857791796326637268e-02
1.815521158277988434e-02
9.861969947814941406e-02
1.258070766925811768e-01
4.583088159561157227e-01
1.514625400304794312e-01
3.494718074798583984e-01
2.009895324707031250e+00
1.852887868881225586e-01
2.895111776888370514e-02
3.173511028289794922e-01
5.193092226982116699e-01
6.242933869361877441e-01
3.334096372127532959e-01
1.301736086606979370e-01
2.192850559949874878e-01
4.447636753320693970e-02
5.099865607917308807e-03
8.402632176876068115e-02
1.448924280703067780e-02
1.477260303497314453e+01
1.111541390419006348e+00
1.524576306343078613e+00
3.342491341754794121e-03
3.252214938402175903e-02
1.869070902466773987e-02
3.494395874440670013e-03
2.323430478572845459e-01
1.042390838265419006e-01
1.074040174484252930e+00
4.734560251235961914e-01
9.003558196127414703e-03
1.101930346339941025e-02
4.542116448283195496e-02
1.354006025940179825e-02
4.214923456311225891e-02
1.035027503967285156e+00
1.165000349283218384e-01
1.366764903068542480e+00
1.419379562139511108e-01
1.088008433580398560e-01
8.895192146301269531e+00
1.795331716537475586e+00
2.414902687072753906e+00
1.655735373497009277e-01
3.118009567260742188e-01
1.631402075290679932e-01
2.520007789134979248e-01
5.170113593339920044e-02
3.410759940743446350e-02
2.010746717453002930e+00
2.581948637962341309e-01
9.797138720750808716e-02
3.009042143821716309e-01
1.048050448298454285e-01
5.176228657364845276e-02
1.205373182892799377e-01
6.445069797337055206e-03
5.355649627745151520e-03
7.260175943374633789e-01
8.030052483081817627e-02
2.368199378252029419e-01
1.734981089830398560e-01
1.581360340118408203e+00
2.322887331247329712e-01
5.363399982452392578e-01
3.061637282371520996e-01
7.183969497680664062e+00
4.678261931985616684e-03
4.035199880599975586e-01
1.789307743310928345e-01
2.120081521570682526e-02
1.077312529087066650e-01
3.012642562389373779e-01
1.358529090881347656e+00
1.430025696754455566e-01
1.452884078025817871e-01
1.070901155471801758e-01
1.888230085372924805e+00
2.069502323865890503e-01
3.480851352214813232e-01
2.694046795368194580e-01
6.063740327954292297e-02
1.966968059539794922e+00
2.301409095525741577e-01
3.044990003108978271e-01
1.267018318176269531e-01
3.742257952690124512e-01
1.579455733299255371e-01
7.369107604026794434e-01
1.551917344331741333e-01
1.163597870618104935e-02
1.396507024765014648e-01
2.682694494724273682e-01
6.906882673501968384e-02
2.331672012805938721e-01
9.314569085836410522e-02
7.207958493381738663e-03
3.480251729488372803e-01
2.822443656623363495e-02
1.980766803026199341e-01
2.203866988420486450e-01
6.722459197044372559e-02
2.307207286357879639e-01
2.080935053527355194e-02
7.043857872486114502e-02
2.143785095214843750e+01
1.960931532084941864e-02
1.412893366068601608e-02
6.211958825588226318e-02
1.065606847405433655e-01
6.075089797377586365e-03
3.295806050300598145e-01
2.720575630664825439e-01
5.663501024246215820e-01
5.069180727005004883e-01
3.389403596520423889e-02
8.027554489672183990e-03
2.500698089599609375e+00
1.398678898811340332e+00
2.386320941150188446e-02
2.815685607492923737e-02
6.713048368692398071e-02
1.155272359028458595e-03
4.900665879249572754e-01
2.643845975399017334e-02
1.671976208686828613e+00
2.781935930252075195e-01
3.717862442135810852e-02
3.801983967423439026e-02
9.115355461835861206e-02
2.518082968890666962e-02
2.631666958332061768e-01
5.166600644588470459e-02
7.984223961830139160e-01
1.688437163829803467e-01
5.437584593892097473e-03
3.779949545860290527e-01
3.444882482290267944e-02
2.704713344573974609e-01
1.988792791962623596e-02
5.455921217799186707e-02
3.308292105793952942e-02
1.364512145519256592e-01
1.181830093264579773e-01
3.526814877986907959e-01
6.805129349231719971e-02
1.311442106962203979e-01
2.783495485782623291e-01
1.329839527606964111e-01
7.729473114013671875e-01
8.849649690091609955e-03
8.880479931831359863e-01
2.180223464965820312e-01
1.572950780391693115e-01
3.218553304672241211e+00
5.936116725206375122e-02
1.924212276935577393e-01
6.127088889479637146e-02
7.927008718252182007e-02
1.699766330420970917e-02
2.802327275276184082e-01
1.394582092761993408e-01
5.583051964640617371e-02
6.558668017387390137e-01
2.446054667234420776e-02
1.782861351966857910e+00
3.707465250045061111e-03
8.791483938694000244e-02
5.534891605377197266e+00
2.410794943571090698e-01
1.538120359182357788e-01
1.586847752332687378e-02
4.706970416009426117e-03
5.599883571267127991e-02
7.195383310317993164e-02
7.141259312629699707e-02
4.935365170240402222e-02
6.367006301879882812e-01
1.273933649063110352e+00
2.877185344696044922e-01
8.507286012172698975e-02
2.568949013948440552e-02
7.883756421506404877e-03
6.332731246948242188e-02
3.894080638885498047e+00
1.061626315116882324e+00
2.700955979526042938e-02
2.118351608514785767e-01
2.637851238250732422e-02
1.506355497986078262e-02
3.204189538955688477e-01
2.344753779470920563e-02
2.711779996752738953e-02
2.341315522789955139e-02
5.026838928461074829e-02
5.549194663763046265e-02
7.419604659080505371e-01
2.348640710115432739e-01
1.384681582450866699e+00
4.495970904827117920e-01
2.597477138042449951e-01
4.345302581787109375e+00
3.524747192859649658e-01
9.070295840501785278e-02
2.783653512597084045e-02
1.509560793638229370e-01
3.973075747489929199e-01
5.009180307388305664e-01
1.793277740478515625e+00
4.849879443645477295e-01
7.364212870597839355e-01
8.041673302650451660e-01
4.109920561313629150e-02
1.882683932781219482e-01
1.030175108462572098e-02
1.527645468711853027e+00
6.557750049978494644e-03
3.270715102553367615e-02
1.835156530141830444e-01
2.169703319668769836e-02
5.496766567230224609e-01
3.443177700042724609e+00
1.096088513731956482e-01
2.583817005157470703e+00
3.418353572487831116e-02
6.748627126216888428e-02
7.012939453125000000e-02
1.217768993228673935e-02
4.705148283392190933e-03
4.570341587066650391e+00
1.217002719640731812e-01
1.504407972097396851e-01
4.006320983171463013e-02
9.978089481592178345e-02
1.179551631212234497e-01
3.572170063853263855e-02
1.511272490024566650e-01
9.595792889595031738e-01
2.477464973926544189e-01
1.764873415231704712e-02
2.799173630774021149e-02
3.718330860137939453e+00
1.425827667117118835e-02
1.653333008289337158e-02
1.711377382278442383e+00
2.596786916255950928e-01
2.962071299552917480e-01
4.078281223773956299e-01
1.895942986011505127e-01
4.087167233228683472e-02
2.166243270039558411e-03
4.552356153726577759e-02
1.623703986406326294e-01
1.215519756078720093e-02
3.123758174479007721e-02
5.656114220619201660e-01
6.169871091842651367e-01
1.820856928825378418e-01
1.837592124938964844e-01
6.239683553576469421e-02
1.195632293820381165e-01
5.839009210467338562e-02
6.221249103546142578e-01
1.226760149002075195e-01
1.432396918535232544e-01
2.226763591170310974e-02
5.871273875236511230e-01
2.689738990738987923e-03
2.399819940328598022e-01
2.861308492720127106e-02
2.733828067779541016e+00
1.400490105152130127e-01
5.120549798011779785e-01
1.192945986986160278e-02
8.061049133539199829e-02
2.501866519451141357e-01
8.057208359241485596e-02
9.629046544432640076e-03
1.341279298067092896e-01
1.891152933239936829e-02
1.636930942535400391e+00
9.491611123085021973e-01
1.939350068569183350e-01
1.496260881423950195e+00
1.528348064422607422e+01
4.627271369099617004e-02
5.660941824316978455e-02
2.651748247444629669e-03
1.327452510595321655e-01
3.763660192489624023e-01
1.334910690784454346e-01
1.372784805297851562e+01
9.860110469162464142e-03
3.956931114196777344e+00
3.257876038551330566e-01
2.995258271694183350e-01
2.832840569317340851e-02
4.652707278728485107e-02
1.337042808532714844e+00
3.638027572631835938e+01
3.763024520874023438e+01
9.698210954666137695e-01
1.584934329986572266e+01
5.772959232330322266e+00
2.650767517089843750e+01
2.250134468078613281e+00
5.409722900390625000e+01
1.646679878234863281e+00
4.501535797119140625e+01
1.004471302032470703e+01
3.095774173736572266e+00
4.087278544902801514e-01
6.394447326660156250e+00
5.208194732666015625e+01
5.276140689849853516e+00
2.171715164184570312e+01
2.589325523376464844e+01
1.668267250061035156e+00
2.660179853439331055e+00
7.643426060676574707e-01
8.550328254699707031e+00
9.341432571411132812e+00
5.557028961181640625e+01
1.439870119094848633e+00
7.364235401153564453e+00
2.368620681762695312e+01
2.582312316894531250e+02
2.843402290344238281e+01
2.166195154190063477e+00
1.389496922492980957e+00
3.922231912612915039e+00
1.404682617187500000e+02
6.986640095710754395e-01
2.960252189636230469e+01
7.335704565048217773e-01
3.948604762554168701e-01
2.155889987945556641e+00
8.510349273681640625e+00
3.938209533691406250e+02
7.259759902954101562e+00
1.044350624084472656e+00
2.620912361145019531e+01
8.027772903442382812e+00
6.213323593139648438e+01
2.567394065856933594e+01
1.499995803833007812e+01
1.677347779273986816e+00
6.619494628906250000e+01
1.608640289306640625e+01
3.093891143798828125e+00
2.083222198486328125e+01
4.013084030151367188e+01
5.625782489776611328e+00
4.357914328575134277e-01
7.303101420402526855e-01
1.192715764045715332e+00
1.205663204193115234e+00
6.829599761962890625e+01
1.773009109497070312e+01
9.151918792724609375e+01
1.318303227424621582e+00
3.910499572753906250e+00
1.433972477912902832e+00
3.067704391479492188e+01
4.487730503082275391e+00
1.023117065429687500e+02
1.139980392456054688e+02
1.685713958740234375e+02
3.777753189206123352e-02
2.085782623291015625e+01
1.142725944519042969e+00
8.688631439208984375e+01
3.688407135009765625e+01
5.554675102233886719e+00
1.519975423812866211e+00
9.023379087448120117e-01
1.199301815032958984e+01
8.726484298706054688e+00
8.480346679687500000e+00
1.183164596557617188e+00
3.793326616287231445e+00
2.704377889633178711e+00
2.746434450149536133e+00
1.950222253799438477e+00
8.444259762763977051e-01
8.812120437622070312e+00
1.499664306640625000e+01
5.705366730690002441e-01
2.570868015289306641e+00
2.698126220703125000e+01
1.994170570373535156e+01
4.691696643829345703e+00
8.120468139648437500e+00
2.296092414855957031e+01
2.104626417160034180e+00
2.238543243408203125e+02
2.151176452636718750e+00
8.948804855346679688e+00
8.678582906723022461e-01
1.012980103492736816e+00
2.584253251552581787e-01
6.615862274169921875e+01
1.255860042572021484e+01
1.646196174621582031e+01
1.980666518211364746e+00
1.394603576660156250e+02
1.270046234130859375e+02
1.669276595115661621e+00
3.525739908218383789e-01
1.152070045471191406e+01
1.028959465026855469e+01
6.871252059936523438e+00
1.246648502349853516e+01
5.047251224517822266e+00
5.791087627410888672e+00
2.248979091644287109e+00
2.124015569686889648e+00
8.232876777648925781e+00
5.404779911041259766e+00
8.908038330078125000e+02
3.933119812011718750e+02
2.719796943664550781e+01
1.598689317703247070e+00
2.578484344482421875e+01
6.531513214111328125e+00
2.035845279693603516e+00
1.193079223632812500e+02
1.464792251586914062e+01
4.402657032012939453e+00
1.641921997070312500e+01
1.862178593873977661e-01
9.197940230369567871e-01
1.004506230354309082e+00
6.590318083763122559e-01
3.034220695495605469e+00
3.873240280151367188e+01
2.036008262634277344e+01
3.736903762817382812e+01
8.139109039306640625e+01
9.029935002326965332e-01
1.175088729858398438e+02
4.140575408935546875e+01
4.004766464233398438e+01
1.042784214019775391e+01
8.100796508789062500e+01
4.202938079833984375e+00
1.367568492889404297e+01
1.171490192413330078e+01
2.621570348739624023e+00
1.308367004394531250e+02
4.910920619964599609e+00
1.611009359359741211e+00
2.676110076904296875e+01
4.209932804107666016e+00
1.346861124038696289e+00
3.133190393447875977e+00
1.176266670227050781e+00
1.004368782043457031e+00
6.628337860107421875e+01
2.654712295532226562e+01
2.817483520507812500e+01
3.642644166946411133e+00
1.468962764739990234e+01
1.864931941032409668e+00
8.319212913513183594e+00
1.849868392944335938e+01
3.746575927734375000e+02
3.588343262672424316e-01
1.524443149566650391e+01
3.203577804565429688e+01
2.900094747543334961e+00
2.811516046524047852e+00
1.045487976074218750e+02
1.614203453063964844e+01
4.315753459930419922e+00
1.589839553833007812e+01
6.426988601684570312e+00
3.582136917114257812e+01
1.282815098762512207e+00
4.758534240722656250e+01
3.017033576965332031e+01
9.884443134069442749e-02
9.406318664550781250e+01
2.265249443054199219e+01
1.513378500938415527e+00
2.733595132827758789e+00
7.473992919921875000e+01
1.283272266387939453e+01
1.446417689323425293e+00
6.397551536560058594e+00
1.190667510032653809e+00
1.440865135192871094e+01
1.773140907287597656e+01
5.081834197044372559e-01
2.633831024169921875e+00
1.502613902091979980e+00
1.434139490127563477e+00
3.332274913787841797e+00
1.293432998657226562e+01
3.879683732986450195e+00
8.455729484558105469e+00
4.828228473663330078e+00
2.811231803894042969e+01
2.731381952762603760e-01
4.578762531280517578e+00
1.302704467773437500e+02
8.265576362609863281e+00
1.101182460784912109e+01
6.868692874908447266e+00
5.423840999603271484e+00
4.820357859134674072e-01
3.582845687866210938e+01
3.178987026214599609e+00
1.525307750701904297e+01
1.407356500625610352e+00
2.214595985412597656e+01
5.820587873458862305e-01
4.481713867187500000e+01
2.144742736816406250e+02
7.471762299537658691e-01
6.929087042808532715e-01
1.903516960144042969e+01
1.024319767951965332e+00
2.746049499511718750e+02
2.941750288009643555e+00
7.345271110534667969e+00
1.300499796867370605e+00
2.824953317642211914e+00
4.713352322578430176e-01
1.324850845336914062e+01
1.116766929626464844e+00
5.605780410766601562e+01
1.683671832084655762e+00
1.509397792816162109e+01
5.583689808845520020e-01
6.916288733482360840e-01
1.625148057937622070e+00
2.102555513381958008e+00
1.488126182556152344e+01
4.244882106781005859e+00
2.062480449676513672e+00
2.552053928375244141e+00
2.069065093994140625e+01
1.089608573913574219e+01
2.036043167114257812e+01
5.468608736991882324e-01
3.435860061645507812e+01
2.363680839538574219e+00
2.484245777130126953e+00
8.224147796630859375e+00
1.070108532905578613e+00
4.846792602539062500e+01
1.142789554595947266e+01
5.466435909271240234e+00
1.979130363464355469e+01
2.330309867858886719e+00
2.562437534332275391e+00
2.855746078491210938e+01
4.250059890747070312e+01
7.726386070251464844e+00
8.836121559143066406e+00
1.551667499542236328e+01
2.242743682861328125e+01
2.525171279907226562e+01
3.984467315673828125e+01
9.777978515625000000e+01
4.499348700046539307e-01
1.256996631622314453e+01
1.464131011962890625e+02
3.110595130920410156e+01
5.989529418945312500e+01
7.361873984336853027e-01
7.199092507362365723e-01
8.668442726135253906e+00
2.638659954071044922e+00
9.682973861694335938e+00
8.148800849914550781e+00
3.941339969635009766e+00
1.156519508361816406e+01
5.486216068267822266e+00
4.341295242309570312e+00
1.436549782752990723e+00
4.539625048637390137e-01
2.860939502716064453e+00
7.256758117675781250e+01
1.684906768798828125e+01
3.334023237228393555e+00
3.701576232910156250e+00
5.396862030029296875e+00
3.158190965652465820e+00
2.074822540283203125e+02
2.344310522079467773e+00
5.290613651275634766e+00
2.928097009658813477e+00
8.971817016601562500e+00
1.580168533325195312e+01
2.385813951492309570e+00
1.297398662567138672e+01
3.433492660522460938e+01
3.211350631713867188e+01
3.729618310928344727e+00
5.705974197387695312e+01
6.764877319335937500e+00
5.679660797119140625e+00
3.745374679565429688e+01
3.595665693283081055e+00
1.295242023468017578e+01
6.701695251464843750e+01
5.983089828491210938e+01
8.980225372314453125e+01
1.868275451660156250e+02
4.327203273773193359e+00
1.473091006278991699e+00
9.398469924926757812e-01
9.443869590759277344e-01
8.534027099609375000e+00
1.131399512290954590e+00
5.358117222785949707e-01
1.777543425559997559e+00
5.614558458328247070e-01
2.243527221679687500e+02
2.312780380249023438e+01
6.787964630126953125e+01
2.882829093933105469e+01
1.711625099182128906e+00
1.908108139038085938e+01
8.688823699951171875e+00
4.302464485168457031e+00
1.053427577018737793e+00
1.223057174682617188e+02
5.414797973632812500e+01
5.633741855621337891e+00
1.050040912628173828e+01
3.802104949951171875e+01
1.340769195556640625e+02
5.779370307922363281e+00
9.317490458488464355e-01
1.971202850341796875e+01
1.350584387779235840e+00
5.179486751556396484e+00
8.563133239746093750e+00
4.108034896850585938e+01
1.166580080986022949e+00
3.121548652648925781e+00
8.542115020751953125e+01
2.687068367004394531e+01
2.390078544616699219e+01
1.132858371734619141e+01
8.360440254211425781e+00
2.558445036411285400e-01
1.625529825687408447e-01
1.155270576477050781e+01
6.066938877105712891e+00
1.302824020385742188e+00
9.415940284729003906e+00
9.741738891601562500e+01
1.416010284423828125e+02
1.360299873352050781e+01
4.494553089141845703e+00
2.665642499923706055e+00
6.051288604736328125e+00
7.715880393981933594e+00
2.798307800292968750e+01
2.355383157730102539e+00
1.815911674499511719e+01
9.747349023818969727e-01
4.516118049621582031e+00
2.128383964300155640e-01
4.148679733276367188e+00
2.507567024230957031e+01
1.940921386718750000e+03
4.458328247070312500e+00
1.153140640258789062e+01
1.549574136734008789e+00
2.842064857482910156e+00
4.277717971801757812e+01
3.626070022583007812e+01
4.457838535308837891e-01
1.362133622169494629e+00
3.666505098342895508e+00
3.396422958374023438e+01
4.621622085571289062e+01
2.496309041976928711e+00
3.631332778930664062e+01
2.028567352294921875e+02
1.887848734855651855e+00
4.386943817138671875e+00
2.660766601562500000e+00
1.493071365356445312e+01
6.474364280700683594e+00
8.736901283264160156e+00
7.248022460937500000e+02
5.224812030792236328e+00
2.934060859680175781e+01
3.095391235351562500e+02
6.842427062988281250e+01
3.351272106170654297e+00
4.476429748535156250e+01
