3.227301314473152161e-02
1.273089945316314697e-01
6.601104512810707092e-03
2.299152081832289696e-03
3.703151643276214600e-02
6.832491397857666016e+00
2.163573727011680603e-02
3.503238316625356674e-03
8.613417856395244598e-03
5.569736361503601074e-01
1.453300844877958298e-02
2.689752541482448578e-02
5.982110649347305298e-02
2.269503101706504822e-02
1.975526800379157066e-03
2.159585431218147278e-02
2.290712902322411537e-03
8.102970197796821594e-03
1.894142851233482361e-02
1.034773886203765869e-03
8.808095753192901611e-02
3.768736124038696289e-02
2.210676968097686768e-01
3.723929449915885925e-02
1.428686618804931641e+00
1.445435266941785812e-02
6.882795691490173340e-02
5.839550867676734924e-02
1.181180775165557861e-01
9.381248950958251953e-01
8.841863018460571766e-04
1.790193782653659582e-04
6.653410382568836212e-03
4.302703216671943665e-02
5.213286727666854858e-02
1.169638615101575851e-02
6.642502732574939728e-03
5.242918850854039192e-04
8.586033247411251068e-03
5.942314397543668747e-03
2.016928344964981079e-01
9.629003703594207764e-02
3.689883276820182800e-03
1.439284706115722656e+01
1.992350369691848755e-01
1.425338536500930786e-01
8.771244436502456665e-03
4.622131884098052979e-01
4.129754845052957535e-03
2.832488156855106354e-02
1.584751904010772705e-01
6.038297340273857117e-02
1.344851255416870117e-01
5.520420521497726440e-02
8.437958313152194023e-04
3.375875530764460564e-03
5.383308976888656616e-03
1.355403289198875427e-02
3.227893263101577759e-02
9.210813522338867188e+00
2.096170186996459961e-02
1.131002998352050781e+01
1.426166947931051254e-02
3.990771248936653137e-03
1.244942694902420044e-01
3.261724859476089478e-02
2.165253758430480957e-01
1.868720352649688721e-02
7.441189885139465332e-01
7.688274979591369629e-01
1.974977785721421242e-04
1.134954810142517090e+00
1.492257229983806610e-03
6.238758191466331482e-02
1.123838126659393311e-01
4.057777673006057739e-02
7.525322958827018738e-03
6.021567434072494507e-02
4.743150621652603149e-02
1.614369079470634460e-02
1.239422261714935303e-01
2.207144536077976227e-02
2.764338999986648560e-02
3.134059370495378971e-04
3.798895981162786484e-03
2.585357520729303360e-03
5.776047692052088678e-05
3.350755199790000916e-02
8.170869350433349609e-01
1.001926255412399769e-03
1.290334295481443405e-02
1.157854497432708740e-02
2.436921466141939163e-03
9.023287892341613770e-02
1.116273808293044567e-03
8.709629178047180176e-01
7.142845392227172852e-01
9.374899417161941528e-02
1.731246011331677437e-03
9.352193027734756470e-02
2.219757318496704102e+00
5.297893285751342773e-02
1.890822430141270161e-03
2.757580578327178955e-02
1.971054263412952423e-02
6.772351861000061035e-01
9.515932947397232056e-02
2.153559774160385132e-02
4.402209818363189697e-02
1.890497356653213501e-01
1.849563717842102051e-01
3.916339576244354248e-01
6.053362041711807251e-02
8.306813240051269531e-02
1.541501376777887344e-02
4.934647306799888611e-02
5.559800937771797180e-02
1.000360492616891861e-02
3.586374921724200249e-03
6.938683241605758667e-02
1.350981299765408039e-03
1.479123592376708984e+01
6.375302076339721680e-01
5.085530877113342285e-01
1.993537589441984892e-04
2.061074823141098022e-01
2.317500673234462738e-02
6.799146067351102829e-04
7.449880242347717285e-02
5.318702012300491333e-02
1.337351560592651367e+00
3.257993608713150024e-02
4.170383326709270477e-03
2.173003973439335823e-03
6.543929874897003174e-02
2.164874039590358734e-02
3.879112750291824341e-02
2.395579576492309570e+00
1.977151185274124146e-01
5.301203131675720215e-01
1.727440394461154938e-02
1.140121556818485260e-02
8.328049778938293457e-01
8.106220364570617676e-01
3.106761741638183594e+01
3.172463923692703247e-02
2.775610685348510742e-01
1.637022942304611206e-02
6.615872681140899658e-02
1.100778114050626755e-02
1.708108372986316681e-02
9.394679218530654907e-02
1.907048523426055908e-01
2.792756818234920502e-02
1.299725919961929321e-01
1.654392108321189880e-02
2.833576872944831848e-02
5.915430188179016113e-02
1.941651338711380959e-03
8.170779794454574585e-03
5.514733865857124329e-02
6.416065152734518051e-04
1.449558585882186890e-01
3.296885490417480469e-01
4.105322360992431641e-01
1.990274786949157715e-01
1.327273696660995483e-01
2.206042408943176270e-01
1.359498262405395508e+00
6.614523590542376041e-04
2.471087872982025146e-02
1.755400747060775757e-01
1.261770812561735511e-04
1.314183697104454041e-02
4.640704765915870667e-02
2.455976963043212891e+00
2.517588809132575989e-02
1.315624546259641647e-02
1.477055903524160385e-02
1.218828931450843811e-01
4.836206138134002686e-02
5.001071467995643616e-02
1.681254357099533081e-01
4.950983077287673950e-02
2.299229860305786133e+00
1.554016023874282837e-02
6.865957751870155334e-03
6.527631729841232300e-02
5.351204276084899902e-01
4.609454423189163208e-02
2.210882008075714111e-01
4.169629141688346863e-02
2.593206299934536219e-04
1.624059230089187622e-01
3.338926136493682861e-01
2.955255098640918732e-02
3.729692101478576660e-01
9.121322631835937500e-02
5.693667102605104446e-03
3.250670433044433594e-02
3.645213553681969643e-03
4.487194120883941650e-02
1.712452620267868042e-02
3.101704269647598267e-02
9.899253956973552704e-03
3.829268040135502815e-03
2.449636906385421753e-01
1.416155338287353516e+01
6.638813763856887817e-03
2.874247264117002487e-03
5.459691863507032394e-03
6.017692759633064270e-02
1.465232780901715159e-04
1.224287629127502441e+00
3.683603182435035706e-02
3.545575380325317383e+00
1.659314036369323730e-01
3.068286366760730743e-02
6.951275281608104706e-04
4.333937764167785645e-01
4.904018342494964600e-01
1.021384540945291519e-02
3.324253717437386513e-03
3.399411216378211975e-02
1.186279623652808368e-04
5.208278819918632507e-02
2.148182364180684090e-03
3.772075891494750977e+00
3.572509884834289551e-01
8.115273900330066681e-03
2.495262213051319122e-02
1.511074136942625046e-02
3.035386838018894196e-02
3.100119065493345261e-03
2.034217566251754761e-01
2.666290104389190674e-02
1.530236154794692993e-01
5.830981768667697906e-03
2.739539742469787598e-01
5.655832937918603420e-04
8.715421706438064575e-02
5.126530677080154419e-02
2.244416475296020508e-01
5.147597752511501312e-03
1.438809745013713837e-02
1.052768155932426453e-02
5.367423966526985168e-02
1.061253547668457031e-01
3.492229804396629333e-02
8.906795084476470947e-02
3.561113029718399048e-02
1.161508083343505859e+00
9.135370783042162657e-05
8.386048674583435059e-02
1.645546592772006989e-02
3.300591409206390381e-01
3.506006002426147461e+00
2.792834676802158356e-02
1.687642373144626617e-02
1.714952886104583740e-01
5.962332710623741150e-03
8.119872654788196087e-04
1.652466177940368652e+00
3.371730446815490723e-02
5.893715191632509232e-03
2.888981997966766357e-02
1.523864176124334335e-02
1.724247097969055176e+00
9.461770765483379364e-03
7.135392632335424423e-03
2.051786184310913086e+00
4.427178204059600830e-02
7.046769857406616211e-01
3.527794731780886650e-03
1.840607845224440098e-03
1.693073473870754242e-02
1.125822123140096664e-02
1.194259058684110641e-02
4.959484934806823730e-01
1.229256749153137207e+00
1.848394870758056641e-01
1.456003915518522263e-02
8.896461687982082367e-03
1.373731251806020737e-02
2.668004308361560106e-04
6.494491826742887497e-03
4.711558341979980469e+00
1.544561266899108887e+00
7.731037912890315056e-04
7.199583947658538818e-02
1.362422201782464981e-02
2.340470906347036362e-03
1.044842973351478577e-01
3.819146752357482910e-02
8.850105223245918751e-04
2.194685116410255432e-02
3.001243993639945984e-02
5.045622959733009338e-02
2.261798620223999023e+00
5.182601884007453918e-02
1.074460983276367188e+00
6.116511821746826172e-01
1.022960096597671509e-01
6.886970996856689453e-01
1.928472876548767090e+00
1.117448229342699051e-02
3.169291839003562927e-02
6.845004111528396606e-02
9.402492083609104156e-03
1.452010273933410645e-01
9.294325113296508789e-01
6.933657824993133545e-02
9.402263909578323364e-03
3.335308432579040527e-01
5.876868963241577148e-03
4.821183532476425171e-02
1.210630172863602638e-03
6.353363990783691406e-01
3.724335227161645889e-03
1.080832444131374359e-02
3.980548381805419922e-01
1.415708218701183796e-03
9.121311828494071960e-03
4.419603943824768066e-02
6.158562377095222473e-03
5.145964026451110840e-01
7.536408491432666779e-03
6.260809488594532013e-03
8.941251784563064575e-03
2.778551308438181877e-03
4.378709476441144943e-03
2.937434613704681396e-01
7.476244587451219559e-03
1.345303095877170563e-02
1.150163915008306503e-02
1.206015609204769135e-02
5.430402234196662903e-03
6.020327098667621613e-03
2.217152714729309082e-02
2.476904094219207764e-01
2.368970075622200966e-03
7.675206870771944523e-04
5.731833633035421371e-03
2.267454624176025391e+00
1.211348571814596653e-03
1.472157705575227737e-02
2.187559604644775391e-01
3.803384676575660706e-02
3.836317360401153564e-02
4.001355171203613281e-02
1.132267490029335022e-01
1.881850063800811768e-01
1.043270167429000139e-04
1.866677217185497284e-02
4.360652994364500046e-03
2.423604018986225128e-03
2.633579447865486145e-02
2.519471943378448486e-02
4.897946864366531372e-02
7.647805660963058472e-02
2.531395480036735535e-02
1.216824515722692013e-03
2.506431192159652710e-02
9.500193409621715546e-03
1.754323989152908325e-01
1.993712224066257477e-02
1.043195649981498718e-01
1.698192209005355835e-03
1.194280385971069336e-01
4.159036034252494574e-04
1.548305749893188477e-01
1.697938144207000732e-01
7.664854824542999268e-02
2.650775574147701263e-02
8.470597267150878906e-01
2.753815846517682076e-03
1.534129586070775986e-02
6.414792966097593307e-03
2.721079625189304352e-02
2.903380431234836578e-02
6.156514585018157959e-02
1.725302543491125107e-03
4.653254985809326172e+00
1.275243759155273438e-01
3.302580863237380981e-02
3.866408586502075195e+00
1.151073932647705078e+01
1.060484349727630615e-02
9.472306701354682446e-04
8.135029347613453865e-04
3.746218979358673096e-02
6.597045343369245529e-03
3.843119367957115173e-02
9.068830490112304688e+00
2.301295317010954022e-04
5.184674739837646484e+00
1.317555606365203857e-01
2.609303966164588928e-02
6.904330221004784107e-04
4.811870399862527847e-03
1.273023796081542969e+01
1.092445755004882812e+02
1.106618423461914062e+02
7.033940553665161133e-01
4.194820404052734375e+01
2.483876705169677734e+00
4.783033447265625000e+02
1.070405483245849609e+01
1.040587997436523438e+02
1.160557842254638672e+01
2.178981933593750000e+02
1.773702049255371094e+01
8.826568603515625000e+01
7.271541953086853027e-01
1.527277469635009766e+01
1.646480712890625000e+02
9.133760833740234375e+01
2.107506256103515625e+02
1.193710327148437500e+02
1.109960937500000000e+01
6.511867523193359375e+01
6.318405628204345703e+00
9.483407020568847656e+00
5.713714981079101562e+01
3.537684679031372070e+00
5.194648504257202148e-01
2.636046752929687500e+02
6.195551757812500000e+02
1.535416381835937500e+03
3.454566650390625000e+02
1.166480731964111328e+01
4.974311351776123047e+00
9.393024444580078125e+00
3.549929504394531250e+02
1.604653739929199219e+01
9.514386177062988281e+00
7.980216145515441895e-01
5.800240859389305115e-02
4.902728080749511719e+00
1.296553955078125000e+02
1.068198730468750000e+03
2.307764816284179688e+01
1.263909101486206055e+00
5.304766845703125000e+02
3.074851036071777344e+01
1.588914947509765625e+02
1.098417205810546875e+02
1.800234794616699219e+01
9.169087409973144531e-01
1.096563598632812500e+03
2.379859924316406250e+02
3.307632827758789062e+01
1.464425563812255859e+01
2.565256118774414062e+01
4.767760753631591797e+00
1.170388031005859375e+01
5.651686191558837891e+00
4.272605776786804199e-01
2.172595596313476562e+01
1.430822265625000000e+03
5.266356811523437500e+02
5.035370483398437500e+02
7.709749698638916016e+00
6.392972564697265625e+01
7.034705638885498047e+00
4.902517700195312500e+01
7.238423919677734375e+01
2.436260742187500000e+03
2.442125091552734375e+02
6.997940063476562500e+01
8.183684945106506348e-02
1.307922973632812500e+02
1.658864736557006836e+00
2.007764739990234375e+02
1.013218688964843750e+01
1.282732105255126953e+01
1.337912321090698242e+00
1.020214939117431641e+01
3.870458984375000000e+02
4.068013000488281250e+01
4.289048767089843750e+01
7.880699157714843750e+00
9.356839179992675781e+00
4.794565963745117188e+01
8.902816772460937500e+00
3.533051681518554688e+01
1.531178355216979980e-01
1.376699352264404297e+01
2.465157699584960938e+01
3.561090707778930664e+00
1.584057140350341797e+01
5.123586273193359375e+01
5.235665893554687500e+01
2.036671447753906250e+01
9.748923492431640625e+01
3.558267822265625000e+02
5.009263515472412109e+00
6.138386230468750000e+02
6.154926419258117676e-01
4.676850891113281250e+02
2.677357196807861328e+00
2.707195663452148438e+01
4.403892040252685547e+00
1.340218811035156250e+02
5.349908447265625000e+01
1.474728698730468750e+02
2.941591501235961914e+00
3.782765625000000000e+03
4.339506530761718750e+02
1.144904136657714844e+00
8.536645770072937012e-01
1.131120849609375000e+03
2.068589172363281250e+02
1.542309403419494629e+00
3.093431091308593750e+01
9.668224334716796875e+01
1.032768249511718750e+02
1.584655094146728516e+01
7.977163696289062500e+01
1.576629543304443359e+01
2.250722351074218750e+02
7.262539062500000000e+03
5.755349731445312500e+02
1.831389465332031250e+02
4.226603507995605469e+00
3.070179748535156250e+02
3.287214660644531250e+01
3.656367063522338867e+00
6.412108764648437500e+02
8.283332824707031250e+01
5.016665039062500000e+02
2.736192321777343750e+01
4.276314675807952881e-01
3.212618637084960938e+01
2.742120981216430664e+00
3.503547668457031250e+00
1.012080669403076172e+00
4.688920288085937500e+02
5.854360351562500000e+02
3.060310974121093750e+02
4.083199691772460938e+01
3.146480321884155273e+00
4.827917785644531250e+02
2.586690330505371094e+01
9.763466186523437500e+02
3.916845703125000000e+01
5.037065734863281250e+02
2.171748399734497070e+00
6.872084045410156250e+01
2.050731445312500000e+03
5.832011103630065918e-01
5.976101684570312500e+02
4.122053909301757812e+01
6.237108707427978516e-01
1.605327301025390625e+02
4.585835647583007812e+01
2.768307209014892578e+00
1.147547960281372070e+00
5.772151947021484375e+00
2.823871612548828125e+00
1.152559936523437500e+03
2.233588409423828125e+02
2.045522003173828125e+02
4.694023895263671875e+01
2.324683990478515625e+02
1.310928039550781250e+02
9.351132965087890625e+01
3.438546447753906250e+02
1.340957885742187500e+03
1.395761108398437500e+01
1.034222507476806641e+01
1.496030029296875000e+03
2.282791614532470703e+00
7.510950088500976562e+00
4.099609069824218750e+02
2.861017990112304688e+01
8.568180084228515625e+00
5.612218093872070312e+01
2.952427625656127930e+00
2.031783294677734375e+01
1.589140701293945312e+01
2.655202102661132812e+01
3.327548217773437500e+02
6.205676078796386719e+00
2.654928320312500000e+04
4.984923362731933594e+00
6.697590947151184082e-01
3.104743194580078125e+01
8.149959716796875000e+02
6.722088623046875000e+01
5.146319389343261719e+00
3.501106262207031250e+02
8.794132232666015625e+00
5.288394546508789062e+01
1.839328918457031250e+02
2.202756166458129883e+00
9.037578582763671875e+01
1.449981927871704102e+00
9.749845504760742188e+00
3.837087869644165039e+00
1.748036193847656250e+01
1.317276573181152344e+01
7.265795230865478516e+00
4.934542083740234375e+01
5.958652877807617188e+01
1.388781785964965820e+00
7.680780029296875000e+01
4.666592712402343750e+02
7.394887924194335938e+00
3.551091766357421875e+01
9.357930183410644531e+00
5.291747570037841797e+00
1.562298417091369629e+00
5.130768554687500000e+03
2.032171821594238281e+01
6.081956787109375000e+02
4.927137374877929688e+00
3.438200378417968750e+02
1.582820415496826172e+00
2.247338867187500000e+02
2.958317138671875000e+03
1.896117776632308960e-01
2.410451650619506836e+00
1.111682495117187500e+03
3.986013174057006836e+00
9.874598999023437500e+02
5.334521770477294922e+00
2.689482116699218750e+01
1.049724292755126953e+01
1.574304866790771484e+01
1.236873269081115723e-01
1.245250034332275391e+01
3.466491460800170898e+00
6.052141723632812500e+02
6.902945709228515625e+01
2.163697242736816406e+01
6.616964817047119141e+00
3.037587165832519531e+01
2.261337280273437500e+01
2.201730966567993164e+00
5.951023559570312500e+02
1.349197692871093750e+02
1.609217643737792969e+01
2.643428421020507812e+01
1.675811309814453125e+02
1.081657028198242188e+02
2.598923339843750000e+02
8.077535629272460938e-01
6.223055175781250000e+03
1.228338050842285156e+01
7.338416290283203125e+01
3.390490722656250000e+01
1.003985047340393066e+00
8.391195678710937500e+02
1.092910537719726562e+02
9.499594569206237793e-01
7.698262939453125000e+02
6.434808349609375000e+01
6.846887588500976562e+00
3.261389404296875000e+03
9.210675048828125000e+01
5.975266265869140625e+01
6.598773193359375000e+01
6.331219482421875000e+02
2.704833984375000000e+02
1.874512176513671875e+02
2.924433708190917969e+01
1.389691284179687500e+03
6.134735345840454102e-01
1.505388450622558594e+01
5.208103027343750000e+02
1.480192852020263672e+01
4.942606506347656250e+02
1.343217134475708008e+00
7.355797886848449707e-01
6.976184082031250000e+01
5.812164306640625000e+00
9.068592071533203125e+00
1.201839981079101562e+02
9.001085758209228516e-01
1.822330665588378906e+01
5.333706378936767578e+00
8.371598243713378906e+00
3.708862686157226562e+01
1.864137411117553711e+00
1.461482286453247070e+00
4.182540283203125000e+02
1.430320190429687500e+03
3.525797605514526367e+00
2.091406707763671875e+02
1.860432243347167969e+01
9.302385330200195312e+00
2.370526367187500000e+03
5.887938499450683594e+00
1.936773986816406250e+02
4.038425064086914062e+01
3.482998657226562500e+01
1.070390258789062500e+03
2.602279472351074219e+01
1.549042358398437500e+02
7.386964111328125000e+02
1.535191650390625000e+02
5.341650772094726562e+01
2.536264343261718750e+02
4.296195602416992188e+01
2.928313016891479492e+00
6.031597518920898438e+01
2.081895065307617188e+01
1.642580986022949219e+01
1.368223754882812500e+03
6.234811401367187500e+02
8.657399902343750000e+02
3.529025268554687500e+02
1.188869667053222656e+01
4.244207382202148438e+00
1.101723074913024902e+00
3.820270919799804688e+01
1.425864219665527344e+01
1.119724750518798828e+01
2.368700981140136719e+00
8.758951187133789062e+00
9.207563400268554688e-01
1.303211517333984375e+02
4.441723251342773438e+01
8.232662963867187500e+01
1.376929779052734375e+02
2.563033294677734375e+01
6.594467163085937500e+01
2.151337432861328125e+01
7.029467105865478516e+00
3.026251494884490967e-01
7.045407714843750000e+03
2.161178710937500000e+03
1.194277420043945312e+02
1.890824584960937500e+02
8.960942840576171875e+01
7.884765014648437500e+02
2.850992774963378906e+01
2.144061279296875000e+01
2.734471321105957031e+01
3.039986610412597656e+00
6.344649887084960938e+01
1.477652832031250000e+03
7.898899078369140625e+01
1.095828056335449219e+01
7.568543434143066406e+00
1.817166900634765625e+02
5.436714477539062500e+02
8.527085876464843750e+01
1.639425277709960938e+01
1.712246513366699219e+01
1.034222915768623352e-01
1.724129021167755127e-01
3.873196792602539062e+01
2.492603492736816406e+01
5.542022705078125000e+00
1.425288391113281250e+01
2.079524383544921875e+02
4.655727386474609375e+01
1.788407592773437500e+02
6.656506061553955078e+00
2.452443361282348633e+00
9.814970970153808594e+00
3.387137985229492188e+01
1.337730102539062500e+03
1.894160985946655273e+00
1.051509475708007812e+02
1.296743750572204590e+00
4.635917186737060547e+00
2.935440242290496826e-01
1.509129333496093750e+01
4.537782226562500000e+03
2.249717187500000000e+04
6.020186424255371094e+00
1.187986526489257812e+02
7.518430328369140625e+01
6.636352539062500000e+00
1.614458618164062500e+02
7.016407470703125000e+02
6.851069450378417969e+00
5.471321582794189453e+00
7.052088737487792969e+00
9.899920654296875000e+01
2.679879760742187500e+01
2.025043678283691406e+01
3.095522766113281250e+02
6.171974487304687500e+02
6.618041515350341797e+00
4.961633205413818359e+00
5.114410400390625000e+00
2.259227600097656250e+02
9.029026031494140625e+00
2.825122833251953125e+01
3.197603759765625000e+02
2.034896087646484375e+01
7.852396240234375000e+02
1.172623657226562500e+03
1.705775756835937500e+02
2.137672901153564453e+00
3.017798233032226562e+01
