2.331106364727020264e-02
6.196273490786552429e-02
6.098782643675804138e-03
1.498885219916701317e-03
3.084625303745269775e-02
4.877269744873046875e+00
1.704502291977405548e-02
3.184523666277527809e-03
4.171171225607395172e-03
3.613264262676239014e-01
3.584297839552164078e-03
1.084807142615318298e-02
4.583092778921127319e-02
8.262027055025100708e-03
1.061709830537438393e-03
8.345955051481723785e-03
3.019381081685423851e-03
2.480386290699243546e-03
2.422576397657394409e-02
4.299502470530569553e-04
1.170084327459335327e-01
1.828668452799320221e-02
2.157288193702697754e-01
3.454441949725151062e-02
5.459598302841186523e-01
1.436064578592777252e-02
3.892154991626739502e-02
1.516860257834196091e-02
6.971454620361328125e-02
7.505668997764587402e-01
3.540116304066032171e-04
1.264191814698278904e-04
5.502670072019100189e-03
1.708794198930263519e-02
6.699538975954055786e-02
4.431936889886856079e-03
6.802110467106103897e-03
5.499094841070473194e-04
7.552456576377153397e-03
4.302287474274635315e-03
1.783173829317092896e-01
5.512840673327445984e-02
1.098721870221197605e-03
9.723731994628906250e+00
1.394651979207992554e-01
5.772855505347251892e-02
3.320046234875917435e-03
1.808758080005645752e-01
3.027479164302349091e-03
7.420653477311134338e-03
1.644010543823242188e-01
2.013358101248741150e-02
8.059267699718475342e-02
2.264230325818061829e-02
3.316147776786237955e-04
1.546510611660778522e-03
4.237336106598377228e-03
1.173278968781232834e-02
1.816756092011928558e-02
5.575211524963378906e+00
8.747378364205360413e-03
1.299248218536376953e+01
1.156638283282518387e-02
2.405530074611306190e-03
1.160083860158920288e-01
1.278214622288942337e-02
1.040493845939636230e-01
6.183606572449207306e-03
5.151479244232177734e-01
3.334373235702514648e-01
1.310594670940190554e-04
1.233379840850830078e+00
7.416747976094484329e-04
1.776660606265068054e-02
6.101013720035552979e-02
4.711585491895675659e-02
5.056567490100860596e-03
3.315400704741477966e-02
3.145054727792739868e-02
9.196643717586994171e-03
4.479236155748367310e-02
1.316171698272228241e-02
1.194826327264308929e-02
2.550994395278394222e-04
2.009642776101827621e-03
1.066204276867210865e-03
2.742838842095807195e-05
3.533308207988739014e-02
6.083024740219116211e-01
9.916516719385981560e-04
4.197097849100828171e-03
7.124618627130985260e-03
1.005290541797876358e-03
7.463172823190689087e-02
3.019550931639969349e-04
4.846766591072082520e-01
4.689739644527435303e-01
4.177689924836158752e-02
1.510557602159678936e-03
4.995686188340187073e-02
1.476040005683898926e+00
4.172244295477867126e-02
8.302146452479064465e-04
1.406432408839464188e-02
9.130067192018032074e-03
3.174290060997009277e-01
6.425157189369201660e-02
1.247049402445554733e-02
2.163744531571865082e-02
6.190848350524902344e-02
1.417813450098037720e-01
3.132694065570831299e-01
3.911560401320457458e-02
4.688102379441261292e-02
1.245545316487550735e-02
2.129983901977539062e-02
4.590152949094772339e-02
3.974018618464469910e-03
2.318132901564240456e-03
5.788749456405639648e-02
5.676303990185260773e-04
5.068775653839111328e+00
4.422819316387176514e-01
3.524352312088012695e-01
1.104805560316890478e-04
1.444427818059921265e-01
1.160052884370088577e-02
7.563791004940867424e-04
5.062767863273620605e-02
5.381066352128982544e-02
1.570401906967163086e+00
4.372810199856758118e-02
3.671642392873764038e-03
1.116086496040225029e-03
2.592512778937816620e-02
2.568978443741798401e-02
4.730972275137901306e-02
1.931941151618957520e+00
1.067890003323554993e-01
3.744114339351654053e-01
1.791705563664436340e-02
6.015942431986331940e-03
4.707143306732177734e-01
4.419842362403869629e-01
1.537281513214111328e+01
1.434970088303089142e-02
2.141761481761932373e-01
5.819734651595354080e-03
4.387913644313812256e-02
8.616128936409950256e-03
1.854692772030830383e-02
6.022429093718528748e-02
6.109518930315971375e-02
1.057791057974100113e-02
6.321473419666290283e-02
1.073738932609558105e-02
9.475631639361381531e-03
2.889123931527137756e-02
2.075228840112686157e-03
3.561743767932057381e-03
3.095052950084209442e-02
3.171782882418483496e-04
1.422137320041656494e-01
3.566006422042846680e-01
2.304171770811080933e-01
8.746581524610519409e-02
1.061064079403877258e-01
1.319614797830581665e-01
6.678910255432128906e-01
2.056366211036220193e-04
1.631541550159454346e-02
7.843101769685745239e-02
8.088512549875304103e-05
1.074049249291419983e-02
4.476673901081085205e-02
8.625573515892028809e-01
1.324530132114887238e-02
9.475297294557094574e-03
1.084639597684144974e-02
8.172442018985748291e-02
5.830530449748039246e-02
2.689174190163612366e-02
1.138040274381637573e-01
2.209951542317867279e-02
1.573420047760009766e+00
7.921302691102027893e-03
5.213926546275615692e-03
4.717376455664634705e-02
2.156271785497665405e-01
2.159928716719150543e-02
1.090964376926422119e-01
1.936054788529872894e-02
2.975650131702423096e-04
7.471836358308792114e-02
2.977486252784729004e-01
1.055154856294393539e-02
1.463135629892349243e-01
5.421121791005134583e-02
3.554822877049446106e-03
1.756405830383300781e-02
2.598053077235817909e-03
2.790982276201248169e-02
9.852759540081024170e-03
1.461181975901126862e-02
8.094903081655502319e-03
1.198452431708574295e-03
1.559441834688186646e-01
8.103850364685058594e+00
6.788271479308605194e-03
3.258227137848734856e-03
5.587150342762470245e-03
3.826233744621276855e-02
1.587709703017026186e-04
5.447732806205749512e-01
1.433669961988925934e-02
1.839596748352050781e+00
4.372834041714668274e-02
1.352873351424932480e-02
4.798292065970599651e-04
4.835187494754791260e-01
2.221111953258514404e-01
1.381186209619045258e-02
1.106130192056298256e-03
1.563013345003128052e-02
1.200039914692752063e-04
2.161170169711112976e-02
6.696381606161594391e-04
3.386918544769287109e+00
3.004326224327087402e-01
5.338291637599468231e-03
1.874637976288795471e-02
7.856432348489761353e-03
2.075511030852794647e-02
1.720097032375633717e-03
1.954801082611083984e-01
1.194952242076396942e-02
1.725999563932418823e-01
2.591345924884080887e-03
7.074832916259765625e-02
3.973237762693315744e-04
1.614046655595302582e-02
5.939712375402450562e-02
1.512231081724166870e-01
2.576784230768680573e-03
5.886092782020568848e-03
6.690116599202156067e-03
2.688331156969070435e-02
6.209855899214744568e-02
2.109154313802719116e-02
1.008223742246627808e-01
2.361994236707687378e-02
1.182136297225952148e+00
3.974914579885080457e-05
3.824488073587417603e-02
8.451702073216438293e-03
1.740309894084930420e-01
2.451906919479370117e+00
1.262567192316055298e-02
2.023878321051597595e-02
1.791337132453918457e-01
2.284734742715954781e-03
4.562722169794142246e-04
7.473523020744323730e-01
1.825913228094577789e-02
2.383417682722210884e-03
1.574846357107162476e-02
1.086957007646560669e-02
1.141833186149597168e+00
8.565325289964675903e-03
7.204811088740825653e-03
1.331951618194580078e+00
2.701784856617450714e-02
4.458940625190734863e-01
2.847428200766444206e-03
1.120232511311769485e-03
1.330490503460168839e-02
4.884405527263879776e-03
7.956929504871368408e-03
1.751578301191329956e-01
1.372784733772277832e+00
1.211895421147346497e-01
7.609256543219089508e-03
3.415832063183188438e-03
1.105267740786075592e-02
1.659854460740461946e-04
2.871725242584943771e-03
3.461404800415039062e+00
8.839624524116516113e-01
3.896120761055499315e-04
4.238754138350486755e-02
9.869922883808612823e-03
7.311032386496663094e-04
5.239589884877204895e-02
1.587374508380889893e-02
8.283730712719261646e-04
1.351987291127443314e-02
1.711110770702362061e-02
4.031521081924438477e-02
1.567556858062744141e+00
3.634980693459510803e-02
3.898282647132873535e-01
7.821115255355834961e-01
6.835691630840301514e-02
6.356694102287292480e-01
1.570069909095764160e+00
3.592257620766758919e-03
2.788993902504444122e-02
2.234958112239837646e-02
3.790218150243163109e-03
8.791100233793258667e-02
4.761601090431213379e-01
2.284455485641956329e-02
4.593393299728631973e-03
1.515199989080429077e-01
2.060104627162218094e-03
2.670303732156753540e-02
7.830483373254537582e-04
3.480914831161499023e-01
2.170899650081992149e-03
3.120444947853684425e-03
2.549804449081420898e-01
1.372606959193944931e-03
5.711349658668041229e-03
2.063879743218421936e-02
4.849166143685579300e-03
1.796540021896362305e-01
5.148780997842550278e-03
3.152431920170783997e-03
4.084040410816669464e-03
1.984681701287627220e-03
4.839129745960235596e-03
2.178718149662017822e-01
3.176140366122126579e-03
6.596689578145742416e-03
3.782662097364664078e-03
1.450567506253719330e-02
2.248801756650209427e-03
4.626872949302196503e-03
3.024641610682010651e-02
1.954076886177062988e-01
8.015367784537374973e-04
5.257837474346160889e-04
2.986273961141705513e-03
1.537444710731506348e+00
9.730962337926030159e-04
1.039741188287734985e-02
1.033764407038688660e-01
1.498670130968093872e-02
3.274546191096305847e-02
2.013689279556274414e-02
6.080719456076622009e-02
2.195273637771606445e-01
5.877272269572131336e-05
9.279184043407440186e-03
3.949755802750587463e-03
8.969195769168436527e-04
1.693713665008544922e-02
1.435571629554033279e-02
3.160058706998825073e-02
2.950734272599220276e-02
1.254477724432945251e-02
9.134229621849954128e-04
1.000179722905158997e-02
4.773864056915044785e-03
5.834240093827247620e-02
2.388730458915233612e-02
4.875653609633445740e-02
1.193698728457093239e-03
5.646249651908874512e-02
2.973440277855843306e-04
1.386778950691223145e-01
9.556216001510620117e-02
2.623519115149974823e-02
1.141714025288820267e-02
3.757808506488800049e-01
7.968494319356977940e-04
7.482082583010196686e-03
3.940926864743232727e-03
1.287263445556163788e-02
1.657963171601295471e-02
4.529483243823051453e-02
8.776176255196332932e-04
3.048290252685546875e+00
7.522350549697875977e-02
1.696563884615898132e-02
2.469541311264038086e+00
7.247789859771728516e+00
7.370211649686098099e-03
5.363349337130784988e-04
4.308506031520664692e-04
2.433077618479728699e-02
3.370406804606318474e-03
1.347476337105035782e-02
5.984049797058105469e+00
2.517086977604776621e-04
3.253020286560058594e+00
7.034293562173843384e-02
2.092537097632884979e-02
3.187736729159951210e-04
1.545539009384810925e-03
4.541584491729736328e+00
8.800734710693359375e+01
1.404639739990234375e+02
6.970805525779724121e-01
3.622755813598632812e+01
3.753186225891113281e+00
7.130394287109375000e+02
8.868205070495605469e+00
6.408171844482421875e+01
4.253438949584960938e+00
1.714869079589843750e+02
1.565669059753417969e+01
7.668864440917968750e+01
6.846420168876647949e-01
2.119390869140625000e+01
9.581633758544921875e+01
1.509823303222656250e+02
1.356871948242187500e+02
1.481360778808593750e+02
6.278665542602539062e+00
6.830641937255859375e+01
4.041472911834716797e+00
6.954998493194580078e+00
4.936314010620117188e+01
2.442548036575317383e+00
4.979934394359588623e-01
3.399093933105468750e+02
2.265780487060546875e+02
1.625099609375000000e+03
3.292383728027343750e+02
1.122894096374511719e+01
5.172266006469726562e+00
1.540109157562255859e+01
2.468906402587890625e+02
1.931997871398925781e+01
1.502851963043212891e+01
1.196635961532592773e+00
5.411670356988906860e-02
4.432265281677246094e+00
8.838597106933593750e+01
8.556060791015625000e+02
1.299729633331298828e+01
6.218624711036682129e-01
3.349940185546875000e+02
2.640163803100585938e+01
6.173143005371093750e+01
7.881922912597656250e+01
1.657129096984863281e+01
7.175115942955017090e-01
1.046459106445312500e+03
4.407349853515625000e+02
4.392936325073242188e+01
1.080166625976562500e+01
1.196239948272705078e+01
4.369435310363769531e+00
1.066895294189453125e+01
5.629682064056396484e+00
4.263828992843627930e-01
9.846323966979980469e+00
1.852809448242187500e+03
6.429744262695312500e+02
5.266952514648437500e+02
1.462876892089843750e+01
6.452087402343750000e+01
2.698678016662597656e+00
9.920661163330078125e+01
4.565240859985351562e+01
4.046670654296875000e+03
1.484312133789062500e+02
5.257720565795898438e+01
9.664814174175262451e-02
3.917900085449218750e+02
2.612200736999511719e+00
1.957251739501953125e+02
6.383029460906982422e+00
1.289728832244873047e+01
1.671219587326049805e+00
8.187996864318847656e+00
2.560853576660156250e+02
2.128109550476074219e+01
3.428566360473632812e+01
6.563071250915527344e+00
1.130775928497314453e+01
3.484641647338867188e+01
5.077955245971679688e+00
1.993473815917968750e+01
1.327349692583084106e-01
1.320923805236816406e+01
1.925224304199218750e+01
1.876496553421020508e+00
2.395921516418457031e+01
4.578243255615234375e+01
2.999366569519042969e+01
1.493598270416259766e+01
5.781986999511718750e+01
6.943190307617187500e+02
2.177556276321411133e+00
2.973066711425781250e+02
4.100141525268554688e-01
8.763356933593750000e+02
2.445174932479858398e+00
1.470766830444335938e+01
3.952330827713012695e+00
1.017548217773437500e+02
4.888097763061523438e+01
1.651361846923828125e+02
1.922616124153137207e+00
4.355344238281250000e+03
3.943070678710937500e+02
6.920104026794433594e-01
8.558234572410583496e-01
1.481303588867187500e+03
1.631234436035156250e+02
1.723674654960632324e+00
2.698552894592285156e+01
8.232972717285156250e+01
1.187142181396484375e+02
1.394880867004394531e+01
8.983536529541015625e+01
7.348241806030273438e+00
3.152076110839843750e+02
3.854435791015625000e+03
5.380214843750000000e+02
1.615493621826171875e+02
3.987419366836547852e+00
5.317858276367187500e+02
3.689593505859375000e+01
2.422327518463134766e+00
4.606363525390625000e+02
1.222711944580078125e+02
8.468097534179687500e+02
5.548167037963867188e+01
5.598520636558532715e-01
5.472646713256835938e+01
1.513131141662597656e+00
2.066645383834838867e+00
5.612944364547729492e-01
5.874524536132812500e+02
5.173604125976562500e+02
2.364443817138671875e+02
4.337696075439453125e+01
2.190774440765380859e+00
4.833213195800781250e+02
1.704731178283691406e+01
8.350689086914062500e+02
3.326517105102539062e+01
6.962555541992187500e+02
1.087241053581237793e+00
1.566848449707031250e+02
2.250865234375000000e+03
6.803048253059387207e-01
5.520007934570312500e+02
2.600265121459960938e+01
3.334464728832244873e-01
1.331922760009765625e+02
6.510200500488281250e+01
1.630416989326477051e+00
7.800294160842895508e-01
6.140299797058105469e+00
2.904333829879760742e+00
8.232596435546875000e+02
1.610304565429687500e+02
1.001670837402343750e+02
4.614972686767578125e+01
2.205679626464843750e+02
1.369371185302734375e+02
1.099889984130859375e+02
3.348858947753906250e+02
3.292509521484375000e+03
2.294546508789062500e+01
8.173863410949707031e+00
1.772170654296875000e+03
4.011961460113525391e+00
3.895003557205200195e+00
5.535306396484375000e+02
1.105887031555175781e+01
7.950166225433349609e+00
7.410576629638671875e+01
4.212703227996826172e+00
1.869439697265625000e+01
2.145487785339355469e+01
4.001887130737304688e+01
2.381150665283203125e+02
5.386053562164306641e+00
2.003420117187500000e+04
3.660780429840087891e+00
7.321758270263671875e-01
2.889617347717285156e+01
1.102746337890625000e+03
5.830054092407226562e+01
8.534680366516113281e+00
3.871391296386718750e+02
1.099581813812255859e+01
6.245204162597656250e+01
1.784829406738281250e+02
1.498562693595886230e+00
8.947761535644531250e+01
1.390032410621643066e+00
1.570743846893310547e+01
4.033386230468750000e+00
4.148453140258789062e+01
2.103403472900390625e+01
4.479862689971923828e+00
2.872547912597656250e+01
4.156355285644531250e+01
1.500817298889160156e+00
1.262151412963867188e+02
3.700796508789062500e+02
7.471792221069335938e+00
7.716778564453125000e+01
1.178558540344238281e+01
9.272249221801757812e+00
8.212571144104003906e-01
4.144298339843750000e+03
1.236715221405029297e+01
6.192238159179687500e+02
2.742850065231323242e+00
1.777944793701171875e+02
1.603735566139221191e+00
2.022709197998046875e+02
3.238800048828125000e+03
2.178542762994766235e-01
1.911719202995300293e+00
1.617153808593750000e+03
3.606698989868164062e+00
6.980925903320312500e+02
3.525520563125610352e+00
2.634604644775390625e+01
1.157220649719238281e+01
1.224994945526123047e+01
3.901323676109313965e-02
1.276343059539794922e+01
4.199694156646728516e+00
7.295902099609375000e+02
6.698266601562500000e+01
8.788046836853027344e+00
5.480854511260986328e+00
1.982433319091796875e+01
2.197605895996093750e+01
1.662680864334106445e+00
6.605791015625000000e+02
1.301145019531250000e+02
1.218719196319580078e+01
2.007395553588867188e+01
1.397581329345703125e+02
1.448647460937500000e+02
1.518366394042968750e+02
5.934680700302124023e-01
9.641085937500000000e+03
1.257835388183593750e+01
5.924414443969726562e+01
1.952773666381835938e+01
5.350957512855529785e-01
1.217452148437500000e+03
1.347653808593750000e+02
7.187907695770263672e-01
9.596677856445312500e+02
5.018229675292968750e+01
1.264738559722900391e+01
5.316844238281250000e+03
5.303389739990234375e+01
6.507798004150390625e+01
5.231585311889648438e+01
7.516932373046875000e+02
2.244051513671875000e+02
3.376597290039062500e+02
5.023775863647460938e+01
2.929308105468750000e+03
8.211770653724670410e-01
2.426894569396972656e+01
4.370660400390625000e+02
6.692785739898681641e+00
4.124862976074218750e+02
1.161901950836181641e+00
1.502215027809143066e+00
7.869515228271484375e+01
4.576286792755126953e+00
1.062089729309082031e+01
2.136855010986328125e+02
9.224329590797424316e-01
1.832734298706054688e+01
1.035035800933837891e+01
4.245326519012451172e+00
4.555590057373046875e+01
1.032301783561706543e+00
1.079338312149047852e+00
2.153635101318359375e+02
7.800228271484375000e+02
5.800637722015380859e+00
1.070823135375976562e+02
1.483428955078125000e+01
8.849671363830566406e+00
2.833823974609375000e+03
3.738197803497314453e+00
4.066722412109375000e+02
4.746076202392578125e+01
2.675615119934082031e+01
1.198079589843750000e+03
3.953240203857421875e+01
1.576466522216796875e+02
7.553851928710937500e+02
1.589774322509765625e+02
5.902834320068359375e+01
2.929701843261718750e+02
3.356558990478515625e+01
1.962552785873413086e+00
4.385919570922851562e+01
1.897012901306152344e+01
3.893326282501220703e+00
1.224967529296875000e+03
4.254769287109375000e+02
8.912074584960937500e+02
1.647773590087890625e+02
1.367811107635498047e+01
2.611083269119262695e+00
5.541309118270874023e-01
4.253401947021484375e+01
1.351527881622314453e+01
7.201913356781005859e+00
1.134430646896362305e+00
1.640357398986816406e+01
5.620040893554687500e-01
7.223308563232421875e+01
2.710843658447265625e+01
8.721681213378906250e+01
8.544876861572265625e+01
2.778507232666015625e+01
6.024549484252929688e+01
1.232378196716308594e+01
8.146891593933105469e+00
2.129685431718826294e-01
7.979998535156250000e+03
2.628511962890625000e+03
2.331228942871093750e+02
1.807523345947265625e+02
1.514208374023437500e+02
9.956370239257812500e+02
2.306711387634277344e+01
6.063103485107421875e+01
1.255260753631591797e+01
2.346740245819091797e+00
5.592548751831054688e+01
1.055415649414062500e+03
9.337934875488281250e+01
8.418064117431640625e+00
1.143189620971679688e+01
1.568244628906250000e+02
3.386402282714843750e+02
1.104398040771484375e+02
8.816162109375000000e+00
1.558447456359863281e+01
9.756209701299667358e-02
1.026957556605339050e-01
2.614307594299316406e+01
3.770212173461914062e+01
5.005539894104003906e+00
2.515221595764160156e+01
2.187005462646484375e+02
5.302452850341796875e+01
1.330634002685546875e+02
1.165326023101806641e+01
1.503863930702209473e+00
1.465844821929931641e+01
5.860672378540039062e+01
1.144259887695312500e+03
2.314096927642822266e+00
1.269112777709960938e+02
1.238229990005493164e+00
3.218318939208984375e+00
2.550407052040100098e-01
4.260206222534179688e+00
4.908861816406250000e+03
1.582737890625000000e+04
7.501955032348632812e+00
8.320699310302734375e+01
7.034282684326171875e+01
4.247908592224121094e+00
1.448085327148437500e+02
5.803845214843750000e+02
7.267667293548583984e+00
3.809447765350341797e+00
2.400201559066772461e+00
6.725509643554687500e+01
2.560044479370117188e+01
3.375867080688476562e+01
1.956038818359375000e+02
4.113043212890625000e+02
3.783204078674316406e+00
4.400004863739013672e+00
3.801009178161621094e+00
1.897506561279296875e+02
1.317726993560791016e+01
2.683297729492187500e+01
3.041580200195312500e+02
1.707315254211425781e+01
9.486049194335937500e+02
1.042593017578125000e+03
2.197342529296875000e+02
1.154635310173034668e+00
1.603605461120605469e+01
