6.051285564899444580e-02
3.073979020118713379e-01
1.075214520096778870e-02
4.173192195594310760e-03
5.967717245221138000e-02
7.858690738677978516e+00
3.701877966523170471e-02
5.312370136380195618e-03
1.790819689631462097e-02
6.724196672439575195e-01
2.848465181887149811e-02
5.123125389218330383e-02
1.009985134005546570e-01
4.695213213562965393e-02
4.281288478523492813e-03
3.192956373095512390e-02
3.192263655364513397e-03
1.767469011247158051e-02
5.985055118799209595e-02
1.490043825469911098e-03
7.873937487602233887e-02
6.027277186512947083e-02
2.354186028242111206e-01
3.534437343478202820e-02
2.392467260360717773e+00
1.772996969521045685e-02
9.009433537721633911e-02
1.141115874052047729e-01
1.533782035112380981e-01
9.980775117874145508e-01
1.539898221381008625e-03
3.474669938441365957e-04
1.813546568155288696e-02
8.275996893644332886e-02
5.279947072267532349e-02
2.961704134941101074e-02
9.590212255716323853e-03
7.601745310239493847e-04
1.540629100054502487e-02
9.580522775650024414e-03
2.417508512735366821e-01
2.147216796875000000e-01
7.780372165143489838e-03
1.287489795684814453e+01
2.927834093570709229e-01
2.222456634044647217e-01
1.666111871600151062e-02
9.172551631927490234e-01
3.458573017269372940e-03
5.703370645642280579e-02
2.065372318029403687e-01
1.005291789770126343e-01
2.336511760950088501e-01
5.173687264323234558e-02
1.739236409775912762e-03
4.792242310941219330e-03
7.784598972648382187e-03
2.491080574691295624e-02
4.614502564072608948e-02
1.590266799926757812e+01
2.945666387677192688e-02
2.220699501037597656e+01
2.233623713254928589e-02
9.708692319691181183e-03
1.764909625053405762e-01
7.396414130926132202e-02
3.247971236705780029e-01
3.986857831478118896e-02
1.208141446113586426e+00
1.026773929595947266e+00
2.814592735376209021e-04
2.024607658386230469e+00
2.941430313512682915e-03
1.280762106180191040e-01
1.439090222120285034e-01
4.055451601743698120e-02
1.258164923638105392e-02
1.070937663316726685e-01
4.290020838379859924e-02
1.950458995997905731e-02
2.320538610219955444e-01
3.311438113451004028e-02
3.959024697542190552e-02
3.996081941295415163e-04
5.092898383736610413e-03
3.882760182023048401e-03
9.654166933614760637e-05
4.964126646518707275e-02
1.057943701744079590e+00
1.294500310905277729e-03
2.483341842889785767e-02
1.855217292904853821e-02
4.809448029845952988e-03
9.124553203582763672e-02
3.354589687660336494e-03
1.389862895011901855e+00
4.859732985496520996e-01
2.370625883340835571e-01
2.039595041424036026e-03
1.775731891393661499e-01
3.329881668090820312e+00
6.644394248723983765e-02
3.782384330406785011e-03
3.550733998417854309e-02
2.985823526978492737e-02
7.794870734214782715e-01
8.485618978738784790e-02
2.994084171950817108e-02
8.454163372516632080e-02
2.622934877872467041e-01
1.193409413099288940e-01
4.248951375484466553e-01
1.470037400722503662e-01
2.394265532493591309e-01
2.733714878559112549e-02
8.096582442522048950e-02
7.178536057472229004e-02
2.155068330466747284e-02
6.739087868481874466e-03
7.621650397777557373e-02
3.920512273907661438e-03
2.764821052551269531e+01
6.982060074806213379e-01
1.039244055747985840e+00
3.925001365132629871e-04
3.160885870456695557e-01
3.530926629900932312e-02
9.663355303928256035e-04
1.461809128522872925e-01
6.630656123161315918e-02
1.727956414222717285e+00
4.117305576801300049e-02
6.248128600418567657e-03
4.050333984196186066e-03
8.708287030458450317e-02
2.142017707228660583e-02
6.175593286752700806e-02
2.747969627380371094e+00
2.847217023372650146e-01
1.099449276924133301e+00
2.456095442175865173e-02
1.317845284938812256e-02
1.351240158081054688e+00
1.286827564239501953e+00
4.114770126342773438e+01
8.981948345899581909e-02
3.397158980369567871e-01
2.642631530761718750e-02
1.324504911899566650e-01
1.727906800806522369e-02
2.751139737665653229e-02
2.032065093517303467e-01
4.294540584087371826e-01
5.144844576716423035e-02
2.442551404237747192e-01
3.093551658093929291e-02
3.451223298907279968e-02
7.297284156084060669e-02
2.956329612061381340e-03
1.084073353558778763e-02
1.070379614830017090e-01
1.102032256312668324e-03
1.743428707122802734e-01
3.943019807338714600e-01
5.849749445915222168e-01
2.929141819477081299e-01
2.043945938348770142e-01
4.237116277217864990e-01
2.789309740066528320e+00
2.078285906463861465e-03
4.785636067390441895e-02
3.173589408397674561e-01
3.041460877284407616e-04
1.774577796459197998e-02
7.615492492914199829e-02
3.035383462905883789e+00
4.178026691079139709e-02
3.200044855475425720e-02
3.237583860754966736e-02
2.650946378707885742e-01
9.219271689653396606e-02
6.642436236143112183e-02
2.526726126670837402e-01
9.410124272108078003e-02
1.744405508041381836e+00
3.208839893341064453e-02
1.274758577346801758e-02
6.639054417610168457e-02
7.704397439956665039e-01
5.345004796981811523e-02
4.193725883960723877e-01
6.057644262909889221e-02
3.727952716872096062e-04
1.885569393634796143e-01
3.318430185317993164e-01
6.906515359878540039e-02
6.421229243278503418e-01
9.469681233167648315e-02
9.359044954180717468e-03
8.898922055959701538e-02
7.270881906151771545e-03
1.009889766573905945e-01
2.757307142019271851e-02
6.070615723729133606e-02
1.164377760142087936e-02
1.139861717820167542e-02
2.537828385829925537e-01
2.553815460205078125e+01
7.917662151157855988e-03
4.495125263929367065e-03
6.620285566896200180e-03
8.494545519351959229e-02
2.269072429044172168e-04
2.015960693359375000e+00
5.072127655148506165e-02
3.827222585678100586e+00
4.058955013751983643e-01
4.502265155315399170e-02
8.665774366818368435e-04
7.210277915000915527e-01
9.381235241889953613e-01
8.816796354949474335e-03
8.793589659035205841e-03
6.057121232151985168e-02
1.641120616113767028e-04
2.172315418720245361e-01
2.941281534731388092e-03
4.941125869750976562e+00
4.134815931320190430e-01
1.832644641399383545e-02
2.912523038685321808e-02
2.097349986433982849e-02
4.080190137028694153e-02
5.910218227654695511e-03
1.611178219318389893e-01
4.173503816127777100e-02
1.346721947193145752e-01
9.782118722796440125e-03
5.126701593399047852e-01
7.703861338086426258e-04
1.506451815366744995e-01
3.773415833711624146e-02
3.241357207298278809e-01
6.751599721610546112e-03
2.165197581052780151e-02
1.897041685879230499e-02
6.157181039452552795e-02
1.216990277171134949e-01
6.585106998682022095e-02
1.018819659948348999e-01
6.756715476512908936e-02
1.271638393402099609e+00
2.203965559601783752e-04
1.612926423549652100e-01
3.989356756210327148e-02
3.307278454303741455e-01
6.619086265563964844e+00
7.192949205636978149e-02
1.882268488407135010e-02
1.816843152046203613e-01
1.290685683488845825e-02
1.994455233216285706e-03
2.375041723251342773e+00
8.791039139032363892e-02
7.526920177042484283e-03
7.876474410295486450e-02
2.033327519893646240e-02
2.320495843887329102e+00
7.671591825783252716e-03
1.519083883613348007e-02
3.343004465103149414e+00
7.021486759185791016e-02
1.023279190063476562e+00
4.119926132261753082e-03
2.492202678695321083e-03
2.443819120526313782e-02
2.336611226201057434e-02
2.111194841563701630e-02
5.912469029426574707e-01
1.179591536521911621e+00
3.266583085060119629e-01
2.847433649003505707e-02
2.108207158744335175e-02
2.497011423110961914e-02
4.016129823867231607e-04
1.834456622600555420e-02
9.862585067749023438e+00
2.580877780914306641e+00
2.092586364597082138e-03
8.005593717098236084e-02
2.614178881049156189e-02
4.442787263542413712e-03
3.716700375080108643e-01
5.479593575000762939e-02
1.866486272774636745e-03
2.623300813138484955e-02
4.949353262782096863e-02
1.002569347620010376e-01
2.824000120162963867e+00
1.140947714447975159e-01
2.040346145629882812e+00
7.347243428230285645e-01
1.665203720331192017e-01
1.581882834434509277e+00
2.807900667190551758e+00
3.363114222884178162e-02
2.530664019286632538e-02
1.762460619211196899e-01
1.613615639507770538e-02
2.337384819984436035e-01
1.683995842933654785e+00
1.427159905433654785e-01
3.746016323566436768e-02
7.216808795928955078e-01
1.356138940900564194e-02
5.716136842966079712e-02
2.335330704227089882e-03
1.051951169967651367e+00
4.490645136684179306e-03
1.598003692924976349e-02
3.791345655918121338e-01
1.752248150296509266e-03
2.043686807155609131e-02
1.108766421675682068e-01
1.102703996002674103e-02
1.354500889778137207e+00
6.527083925902843475e-03
1.021161023527383804e-02
1.686701923608779907e-02
6.117469631135463715e-03
4.263987299054861069e-03
7.465882301330566406e-01
1.288864016532897949e-02
3.429654985666275024e-02
2.032700739800930023e-02
2.068597637116909027e-02
1.587522029876708984e-02
1.169272232800722122e-02
3.358539193868637085e-02
2.350530177354812622e-01
6.904659792780876160e-03
7.123844115994870663e-04
1.084052678197622299e-02
2.507195234298706055e+00
1.405129209160804749e-03
2.575067616999149323e-02
2.691920101642608643e-01
1.242480054497718811e-01
6.012535467743873596e-02
5.482129752635955811e-02
1.909631639719009399e-01
1.506096720695495605e-01
1.836725568864494562e-04
3.155937790870666504e-02
1.203189603984355927e-02
6.761699914932250977e-03
5.166218802332878113e-02
4.375051334500312805e-02
8.704656362533569336e-02
1.245487704873085022e-01
6.196644529700279236e-02
1.723931636661291122e-03
6.483147293329238892e-02
1.959225907921791077e-02
3.054315149784088135e-01
2.635425515472888947e-02
2.214747667312622070e-01
2.261378569528460503e-03
3.492089509963989258e-01
8.154234383255243301e-04
1.544189751148223877e-01
2.101465761661529541e-01
3.620578050613403320e-01
4.756558686494827271e-02
1.095123767852783203e+00
6.199989933520555496e-03
1.965027675032615662e-02
1.090400852262973785e-02
2.253011986613273621e-02
5.357225611805915833e-02
9.408284723758697510e-02
3.943064250051975250e-03
4.025936603546142578e+00
2.080156654119491577e-01
4.160703346133232117e-02
6.897410392761230469e+00
1.824693679809570312e+01
1.598819345235824585e-02
2.811179263517260551e-03
1.173488213680684566e-03
7.963621616363525391e-02
1.633083447813987732e-02
6.361196935176849365e-02
8.676448822021484375e+00
4.380741447675973177e-04
6.027472019195556641e+00
3.161990344524383545e-01
3.718552365899085999e-02
1.577810151502490044e-03
7.691679056733846664e-03
2.680510520935058594e+01
1.376065368652343750e+02
1.103623123168945312e+02
9.357212185859680176e-01
5.382165145874023438e+01
2.314148664474487305e+00
5.405673217773437500e+02
1.718077468872070312e+01
1.519218750000000000e+02
1.756384658813476562e+01
1.801841278076171875e+02
2.915464973449707031e+01
5.920568084716796875e+01
9.062577486038208008e-01
1.512652683258056641e+01
1.650130767822265625e+02
7.942230224609375000e+01
2.425381317138671875e+02
1.529476318359375000e+02
1.139910507202148438e+01
5.246554565429687500e+01
6.668443202972412109e+00
1.286465835571289062e+01
5.843652725219726562e+01
5.074621677398681641e+00
1.099842190742492676e+00
2.305672760009765625e+02
6.971279296875000000e+02
1.251464843750000000e+03
3.265254516601562500e+02
8.811685562133789062e+00
6.264760971069335938e+00
8.649849891662597656e+00
5.220629272460937500e+02
1.139137840270996094e+01
1.156231403350830078e+01
9.222674369812011719e-01
9.912222623825073242e-02
4.760222434997558594e+00
1.530111694335937500e+02
1.251235229492187500e+03
3.226454544067382812e+01
1.282935023307800293e+00
7.534243164062500000e+02
2.621754837036132812e+01
2.229157867431640625e+02
1.417714843750000000e+02
1.528379058837890625e+01
1.224586963653564453e+00
7.514018554687500000e+02
2.096257019042968750e+02
3.349892807006835938e+01
2.431206703186035156e+01
3.271324539184570312e+01
5.059300899505615234e+00
1.133774662017822266e+01
8.614274978637695312e+00
5.673477649688720703e-01
2.420649337768554688e+01
1.407061767578125000e+03
3.455283508300781250e+02
1.073116699218750000e+03
7.024803638458251953e+00
6.589827728271484375e+01
9.016125679016113281e+00
3.891315460205078125e+01
7.026226806640625000e+01
1.952726806640625000e+03
5.743798828125000000e+02
4.075761795043945312e+01
1.203372403979301453e-01
1.014269638061523438e+02
1.493227958679199219e+00
1.564665374755859375e+02
1.588583850860595703e+01
1.898502540588378906e+01
1.375360012054443359e+00
1.666958427429199219e+01
2.575145874023437500e+02
5.194699859619140625e+01
4.230810546875000000e+01
7.348500251770019531e+00
1.245769023895263672e+01
4.377014160156250000e+01
1.583359336853027344e+01
3.063774871826171875e+01
1.915191560983657837e-01
1.921321105957031250e+01
2.094361114501953125e+01
6.052224636077880859e+00
1.765389060974121094e+01
5.373348999023437500e+01
8.762282562255859375e+01
2.238048934936523438e+01
1.638439788818359375e+02
1.623113861083984375e+02
5.905620574951171875e+00
1.240206909179687500e+03
1.221572160720825195e+00
3.399168395996093750e+02
2.615024805068969727e+00
3.030086326599121094e+01
3.589679241180419922e+00
1.647345428466796875e+02
5.614016723632812500e+01
9.995819854736328125e+01
3.456863641738891602e+00
2.708299072265625000e+03
4.961553955078125000e+02
1.409471154212951660e+00
5.856647491455078125e-01
6.088183593750000000e+02
2.674503479003906250e+02
2.425553321838378906e+00
4.985609817504882812e+01
1.278988418579101562e+02
7.363204956054687500e+01
2.043630027770996094e+01
9.564634704589843750e+01
2.427966880798339844e+01
2.383616943359375000e+02
9.421559570312500000e+03
3.170137023925781250e+02
2.079752349853515625e+02
3.754676818847656250e+00
2.808115539550781250e+02
3.885006332397460938e+01
4.710809707641601562e+00
9.648784179687500000e+02
1.188158721923828125e+02
3.806534118652343750e+02
2.726744842529296875e+01
4.622439444065093994e-01
2.497807121276855469e+01
2.603899717330932617e+00
4.072743415832519531e+00
3.560979366302490234e+00
4.758077087402343750e+02
4.569357299804687500e+02
4.150743408203125000e+02
4.686283493041992188e+01
2.724744081497192383e+00
5.756812133789062500e+02
3.153126907348632812e+01
9.372113647460937500e+02
5.740401077270507812e+01
3.854334716796875000e+02
2.152131557464599609e+00
4.525427246093750000e+01
1.446062866210937500e+03
8.792505264282226562e-01
6.588165893554687500e+02
7.771837615966796875e+01
7.385709881782531738e-01
1.853069152832031250e+02
4.190120697021484375e+01
2.652908325195312500e+00
1.672388553619384766e+00
7.441684722900390625e+00
2.686836719512939453e+00
1.108107543945312500e+03
2.540518951416015625e+02
2.164593505859375000e+02
4.456161499023437500e+01
2.306665802001953125e+02
6.026103591918945312e+01
7.566894531250000000e+01
3.666840209960937500e+02
9.032990112304687500e+02
1.001442813873291016e+01
1.768280410766601562e+01
1.293221557617187500e+03
2.196774244308471680e+00
7.640445232391357422e+00
3.820822143554687500e+02
3.516821670532226562e+01
1.154028701782226562e+01
8.078985595703125000e+01
4.962429523468017578e+00
2.479655075073242188e+01
1.170156383514404297e+01
3.605382156372070312e+01
5.045229187011718750e+02
5.507190227508544922e+00
1.772274609375000000e+04
8.096457481384277344e+00
1.060633659362792969e+00
2.593770027160644531e+01
4.209870605468750000e+02
6.544331359863281250e+01
3.624042987823486328e+00
2.437982940673828125e+02
1.195706462860107422e+01
8.679815673828125000e+01
1.652236175537109375e+02
3.190768003463745117e+00
9.807723999023437500e+01
1.646860480308532715e+00
5.656086444854736328e+00
4.139206886291503906e+00
2.189013290405273438e+01
7.884023666381835938e+00
1.061164093017578125e+01
5.757814407348632812e+01
8.160166931152343750e+01
1.195276618003845215e+00
5.370957565307617188e+01
7.542747802734375000e+02
1.235093402862548828e+01
3.808245849609375000e+01
1.228814315795898438e+01
4.575082302093505859e+00
1.802018761634826660e+00
4.691852539062500000e+03
2.278584289550781250e+01
4.072479858398437500e+02
9.246832847595214844e+00
5.255071411132812500e+02
1.689851641654968262e+00
2.506486511230468750e+02
3.516552734375000000e+03
1.850423812866210938e-01
3.410089731216430664e+00
9.582712402343750000e+02
5.626530170440673828e+00
1.247600952148437500e+03
4.907573699951171875e+00
2.930376052856445312e+01
7.752122879028320312e+00
1.682234573364257812e+01
1.636190712451934814e-01
1.467088127136230469e+01
2.502824306488037109e+00
5.543100585937500000e+02
4.490882492065429688e+01
3.246799850463867188e+01
6.914720535278320312e+00
4.232505416870117188e+01
2.684753417968750000e+01
1.587893247604370117e+00
4.193257751464843750e+02
1.105801849365234375e+02
2.234191703796386719e+01
2.416090965270996094e+01
1.776948089599609375e+02
1.034301452636718750e+02
2.866950683593750000e+02
7.226338982582092285e-01
4.381607421875000000e+03
1.111082553863525391e+01
8.790296173095703125e+01
5.851730728149414062e+01
2.135513782501220703e+00
4.805828857421875000e+02
1.400036468505859375e+02
1.191879153251647949e+00
5.378827514648437500e+02
7.002465820312500000e+01
6.507900714874267578e+00
1.973741088867187500e+03
7.704832458496093750e+01
9.908180999755859375e+01
6.284774780273437500e+01
6.411995849609375000e+02
1.685980072021484375e+02
1.401517944335937500e+02
4.156395721435546875e+01
8.604978637695312500e+02
5.078461766242980957e-01
1.601089477539062500e+01
9.298718261718750000e+02
2.962984848022460938e+01
6.543055419921875000e+02
1.635724186897277832e+00
8.095853924751281738e-01
5.189837265014648438e+01
1.016895294189453125e+01
9.606211662292480469e+00
9.341043090820312500e+01
1.033275127410888672e+00
2.013765907287597656e+01
5.889974594116210938e+00
1.014025688171386719e+01
5.342589569091796875e+01
2.239596605300903320e+00
2.897636651992797852e+00
7.836999511718750000e+02
1.951653442382812500e+03
5.473428249359130859e+00
1.738531036376953125e+02
3.185436630249023438e+01
1.249635314941406250e+01
4.406376953125000000e+03
6.870602607727050781e+00
1.426518859863281250e+02
3.182731819152832031e+01
3.502066421508789062e+01
1.125951171875000000e+03
2.437495231628417969e+01
2.179496307373046875e+02
5.711881713867187500e+02
1.475917663574218750e+02
6.850856018066406250e+01
4.409998779296875000e+02
4.802153396606445312e+01
5.870315074920654297e+00
8.666949462890625000e+01
2.654742622375488281e+01
1.951469039916992188e+01
1.401858886718750000e+03
8.955372924804687500e+02
7.279020996093750000e+02
8.284253540039062500e+02
1.110295295715332031e+01
7.568448066711425781e+00
1.536337375640869141e+00
2.713096237182617188e+01
2.132924461364746094e+01
1.049675464630126953e+01
3.004024744033813477e+00
7.907737731933593750e+00
1.521322607994079590e+00
2.127009429931640625e+02
5.944174194335937500e+01
9.865886688232421875e+01
3.371881408691406250e+02
1.532171630859375000e+01
8.955936431884765625e+01
2.381757545471191406e+01
1.434357261657714844e+01
6.717016696929931641e-01
7.970605468750000000e+03
1.295705322265625000e+03
1.047077941894531250e+02
2.179967193603515625e+02
9.484696197509765625e+01
1.039911376953125000e+03
5.341887664794921875e+01
1.864117431640625000e+01
4.106061172485351562e+01
3.425881385803222656e+00
6.323519897460937500e+01
1.227286254882812500e+03
6.712981414794921875e+01
1.045403957366943359e+01
6.088440895080566406e+00
1.407377777099609375e+02
1.122338256835937500e+03
8.904148101806640625e+01
2.080173873901367188e+01
2.590269660949707031e+01
1.520906984806060791e-01
1.746730506420135498e-01
5.047523498535156250e+01
2.786179542541503906e+01
8.075962066650390625e+00
2.125543785095214844e+01
1.948476104736328125e+02
5.142436599731445312e+01
1.337527923583984375e+02
6.266910076141357422e+00
2.667389154434204102e+00
1.099369812011718750e+01
2.572669792175292969e+01
1.212070434570312500e+03
3.266361236572265625e+00
1.076425323486328125e+02
9.918946027755737305e-01
1.085908889770507812e+01
3.865762948989868164e-01
2.008476066589355469e+01
4.351093261718750000e+03
2.532958984375000000e+04
6.697550296783447266e+00
1.692195434570312500e+02
5.910413360595703125e+01
7.549573421478271484e+00
2.057178649902343750e+02
5.776839599609375000e+02
7.117474079132080078e+00
5.396772384643554688e+00
1.677128601074218750e+01
1.268581542968750000e+02
3.255832672119140625e+01
1.052538585662841797e+01
3.211830749511718750e+02
1.070368774414062500e+03
1.084946918487548828e+01
6.502749919891357422e+00
5.799012184143066406e+00
2.559650878906250000e+02
5.051223278045654297e+00
2.215360641479492188e+01
4.155668640136718750e+02
3.485463333129882812e+01
6.507841796875000000e+02
1.276702270507812500e+03
2.298505706787109375e+02
2.208501815795898438e+00
4.079991149902343750e+01
