2.607689425349235535e-02
1.001186817884445190e-01
6.624191999435424805e-03
1.495889271609485149e-03
4.701061546802520752e-02
5.448995113372802734e+00
1.781216636300086975e-02
3.619758645072579384e-03
5.412817467004060745e-03
6.267370581626892090e-01
6.775823887437582016e-03
1.379957795143127441e-02
5.447040125727653503e-02
1.484545413404703140e-02
1.207344233989715576e-03
1.163424272090196609e-02
2.806317526847124100e-03
3.994864411652088165e-03
2.273047901690006256e-02
4.700055869761854410e-04
1.267027407884597778e-01
1.973682828247547150e-02
2.281949371099472046e-01
4.980422556400299072e-02
9.901626110076904297e-01
1.486724521964788437e-02
4.219495505094528198e-02
2.566658705472946167e-02
9.335447102785110474e-02
1.000489711761474609e+00
5.054399953223764896e-04
1.268120977329090238e-04
7.251758594065904617e-03
2.051496319472789764e-02
6.451018154621124268e-02
7.371062412858009338e-03
7.273815572261810303e-03
5.901966360397636890e-04
7.938450202345848083e-03
6.053719669580459595e-03
2.520467042922973633e-01
8.590561151504516602e-02
1.644672593101859093e-03
1.448400115966796875e+01
1.737089902162551880e-01
8.123525232076644897e-02
5.613520741462707520e-03
3.712247610092163086e-01
3.849824657663702965e-03
1.021911203861236572e-02
1.683884561061859131e-01
3.343829885125160217e-02
1.039081066846847534e-01
3.892392292618751526e-02
4.729980428237468004e-04
2.172375097870826721e-03
4.326953552663326263e-03
1.152661442756652832e-02
2.010544762015342712e-02
7.112363815307617188e+00
1.326777972280979156e-02
1.416702079772949219e+01
1.291633863002061844e-02
2.619392704218626022e-03
1.285356581211090088e-01
1.907158270478248596e-02
1.580194830894470215e-01
8.942996151745319366e-03
6.163178086280822754e-01
6.021867394447326660e-01
1.728299685055390000e-04
1.508040189743041992e+00
1.023513148538768291e-03
2.513417042791843414e-02
6.504411250352859497e-02
4.975570365786552429e-02
7.374539040029048920e-03
4.224605113267898560e-02
3.730705752968788147e-02
1.568799465894699097e-02
5.170103907585144043e-02
1.950520463287830353e-02
1.658046245574951172e-02
2.804459363687783480e-04
2.767140744253993034e-03
1.679164939559996128e-03
3.015218680957332253e-05
4.274038597941398621e-02
6.411507129669189453e-01
9.183588554151356220e-04
7.690699771046638489e-03
8.210605941712856293e-03
1.418266328983008862e-03
9.711394459009170532e-02
4.119044169783592224e-04
7.448599338531494141e-01
4.791202247142791748e-01
5.333718284964561462e-02
1.521297614090144634e-03
5.487420782446861267e-02
1.976436853408813477e+00
4.338337853550910950e-02
1.172457356005907059e-03
1.551123615354299545e-02
1.194304600358009338e-02
5.035265684127807617e-01
1.072680428624153137e-01
1.403411757200956345e-02
3.316587582230567932e-02
9.951902925968170166e-02
1.231719553470611572e-01
4.135855436325073242e-01
4.801353812217712402e-02
4.732836037874221802e-02
1.634082011878490448e-02
4.213299974799156189e-02
6.450212001800537109e-02
5.070404615253210068e-03
3.391653764992952347e-03
6.824885308742523193e-02
7.005524239502847195e-04
7.777127265930175781e+00
4.799871146678924561e-01
3.357486426830291748e-01
1.537618518341332674e-04
1.961571276187896729e-01
1.372343860566616058e-02
6.653734017163515091e-04
5.992177128791809082e-02
6.195815652608871460e-02
1.299612760543823242e+00
4.348456487059593201e-02
3.137482097372412682e-03
1.129229087382555008e-03
3.586631640791893005e-02
2.712109126150608063e-02
4.681455716490745544e-02
3.157619953155517578e+00
1.520955413579940796e-01
3.845296204090118408e-01
1.965763792395591736e-02
9.646933525800704956e-03
6.812784671783447266e-01
6.022006273269653320e-01
2.315983009338378906e+01
2.629752643406391144e-02
2.978788614273071289e-01
5.717327818274497986e-03
4.835062474012374878e-02
9.813149459660053253e-03
1.723177358508110046e-02
8.822303265333175659e-02
1.069351658225059509e-01
2.056412957608699799e-02
7.396037131547927856e-02
1.066492125391960144e-02
1.267959643155336380e-02
3.127054125070571899e-02
1.887974678538739681e-03
4.646470770239830017e-03
4.012165963649749756e-02
3.320527612231671810e-04
1.720697283744812012e-01
4.030398726463317871e-01
2.911348342895507812e-01
8.465464413166046143e-02
1.513530313968658447e-01
1.704672276973724365e-01
1.051672935485839844e+00
2.486777666490525007e-04
1.845206134021282196e-02
1.273608505725860596e-01
8.559939305996522307e-05
1.923890225589275360e-02
3.723238036036491394e-02
2.071208477020263672e+00
2.097027003765106201e-02
1.106932852417230606e-02
1.201585400849580765e-02
7.738362997770309448e-02
5.261835828423500061e-02
4.062272980809211731e-02
1.290959566831588745e-01
3.871427476406097412e-02
1.710985183715820312e+00
1.061822194606065750e-02
6.106380373239517212e-03
5.940400809049606323e-02
2.540209889411926270e-01
2.449425868690013885e-02
1.637342572212219238e-01
2.476416528224945068e-02
2.899949613492935896e-04
9.939813613891601562e-02
4.642760753631591797e-01
1.385999005287885666e-02
2.380158156156539917e-01
5.978335067629814148e-02
4.027267917990684509e-03
2.502086944878101349e-02
2.750575542449951172e-03
3.543069958686828613e-02
1.162943337112665176e-02
2.240779809653759003e-02
8.372234180569648743e-03
1.810980029404163361e-03
1.966091841459274292e-01
1.431656837463378906e+01
8.357511833310127258e-03
3.689999459311366081e-03
6.937592756003141403e-03
3.622272983193397522e-02
1.304821780649945140e-04
8.524422645568847656e-01
2.557018026709556580e-02
2.653551578521728516e+00
6.308799237012863159e-02
1.761996746063232422e-02
5.360431969165802002e-04
6.770547628402709961e-01
2.938149869441986084e-01
1.355149969458580017e-02
1.280095661059021950e-03
2.375209890305995941e-02
1.066506301867775619e-04
4.339928179979324341e-02
7.907248800620436668e-04
4.595506668090820312e+00
3.660446703433990479e-01
7.437937427312135696e-03
1.659811846911907196e-02
1.143424678593873978e-02
2.693925984203815460e-02
2.195895649492740631e-03
2.151381373405456543e-01
1.541011873632669449e-02
1.408746689558029175e-01
4.627150949090719223e-03
1.314749419689178467e-01
3.680764639284461737e-04
2.854557335376739502e-02
6.109378859400749207e-02
1.685866415500640869e-01
3.246485721319913864e-03
8.750807493925094604e-03
7.877078838646411896e-03
3.196447342634201050e-02
1.023243069648742676e-01
3.111434355378150940e-02
9.235124289989471436e-02
2.845973148941993713e-02
1.730183243751525879e+00
4.006732342531904578e-05
4.943241178989410400e-02
1.610381156206130981e-02
2.743469178676605225e-01
3.855237483978271484e+00
1.957547292113304138e-02
1.791810616850852966e-02
2.431427389383316040e-01
3.190994262695312500e-03
5.509880138561129570e-04
9.358859658241271973e-01
2.686425112187862396e-02
4.364493303000926971e-03
2.163882181048393250e-02
9.929197840392589569e-03
1.916405558586120605e+00
7.045560516417026520e-03
9.261197410523891449e-03
1.720185041427612305e+00
3.854599595069885254e-02
5.136217474937438965e-01
3.509143367409706116e-03
1.707115676254034042e-03
1.813907362520694733e-02
5.412169732153415680e-03
9.492903016507625580e-03
2.199319750070571899e-01
2.083273649215698242e+00
1.300825476646423340e-01
9.345871396362781525e-03
4.726262763142585754e-03
1.112885773181915283e-02
1.778903679223731160e-04
4.295475780963897705e-03
4.640486240386962891e+00
1.213269233703613281e+00
4.375207354314625263e-04
6.087936460971832275e-02
1.333888992667198181e-02
1.036632223986089230e-03
6.557890772819519043e-02
1.956394314765930176e-02
9.097672882489860058e-04
2.131825126707553864e-02
2.204356715083122253e-02
5.502375215291976929e-02
2.305831432342529297e+00
4.516790807247161865e-02
4.660583436489105225e-01
7.590390443801879883e-01
8.255369961261749268e-02
9.585336446762084961e-01
1.875959634780883789e+00
6.096642464399337769e-03
4.480913281440734863e-02
3.140102326869964600e-02
5.279722623527050018e-03
9.302052110433578491e-02
5.630748867988586426e-01
3.137014806270599365e-02
8.505614474415779114e-03
1.612436026334762573e-01
2.695641480386257172e-03
2.718725055456161499e-02
6.778664537705481052e-04
4.776552021503448486e-01
2.099234610795974731e-03
3.519059857353568077e-03
3.119162023067474365e-01
1.229661982506513596e-03
7.354414090514183044e-03
2.374083735048770905e-02
5.547917913645505905e-03
2.513365447521209717e-01
6.886647548526525497e-03
3.922619391232728958e-03
5.255286116153001785e-03
2.180090406909584999e-03
5.763433407992124557e-03
2.324751466512680054e-01
4.088241141289472580e-03
9.811713360249996185e-03
5.698395892977714539e-03
1.362249348312616348e-02
2.493239007890224457e-03
4.240843467414379120e-03
2.750944904983043671e-02
2.580187022686004639e-01
1.226598629727959633e-03
6.683701067231595516e-04
4.031906370073556900e-03
1.353557467460632324e+00
1.149260904639959335e-03
1.554603781551122665e-02
1.340365111827850342e-01
2.084936201572418213e-02
5.480731278657913208e-02
3.136076033115386963e-02
7.791446894407272339e-02
2.298987805843353271e-01
5.955007509328424931e-05
1.253887452185153961e-02
3.483852837234735489e-03
1.118827494792640209e-03
1.975504308938980103e-02
2.380510605871677399e-02
4.125739634037017822e-02
4.460885003209114075e-02
1.842746324837207794e-02
1.047089812345802784e-03
1.610020361840724945e-02
5.808799993246793747e-03
9.176909178495407104e-02
2.384283766150474548e-02
6.611402332782745361e-02
1.631660503335297108e-03
8.180606365203857422e-02
2.833209873642772436e-04
2.867065072059631348e-01
1.335323154926300049e-01
3.191489726305007935e-02
1.865821145474910736e-02
6.075717806816101074e-01
1.514091156423091888e-03
8.969401940703392029e-03
4.246428143233060837e-03
1.758721284568309784e-02
2.074852399528026581e-02
4.841633141040802002e-02
9.301856625825166702e-04
4.731424808502197266e+00
1.077641099691390991e-01
1.693370565772056580e-02
4.661483287811279297e+00
9.072684288024902344e+00
9.653674438595771790e-03
5.176095291972160339e-04
4.850121040362864733e-04
3.397299721837043762e-02
3.229738911613821983e-03
2.353562228381633759e-02
8.909855842590332031e+00
1.919403730425983667e-04
4.180284023284912109e+00
8.279801905155181885e-02
2.219698950648307800e-02
3.961416077800095081e-04
2.692149952054023743e-03
7.429259300231933594e+00
1.105277862548828125e+02
1.497153930664062500e+02
7.956888675689697266e-01
4.616046905517578125e+01
3.132685661315917969e+00
7.259222412109375000e+02
1.053385639190673828e+01
8.697220611572265625e+01
9.140548706054687500e+00
2.568703918457031250e+02
1.703600883483886719e+01
1.219308319091796875e+02
8.571336865425109863e-01
2.504540252685546875e+01
1.163275146484375000e+02
1.619030151367187500e+02
1.876799926757812500e+02
1.702140655517578125e+02
8.092707633972167969e+00
9.475899505615234375e+01
4.298658370971679688e+00
8.093313217163085938e+00
8.082353210449218750e+01
3.287334918975830078e+00
5.799548625946044922e-01
2.750732116699218750e+02
4.448801879882812500e+02
1.968950805664062500e+03
4.952351989746093750e+02
1.276312065124511719e+01
5.265712738037109375e+00
1.902606964111328125e+01
2.773734436035156250e+02
1.757309913635253906e+01
1.743490600585937500e+01
1.114081859588623047e+00
8.065993338823318481e-02
5.951023101806640625e+00
1.283650207519531250e+02
1.154798950195312500e+03
1.744200706481933594e+01
1.040813207626342773e+00
4.636567077636718750e+02
3.815074539184570312e+01
9.703065490722656250e+01
1.084106597900390625e+02
2.377809715270996094e+01
9.661640524864196777e-01
9.601813354492187500e+02
3.214073791503906250e+02
4.878140258789062500e+01
1.358742809295654297e+01
2.247306632995605469e+01
5.599662303924560547e+00
1.341075420379638672e+01
4.321190834045410156e+00
4.319247305393218994e-01
1.614221000671386719e+01
2.160494628906250000e+03
8.035881958007812500e+02
5.978256225585937500e+02
1.687733078002929688e+01
5.966022109985351562e+01
3.600342988967895508e+00
1.327247009277343750e+02
5.531422042846679688e+01
4.482161621093750000e+03
2.046799163818359375e+02
7.823117828369140625e+01
9.597587585449218750e-02
4.472673645019531250e+02
2.749835014343261719e+00
2.194244384765625000e+02
6.456197738647460938e+00
1.506086730957031250e+01
1.940136790275573730e+00
9.602925300598144531e+00
3.356539001464843750e+02
3.293182754516601562e+01
3.633427429199218750e+01
7.281148433685302734e+00
1.204301261901855469e+01
4.281237030029296875e+01
6.291481971740722656e+00
2.617542648315429688e+01
1.416976898908615112e-01
1.787425041198730469e+01
2.214915847778320312e+01
2.577655315399169922e+00
2.778576087951660156e+01
5.057139587402343750e+01
4.419326019287109375e+01
1.798872566223144531e+01
6.127770233154296875e+01
7.993685913085937500e+02
2.564567327499389648e+00
4.316191101074218750e+02
4.229654073715209961e-01
6.898358764648437500e+02
2.936692953109741211e+00
1.927704429626464844e+01
4.757217884063720703e+00
1.016995239257812500e+02
6.200168228149414062e+01
1.630348663330078125e+02
2.529907464981079102e+00
5.314284179687500000e+03
4.868424682617187500e+02
1.283790946006774902e+00
8.494586944580078125e-01
2.045419677734375000e+03
1.712279663085937500e+02
1.623864650726318359e+00
3.501950836181640625e+01
1.100419769287109375e+02
1.560870819091796875e+02
1.651729202270507812e+01
1.325699310302734375e+02
1.047116661071777344e+01
3.086723327636718750e+02
4.869100585937500000e+03
6.143036499023437500e+02
1.682350921630859375e+02
7.485391139984130859e+00
6.122078247070312500e+02
4.352619171142578125e+01
3.320607423782348633e+00
7.110453491210937500e+02
1.358234558105468750e+02
6.758226318359375000e+02
4.051541519165039062e+01
6.314717531204223633e-01
5.038740158081054688e+01
2.079666376113891602e+00
3.332498311996459961e+00
6.787523627281188965e-01
9.468569335937500000e+02
8.293348388671875000e+02
2.865518188476562500e+02
5.817737960815429688e+01
3.208246469497680664e+00
6.683167114257812500e+02
2.297610473632812500e+01
9.276893310546875000e+02
5.094344329833984375e+01
6.869951171875000000e+02
1.165259122848510742e+00
1.380261383056640625e+02
2.269392089843750000e+03
5.846387147903442383e-01
8.708176269531250000e+02
3.431471252441406250e+01
6.183125972747802734e-01
1.269735031127929688e+02
6.277383041381835938e+01
2.288453340530395508e+00
8.593102693557739258e-01
7.153072357177734375e+00
3.713629961013793945e+00
1.300275512695312500e+03
1.632377471923828125e+02
1.710311431884765625e+02
6.546216583251953125e+01
2.950111389160156250e+02
1.155870437622070312e+02
1.284776916503906250e+02
4.298941650390625000e+02
3.000747070312500000e+03
2.048600006103515625e+01
1.160648822784423828e+01
2.367504638671875000e+03
5.091833114624023438e+00
8.503315925598144531e+00
5.347481689453125000e+02
2.261079025268554688e+01
1.052127838134765625e+01
7.998387145996093750e+01
4.853829860687255859e+00
1.876539421081542969e+01
2.531778335571289062e+01
4.696745300292968750e+01
3.548019104003906250e+02
8.894927024841308594e+00
2.193030078125000000e+04
4.490064620971679688e+00
7.452101707458496094e-01
3.173966598510742188e+01
1.080839355468750000e+03
5.912445831298828125e+01
9.690451622009277344e+00
4.446515808105468750e+02
1.303545856475830078e+01
6.690360260009765625e+01
2.484568786621093750e+02
2.215134143829345703e+00
1.041149368286132812e+02
1.599641323089599609e+00
1.434966754913330078e+01
4.761342525482177734e+00
2.996551704406738281e+01
2.037448501586914062e+01
6.968608379364013672e+00
4.008372497558593750e+01
5.190325927734375000e+01
1.363551974296569824e+00
1.500609588623046875e+02
5.574114990234375000e+02
1.097160530090332031e+01
7.379545593261718750e+01
1.204515743255615234e+01
6.735790729522705078e+00
1.016958355903625488e+00
6.382263671875000000e+03
1.829182243347167969e+01
6.186146850585937500e+02
2.681306362152099609e+00
2.592943420410156250e+02
1.746262788772583008e+00
2.890690307617187500e+02
4.259056640625000000e+03
2.430738806724548340e-01
2.068045854568481445e+00
1.724653076171875000e+03
3.724220514297485352e+00
1.287452758789062500e+03
4.098048686981201172e+00
3.888914108276367188e+01
1.532550430297851562e+01
1.374045848846435547e+01
4.229765012860298157e-02
1.705362510681152344e+01
4.220144271850585938e+00
8.763394165039062500e+02
7.614588928222656250e+01
1.125511455535888672e+01
6.413113117218017578e+00
3.776908493041992188e+01
2.128704261779785156e+01
1.937629103660583496e+00
5.634337158203125000e+02
1.802845916748046875e+02
1.440363979339599609e+01
2.731792449951171875e+01
2.062515106201171875e+02
1.229696197509765625e+02
1.875519714355468750e+02
9.260165095329284668e-01
9.716155273437500000e+03
1.275719738006591797e+01
7.144337463378906250e+01
2.476384353637695312e+01
4.986763596534729004e-01
1.347844116210937500e+03
1.440480804443359375e+02
9.312400817871093750e-01
1.257772827148437500e+03
7.699092102050781250e+01
1.027574539184570312e+01
6.663305175781250000e+03
6.684642791748046875e+01
8.643066406250000000e+01
5.961093902587890625e+01
9.213056640625000000e+02
3.497652282714843750e+02
3.988992919921875000e+02
4.121646118164062500e+01
3.120461914062500000e+03
6.960978507995605469e-01
2.913520622253417969e+01
5.467557983398437500e+02
1.253762340545654297e+01
4.825972900390625000e+02
1.362682342529296875e+00
2.244541168212890625e+00
7.923468017578125000e+01
4.424180030822753906e+00
1.318897151947021484e+01
1.717454223632812500e+02
1.182273149490356445e+00
2.206242370605468750e+01
8.944939613342285156e+00
5.479187488555908203e+00
5.112034988403320312e+01
1.548996448516845703e+00
1.275580883026123047e+00
3.152424926757812500e+02
1.167230834960937500e+03
5.613916397094726562e+00
1.747812347412109375e+02
2.221395874023437500e+01
1.215250968933105469e+01
2.158346679687500000e+03
3.736463308334350586e+00
4.318958129882812500e+02
4.924870300292968750e+01
3.483665466308593750e+01
1.485948730468750000e+03
4.079052734375000000e+01
2.639960021972656250e+02
8.141216430664062500e+02
2.419672546386718750e+02
6.907005310058593750e+01
3.288785705566406250e+02
4.143009567260742188e+01
2.487926244735717773e+00
5.522485351562500000e+01
2.451733970642089844e+01
6.937873840332031250e+00
1.286554809570312500e+03
5.019033813476562500e+02
1.086584594726562500e+03
2.547718811035156250e+02
1.329662036895751953e+01
3.568892002105712891e+00
6.642926335334777832e-01
3.480137252807617188e+01
1.581796455383300781e+01
9.305311203002929688e+00
1.117333054542541504e+00
1.943505668640136719e+01
4.999795258045196533e-01
1.098940048217773438e+02
3.234073638916015625e+01
1.009685440063476562e+02
1.116596145629882812e+02
3.117368316650390625e+01
7.341528320312500000e+01
1.593844699859619141e+01
8.339221000671386719e+00
3.315739333629608154e-01
1.064257031250000000e+04
3.415169921875000000e+03
2.484081878662109375e+02
2.121617431640625000e+02
1.196567764282226562e+02
1.080597656250000000e+03
2.493513488769531250e+01
5.766199874877929688e+01
1.885941314697265625e+01
3.521275997161865234e+00
7.375834655761718750e+01
1.597438720703125000e+03
8.170477294921875000e+01
9.266805648803710938e+00
1.333826828002929688e+01
2.015292358398437500e+02
5.602825317382812500e+02
1.368462524414062500e+02
1.151898384094238281e+01
1.857910537719726562e+01
1.311626732349395752e-01
1.192527413368225098e-01
4.159665298461914062e+01
4.400099945068359375e+01
5.266863822937011719e+00
2.717829513549804688e+01
2.702405090332031250e+02
5.654005432128906250e+01
1.777997436523437500e+02
1.364871120452880859e+01
2.080309391021728516e+00
1.535163021087646484e+01
4.851372146606445312e+01
1.527595214843750000e+03
2.360285997390747070e+00
1.340496826171875000e+02
1.367814421653747559e+00
3.665570735931396484e+00
2.790225744247436523e-01
1.189599227905273438e+01
5.095648925781250000e+03
2.930277734375000000e+04
8.455372810363769531e+00
9.538141632080078125e+01
9.466830444335937500e+01
4.504757881164550781e+00
1.501280975341796875e+02
7.469624633789062500e+02
9.228985786437988281e+00
6.029214859008789062e+00
3.034495830535888672e+00
9.767028045654296875e+01
3.789992904663085938e+01
2.558363533020019531e+01
3.414879760742187500e+02
6.451370849609375000e+02
5.119815826416015625e+00
6.192651271820068359e+00
4.860701084136962891e+00
2.726466674804687500e+02
1.062470912933349609e+01
3.769960403442382812e+01
3.230006103515625000e+02
1.878623771667480469e+01
9.164657592773437500e+02
9.546340942382812500e+02
2.236322937011718750e+02
1.801154613494873047e+00
2.736528968811035156e+01
