7.245592772960662842e-02
1.559457927942276001e-01
9.968686848878860474e-03
2.965069841593503952e-03
2.732732146978378296e-02
2.040659666061401367e+00
1.768770627677440643e-02
4.593132529407739639e-03
1.708835735917091370e-02
2.471866309642791748e-01
3.853562474250793457e-02
4.283009096980094910e-02
8.587177842855453491e-02
2.004628628492355347e-02
3.395123174414038658e-03
2.275034412741661072e-02
1.980085857212543488e-03
1.903797313570976257e-02
3.901554271578788757e-02
1.654149848036468029e-03
1.883460767567157745e-02
2.746757678687572479e-02
1.159906834363937378e-01
1.392232067883014679e-02
1.816403388977050781e+00
7.612119428813457489e-03
4.939699545502662659e-02
1.174247860908508301e-01
1.479670107364654541e-01
6.020826101303100586e-01
1.459485618397593498e-03
3.854723472613841295e-04
2.142518199980258942e-02
6.555701047182083130e-02
1.920097321271896362e-02
2.944435551762580872e-02
8.476463146507740021e-03
4.912342992611229420e-04
1.471051108092069626e-02
7.395502645522356033e-03
1.774064749479293823e-01
1.015545502305030823e-01
8.874598890542984009e-03
4.452328681945800781e+00
1.579297930002212524e-01
1.008221358060836792e-01
1.187783572822809219e-02
5.965047478675842285e-01
1.318401540629565716e-03
8.933781832456588745e-02
1.386658400297164917e-01
8.809586614370346069e-02
1.179142221808433533e-01
3.853354603052139282e-02
1.563417376019060612e-03
2.682413905858993530e-03
4.236762411892414093e-03
2.632868662476539612e-02
2.444045804440975189e-02
9.733107566833496094e+00
1.079953555017709732e-02
7.658263206481933594e+00
1.434903685003519058e-02
1.398678496479988098e-02
8.543393015861511230e-02
8.707930147647857666e-02
2.722632586956024170e-01
2.781982347369194031e-02
1.037685751914978027e+00
6.384462118148803711e-01
1.691478828433901072e-04
8.084145188331604004e-01
2.812729217112064362e-03
2.803048491477966309e-01
7.937671244144439697e-02
1.819531992077827454e-02
6.854224484413862228e-03
5.542628094553947449e-02
2.432030811905860901e-02
1.067538652569055557e-02
2.401869148015975952e-01
2.099926397204399109e-02
4.477235302329063416e-02
4.493104061111807823e-04
2.860429696738719940e-03
3.274781163781881332e-03
1.003446668619289994e-04
2.135242894291877747e-02
6.862486004829406738e-01
6.148359971120953560e-04
1.088923122733831406e-02
1.750282570719718933e-02
5.723675712943077087e-03
3.195999190211296082e-02
5.308318883180618286e-03
6.904554963111877441e-01
1.443730890750885010e-01
2.457474321126937866e-01
1.804379979148507118e-03
8.458844572305679321e-02
3.262521982192993164e+00
6.180188804864883423e-02
2.799634588882327080e-03
2.293338626623153687e-02
1.424425747245550156e-02
2.178025841712951660e-01
3.070731274783611298e-02
2.927480451762676239e-02
1.158547624945640564e-01
1.732779443264007568e-01
2.351032942533493042e-02
1.933525204658508301e-01
8.105666190385818481e-02
2.340008020401000977e-01
1.327981147915124893e-02
5.695944279432296753e-02
3.956751525402069092e-02
1.814694516360759735e-02
4.054530989378690720e-03
2.975341118872165680e-02
2.251628087833523750e-03
4.093308258056640625e+01
3.698646724224090576e-01
8.553090691566467285e-01
3.915316483471542597e-04
1.320848464965820312e-01
1.271799299865961075e-02
4.871605196967720985e-04
1.086627170443534851e-01
3.898900374770164490e-02
7.062096595764160156e-01
3.701207041740417480e-02
4.504409153014421463e-03
1.800987985916435719e-03
3.457695990800857544e-02
9.154519066214561462e-03
2.111413329839706421e-02
1.007614016532897949e+00
1.575349271297454834e-01
7.001595497131347656e-01
1.474231481552124023e-02
6.957148201763629913e-03
1.179075121879577637e+00
5.662665963172912598e-01
1.258385848999023438e+01
7.489603757858276367e-02
3.044885396957397461e-01
4.004280269145965576e-02
1.313767731189727783e-01
2.233188226819038391e-02
1.657789386808872223e-02
2.471066117286682129e-01
1.559770405292510986e-01
5.592191964387893677e-02
1.719155162572860718e-01
2.750842645764350891e-02
1.934372261166572571e-02
3.753718361258506775e-02
1.241841120645403862e-03
4.194650799036026001e-03
9.963134676218032837e-02
1.801700098440051079e-03
6.628900021314620972e-02
1.164045482873916626e-01
6.163961887359619141e-01
2.141346037387847900e-01
2.364040017127990723e-01
1.848591715097427368e-01
1.681592822074890137e+00
2.213821280747652054e-03
4.926646500825881958e-02
1.789695918560028076e-01
5.095828091725707054e-04
8.435601368546485901e-03
5.000222846865653992e-02
1.195784091949462891e+00
2.295530028641223907e-02
2.212736941874027252e-02
2.199336513876914978e-02
3.120074570178985596e-01
6.108906865119934082e-02
3.600550815463066101e-02
1.108219400048255920e-01
5.495924502611160278e-02
7.213652133941650391e-01
2.997243031859397888e-02
6.585158873349428177e-03
2.690866775810718536e-02
3.368655741214752197e-01
3.030709549784660339e-02
3.733681440353393555e-01
2.859809435904026031e-02
3.184294037055224180e-04
6.198330223560333252e-02
1.269648969173431396e-01
4.510430619120597839e-02
1.987054646015167236e-01
2.905530482530593872e-02
5.147858057171106339e-03
1.042100861668586731e-01
2.942154183983802795e-03
7.079178094863891602e-02
2.838205732405185699e-02
4.990004748106002808e-02
1.306799333542585373e-02
9.460755623877048492e-03
8.110696077346801758e-02
1.140674495697021484e+01
2.996884286403656006e-03
2.339258091524243355e-03
4.720152821391820908e-03
3.746643289923667908e-02
2.414512127870693803e-04
1.243251323699951172e+00
3.145100548863410950e-02
1.390097856521606445e+00
5.214657187461853027e-01
1.863145641982555389e-02
4.951087757945060730e-04
6.067686676979064941e-01
7.904102802276611328e-01
3.838392207399010658e-03
9.630033746361732483e-03
2.540623955428600311e-02
9.236446931026875973e-05
1.559269875288009644e-01
1.558776828460395336e-03
2.820776939392089844e+00
1.312922239303588867e-01
7.542293518781661987e-03
1.714142039418220520e-02
1.587629504501819611e-02
1.196607574820518494e-02
4.203316755592823029e-03
6.149912625551223755e-02
6.670673191547393799e-02
4.603410512208938599e-02
3.426180686801671982e-03
2.370049208402633667e-01
7.324159378185868263e-04
2.116785943508148193e-01
2.253970503807067871e-02
1.493076235055923462e-01
3.600554307922720909e-03
9.972115047276020050e-03
1.532868202775716782e-02
3.735854849219322205e-02
4.849791899323463440e-02
5.107547715306282043e-02
5.770679935812950134e-02
3.175200149416923523e-02
7.962440252304077148e-01
1.727500493871048093e-04
1.288014054298400879e-01
4.636407271027565002e-02
1.473666429519653320e-01
2.004801750183105469e+00
8.261363208293914795e-02
9.095851331949234009e-03
7.693981379270553589e-02
7.905820384621620178e-03
1.774894306436181068e-03
1.074049949645996094e+00
5.728662759065628052e-02
6.970250979065895081e-03
1.128237769007682800e-01
5.318280775099992752e-03
1.107779026031494141e+00
2.188909100368618965e-03
1.067679747939109802e-02
3.847211837768554688e+00
6.504907459020614624e-02
3.359874188899993896e-01
2.636540215462446213e-03
1.624195952899754047e-03
1.963762566447257996e-02
1.906817778944969177e-02
1.172048784792423248e-02
3.006899356842041016e-01
6.322778463363647461e-01
2.609561383724212646e-01
3.094456717371940613e-02
1.697886176407337189e-02
1.036819629371166229e-02
2.238408342236652970e-04
1.448929775506258011e-02
5.135424137115478516e+00
1.576251864433288574e+00
2.458655741065740585e-03
5.631716176867485046e-02
1.590277627110481262e-02
4.083243664354085922e-03
1.982754617929458618e-01
3.328302502632141113e-02
1.583940931595861912e-03
8.821817114949226379e-03
2.883778885006904602e-02
5.986011400818824768e-02
1.503122806549072266e+00
1.117012947797775269e-01
2.396411895751953125e+00
2.461627870798110962e-01
1.752467155456542969e-01
1.026241302490234375e+00
1.000841379165649414e+00
1.905458047986030579e-02
1.161581091582775116e-02
1.298505812883377075e-01
2.295561879873275757e-02
1.168721541762351990e-01
9.459031224250793457e-01
1.088690608739852905e-01
3.349851816892623901e-02
3.685949742794036865e-01
1.016452163457870483e-02
3.724882379174232483e-02
1.909313374198973179e-03
7.113963961601257324e-01
2.005688846111297607e-03
1.017356943339109421e-02
1.364038139581680298e-01
1.006106263957917690e-03
2.850052714347839355e-02
1.218471229076385498e-01
8.045688271522521973e-03
1.365978956222534180e+00
4.739322699606418610e-03
5.130285397171974182e-03
2.085646800696849823e-02
5.840877536684274673e-03
1.521612517535686493e-03
8.255891799926757812e-01
1.447114534676074982e-02
2.818530611693859100e-02
1.100567635148763657e-02
1.410601846873760223e-02
1.824426837265491486e-02
1.106839906424283981e-02
2.897072769701480865e-02
1.522937715053558350e-01
1.301995199173688889e-02
4.493365413509309292e-04
7.490138988941907883e-03
1.133211255073547363e+00
8.283880888484418392e-04
1.385993696749210358e-02
2.134963423013687134e-01
2.300084382295608521e-01
3.020227886736392975e-02
5.890692397952079773e-02
1.274033039808273315e-01
7.484905421733856201e-02
1.541185920359566808e-04
1.442372798919677734e-02
1.720606535673141479e-02
4.306072369217872620e-03
2.092032879590988159e-02
3.356741741299629211e-02
6.771016865968704224e-02
9.927695244550704956e-02
3.149804845452308655e-02
1.643656520172953606e-03
4.497344046831130981e-02
1.406693924218416214e-02
3.101418316364288330e-01
1.473158411681652069e-02
1.204235106706619263e-01
1.674314262345433235e-03
2.704036235809326172e-01
7.454860024154186249e-04
6.691144406795501709e-02
4.880198836326599121e-02
9.451812505722045898e-01
3.943653777241706848e-02
6.610390543937683105e-01
3.631139174103736877e-03
1.212647743523120880e-02
7.679123897105455399e-03
6.918040104210376740e-03
2.908983081579208374e-02
5.371707677841186523e-02
3.920087590813636780e-03
8.303871154785156250e-01
2.122854292392730713e-01
4.015644639730453491e-02
4.008327484130859375e+00
1.504217052459716797e+01
1.037959381937980652e-02
3.403871553018689156e-03
3.740527317859232426e-04
4.623765498399734497e-02
2.147855795919895172e-02
4.076600074768066406e-02
5.791389942169189453e+00
3.856065741274505854e-04
3.571778059005737305e+00
2.143461555242538452e-01
1.579918153584003448e-02
2.645843662321567535e-03
5.947067867964506149e-03
1.389721012115478516e+01
3.916316223144531250e+01
4.113534164428710938e+01
4.200589954853057861e-01
1.650237846374511719e+01
1.049723625183105469e+00
2.259867706298828125e+02
9.257672309875488281e+00
8.741066741943359375e+01
1.033232975006103516e+01
7.185831451416015625e+01
2.477935981750488281e+01
1.622116470336914062e+01
5.934716463088989258e-01
8.986590385437011719e+00
4.340118026733398438e+01
2.403057098388671875e+01
1.821939697265625000e+02
3.159625816345214844e+01
4.652502536773681641e+00
1.140593147277832031e+01
4.449170589447021484e+00
8.906513214111328125e+00
2.083831787109375000e+01
5.709946155548095703e+00
9.070891737937927246e-01
5.955471420288085938e+01
3.776358642578125000e+02
6.525342407226562500e+02
9.363599395751953125e+01
2.572453260421752930e+00
2.276511192321777344e+00
3.205832958221435547e+00
3.234190368652343750e+02
2.773846387863159180e+00
6.166158676147460938e+00
5.184572935104370117e-01
8.368510007858276367e-02
1.932709097862243652e+00
6.950023651123046875e+01
1.198292114257812500e+03
1.563620758056640625e+01
4.177067875862121582e-01
2.813721008300781250e+02
1.266079902648925781e+01
1.424991912841796875e+02
9.890153503417968750e+01
1.009249114990234375e+01
8.751108646392822266e-01
2.979728698730468750e+02
8.607953643798828125e+01
1.838886833190917969e+01
1.336076736450195312e+01
4.627303695678710938e+01
2.988376140594482422e+00
3.033257961273193359e+00
3.247603178024291992e+00
5.700981616973876953e-01
5.914594173431396484e+00
3.911353759765625000e+02
6.837938690185546875e+01
3.793473510742187500e+02
3.092253208160400391e+00
2.384904289245605469e+01
3.576651096343994141e+00
1.882594871520996094e+01
2.610035896301269531e+01
8.563820190429687500e+02
9.807046508789062500e+02
1.958752822875976562e+01
6.050518155097961426e-02
4.361120223999023438e+01
1.100897312164306641e+00
9.613706207275390625e+01
8.135567665100097656e+00
9.287708282470703125e+00
3.103354573249816895e-01
4.759785652160644531e+00
7.017437744140625000e+01
2.115134429931640625e+01
2.222336769104003906e+01
2.673442602157592773e+00
9.983022689819335938e+00
1.651910781860351562e+01
1.060629844665527344e+01
7.548216342926025391e+00
1.243529096245765686e-01
1.441326904296875000e+01
1.183731079101562500e+01
2.054071664810180664e+00
4.594511032104492188e+00
4.676206207275390625e+01
5.283124542236328125e+01
1.363789558410644531e+01
6.302357864379882812e+01
2.985337638854980469e+01
3.009519338607788086e+00
1.212490112304687500e+03
1.320903301239013672e+00
4.735151290893554688e+01
1.352653861045837402e+00
1.038034915924072266e+01
8.670824170112609863e-01
1.029715118408203125e+02
1.510388469696044922e+01
2.361636352539062500e+01
2.275120735168457031e+00
6.508418579101562500e+02
2.762196044921875000e+02
1.534373402595520020e+00
1.262887567281723022e-01
1.539183502197265625e+02
7.890270996093750000e+01
2.926667690277099609e+00
3.081289291381835938e+01
6.095945739746093750e+01
1.760381126403808594e+01
9.420671463012695312e+00
3.416312408447265625e+01
1.335680484771728516e+01
3.923397445678710938e+01
7.355509765625000000e+03
1.494782104492187500e+02
5.790299987792968750e+01
1.473537564277648926e+00
1.562460632324218750e+02
1.136741447448730469e+01
1.793915629386901855e+00
4.287348632812500000e+02
9.374835968017578125e+01
8.233506774902343750e+01
1.134648036956787109e+01
2.013543844223022461e-01
7.303804874420166016e+00
9.592671394348144531e-01
1.938042879104614258e+00
3.333151102066040039e+00
1.455840911865234375e+02
7.910821533203125000e+01
1.766159973144531250e+02
2.571697807312011719e+01
8.905509114265441895e-01
3.823780212402343750e+02
1.514698600769042969e+01
2.705779418945312500e+02
2.476658439636230469e+01
3.249890747070312500e+02
1.111681342124938965e+00
2.514499664306640625e+01
3.204234313964843750e+02
5.819372534751892090e-01
2.639539489746093750e+02
5.500561904907226562e+01
6.027731299400329590e-01
1.096912918090820312e+02
1.063948726654052734e+01
1.211403727531433105e+00
9.851111769676208496e-01
1.726326704025268555e+00
8.361496925354003906e-01
4.151919250488281250e+02
1.225171356201171875e+02
1.143016586303710938e+02
1.399888992309570312e+01
8.389907073974609375e+01
1.004459095001220703e+01
4.229858398437500000e+01
7.607881927490234375e+01
3.349347534179687500e+02
2.713291406631469727e+00
7.346782684326171875e+00
4.373556213378906250e+02
1.452383041381835938e+00
3.528012990951538086e+00
1.242214431762695312e+02
1.956950569152832031e+01
5.703039169311523438e+00
3.446714782714843750e+01
2.542443990707397461e+00
1.407887935638427734e+01
2.936688661575317383e+00
2.674697303771972656e+01
1.376974487304687500e+02
6.906768083572387695e-01
4.947853515625000000e+03
6.332881450653076172e+00
6.862258911132812500e-01
1.150971031188964844e+01
1.069003295898437500e+02
2.752589416503906250e+01
1.386063337326049805e+00
4.160038375854492188e+01
4.586461067199707031e+00
3.973031997680664062e+01
3.751064300537109375e+01
7.353362441062927246e-01
2.842849731445312500e+01
8.695201277732849121e-01
1.314185619354248047e+00
1.928419947624206543e+00
8.570637702941894531e+00
3.255380153656005859e+00
6.547694206237792969e+00
2.131466484069824219e+01
7.090995025634765625e+01
5.402863621711730957e-01
1.282882213592529297e+01
2.179429779052734375e+02
4.935885429382324219e+00
1.749879646301269531e+01
1.005813980102539062e+01
2.798617601394653320e+00
1.116153120994567871e+00
1.495148559570312500e+03
1.295593738555908203e+01
9.716900634765625000e+01
7.665405273437500000e+00
1.970938415527343750e+02
9.550540447235107422e-01
1.142713012695312500e+02
2.248017333984375000e+03
1.392214447259902954e-01
1.437502384185791016e+00
2.631231689453125000e+02
1.933305740356445312e+00
3.803304748535156250e+02
2.412155866622924805e+00
1.613707733154296875e+01
2.823264598846435547e+00
9.067482948303222656e+00
1.605293899774551392e-01
1.033028030395507812e+01
1.039295673370361328e+00
1.037365722656250000e+02
1.221566772460937500e+01
2.764983940124511719e+01
1.452471375465393066e+00
7.902812957763671875e+00
1.059706497192382812e+01
7.784290909767150879e-01
3.222745971679687500e+02
3.233790969848632812e+01
8.255649566650390625e+00
5.754596710205078125e+00
5.828283309936523438e+01
6.412261199951171875e+01
9.221129608154296875e+01
2.935129106044769287e-01
1.098450195312500000e+03
5.178263187408447266e+00
1.962923049926757812e+01
3.358426284790039062e+01
1.222441554069519043e+00
1.300075836181640625e+02
5.544335174560546875e+01
1.144327878952026367e+00
6.798158264160156250e+01
2.151572799682617188e+01
2.292867183685302734e+00
5.746009521484375000e+02
2.448587799072265625e+01
4.962296676635742188e+01
3.161574363708496094e+01
2.899511718750000000e+02
5.532875823974609375e+01
5.719278335571289062e+01
2.119441413879394531e+01
1.833796844482421875e+02
2.084849774837493896e-01
7.000734806060791016e+00
8.781854248046875000e+02
2.438970565795898438e+01
1.831491699218750000e+02
6.415046453475952148e-01
2.598187625408172607e-01
2.514933776855468750e+01
7.701129913330078125e+00
6.208217620849609375e+00
3.498866653442382812e+01
1.367981672286987305e+00
8.674997329711914062e+00
2.588721990585327148e+00
3.853682518005371094e+00
1.974224853515625000e+01
6.234481930732727051e-01
1.873733758926391602e+00
3.469180908203125000e+02
4.927458801269531250e+02
2.567148208618164062e+00
6.519299316406250000e+01
1.666983032226562500e+01
5.510424613952636719e+00
2.305676269531250000e+03
4.102117061614990234e+00
4.953394699096679688e+01
8.036260604858398438e+00
2.082469940185546875e+01
3.614165954589843750e+02
1.024202346801757812e+01
8.689464569091796875e+01
1.468150177001953125e+02
5.241022491455078125e+01
2.983651924133300781e+01
3.577622070312500000e+02
1.295773887634277344e+01
5.027154445648193359e+00
9.871223449707031250e+01
1.187816810607910156e+01
9.080418586730957031e+00
5.194454956054687500e+02
2.766506652832031250e+02
2.202039489746093750e+02
6.449196777343750000e+02
3.478443384170532227e+00
4.923868656158447266e+00
6.479664444923400879e-01
8.562706947326660156e+00
9.199653625488281250e+00
4.678072929382324219e+00
1.439878344535827637e+00
2.960055351257324219e+00
1.039266228675842285e+00
2.864074401855468750e+02
2.240289115905761719e+01
6.096637344360351562e+01
1.485851593017578125e+02
7.062072753906250000e+00
4.205806350708007812e+01
2.217890548706054688e+01
1.732551383972167969e+01
6.802439689636230469e-01
2.645005126953125000e+03
5.058642272949218750e+02
2.155807113647460938e+01
6.727545928955078125e+01
4.864978408813476562e+01
6.081939697265625000e+02
2.995161056518554688e+01
3.405187368392944336e+00
1.879649734497070312e+01
1.257547140121459961e+00
2.912303924560546875e+01
4.822756958007812500e+02
2.625084114074707031e+01
4.225360870361328125e+00
3.555905103683471680e+00
8.386347198486328125e+01
6.872395019531250000e+02
3.658259963989257812e+01
1.749691009521484375e+01
1.551978969573974609e+01
1.573927551507949829e-01
6.892945617437362671e-02
1.966237258911132812e+01
1.151895618438720703e+01
4.400387287139892578e+00
1.125134181976318359e+01
6.928281402587890625e+01
4.877510833740234375e+01
3.780981826782226562e+01
1.797714829444885254e+00
1.075017333030700684e+00
3.959339857101440430e+00
8.617867469787597656e+00
3.440266723632812500e+02
2.062220573425292969e+00
4.262910461425781250e+01
3.042720854282379150e-01
5.365540981292724609e+00
2.544115483760833740e-01
7.251627922058105469e+00
7.429275512695312500e+02
1.672868554687500000e+04
3.749506711959838867e+00
7.485791015625000000e+01
1.126413440704345703e+01
3.676953077316284180e+00
6.196544647216796875e+01
1.888040618896484375e+02
2.364610910415649414e+00
3.469233512878417969e+00
1.011762428283691406e+01
5.938131332397460938e+01
2.501844406127929688e+01
4.958769321441650391e+00
1.276648101806640625e+02
8.634325561523437500e+02
7.238508701324462891e+00
2.558215856552124023e+00
2.112913131713867188e+00
8.310750579833984375e+01
2.088136672973632812e+00
6.020673751831054688e+00
2.580329284667968750e+02
1.881688499450683594e+01
1.644203186035156250e+02
8.041309204101562500e+02
6.196825408935546875e+01
1.256851434707641602e+00
4.227561569213867188e+01
