2.222492359578609467e-02
1.058311760425567627e-01
8.004089817404747009e-03
1.205127453431487083e-03
3.522584587335586548e-02
4.430872917175292969e+00
1.818998530507087708e-02
3.624285571277141571e-03
5.831807851791381836e-03
4.793705344200134277e-01
3.804486710578203201e-03
1.325960829854011536e-02
4.982225224375724792e-02
9.105506353080272675e-03
1.109228003770112991e-03
1.125835534185171127e-02
3.591382410377264023e-03
2.619436476379632950e-03
2.247047610580921173e-02
4.668610345106571913e-04
1.963860094547271729e-01
1.753323152661323547e-02
3.104441463947296143e-01
5.972478538751602173e-02
4.150118529796600342e-01
1.657390221953392029e-02
3.404779359698295593e-02
1.423133816570043564e-02
8.110573887825012207e-02
8.966768383979797363e-01
3.864136815536767244e-04
1.773187104845419526e-04
7.324260659515857697e-03
1.595323719084262848e-02
1.050019562244415283e-01
5.869128275662660599e-03
5.884849932044744492e-03
7.642852724529802799e-04
1.052515674382448196e-02
6.046282593160867691e-03
1.869026273488998413e-01
4.962374269962310791e-02
1.667611766606569290e-03
1.193411827087402344e+01
1.499734222888946533e-01
5.396983027458190918e-02
3.349120263010263443e-03
2.190108150243759155e-01
4.951128270477056503e-03
8.246629498898983002e-03
1.678562015295028687e-01
2.077271789312362671e-02
9.499450773000717163e-02
2.438955940306186676e-02
4.425951628945767879e-04
1.497886376455426216e-03
5.041286814957857132e-03
1.506050303578376770e-02
2.041374705731868744e-02
6.150609493255615234e+00
1.133788842707872391e-02
9.703460693359375000e+00
1.342639047652482986e-02
3.170996671542525291e-03
9.131255745887756348e-02
1.338851731270551682e-02
1.677533239126205444e-01
5.062857177108526230e-03
4.737274050712585449e-01
3.700305223464965820e-01
1.964078110177069902e-04
1.510703921318054199e+00
9.363660356029868126e-04
1.669124886393547058e-02
9.738428890705108643e-02
4.184544458985328674e-02
6.579239387065172195e-03
3.021011501550674438e-02
4.230974614620208740e-02
9.510459378361701965e-03
4.487499967217445374e-02
1.676305755972862244e-02
1.160483807325363159e-02
3.288192383479326963e-04
2.365711145102977753e-03
1.096838503144681454e-03
3.239781653974205256e-05
3.354321792721748352e-02
9.048722386360168457e-01
1.055940520018339157e-03
5.669336300343275070e-03
1.201448496431112289e-02
1.272962312214076519e-03
1.036621257662773132e-01
3.371690982021391392e-04
4.179530143737792969e-01
4.386832714080810547e-01
5.157071352005004883e-02
1.962099224328994751e-03
5.332759395241737366e-02
1.143873214721679688e+00
4.006661102175712585e-02
1.028350321575999260e-03
1.294913981109857559e-02
9.166155010461807251e-03
4.504155218601226807e-01
7.000266760587692261e-02
1.115118339657783508e-02
2.747182175517082214e-02
4.654681310057640076e-02
1.452397704124450684e-01
2.692576050758361816e-01
4.720390215516090393e-02
4.784115403890609741e-02
1.409818511456251144e-02
3.246429190039634705e-02
6.770730763673782349e-02
5.048274993896484375e-03
2.446684520691633224e-03
6.377448886632919312e-02
5.473622004501521587e-04
6.165001869201660156e+00
5.951516032218933105e-01
3.189967274665832520e-01
1.622284034965559840e-04
2.093699723482131958e-01
1.024270430207252502e-02
9.569546091370284557e-04
4.772969707846641541e-02
8.369889110326766968e-02
1.762459993362426758e+00
8.050998300313949585e-02
3.585602156817913055e-03
1.206237589940428734e-03
2.634353004395961761e-02
2.911094948649406433e-02
5.842696502804756165e-02
2.377252101898193359e+00
1.109341308474540710e-01
5.221208930015563965e-01
2.966094575822353363e-02
8.766899816691875458e-03
6.172667741775512695e-01
5.764782428741455078e-01
2.425849723815917969e+01
1.986001059412956238e-02
2.550601661205291748e-01
4.432672169059514999e-03
5.717379972338676453e-02
9.256013669073581696e-03
1.787957921624183655e-02
5.656500533223152161e-02
6.148961186408996582e-02
1.351155340671539307e-02
5.423263832926750183e-02
1.171577721834182739e-02
8.431845344603061676e-03
2.977249957621097565e-02
2.435627393424510956e-03
4.258468747138977051e-03
4.268431663513183594e-02
2.999062708113342524e-04
1.607843637466430664e-01
6.046084165573120117e-01
1.944072544574737549e-01
1.184960156679153442e-01
1.095338240265846252e-01
1.538411974906921387e-01
6.551268696784973145e-01
2.136857656296342611e-04
2.141638845205307007e-02
6.053914874792098999e-02
7.910046406323090196e-05
1.006638910621404648e-02
3.840038180351257324e-02
1.137087702751159668e+00
2.102570049464702606e-02
9.190659970045089722e-03
1.271653734147548676e-02
9.182641655206680298e-02
5.968210846185684204e-02
2.149763144552707672e-02
1.888120770454406738e-01
2.140808664262294769e-02
1.416992902755737305e+00
8.302728645503520966e-03
5.230478476732969284e-03
5.352708697319030762e-02
2.204906642436981201e-01
1.882672868669033051e-02
1.279273480176925659e-01
2.212299592792987823e-02
3.847620391752570868e-04
8.317590504884719849e-02
3.965658545494079590e-01
1.306433044373989105e-02
1.534014493227005005e-01
5.787750333547592163e-02
2.793070394545793533e-03
1.860450766980648041e-02
2.746063517406582832e-03
2.729142643511295319e-02
1.049306057393550873e-02
1.813379675149917603e-02
1.056536845862865448e-02
1.497411518357694149e-03
2.002449482679367065e-01
1.211360836029052734e+01
1.015659514814615250e-02
4.288126714527606964e-03
1.062176749110221863e-02
3.085557371377944946e-02
2.090644557029008865e-04
5.344318747520446777e-01
1.482200622558593750e-02
1.596075057983398438e+00
3.667596727609634399e-02
1.582730747759342194e-02
5.413093604147434235e-04
5.907183289527893066e-01
1.828947961330413818e-01
2.394083701074123383e-02
1.303952885791659355e-03
2.158456481993198395e-02
1.650042395340278745e-04
1.857297867536544800e-02
6.366590387187898159e-04
4.271931171417236328e+00
2.459574788808822632e-01
7.203643210232257843e-03
1.803301461040973663e-02
8.707900531589984894e-03
2.881172113120555878e-02
2.005890710279345512e-03
2.742450833320617676e-01
1.396404672414064407e-02
1.715948432683944702e-01
4.454893525689840317e-03
4.491840675473213196e-02
5.062528653070330620e-04
2.012229338288307190e-02
5.830699950456619263e-02
1.122334897518157959e-01
2.611536998301744461e-03
9.519783779978752136e-03
5.680558271706104279e-03
3.351591899991035461e-02
9.327907115221023560e-02
2.904018014669418335e-02
1.671724319458007812e-01
2.764517627656459808e-02
1.197263598442077637e+00
4.143016849411651492e-05
3.135242685675621033e-02
1.343084778636693954e-02
1.840140521526336670e-01
2.893286943435668945e+00
1.386293116956949234e-02
2.004518173635005951e-02
2.107404023408889771e-01
2.492512809112668037e-03
5.448724259622395039e-04
9.457986354827880859e-01
1.960327662527561188e-02
2.663369989022612572e-03
1.658878289163112640e-02
1.032177358865737915e-02
1.621539354324340820e+00
1.040448434650897980e-02
1.187491323798894882e-02
1.489093184471130371e+00
4.015739634633064270e-02
4.558449387550354004e-01
3.655082313343882561e-03
1.448491122573614120e-03
1.920097693800926208e-02
5.519960075616836548e-03
1.034044381231069565e-02
2.016285806894302368e-01
2.004576683044433594e+00
1.098447218537330627e-01
6.690655834972858429e-03
3.282820573076605797e-03
1.486732345074415207e-02
1.790280948625877500e-04
3.136131446808576584e-03
4.189179897308349609e+00
1.122608780860900879e+00
3.590776177588850260e-04
4.891176149249076843e-02
9.086721576750278473e-03
8.786401594989001751e-04
5.416928231716156006e-02
1.292224600911140442e-02
8.574131643399596214e-04
1.399162039160728455e-02
1.618372276425361633e-02
4.692240059375762939e-02
1.717061400413513184e+00
3.480023518204689026e-02
3.266688883304595947e-01
8.998067975044250488e-01
6.388052552938461304e-02
6.494694948196411133e-01
1.701649308204650879e+00
4.684916697442531586e-03
5.316717922687530518e-02
1.827423647046089172e-02
5.092708859592676163e-03
8.013132959604263306e-02
4.787615239620208740e-01
2.026224136352539062e-02
4.021261818706989288e-03
1.422788351774215698e-01
2.211588667705655098e-03
2.783800847828388214e-02
7.689911290071904659e-04
6.809325814247131348e-01
2.501892391592264175e-03
2.805062569677829742e-03
3.915109336376190186e-01
1.745892921462655067e-03
7.293626200407743454e-03
3.497503325343132019e-02
7.117779925465583801e-03
1.744555383920669556e-01
8.383267559111118317e-03
4.178136121481657028e-03
5.852455738931894302e-03
2.090117195621132851e-03
5.869136657565832138e-03
2.237968593835830688e-01
3.135125152766704559e-03
7.893043570220470428e-03
3.397288266569375992e-03
1.740777306258678436e-02
2.981211757287383080e-03
5.191279575228691101e-03
3.010155819356441498e-02
2.724536955356597900e-01
9.389158803969621658e-04
5.996407126076519489e-04
5.187874659895896912e-03
1.352521777153015137e+00
1.002517878077924252e-03
1.305332686752080917e-02
1.085345298051834106e-01
1.258271746337413788e-02
3.829926624894142151e-02
3.104703687131404877e-02
5.991764366626739502e-02
2.398896366357803345e-01
6.797045352868735790e-05
1.319840084761381149e-02
4.215918481349945068e-03
1.112693105824291706e-03
1.526130083948373795e-02
2.125081419944763184e-02
4.061638563871383667e-02
4.524778574705123901e-02
1.361245475709438324e-02
1.016327994875609875e-03
1.277562603354454041e-02
4.720015451312065125e-03
5.612273886799812317e-02
3.050454519689083099e-02
3.635678440332412720e-02
1.818126067519187927e-03
6.678257137537002563e-02
2.819210640154778957e-04
1.729169040918350220e-01
8.906675875186920166e-02
2.733460627496242523e-02
1.096243970096111298e-02
4.458323717117309570e-01
7.668819162063300610e-04
7.927439175546169281e-03
5.055294372141361237e-03
1.414162572473287582e-02
1.578313671052455902e-02
8.002809435129165649e-02
1.085409428924322128e-03
3.109459400177001953e+00
7.731158286333084106e-02
2.081000059843063354e-02
2.440363168716430664e+00
7.797595024108886719e+00
8.673062548041343689e-03
5.482003907673060894e-04
4.504645476117730141e-04
2.391907013952732086e-02
4.075956530869007111e-03
1.293929480016231537e-02
5.596443653106689453e+00
2.796068438328802586e-04
3.888742685317993164e+00
8.715369552373886108e-02
2.570230700075626373e-02
2.990814100485295057e-04
1.447313232347369194e-03
3.848152637481689453e+00
1.176892089843750000e+02
1.252833328247070312e+02
8.347465991973876953e-01
3.822386550903320312e+01
4.053626060485839844e+00
6.596489257812500000e+02
9.674006462097167969e+00
6.737822723388671875e+01
4.685441493988037109e+00
1.572601470947265625e+02
1.960532569885253906e+01
8.488776397705078125e+01
7.778437733650207520e-01
2.909389877319335938e+01
6.908860015869140625e+01
1.940181121826171875e+02
1.791232452392578125e+02
1.682807464599609375e+02
7.580845832824707031e+00
8.222180175781250000e+01
3.764650344848632812e+00
1.042414760589599609e+01
7.874653625488281250e+01
2.521739721298217773e+00
7.176862955093383789e-01
4.730849914550781250e+02
2.029625854492187500e+02
1.706946655273437500e+03
3.176926879882812500e+02
1.311831951141357422e+01
7.421420097351074219e+00
1.941290664672851562e+01
2.488968048095703125e+02
3.350016784667968750e+01
2.228788566589355469e+01
1.189072489738464355e+00
7.512471824884414673e-02
5.248846054077148438e+00
1.044852066040039062e+02
8.196931152343750000e+02
1.134586429595947266e+01
1.042719602584838867e+00
3.606721801757812500e+02
2.770723724365234375e+01
7.815657043457031250e+01
9.071548461914062500e+01
1.992670249938964844e+01
1.236290454864501953e+00
1.239470825195312500e+03
5.083318176269531250e+02
5.389485549926757812e+01
1.319151592254638672e+01
9.851257324218750000e+00
4.812414169311523438e+00
1.127256965637207031e+01
5.175608634948730469e+00
5.467880964279174805e-01
1.094273090362548828e+01
2.225516113281250000e+03
9.589935302734375000e+02
5.043884582519531250e+02
1.586927318572998047e+01
6.445639038085937500e+01
2.305899858474731445e+00
1.292214355468750000e+02
5.385666656494140625e+01
4.205877929687500000e+03
1.290117340087890625e+02
6.327401733398437500e+01
9.548668563365936279e-02
5.776519775390625000e+02
3.379598379135131836e+00
2.636592102050781250e+02
8.664351463317871094e+00
1.346874809265136719e+01
2.791321516036987305e+00
8.708688735961914062e+00
2.534899291992187500e+02
2.094728660583496094e+01
4.086367797851562500e+01
6.349396705627441406e+00
1.313593959808349609e+01
3.407249832153320312e+01
5.072167396545410156e+00
2.214776039123535156e+01
1.905535757541656494e-01
1.537236022949218750e+01
2.472411727905273438e+01
1.867135524749755859e+00
3.309490585327148438e+01
5.542654037475585938e+01
2.176415443420410156e+01
2.082397460937500000e+01
7.032223510742187500e+01
9.318977050781250000e+02
2.338793516159057617e+00
3.199057312011718750e+02
4.870603680610656738e-01
8.268475952148437500e+02
2.909427404403686523e+00
1.581945800781250000e+01
4.259756088256835938e+00
1.041965332031250000e+02
5.560681533813476562e+01
2.073318328857421875e+02
2.046770811080932617e+00
4.370873046875000000e+03
4.750842590332031250e+02
9.751468300819396973e-01
9.816347360610961914e-01
1.785496948242187500e+03
1.690818634033203125e+02
1.771017909049987793e+00
3.397030258178710938e+01
1.360791320800781250e+02
1.413480529785156250e+02
1.774906349182128906e+01
9.192904663085937500e+01
6.929208755493164062e+00
2.975260620117187500e+02
4.089622314453125000e+03
8.425740966796875000e+02
1.842655181884765625e+02
5.722937107086181641e+00
9.745819091796875000e+02
5.080237960815429688e+01
1.878389120101928711e+00
4.407541198730468750e+02
1.361631927490234375e+02
7.765610351562500000e+02
8.060953521728515625e+01
6.527946591377258301e-01
8.179068756103515625e+01
2.257140398025512695e+00
2.111885547637939453e+00
5.870711207389831543e-01
6.410442504882812500e+02
5.494013671875000000e+02
3.209696350097656250e+02
6.077964782714843750e+01
3.594846487045288086e+00
6.342084960937500000e+02
2.868160629272460938e+01
1.045129150390625000e+03
4.176601791381835938e+01
9.865449829101562500e+02
9.123318195343017578e-01
2.315960998535156250e+02
2.356043457031250000e+03
7.366712689399719238e-01
7.574771728515625000e+02
2.890888786315917969e+01
4.194730818271636963e-01
9.583338165283203125e+01
7.079973602294921875e+01
1.871474623680114746e+00
8.920527696609497070e-01
6.955631256103515625e+00
3.549202442169189453e+00
1.136583251953125000e+03
1.299555816650390625e+02
7.928162384033203125e+01
7.184553527832031250e+01
2.206534881591796875e+02
1.539753112792968750e+02
1.336292419433593750e+02
2.202977294921875000e+02
6.754250976562500000e+03
2.772104644775390625e+01
1.289617538452148438e+01
1.961391479492187500e+03
6.370851039886474609e+00
3.436164140701293945e+00
3.787055664062500000e+02
1.347920799255371094e+01
1.157346534729003906e+01
8.117733001708984375e+01
5.170350074768066406e+00
1.318021678924560547e+01
2.033491516113281250e+01
5.095954895019531250e+01
3.454031372070312500e+02
7.720504760742187500e+00
2.065967187500000000e+04
3.456664562225341797e+00
8.906556367874145508e-01
3.552935409545898438e+01
1.181303466796875000e+03
5.673517990112304688e+01
1.644426155090332031e+01
4.556539611816406250e+02
1.326744842529296875e+01
7.085153961181640625e+01
2.788659362792968750e+02
2.048404216766357422e+00
1.226451416015625000e+02
1.713094592094421387e+00
2.297241210937500000e+01
3.839531183242797852e+00
5.741862869262695312e+01
2.297969818115234375e+01
5.220134258270263672e+00
2.933963584899902344e+01
5.447344589233398438e+01
1.687399029731750488e+00
1.704202575683593750e+02
4.672535400390625000e+02
1.196753120422363281e+01
8.812493133544921875e+01
1.820351791381835938e+01
8.556080818176269531e+00
1.054991960525512695e+00
5.370003906250000000e+03
1.048806858062744141e+01
7.365031127929687500e+02
2.729682445526123047e+00
1.785764160156250000e+02
1.395241141319274902e+00
2.626936950683593750e+02
2.899076416015625000e+03
3.856649398803710938e-01
2.454447269439697266e+00
2.074740478515625000e+03
4.118230342864990234e+00
6.514572753906250000e+02
3.473269462585449219e+00
3.930388259887695312e+01
1.175433063507080078e+01
1.213446331024169922e+01
3.900897875428199768e-02
1.656176567077636719e+01
4.678093433380126953e+00
8.273697509765625000e+02
1.095571594238281250e+02
1.003201103210449219e+01
7.211159229278564453e+00
2.509502410888671875e+01
1.877464485168457031e+01
2.207320213317871094e+00
9.220562744140625000e+02
1.279300765991210938e+02
7.527198791503906250e+00
2.039500427246093750e+01
1.521260833740234375e+02
1.809580230712890625e+02
2.081326751708984375e+02
8.830894231796264648e-01
1.096858593750000000e+04
1.717975807189941406e+01
7.362000274658203125e+01
1.769345283508300781e+01
6.923683285713195801e-01
1.445394165039062500e+03
1.717466430664062500e+02
7.627991437911987305e-01
9.750611572265625000e+02
4.980026245117187500e+01
1.584667491912841797e+01
5.502196289062500000e+03
5.851312255859375000e+01
8.714398193359375000e+01
5.184241104125976562e+01
7.524487915039062500e+02
3.043435974121093750e+02
4.371121215820312500e+02
5.814712142944335938e+01
4.411094726562500000e+03
1.064684748649597168e+00
3.176309585571289062e+01
5.903515625000000000e+02
8.407622337341308594e+00
4.784692077636718750e+02
1.402403831481933594e+00
2.287212133407592773e+00
8.415193176269531250e+01
5.272586345672607422e+00
1.732100868225097656e+01
2.358094635009765625e+02
1.392064452171325684e+00
1.804396438598632812e+01
1.278035259246826172e+01
5.308332443237304688e+00
6.034448242187500000e+01
1.267846822738647461e+00
1.176275849342346191e+00
1.637735290527343750e+02
6.296014404296875000e+02
6.491765499114990234e+00
1.282835845947265625e+02
1.656949424743652344e+01
9.573040962219238281e+00
2.316737548828125000e+03
2.709934473037719727e+00
5.073842163085937500e+02
5.213597869873046875e+01
2.315656661987304688e+01
1.152142944335937500e+03
5.489815902709960938e+01
2.096891784667968750e+02
8.130226440429687500e+02
1.716278533935546875e+02
4.915926361083984375e+01
3.080803222656250000e+02
4.965052795410156250e+01
2.653794527053833008e+00
4.768588638305664062e+01
2.364502906799316406e+01
3.588809251785278320e+00
8.711066284179687500e+02
4.211093139648437500e+02
1.189834716796875000e+03
1.457467041015625000e+02
1.948304557800292969e+01
2.512288093566894531e+00
6.139027476310729980e-01
4.514930725097656250e+01
2.073328018188476562e+01
9.534750938415527344e+00
9.940620064735412598e-01
2.352833175659179688e+01
4.537546634674072266e-01
6.442800140380859375e+01
3.247064590454101562e+01
1.197552413940429688e+02
9.475565338134765625e+01
4.591570663452148438e+01
7.358473205566406250e+01
1.858955001831054688e+01
8.844626426696777344e+00
2.128243893384933472e-01
7.795759277343750000e+03
1.969765014648437500e+03
2.936416625976562500e+02
1.688822021484375000e+02
2.116809387207031250e+02
1.457854125976562500e+03
2.649700355529785156e+01
5.592772674560546875e+01
1.561631298065185547e+01
2.770410537719726562e+00
7.408598327636718750e+01
1.252536499023437500e+03
7.873133087158203125e+01
7.776061058044433594e+00
1.718130683898925781e+01
1.789818572998046875e+02
3.213445434570312500e+02
1.104202728271484375e+02
9.055134773254394531e+00
1.217319393157958984e+01
1.600993126630783081e-01
1.459016203880310059e-01
3.814227676391601562e+01
4.295742797851562500e+01
6.393427371978759766e+00
3.031645011901855469e+01
2.615859680175781250e+02
7.692395019531250000e+01
1.940515136718750000e+02
1.242471218109130859e+01
1.765151381492614746e+00
2.144548988342285156e+01
7.275266265869140625e+01
9.609027099609375000e+02
3.526456594467163086e+00
1.371902465820312500e+02
1.455921888351440430e+00
4.289370059967041016e+00
3.021613359451293945e-01
5.074481487274169922e+00
4.579486816406250000e+03
1.811149804687500000e+04
8.231428146362304688e+00
1.200519714355468750e+02
6.033507537841796875e+01
4.494572639465332031e+00
1.819280700683593750e+02
5.344211425781250000e+02
8.626998901367187500e+00
8.176425933837890625e+00
1.884976506233215332e+00
7.842169189453125000e+01
3.070719146728515625e+01
4.968406295776367188e+01
2.024957733154296875e+02
3.852726745605468750e+02
3.570257186889648438e+00
3.834688425064086914e+00
3.638704299926757812e+00
2.325796051025390625e+02
1.620878982543945312e+01
3.399797439575195312e+01
3.274230651855468750e+02
1.436898040771484375e+01
1.124223144531250000e+03
1.283785522460937500e+03
2.494573822021484375e+02
1.350876688957214355e+00
1.464498615264892578e+01
