3.983014822006225586e-02
2.037506550550460815e-01
1.188772358000278473e-02
2.434251364320516586e-03
6.634519249200820923e-02
9.317234992980957031e+00
3.350558876991271973e-02
5.346326157450675964e-03
8.708037436008453369e-03
8.564959764480590820e-01
9.036874398589134216e-03
2.071958594024181366e-02
1.009500995278358459e-01
2.830442041158676147e-02
2.264068461954593658e-03
2.227059751749038696e-02
6.666942499577999115e-03
6.284087896347045898e-03
3.783877193927764893e-02
8.255804423242807388e-04
2.569585442543029785e-01
3.545622155070304871e-02
3.609236478805541992e-01
8.147565275430679321e-02
1.315318584442138672e+00
2.603154256939888000e-02
8.410765230655670166e-02
3.711251541972160339e-02
1.457402259111404419e-01
1.374452233314514160e+00
8.992624934762716293e-04
1.905864046420902014e-04
1.139596570283174515e-02
4.222197458148002625e-02
1.187315881252288818e-01
1.314537134021520615e-02
1.164589263498783112e-02
1.139935688115656376e-03
1.511438749730587006e-02
8.729177527129650116e-03
3.512007892131805420e-01
1.102243289351463318e-01
3.305474063381552696e-03
2.370369720458984375e+01
2.717176377773284912e-01
1.111423969268798828e-01
7.437437772750854492e-03
3.705675303936004639e-01
8.815837092697620392e-03
1.634234748780727386e-02
3.014864921569824219e-01
4.538290947675704956e-02
1.701945811510086060e-01
4.948182776570320129e-02
7.121306844055652618e-04
2.741761505603790283e-03
8.387953974306583405e-03
2.137150801718235016e-02
4.535755515098571777e-02
1.020876598358154297e+01
2.356588095426559448e-02
1.758983993530273438e+01
1.925214007496833801e-02
5.178771447390317917e-03
2.206036597490310669e-01
2.355267107486724854e-02
2.241502702236175537e-01
1.459805853664875031e-02
9.969290494918823242e-01
8.281496167182922363e-01
2.705012739170342684e-04
2.274597406387329102e+00
1.434595789760351181e-03
3.747058659791946411e-02
1.252547651529312134e-01
8.005960285663604736e-02
1.143400184810161591e-02
7.683995366096496582e-02
7.100618630647659302e-02
2.418158389627933502e-02
1.026460379362106323e-01
3.364499285817146301e-02
2.690254710614681244e-02
5.999759305268526077e-04
5.408666096627712250e-03
2.137082861736416817e-03
4.767860082210972905e-05
7.463438063859939575e-02
1.192593932151794434e+00
2.047795569524168968e-03
1.224085036665201187e-02
1.646994054317474365e-02
1.935480278916656971e-03
1.840282231569290161e-01
7.225077715702354908e-04
1.064557552337646484e+00
8.055015802383422852e-01
7.681675255298614502e-02
2.618221333250403404e-03
1.017948240041732788e-01
2.799787521362304688e+00
8.365055173635482788e-02
1.751917297951877117e-03
2.633403614163398743e-02
1.832516118884086609e-02
6.992887854576110840e-01
1.721462160348892212e-01
2.504801563918590546e-02
5.631310865283012390e-02
1.601281911134719849e-01
2.739525139331817627e-01
6.583691239356994629e-01
7.131734490394592285e-02
8.276760578155517578e-02
2.386178635060787201e-02
5.445484444499015808e-02
1.231287047266960144e-01
7.038539275527000427e-03
5.284457933157682419e-03
1.176716908812522888e-01
1.306575606577098370e-03
1.010143852233886719e+01
7.577512860298156738e-01
5.360951423645019531e-01
2.191802195739001036e-04
3.122676014900207520e-01
2.098316326737403870e-02
1.398939872160553932e-03
9.505848586559295654e-02
1.035380810499191284e-01
2.450722694396972656e+00
1.201422736048698425e-01
5.405987147241830826e-03
2.522314665839076042e-03
6.036334112286567688e-02
4.318071156740188599e-02
7.480275630950927734e-02
4.176779747009277344e+00
2.472543865442276001e-01
5.832893848419189453e-01
3.986843675374984741e-02
1.675859838724136353e-02
1.024313330650329590e+00
9.203613996505737305e-01
4.083244323730468750e+01
4.486063122749328613e-02
4.627482295036315918e-01
8.856290020048618317e-03
9.465570747852325439e-02
1.547038089483976364e-02
3.364082425832748413e-02
1.247755214571952820e-01
1.367496699094772339e-01
2.537525072693824768e-02
1.157890111207962036e-01
2.254841662943363190e-02
2.303969487547874451e-02
6.686528772115707397e-02
3.755976911634206772e-03
1.030063629150390625e-02
6.943154335021972656e-02
6.161434575915336609e-04
3.003819584846496582e-01
7.041860222816467285e-01
4.451398253440856934e-01
1.737375855445861816e-01
2.025106996297836304e-01
2.846986651420593262e-01
1.660399556159973145e+00
4.371741379145532846e-04
2.898789010941982269e-02
1.828395128250122070e-01
1.532993192085996270e-04
2.158418484032154083e-02
7.968339323997497559e-02
2.432051897048950195e+00
3.418121486902236938e-02
1.577750034630298615e-02
2.271994017064571381e-02
1.755896210670471191e-01
7.289681583642959595e-02
4.492476582527160645e-02
2.173350006341934204e-01
4.614138230681419373e-02
2.803056240081787109e+00
1.937548257410526276e-02
1.247369404882192612e-02
1.065525561571121216e-01
4.414915740489959717e-01
4.013779386878013611e-02
2.272253334522247314e-01
4.269636794924736023e-02
5.360807990655303001e-04
1.639376282691955566e-01
5.873265266418457031e-01
2.654615230858325958e-02
3.212508559226989746e-01
1.385235488414764404e-01
6.770617794245481491e-03
4.781915619969367981e-02
5.218199454247951508e-03
4.950498044490814209e-02
2.107924595475196838e-02
3.247259929776191711e-02
1.446099206805229187e-02
3.381008049473166466e-03
2.990500926971435547e-01
1.863858795166015625e+01
1.374619081616401672e-02
6.171876564621925354e-03
1.169272791594266891e-02
7.210446149110794067e-02
2.232645638287067413e-04
1.095348477363586426e+00
3.819391503930091858e-02
4.843436717987060547e+00
8.817882835865020752e-02
2.768978103995323181e-02
9.405801538378000259e-04
1.038264155387878418e+00
4.558802545070648193e-01
2.742452733218669891e-02
2.440315671265125275e-03
3.014891222119331360e-02
1.912037405418232083e-04
5.836462229490280151e-02
1.457870588637888432e-03
6.426606178283691406e+00
5.878118872642517090e-01
1.528714131563901901e-02
3.654390573501586914e-02
1.982320100069046021e-02
4.366812482476234436e-02
4.086401313543319702e-03
4.243709146976470947e-01
2.776899002492427826e-02
3.113102614879608154e-01
1.004285831004381180e-02
2.052574753761291504e-01
6.546861259266734123e-04
4.847990721464157104e-02
8.643129467964172363e-02
2.469448298215866089e-01
6.049541290849447250e-03
1.546163391321897507e-02
1.340992189943790436e-02
7.423679530620574951e-02
1.293699145317077637e-01
4.956316947937011719e-02
1.661162525415420532e-01
5.144395679235458374e-02
2.158744096755981445e+00
8.429159061051905155e-05
8.279659599065780640e-02
2.568055503070354462e-02
4.494669735431671143e-01
5.393515110015869141e+00
2.641981467604637146e-02
2.978683449327945709e-02
3.725625276565551758e-01
4.609595052897930145e-03
1.068472163751721382e-03
1.770128846168518066e+00
4.100805148482322693e-02
5.779497325420379639e-03
3.846088051795959473e-02
1.744527369737625122e-02
3.299982547760009766e+00
1.210003439337015152e-02
1.424647867679595947e-02
2.945827484130859375e+00
5.675105750560760498e-02
8.750877976417541504e-01
4.860704299062490463e-03
2.724230987951159477e-03
2.485680580139160156e-02
1.080658752471208572e-02
1.673260703682899475e-02
4.377399086952209473e-01
2.535102128982543945e+00
2.493332922458648682e-01
1.821583323180675507e-02
8.768245577812194824e-03
2.526488713920116425e-02
3.576475137379020452e-04
6.042999681085348129e-03
7.674711704254150391e+00
1.512153863906860352e+00
6.984154460951685905e-04
1.232882961630821228e-01
2.273292839527130127e-02
1.621890463866293430e-03
1.199662387371063232e-01
3.143335878849029541e-02
1.399595756083726883e-03
3.042217530310153961e-02
3.262104466557502747e-02
8.036372810602188110e-02
3.030598163604736328e+00
6.493603438138961792e-02
6.964035630226135254e-01
1.302041769027709961e+00
1.191032826900482178e-01
1.255332589149475098e+00
2.935029029846191406e+00
9.320002049207687378e-03
7.263388484716415405e-02
5.742248520255088806e-02
8.256615139544010162e-03
2.067635059356689453e-01
1.026542544364929199e+00
5.030255764722824097e-02
1.416923198848962784e-02
2.841809988021850586e-01
5.489325616508722305e-03
5.906954407691955566e-02
1.217125100083649158e-03
1.004635810852050781e+00
4.712099675089120865e-03
6.421639118343591690e-03
5.041744112968444824e-01
2.226405078545212746e-03
1.336758118122816086e-02
4.913113638758659363e-02
1.024684123694896698e-02
4.783296585083007812e-01
1.100209262222051620e-02
6.739196833223104477e-03
9.154819883406162262e-03
3.930393140763044357e-03
7.710807956755161285e-03
4.717117846012115479e-01
6.384536623954772949e-03
1.997911557555198669e-02
1.026540156453847885e-02
2.490202896296977997e-02
4.693794064223766327e-03
8.453338406980037689e-03
4.932929947972297668e-02
3.388071358203887939e-01
2.212955849245190620e-03
1.132039586082100868e-03
8.194229565560817719e-03
2.663559436798095703e+00
1.663195551373064518e-03
2.088090218603610992e-02
2.157528698444366455e-01
3.136273473501205444e-02
6.332713365554809570e-02
4.160940647125244141e-02
1.459176391363143921e-01
3.906041979789733887e-01
1.163324850494973361e-04
2.748736180365085602e-02
6.912846118211746216e-03
1.881745294667780399e-03
3.345758840441703796e-02
3.501739352941513062e-02
6.778327375650405884e-02
6.819407641887664795e-02
2.519454993307590485e-02
1.772162737324833870e-03
2.541653811931610107e-02
9.811165742576122284e-03
1.106740236282348633e-01
4.156460985541343689e-02
1.003154665231704712e-01
2.322489861398935318e-03
1.181766986846923828e-01
5.982789443805813789e-04
3.974116146564483643e-01
2.515485882759094238e-01
5.331239104270935059e-02
2.526040002703666687e-02
9.523265361785888672e-01
2.364014973863959312e-03
1.695087179541587830e-02
8.538684807717800140e-03
2.860912121832370758e-02
2.993832156062126160e-02
1.057388857007026672e-01
1.831402303650975227e-03
4.668889999389648438e+00
2.067607492208480835e-01
4.278629645705223083e-02
6.361022949218750000e+00
1.284656524658203125e+01
1.487402431666851044e-02
1.070880098268389702e-03
1.000862917862832546e-03
4.941337928175926208e-02
5.358671303838491440e-03
3.090230748057365417e-02
1.231019115447998047e+01
3.631732834037393332e-04
7.323846817016601562e+00
1.561615318059921265e-01
4.398820921778678894e-02
5.227513611316680908e-04
5.039592273533344269e-03
1.050521659851074219e+01
2.316427154541015625e+02
1.793263854980468750e+02
1.204216718673706055e+00
6.270155334472656250e+01
5.470896720886230469e+00
1.183477539062500000e+03
1.559043502807617188e+01
1.289301300048828125e+02
8.749199867248535156e+00
3.369906005859375000e+02
2.534129333496093750e+01
1.620782012939453125e+02
1.530208826065063477e+00
4.576594161987304688e+01
2.146390991210937500e+02
2.842589721679687500e+02
2.602158508300781250e+02
2.374989776611328125e+02
1.263795471191406250e+01
1.621967315673828125e+02
6.796411991119384766e+00
1.579928112030029297e+01
1.098174743652343750e+02
4.157425880432128906e+00
8.764941096305847168e-01
5.458695678710937500e+02
4.905288696289062500e+02
2.424870361328125000e+03
5.886323852539062500e+02
2.412911605834960938e+01
8.823734283447265625e+00
2.515982818603515625e+01
4.298261108398437500e+02
3.262545013427734375e+01
2.732006645202636719e+01
1.866626977920532227e+00
1.317632943391799927e-01
1.087443637847900391e+01
1.806827087402343750e+02
1.725213256835937500e+03
2.269897270202636719e+01
1.795322537422180176e+00
6.741830444335937500e+02
4.682284164428710938e+01
1.084532623291015625e+02
1.471653289794921875e+02
3.245294570922851562e+01
1.440902948379516602e+00
1.577735961914062500e+03
6.019667968750000000e+02
5.237319946289062500e+01
2.078535842895507812e+01
2.578079795837402344e+01
8.843402862548828125e+00
1.705847740173339844e+01
8.595687866210937500e+00
7.014367580413818359e-01
2.913583183288574219e+01
3.026440429687500000e+03
1.480155517578125000e+03
7.442625732421875000e+02
2.059645652770996094e+01
9.239175415039062500e+01
6.143099784851074219e+00
1.498546752929687500e+02
7.312344360351562500e+01
5.847407714843750000e+03
2.464710540771484375e+02
1.062992095947265625e+02
1.506197750568389893e-01
5.253550415039062500e+02
4.162279605865478516e+00
3.331544189453125000e+02
1.064757156372070312e+01
2.062151527404785156e+01
2.837913274765014648e+00
1.833340454101562500e+01
4.621621398925781250e+02
4.598693084716796875e+01
7.127497863769531250e+01
1.128995609283447266e+01
1.753573989868164062e+01
8.535087585449218750e+01
1.084709548950195312e+01
3.585243606567382812e+01
2.680435180664062500e-01
2.947017478942871094e+01
3.456908035278320312e+01
4.696505069732666016e+00
4.080916213989257812e+01
7.194924163818359375e+01
5.570161056518554688e+01
3.100496482849121094e+01
1.150245742797851562e+02
1.141021362304687500e+03
4.444413185119628906e+00
5.456171875000000000e+02
6.920168399810791016e-01
1.303729858398437500e+03
4.636565685272216797e+00
3.097031593322753906e+01
8.446862220764160156e+00
1.421620788574218750e+02
9.156384277343750000e+01
3.026837158203125000e+02
4.106950283050537109e+00
7.438914550781250000e+03
6.374514160156250000e+02
2.307687282562255859e+00
1.570870757102966309e+00
2.627239990234375000e+03
2.983716735839843750e+02
2.670864105224609375e+00
5.439548492431640625e+01
1.458325500488281250e+02
2.328339385986328125e+02
2.230925750732421875e+01
1.722597503662109375e+02
1.577784347534179688e+01
5.331983642578125000e+02
6.833900390625000000e+03
1.037656250000000000e+03
2.650787963867187500e+02
8.946516036987304688e+00
1.228812377929687500e+03
7.176216888427734375e+01
6.354049682617187500e+00
9.538773803710937500e+02
1.927165527343750000e+02
1.150931640625000000e+03
9.343435668945312500e+01
9.944388866424560547e-01
1.127466125488281250e+02
3.044001340866088867e+00
4.638971805572509766e+00
1.011462926864624023e+00
1.167512451171875000e+03
1.108975463867187500e+03
4.176818237304687500e+02
9.829148101806640625e+01
5.660137176513671875e+00
9.124227905273437500e+02
3.418905639648437500e+01
1.609701904296875000e+03
7.128860473632812500e+01
1.227413940429687500e+03
2.088584184646606445e+00
2.455048980712890625e+02
3.187136962890625000e+03
1.055047035217285156e+00
1.146390380859375000e+03
4.667104339599609375e+01
6.881226301193237305e-01
2.368745574951171875e+02
1.005093231201171875e+02
3.304221868515014648e+00
1.316885352134704590e+00
1.164055824279785156e+01
7.600615501403808594e+00
1.738227783203125000e+03
2.462906036376953125e+02
2.228046264648437500e+02
8.450904846191406250e+01
3.551654968261718750e+02
2.244389648437500000e+02
2.209727325439453125e+02
7.333917846679687500e+02
4.207803222656250000e+03
3.361286163330078125e+01
1.958134269714355469e+01
3.433916015625000000e+03
7.294399738311767578e+00
7.543251037597656250e+00
7.682487182617187500e+02
2.903743362426757812e+01
1.667726516723632812e+01
9.689116668701171875e+01
8.383716583251953125e+00
3.540077209472656250e+01
3.353003692626953125e+01
5.562811279296875000e+01
4.139506835937500000e+02
1.142042160034179688e+01
3.130180078125000000e+04
7.423288822174072266e+00
1.649459719657897949e+00
5.638702011108398438e+01
1.688933959960937500e+03
9.479966735839843750e+01
1.563441085815429688e+01
5.914114990234375000e+02
1.781479835510253906e+01
1.247000274658203125e+02
3.229429931640625000e+02
4.149631500244140625e+00
1.677507019042968750e+02
2.562381982803344727e+00
2.833979225158691406e+01
8.893762588500976562e+00
5.888404083251953125e+01
3.186405181884765625e+01
1.038414955139160156e+01
5.274106979370117188e+01
8.833360290527343750e+01
2.612411260604858398e+00
2.415007781982421875e+02
7.106572265625000000e+02
1.587704277038574219e+01
1.304739837646484375e+02
2.144294357299804688e+01
1.451543235778808594e+01
1.886030077934265137e+00
7.028127441406250000e+03
2.516092491149902344e+01
1.001707214355468750e+03
4.133810520172119141e+00
3.029261474609375000e+02
2.653602838516235352e+00
4.113615722656250000e+02
4.621257812500000000e+03
4.526334106922149658e-01
4.230927944183349609e+00
2.186443603515625000e+03
6.727033615112304688e+00
1.646049072265625000e+03
5.968855857849121094e+00
7.304322814941406250e+01
2.070681190490722656e+01
2.269164085388183594e+01
1.035316586494445801e-01
2.795134544372558594e+01
6.781742095947265625e+00
1.221355468750000000e+03
1.382595825195312500e+02
1.626447677612304688e+01
1.297855949401855469e+01
6.755387878417968750e+01
3.778896713256835938e+01
3.013649225234985352e+00
1.171695800781250000e+03
2.259120941162109375e+02
2.173339462280273438e+01
4.176521301269531250e+01
2.780485229492187500e+02
2.162322998046875000e+02
3.256222534179687500e+02
1.137312054634094238e+00
1.499925878906250000e+04
1.879446792602539062e+01
1.194811096191406250e+02
3.302492141723632812e+01
1.109436273574829102e+00
2.139139648437500000e+03
2.049752655029296875e+02
1.215614318847656250e+00
1.929349243164062500e+03
9.412627410888671875e+01
1.902590179443359375e+01
8.813195312500000000e+03
9.474042510986328125e+01
1.335324859619140625e+02
1.001538543701171875e+02
1.153312011718750000e+03
4.053768005371093750e+02
5.274429321289062500e+02
6.988609313964843750e+01
5.505303710937500000e+03
1.029334306716918945e+00
3.957884979248046875e+01
6.442369995117187500e+02
1.631766891479492188e+01
8.545422973632812500e+02
1.972662091255187988e+00
3.030499935150146484e+00
1.190737075805664062e+02
7.717928409576416016e+00
2.538891220092773438e+01
3.147105102539062500e+02
1.534548759460449219e+00
3.542175292968750000e+01
2.079119682312011719e+01
1.008482456207275391e+01
1.011776199340820312e+02
2.375479221343994141e+00
1.881369948387145996e+00
4.341066894531250000e+02
1.372286499023437500e+03
9.404345512390136719e+00
2.615544128417968750e+02
3.392387008666992188e+01
1.435353755950927734e+01
3.832633789062500000e+03
5.889586925506591797e+00
5.855655517578125000e+02
7.243285369873046875e+01
5.892791366577148438e+01
2.043766113281250000e+03
5.655825424194335938e+01
3.013209838867187500e+02
1.124026367187500000e+03
3.102583312988281250e+02
1.151458511352539062e+02
4.314371948242187500e+02
6.675192260742187500e+01
3.369557380676269531e+00
7.752520751953125000e+01
3.529807662963867188e+01
8.829029083251953125e+00
2.315197021484375000e+03
8.137971801757812500e+02
1.417257324218750000e+03
4.066130981445312500e+02
1.993270301818847656e+01
5.958350658416748047e+00
1.240197658538818359e+00
6.841300964355468750e+01
3.007344818115234375e+01
1.539568805694580078e+01
2.221413850784301758e+00
3.225983810424804688e+01
8.207901120185852051e-01
1.486353912353515625e+02
5.825371551513671875e+01
1.695642089843750000e+02
2.090962982177734375e+02
5.011441802978515625e+01
9.824302673339843750e+01
2.958261871337890625e+01
1.433899116516113281e+01
3.664829134941101074e-01
1.599419628906250000e+04
4.687644042968750000e+03
5.019581909179687500e+02
3.986374511718750000e+02
2.087848510742187500e+02
1.843723022460937500e+03
4.180320739746093750e+01
7.285993957519531250e+01
2.844394111633300781e+01
6.146819591522216797e+00
1.198277816772460938e+02
2.547632568359375000e+03
1.361698150634765625e+02
1.236915779113769531e+01
2.140330696105957031e+01
3.048906250000000000e+02
6.590060424804687500e+02
1.764233245849609375e+02
1.787378501892089844e+01
3.647936248779296875e+01
2.130491882562637329e-01
2.514002323150634766e-01
7.255588531494140625e+01
6.683992004394531250e+01
1.007257938385009766e+01
4.184396362304687500e+01
3.746431274414062500e+02
1.001877670288085938e+02
2.418650512695312500e+02
1.754799842834472656e+01
3.369037389755249023e+00
2.487030029296875000e+01
7.547450256347656250e+01
1.440409423828125000e+03
4.337728500366210938e+00
2.153144226074218750e+02
2.172322273254394531e+00
5.848799705505371094e+00
7.310034036636352539e-01
1.487989234924316406e+01
7.971046386718750000e+03
3.082062500000000000e+04
1.336321067810058594e+01
1.593927154541015625e+02
1.246950302124023438e+02
7.757334709167480469e+00
2.548851318359375000e+02
1.124840332031250000e+03
1.345498275756835938e+01
9.757266044616699219e+00
5.685110569000244141e+00
1.173303756713867188e+02
5.330440139770507812e+01
5.648187637329101562e+01
4.506902160644531250e+02
7.737729492187500000e+02
8.570183753967285156e+00
9.124255180358886719e+00
8.646276473999023438e+00
3.421523437500000000e+02
2.247275161743164062e+01
5.211538696289062500e+01
4.876572875976562500e+02
3.006872367858886719e+01
1.307572509765625000e+03
1.844386108398437500e+03
3.968279724121093750e+02
2.002900362014770508e+00
3.485117721557617188e+01
