2.076136134564876556e-02
7.585345208644866943e-02
4.783365875482559204e-03
8.499800460413098335e-04
3.710131347179412842e-02
4.272527694702148438e+00
1.161115989089012146e-02
1.721799024380743504e-03
4.041898995637893677e-03
4.105420708656311035e-01
3.459668252617120743e-03
9.539108723402023315e-03
4.089614748954772949e-02
7.858485914766788483e-03
9.315798524767160416e-04
7.754959631711244583e-03
2.071230905130505562e-03
2.308452269062399864e-03
1.630212366580963135e-02
3.170945274177938700e-04
1.041717082262039185e-01
1.424800790846347809e-02
2.000726014375686646e-01
3.655741363763809204e-02
6.813809871673583984e-01
9.847465902566909790e-03
3.421985730528831482e-02
1.356340758502483368e-02
8.169249445199966431e-02
6.913664937019348145e-01
2.764605742413550615e-04
1.116640632972121239e-04
4.601906053721904755e-03
1.674435660243034363e-02
4.009168222546577454e-02
3.342548618093132973e-03
4.634506069123744965e-03
4.175992798991501331e-04
5.342539399862289429e-03
3.548196051269769669e-03
1.546433568000793457e-01
6.255585700273513794e-02
1.080075628124177456e-03
1.103345012664794922e+01
1.391142308712005615e-01
5.599249526858329773e-02
2.698212163522839546e-03
1.569712013006210327e-01
2.452723449096083641e-03
7.140876259654760361e-03
1.435613334178924561e-01
2.161738649010658264e-02
7.343146204948425293e-02
2.231082879006862640e-02
2.863691479433327913e-04
1.240366371348500252e-03
3.153015160933136940e-03
1.105767488479614258e-02
1.602404937148094177e-02
4.647615432739257812e+00
8.436011150479316711e-03
1.224008083343505859e+01
1.090332213789224625e-02
2.484446391463279724e-03
7.802509516477584839e-02
1.041540969163179398e-02
1.128652393817901611e-01
5.025767255574464798e-03
5.494282841682434082e-01
4.440771937370300293e-01
9.528107329970225692e-05
1.253897309303283691e+00
5.732043646275997162e-04
1.866296865046024323e-02
6.388146430253982544e-02
4.157803952693939209e-02
4.849987104535102844e-03
2.623675391077995300e-02
2.763307094573974609e-02
8.072215132415294647e-03
3.388272225856781006e-02
1.061191037297248840e-02
9.962523356080055237e-03
2.186276251450181007e-04
1.883863122202455997e-03
8.632092503830790520e-04
1.556340612296480685e-05
3.202943876385688782e-02
4.608720839023590088e-01
8.317167521454393864e-04
3.695359220728278160e-03
5.637330003082752228e-03
6.872485973872244358e-04
8.550614863634109497e-02
2.483123389538377523e-04
4.153843522071838379e-01
4.393928050994873047e-01
4.570771753787994385e-02
1.040825969539582729e-03
3.759109973907470703e-02
1.605638146400451660e+00
3.032647445797920227e-02
6.169207626953721046e-04
1.159428525716066360e-02
6.827801931649446487e-03
3.005281984806060791e-01
6.721719354391098022e-02
7.700636982917785645e-03
2.876980789005756378e-02
6.112356856465339661e-02
8.636005967855453491e-02
2.689633667469024658e-01
3.054224140942096710e-02
2.945057488977909088e-02
1.244387682527303696e-02
1.823897846043109894e-02
5.566187202930450439e-02
4.029990173876285553e-03
2.030981006100773811e-03
5.179394036531448364e-02
4.828996607102453709e-04
6.161164283752441406e+00
4.368495047092437744e-01
3.608784675598144531e-01
9.347577724838629365e-05
1.105839759111404419e-01
7.772051263600587845e-03
5.251413094811141491e-04
4.754711687564849854e-02
4.169424250721931458e-02
1.264668822288513184e+00
4.508377239108085632e-02
2.097621560096740723e-03
8.549501071684062481e-04
2.382771112024784088e-02
1.525289751589298248e-02
2.734787762165069580e-02
2.395110845565795898e+00
1.234790384769439697e-01
3.102917075157165527e-01
1.644434966146945953e-02
5.295864772051572800e-03
5.520210862159729004e-01
4.547941684722900391e-01
1.886330413818359375e+01
1.481857243925333023e-02
2.349606007337570190e-01
4.284946713596582413e-03
4.182259365916252136e-02
6.381063722074031830e-03
1.568358205258846283e-02
7.088891416788101196e-02
5.118812993168830872e-02
1.126201730221509933e-02
4.973196238279342651e-02
8.570600301027297974e-03
7.836654782295227051e-03
3.301624953746795654e-02
1.438332954421639442e-03
4.563553724437952042e-03
3.211843222379684448e-02
2.517072425689548254e-04
1.157606393098831177e-01
3.339853584766387939e-01
2.272431105375289917e-01
6.581312417984008789e-02
1.033234149217605591e-01
1.140216812491416931e-01
7.320202589035034180e-01
1.638251123949885368e-04
1.475216634571552277e-02
5.885683372616767883e-02
4.781885581905953586e-05
1.121562905609607697e-02
3.158863261342048645e-02
1.345893740653991699e+00
1.184402592480182648e-02
6.249547004699707031e-03
7.032195571810007095e-03
6.958991289138793945e-02
3.252690285444259644e-02
2.507068775594234467e-02
1.169030293822288513e-01
1.856031827628612518e-02
1.513707399368286133e+00
6.961306091398000717e-03
4.166819620877504349e-03
4.844044148921966553e-02
2.005902081727981567e-01
1.839435286819934845e-02
1.041668877005577087e-01
1.680045947432518005e-02
1.982524117920547724e-04
7.193815708160400391e-02
3.305434584617614746e-01
1.148842368274927139e-02
1.486749053001403809e-01
4.544165730476379395e-02
1.907797181047499180e-03
1.474895887076854706e-02
2.107518957927823067e-03
2.596849389374256134e-02
9.287470020353794098e-03
1.465580891817808151e-02
8.407915942370891571e-03
9.414663654752075672e-04
1.061594709753990173e-01
9.284174919128417969e+00
5.091009195894002914e-03
2.474958542734384537e-03
4.767539910972118378e-03
2.901119738817214966e-02
1.113556645577773452e-04
4.642332196235656738e-01
1.382855419069528580e-02
1.576279759407043457e+00
3.981237486004829407e-02
1.331521198153495789e-02
3.657896304503083229e-04
4.070328772068023682e-01
1.922378689050674438e-01
9.432458318769931793e-03
8.806837140582501888e-04
1.795605570077896118e-02
9.085308556677773595e-05
1.934244856238365173e-02
5.078006652183830738e-04
3.300319194793701172e+00
3.134240806102752686e-01
4.488253965973854065e-03
1.246507838368415833e-02
6.876734551042318344e-03
2.539183385670185089e-02
1.976245781406760216e-03
2.124560922384262085e-01
1.218360848724842072e-02
1.441154181957244873e-01
2.641043625771999359e-03
7.862284779548645020e-02
3.091741236858069897e-04
2.138010971248149872e-02
4.018235579133033752e-02
1.209119334816932678e-01
2.218715148046612740e-03
7.079554256051778793e-03
5.614040419459342957e-03
3.063311427831649780e-02
4.805826023221015930e-02
2.008522860705852509e-02
9.197033941745758057e-02
2.358617819845676422e-02
1.008330106735229492e+00
2.795829823298845440e-05
3.628602623939514160e-02
8.783875964581966400e-03
1.956906914710998535e-01
3.758742332458496094e+00
1.201767008751630783e-02
1.231250260025262833e-02
1.635938286781311035e-01
2.161137294024229050e-03
3.316612564958631992e-04
6.822611093521118164e-01
1.584379933774471283e-02
2.201819559559226036e-03
1.262066327035427094e-02
9.283684194087982178e-03
1.388088822364807129e+00
6.568568758666515350e-03
5.160908680409193039e-03
1.212155103683471680e+00
2.552780881524085999e-02
5.036253929138183594e-01
2.065304666757583618e-03
8.392282761633396149e-04
1.343916915357112885e-02
3.569266991689801216e-03
6.728802807629108429e-03
1.681639999151229858e-01
1.438651323318481445e+00
1.058730408549308777e-01
7.398394867777824402e-03
2.849991433322429657e-03
1.004044059664011002e-02
9.882722224574536085e-05
2.323352731764316559e-03
4.144999980926513672e+00
9.101977944374084473e-01
2.151416556444019079e-04
3.573284298181533813e-02
9.025402367115020752e-03
6.652940646745264530e-04
4.471181705594062805e-02
1.171828620135784149e-02
5.949331098236143589e-04
1.359428651630878448e-02
1.617215201258659363e-02
3.654960542917251587e-02
1.500581026077270508e+00
3.658241033554077148e-02
3.858261108398437500e-01
7.484528422355651855e-01
5.027027055621147156e-02
6.623143553733825684e-01
1.342057704925537109e+00
2.995891263708472252e-03
2.723616175353527069e-02
2.202148921787738800e-02
3.413987113162875175e-03
8.441597223281860352e-02
4.546449482440948486e-01
2.324350737035274506e-02
4.848574288189411163e-03
1.364396810531616211e-01
1.805818290449678898e-03
1.905916072428226471e-02
5.434036138467490673e-04
4.182942509651184082e-01
1.634722575545310974e-03
2.752739237621426582e-03
2.378756105899810791e-01
9.507334907539188862e-04
5.942657124251127243e-03
2.621480077505111694e-02
3.839920740574598312e-03
1.553729027509689331e-01
4.855658859014511108e-03
2.767008729279041290e-03
3.915191628038883209e-03
1.083344221115112305e-03
2.759529976174235344e-03
2.000999897718429565e-01
2.457754220813512802e-03
7.120570167899131775e-03
2.868358511477708817e-03
9.318860247731208801e-03
2.185765421018004417e-03
3.129652468487620354e-03
1.891024596989154816e-02
1.867876648902893066e-01
8.880990790203213692e-04
4.273483064025640488e-04
2.140445401892066002e-03
1.011835694313049316e+00
6.996971205808222294e-04
8.625521324574947357e-03
1.336458325386047363e-01
1.209303829818964005e-02
3.140132874250411987e-02
2.228357270359992981e-02
6.825578957796096802e-02
1.851818710565567017e-01
4.145067941863089800e-05
1.073175389319658279e-02
2.677090698853135109e-03
6.147412932477891445e-04
1.231177523732185364e-02
1.741619221866130829e-02
3.225766494870185852e-02
3.597228601574897766e-02
1.342436112463474274e-02
7.266881875693798065e-04
1.058837119489908218e-02
3.956321161240339279e-03
6.062997505068778992e-02
1.955210417509078979e-02
6.143676862120628357e-02
1.156831858679652214e-03
4.659062623977661133e-02
1.932687591761350632e-04
1.229145601391792297e-01
9.839250147342681885e-02
2.953791990876197815e-02
9.976785629987716675e-03
3.748964965343475342e-01
7.160471286624670029e-04
7.191750686615705490e-03
3.806350287050008774e-03
1.153421867638826370e-02
1.340726204216480255e-02
3.620738536119461060e-02
7.546894485130906105e-04
2.568171501159667969e+00
8.449041098356246948e-02
1.767525449395179749e-02
2.887682676315307617e+00
9.182013511657714844e+00
7.842687889933586121e-03
4.027162212878465652e-04
3.823385632131248713e-04
1.931299455463886261e-02
2.329343929886817932e-03
1.162587944418191910e-02
6.133687973022460938e+00
1.832339476095512509e-04
3.266248703002929688e+00
5.413527414202690125e-02
2.528307214379310608e-02
2.170017687603831291e-04
1.273327856324613094e-03
5.373837947845458984e+00
1.099040679931640625e+02
1.507456512451171875e+02
4.811824560165405273e-01
4.008358383178710938e+01
2.975809097290039062e+00
5.846105957031250000e+02
7.743943214416503906e+00
7.906793975830078125e+01
5.846119880676269531e+00
2.209152221679687500e+02
1.878228759765625000e+01
1.019843902587890625e+02
6.662218570709228516e-01
1.735015869140625000e+01
8.067691040039062500e+01
1.303612976074218750e+02
1.234367828369140625e+02
1.330360565185546875e+02
6.453409671783447266e+00
8.292944335937500000e+01
3.640375614166259766e+00
7.602272033691406250e+00
6.500977325439453125e+01
2.867585420608520508e+00
4.632305204868316650e-01
3.515613708496093750e+02
3.359515686035156250e+02
2.145313476562500000e+03
4.069371948242187500e+02
1.040567874908447266e+01
4.416814327239990234e+00
1.583967971801757812e+01
2.648728332519531250e+02
1.616821670532226562e+01
1.454149055480957031e+01
9.006407856941223145e-01
5.821690335869789124e-02
3.898036718368530273e+00
9.323874664306640625e+01
8.331546020507812500e+02
1.565723609924316406e+01
7.622759938240051270e-01
3.659439392089843750e+02
3.235255050659179688e+01
6.842319488525390625e+01
7.647082519531250000e+01
1.863374137878417969e+01
6.462906002998352051e-01
1.141033325195312500e+03
4.487247009277343750e+02
4.827465438842773438e+01
1.240542507171630859e+01
1.570604610443115234e+01
5.726004123687744141e+00
1.194491767883300781e+01
4.279466629028320312e+00
3.717987239360809326e-01
1.219843292236328125e+01
1.831875976562500000e+03
6.073706054687500000e+02
5.629965209960937500e+02
1.420878314971923828e+01
7.058780670166015625e+01
2.497884511947631836e+00
1.106930313110351562e+02
4.492160034179687500e+01
5.136275878906250000e+03
1.788188476562500000e+02
8.608589935302734375e+01
6.117758527398109436e-02
4.525020751953125000e+02
1.965957045555114746e+00
2.591529235839843750e+02
6.558211803436279297e+00
1.458532333374023438e+01
1.490254759788513184e+00
9.217744827270507812e+00
2.867156982421875000e+02
1.981869506835937500e+01
2.658741950988769531e+01
4.669548034667968750e+00
9.257586479187011719e+00
2.968025970458984375e+01
5.063442707061767578e+00
2.427085494995117188e+01
9.593142569065093994e-02
1.334616374969482422e+01
1.926565933227539062e+01
3.127170801162719727e+00
2.165817451477050781e+01
3.990067672729492188e+01
2.444754600524902344e+01
1.544650363922119141e+01
5.395986175537109375e+01
6.110820312500000000e+02
2.470566987991333008e+00
3.679772033691406250e+02
4.098443388938903809e-01
7.395676269531250000e+02
2.749010562896728516e+00
1.651168441772460938e+01
2.920773267745971680e+00
9.451467895507812500e+01
3.903115081787109375e+01
1.654791564941406250e+02
2.062017440795898438e+00
3.897431640625000000e+03
5.789522094726562500e+02
1.370265126228332520e+00
6.350363492965698242e-01
1.869409912109375000e+03
1.741789703369140625e+02
1.235684871673583984e+00
3.905284881591796875e+01
7.662380218505859375e+01
1.440578308105468750e+02
1.992487907409667969e+01
9.099765777587890625e+01
6.688311100006103516e+00
3.107737426757812500e+02
6.203992187500000000e+03
7.867023925781250000e+02
2.359133911132812500e+02
4.686451435089111328e+00
5.662361450195312500e+02
3.888499832153320312e+01
2.439604282379150391e+00
6.227872924804687500e+02
1.212872848510742188e+02
7.187952880859375000e+02
5.764434814453125000e+01
4.173158109188079834e-01
6.265618515014648438e+01
1.839200258255004883e+00
1.785752773284912109e+00
4.241267442703247070e-01
9.410684204101562500e+02
7.295916137695312500e+02
3.385026855468750000e+02
4.846011734008789062e+01
2.136943578720092773e+00
7.617858276367187500e+02
2.490349197387695312e+01
6.871936645507812500e+02
4.217836380004882812e+01
9.396367187500000000e+02
9.109891653060913086e-01
1.415116577148437500e+02
2.439943847656250000e+03
6.050031185150146484e-01
9.980031738281250000e+02
2.120988655090332031e+01
3.940890729427337646e-01
1.037455291748046875e+02
5.426122665405273438e+01
1.333089351654052734e+00
7.322908043861389160e-01
6.204744815826416016e+00
3.677125453948974609e+00
1.305651000976562500e+03
1.407354278564453125e+02
1.098196716308593750e+02
4.590253829956054688e+01
2.543459472656250000e+02
1.120663299560546875e+02
1.364061737060546875e+02
3.273788757324218750e+02
3.830335205078125000e+03
1.767469024658203125e+01
8.887452125549316406e+00
1.910959594726562500e+03
4.265056133270263672e+00
4.435825347900390625e+00
5.097940673828125000e+02
1.652009201049804688e+01
8.742089271545410156e+00
7.833551025390625000e+01
3.889992713928222656e+00
2.009808349609375000e+01
2.276890945434570312e+01
4.626379394531250000e+01
3.099651184082031250e+02
6.695024967193603516e+00
2.174416210937500000e+04
4.093072414398193359e+00
6.009194254875183105e-01
3.326113128662109375e+01
1.129906860351562500e+03
5.201348495483398438e+01
8.326005935668945312e+00
5.047539062500000000e+02
1.152237606048583984e+01
7.320124053955078125e+01
2.396538543701171875e+02
1.758827209472656250e+00
1.158347244262695312e+02
1.201949238777160645e+00
1.151621341705322266e+01
4.288752079010009766e+00
3.900935363769531250e+01
1.625429534912109375e+01
5.746334075927734375e+00
2.854241752624511719e+01
5.500666809082031250e+01
1.070275068283081055e+00
1.251557388305664062e+02
4.870298461914062500e+02
7.793576717376708984e+00
8.345195770263671875e+01
1.003600692749023438e+01
7.951341629028320312e+00
9.114476442337036133e-01
4.926181152343750000e+03
1.745680427551269531e+01
5.605997314453125000e+02
2.745167016983032227e+00
2.007441101074218750e+02
1.796203255653381348e+00
1.871040954589843750e+02
3.953076660156250000e+03
2.093429118394851685e-01
1.711257696151733398e+00
2.494178955078125000e+03
3.714060783386230469e+00
9.599478759765625000e+02
2.947795629501342773e+00
3.949685668945312500e+01
1.223356628417968750e+01
9.960653305053710938e+00
3.234327211976051331e-02
1.213955974578857422e+01
4.489280700683593750e+00
7.924291992187500000e+02
8.673245239257812500e+01
1.071203804016113281e+01
6.483711242675781250e+00
2.946748352050781250e+01
2.032340812683105469e+01
1.925138235092163086e+00
8.982816772460937500e+02
1.379547424316406250e+02
1.237812042236328125e+01
2.073782348632812500e+01
1.748629302978515625e+02
1.118315582275390625e+02
1.898961029052734375e+02
4.630583524703979492e-01
1.194835156250000000e+04
1.147762966156005859e+01
5.975742340087890625e+01
1.741598892211914062e+01
4.832619428634643555e-01
1.519793457031250000e+03
1.488401489257812500e+02
8.557747006416320801e-01
1.643912353515625000e+03
5.027744293212890625e+01
7.978491306304931641e+00
6.547630859375000000e+03
5.323480224609375000e+01
8.071103668212890625e+01
4.633154678344726562e+01
7.422470092773437500e+02
3.441311950683593750e+02
3.306412658691406250e+02
6.016496658325195312e+01
3.855196777343750000e+03
7.456246018409729004e-01
2.196782493591308594e+01
3.852969360351562500e+02
8.641794204711914062e+00
6.119031372070312500e+02
1.227558255195617676e+00
1.468509793281555176e+00
7.478873443603515625e+01
3.163551092147827148e+00
1.160217857360839844e+01
1.990543060302734375e+02
1.018374562263488770e+00
2.031599617004394531e+01
9.343031883239746094e+00
5.220261573791503906e+00
5.201295471191406250e+01
8.008988499641418457e-01
1.003628969192504883e+00
2.918704528808593750e+02
1.009665283203125000e+03
3.758274555206298828e+00
9.604931640625000000e+01
1.919351005554199219e+01
8.553506851196289062e+00
2.028580932617187500e+03
3.314032554626464844e+00
3.459155883789062500e+02
4.857710266113281250e+01
3.880986404418945312e+01
1.598629638671875000e+03
3.886560821533203125e+01
1.937098999023437500e+02
8.801310424804687500e+02
2.200985412597656250e+02
5.946944046020507812e+01
3.686892089843750000e+02
4.322282028198242188e+01
1.910770177841186523e+00
5.378636169433593750e+01
2.084211921691894531e+01
4.115923404693603516e+00
1.151825439453125000e+03
5.037906494140625000e+02
1.063816650390625000e+03
1.708050689697265625e+02
1.538906764984130859e+01
2.640117406845092773e+00
4.934472143650054932e-01
3.735925674438476562e+01
1.501070499420166016e+01
7.125941753387451172e+00
1.119587659835815430e+00
1.511522865295410156e+01
4.076848626136779785e-01
8.766863250732421875e+01
3.348029327392578125e+01
1.293582916259765625e+02
8.322790527343750000e+01
2.939752960205078125e+01
7.222512817382812500e+01
1.575494003295898438e+01
7.044655799865722656e+00
1.796340495347976685e-01
9.904217773437500000e+03
2.380112060546875000e+03
2.047655334472656250e+02
1.443358306884765625e+02
1.201430892944335938e+02
1.173687133789062500e+03
2.212148857116699219e+01
4.331909561157226562e+01
1.653653717041015625e+01
2.969422101974487305e+00
5.532152938842773438e+01
1.198353271484375000e+03
6.487401580810546875e+01
8.660520553588867188e+00
1.056827926635742188e+01
2.264557800292968750e+02
3.868161926269531250e+02
9.681325531005859375e+01
1.528628635406494141e+01
1.942404937744140625e+01
1.074693500995635986e-01
9.006845206022262573e-02
3.824007034301757812e+01
3.455298995971679688e+01
4.699223518371582031e+00
2.301172256469726562e+01
2.830044250488281250e+02
5.383436965942382812e+01
1.524316406250000000e+02
1.510441112518310547e+01
1.727057695388793945e+00
1.307154464721679688e+01
4.306806945800781250e+01
1.165790161132812500e+03
2.047436714172363281e+00
1.626038208007812500e+02
1.198818087577819824e+00
3.167809247970581055e+00
2.221662402153015137e-01
6.415626525878906250e+00
5.262438964843750000e+03
2.797875000000000000e+04
6.755312442779541016e+00
7.970391845703125000e+01
7.342987823486328125e+01
3.745389938354492188e+00
1.523811340332031250e+02
6.463570556640625000e+02
6.557320117950439453e+00
4.709973335266113281e+00
2.331726551055908203e+00
7.821237945556640625e+01
3.419614410400390625e+01
3.349348068237304688e+01
2.769088134765625000e+02
7.191281738281250000e+02
5.420815467834472656e+00
4.301468849182128906e+00
3.970599412918090820e+00
2.368012695312500000e+02
1.148775386810302734e+01
3.250592803955078125e+01
3.792292480468750000e+02
1.909720611572265625e+01
9.091690063476562500e+02
1.037662109375000000e+03
2.192601165771484375e+02
1.437814831733703613e+00
1.469121837615966797e+01
