7.510361820459365845e-02
2.726656198501586914e-01
7.490260526537895203e-03
3.622115589678287506e-03
3.196231648325920105e-02
5.950950622558593750e+00
2.842828445136547089e-02
5.157487001270055771e-03
1.397154014557600021e-02
4.634481370449066162e-01
2.788975462317466736e-02
3.842876479029655457e-02
9.910353273153305054e-02
3.323798999190330505e-02
3.999810665845870972e-03
2.868633531033992767e-02
3.134998027235269547e-03
2.058150805532932281e-02
5.220989882946014404e-02
1.509422087110579014e-03
3.864786773920059204e-02
5.224602296948432922e-02
2.034816145896911621e-01
2.210623957216739655e-02
1.851683020591735840e+00
1.394971180707216263e-02
7.768318802118301392e-02
8.977726101875305176e-02
1.182667240500450134e-01
6.799833178520202637e-01
1.389167620800435543e-03
3.646647674031555653e-04
1.552457734942436218e-02
6.662894040346145630e-02
3.298150748014450073e-02
2.639090456068515778e-02
9.020897559821605682e-03
5.142531590536236763e-04
1.172628533095121384e-02
7.255071774125099182e-03
2.107202857732772827e-01
1.452206373214721680e-01
6.706684362143278122e-03
7.393487930297851562e+00
1.634059846401214600e-01
2.082690149545669556e-01
1.710596680641174316e-02
6.116490364074707031e-01
1.974627608433365822e-03
5.794944241642951965e-02
1.674924939870834351e-01
7.425069063901901245e-02
1.585959941148757935e-01
3.440591320395469666e-02
1.279573887586593628e-03
2.810585545375943184e-03
6.389336194843053818e-03
2.181926183402538300e-02
3.826217353343963623e-02
1.343028163909912109e+01
1.566064730286598206e-02
1.211665248870849609e+01
1.928963139653205872e-02
1.062894146889448166e-02
1.258925646543502808e-01
6.015548110008239746e-02
3.408476710319519043e-01
3.417065367102622986e-02
8.709086775779724121e-01
7.111006975173950195e-01
2.079039113596081734e-04
1.265318512916564941e+00
2.925625070929527283e-03
1.285483092069625854e-01
9.429643303155899048e-02
2.143571339547634125e-02
8.654141798615455627e-03
7.770595699548721313e-02
3.439069911837577820e-02
1.803219690918922424e-02
2.194634675979614258e-01
2.491604350507259369e-02
3.664769977331161499e-02
3.361252020113170147e-04
3.868768224492669106e-03
2.766498131677508354e-03
9.058791329152882099e-05
3.538370504975318909e-02
8.271866440773010254e-01
6.135262665338814259e-04
2.108902856707572937e-02
1.254280935972929001e-02
3.903378732502460480e-03
6.090142950415611267e-02
2.919040853157639503e-03
1.131825327873229980e+00
3.200672864913940430e-01
1.924906671047210693e-01
1.451723044738173485e-03
1.459097415208816528e-01
2.566194772720336914e+00
5.468857288360595703e-02
3.186832414939999580e-03
2.829213999211788177e-02
2.123899757862091064e-02
5.860604047775268555e-01
5.820771679282188416e-02
2.557322196662425995e-02
6.974222511053085327e-02
2.086223512887954712e-01
6.678727269172668457e-02
2.675689160823822021e-01
1.119291782379150391e-01
2.435104548931121826e-01
1.663370057940483093e-02
5.730027332901954651e-02
6.381803005933761597e-02
2.048390358686447144e-02
5.985274910926818848e-03
4.291892051696777344e-02
2.787693636491894722e-03
3.486927032470703125e+01
5.081436038017272949e-01
8.006334900856018066e-01
3.505156491883099079e-04
3.078588545322418213e-01
1.753001287579536438e-02
6.088876398280262947e-04
1.427217721939086914e-01
5.388851463794708252e-02
9.744750857353210449e-01
3.328985720872879028e-02
4.970172420144081116e-03
2.380870981141924858e-03
5.528161302208900452e-02
1.515378244221210480e-02
5.354085564613342285e-02
1.701138615608215332e+00
2.955909371376037598e-01
8.427108526229858398e-01
1.596024632453918457e-02
1.032323576509952545e-02
1.058853983879089355e+00
1.069559574127197266e+00
2.461454200744628906e+01
7.012289017438888550e-02
3.406611382961273193e-01
3.924987465143203735e-02
1.315435171127319336e-01
1.702734641730785370e-02
1.755472272634506226e-02
1.686071753501892090e-01
2.674098610877990723e-01
4.260070249438285828e-02
2.015153467655181885e-01
2.210621908307075500e-02
2.489446662366390228e-02
4.532266035676002502e-02
1.952451770193874836e-03
5.772906355559825897e-03
9.413162618875503540e-02
1.044788630679249763e-03
1.103122159838676453e-01
2.447220385074615479e-01
4.262341260910034180e-01
2.606523633003234863e-01
1.716420650482177734e-01
3.083457946777343750e-01
1.711230158805847168e+00
1.731766969896852970e-03
4.785824194550514221e-02
2.556578814983367920e-01
2.732764405664056540e-04
1.034439913928508759e-02
6.698516756296157837e-02
2.025528430938720703e+00
3.248544782400131226e-02
2.419854700565338135e-02
2.391625382006168365e-02
2.887077927589416504e-01
6.667944043874740601e-02
4.899900779128074646e-02
1.775369644165039062e-01
7.885036617517471313e-02
1.170516610145568848e+00
2.453722059726715088e-02
1.066989544779062271e-02
3.531432896852493286e-02
5.705506205558776855e-01
4.824654012918472290e-02
4.151611626148223877e-01
3.825604543089866638e-02
2.299845073139294982e-04
1.098115146160125732e-01
2.460009455680847168e-01
5.257064476609230042e-02
4.509273469448089600e-01
5.057453736662864685e-02
9.743963368237018585e-03
8.052212744951248169e-02
5.175754893571138382e-03
6.626907736063003540e-02
1.960721239447593689e-02
5.411742627620697021e-02
8.848995901644229889e-03
9.530470706522464752e-03
1.566228270530700684e-01
1.836388206481933594e+01
5.482045933604240417e-03
2.713729394599795341e-03
5.432593170553445816e-03
6.709289550781250000e-02
2.521851565688848495e-04
1.903573513031005859e+00
3.490934520959854126e-02
3.121954679489135742e+00
3.711008727550506592e-01
2.905890718102455139e-02
5.526688764803111553e-04
7.980317473411560059e-01
8.786535859107971191e-01
5.886297672986984253e-03
7.757352665066719055e-03
3.292670473456382751e-02
8.725048974156379700e-05
1.738169938325881958e-01
2.390321576967835426e-03
3.536730289459228516e+00
1.952933073043823242e-01
1.193145662546157837e-02
2.175406739115715027e-02
1.870013587176799774e-02
2.352513186633586884e-02
4.010865464806556702e-03
1.043994873762130737e-01
3.992199525237083435e-02
1.012376919388771057e-01
5.565166473388671875e-03
3.384561240673065186e-01
6.029793294146656990e-04
1.807979196310043335e-01
3.546427935361862183e-02
1.998589932918548584e-01
5.425841547548770905e-03
1.592187397181987762e-02
1.482340600341558456e-02
4.915054142475128174e-02
9.004732221364974976e-02
5.389662459492683411e-02
7.558785378932952881e-02
3.971202671527862549e-02
7.939751744270324707e-01
1.860355259850621223e-04
1.481042653322219849e-01
2.944155409932136536e-02
2.380504161119461060e-01
3.991249561309814453e+00
7.639606297016143799e-02
1.673180982470512390e-02
1.296548843383789062e-01
1.080378983169794083e-02
1.961370464414358139e-03
1.641727209091186523e+00
7.208534330129623413e-02
6.120483856648206711e-03
9.417414665222167969e-02
1.072129886597394943e-02
1.848213553428649902e+00
4.772612359374761581e-03
1.087601948529481888e-02
4.231530189514160156e+00
5.696953460574150085e-02
9.886836409568786621e-01
2.905344823375344276e-03
1.512418501079082489e-03
2.033680304884910583e-02
2.393192797899246216e-02
1.875464431941509247e-02
4.289105832576751709e-01
6.618767380714416504e-01
3.081430792808532715e-01
2.504227124154567719e-02
2.834570780396461487e-02
1.330229174345731735e-02
3.271817113272845745e-04
1.482240948826074600e-02
5.934685707092285156e+00
2.091076850891113281e+00
1.993538578972220421e-03
6.412693858146667480e-02
2.027232199907302856e-02
3.224531654268503189e-03
2.541339397430419922e-01
5.261280015110969543e-02
1.722611952573060989e-03
1.610499434173107147e-02
3.263974562287330627e-02
6.531731039285659790e-02
1.859774231910705566e+00
1.073381900787353516e-01
2.045092344284057617e+00
4.624754786491394043e-01
1.866895258426666260e-01
1.185742378234863281e+00
1.921644091606140137e+00
1.971354149281978607e-02
1.421939302235841751e-02
1.356492936611175537e-01
1.857230626046657562e-02
2.199873030185699463e-01
1.070295333862304688e+00
1.238492652773857117e-01
3.101248107850551605e-02
4.648736119270324707e-01
9.638114832341670990e-03
4.926055669784545898e-02
2.274822909384965897e-03
1.021571636199951172e+00
3.174645826220512390e-03
1.472949050366878510e-02
2.815771400928497314e-01
1.045920653268694878e-03
2.063142880797386169e-02
7.599067687988281250e-02
8.046613074839115143e-03
1.256111741065979004e+00
4.985610488802194595e-03
6.601016502827405930e-03
1.953761652112007141e-02
4.769864026457071304e-03
1.826204010285437107e-03
5.778747797012329102e-01
1.536243036389350891e-02
2.806587330996990204e-02
1.639246754348278046e-02
1.459686178714036942e-02
1.263368129730224609e-02
1.012744754552841187e-02
2.988507039844989777e-02
1.825279742479324341e-01
6.274183280766010284e-03
5.426082061603665352e-04
9.112895466387271881e-03
1.731126904487609863e+00
1.055711414664983749e-03
1.654781028628349304e-02
2.587310373783111572e-01
1.559083908796310425e-01
4.296752437949180603e-02
5.017804354429244995e-02
1.136848405003547668e-01
1.296855211257934570e-01
1.484265812905505300e-04
2.632305771112442017e-02
1.145311631262302399e-02
5.676712840795516968e-03
3.480333834886550903e-02
3.451275825500488281e-02
6.730824708938598633e-02
1.113875955343246460e-01
5.152231827378273010e-02
1.251520123332738876e-03
6.444778293371200562e-02
1.632468216121196747e-02
3.028481602668762207e-01
1.722051203250885010e-02
1.441063284873962402e-01
2.408603904768824577e-03
2.863516211509704590e-01
7.400684407912194729e-04
1.023861691355705261e-01
1.283160895109176636e-01
4.875553250312805176e-01
4.349566996097564697e-02
1.134370923042297363e+00
4.431556444615125656e-03
1.600971445441246033e-02
7.330969441682100296e-03
1.167146023362874985e-02
4.268807917833328247e-02
7.277711480855941772e-02
3.476816229522228241e-03
2.233099222183227539e+00
1.471560597419738770e-01
2.844925038516521454e-02
5.310551166534423828e+00
1.627629661560058594e+01
1.321083586663007736e-02
2.347990637645125389e-03
7.442460628226399422e-04
7.353419810533523560e-02
1.738398335874080658e-02
3.623051941394805908e-02
7.285362243652343750e+00
3.474338445812463760e-04
4.687678813934326172e+00
2.344515472650527954e-01
1.949155144393444061e-02
1.524439780041575432e-03
6.342988461256027222e-03
2.124222564697265625e+01
1.031046600341796875e+02
6.867275238037109375e+01
7.824180126190185547e-01
2.674319839477539062e+01
1.745231866836547852e+00
4.913850097656250000e+02
1.392365264892578125e+01
1.290837860107421875e+02
1.468112659454345703e+01
1.233715820312500000e+02
2.160859680175781250e+01
4.091573333740234375e+01
7.170247435569763184e-01
1.143452930450439453e+01
1.305972900390625000e+02
5.389845275878906250e+01
2.718079833984375000e+02
7.873921203613281250e+01
8.836454391479492188e+00
3.031137657165527344e+01
6.658420085906982422e+00
1.236393642425537109e+01
3.185115432739257812e+01
4.034889221191406250e+00
1.056568980216979980e+00
1.520040588378906250e+02
5.754043579101562500e+02
8.626255493164062500e+02
2.187401733398437500e+02
5.519638538360595703e+00
4.038693904876708984e+00
5.625043392181396484e+00
4.249803771972656250e+02
6.025900363922119141e+00
8.018968582153320312e+00
7.488195896148681641e-01
9.584788233041763306e-02
3.204271078109741211e+00
1.171735458374023438e+02
1.236141357421875000e+03
2.473845672607421875e+01
7.729201316833496094e-01
4.780167541503906250e+02
1.384164047241210938e+01
2.114474945068359375e+02
1.356528472900390625e+02
9.048677444458007812e+00
8.539057970046997070e-01
4.771641235351562500e+02
1.373280792236328125e+02
2.446540069580078125e+01
2.092694473266601562e+01
3.079200744628906250e+01
3.513046741485595703e+00
5.895036220550537109e+00
6.557164192199707031e+00
5.506458878517150879e-01
1.483086681365966797e+01
8.632966918945312500e+02
1.792325286865234375e+02
5.958755493164062500e+02
5.400408744812011719e+00
3.894707870483398438e+01
6.852643966674804688e+00
2.097668266296386719e+01
6.294255065917968750e+01
1.379720458984375000e+03
6.972269897460937500e+02
2.564810943603515625e+01
8.869653195142745972e-02
6.455266571044921875e+01
1.419737577438354492e+00
1.121222915649414062e+02
9.727372169494628906e+00
1.111880970001220703e+01
6.893646121025085449e-01
1.001513671875000000e+01
1.718660125732421875e+02
3.652339935302734375e+01
3.006141853332519531e+01
4.557816505432128906e+00
1.155574703216552734e+01
3.139517021179199219e+01
1.371997547149658203e+01
1.780694580078125000e+01
1.735604703426361084e-01
1.748210334777832031e+01
1.523154926300048828e+01
3.311313390731811523e+00
1.403314208984375000e+01
4.702711868286132812e+01
5.922338485717773438e+01
1.792025756835937500e+01
1.105703277587890625e+02
9.069762420654296875e+01
5.079987049102783203e+00
1.123158935546875000e+03
1.219359397888183594e+00
1.607430725097656250e+02
1.591618537902832031e+00
1.723682785034179688e+01
2.060334920883178711e+00
1.746865844726562500e+02
3.166337394714355469e+01
7.242902374267578125e+01
2.925058603286743164e+00
1.343004882812500000e+03
3.273078613281250000e+02
1.110048055648803711e+00
2.875123620033264160e-01
3.625541076660156250e+02
2.168822326660156250e+02
2.230834484100341797e+00
3.359045410156250000e+01
1.033157882690429688e+02
5.102470016479492188e+01
1.759114074707031250e+01
8.176436614990234375e+01
1.622429084777832031e+01
1.233050689697265625e+02
8.457351562500000000e+03
2.098968658447265625e+02
1.236077728271484375e+02
2.269528865814208984e+00
2.146000061035156250e+02
2.079440498352050781e+01
2.748135089874267578e+00
7.236837158203125000e+02
1.032839660644531250e+02
2.038349914550781250e+02
1.650378227233886719e+01
3.108358979225158691e-01
1.108519649505615234e+01
1.754199504852294922e+00
3.366529226303100586e+00
4.088865756988525391e+00
2.172450103759765625e+02
3.058724975585937500e+02
3.223494567871093750e+02
3.270789718627929688e+01
1.826186060905456543e+00
3.857997436523437500e+02
2.739118957519531250e+01
5.842460327148437500e+02
3.685111618041992188e+01
3.505932617187500000e+02
1.751541495323181152e+00
3.474242019653320312e+01
9.367391357421875000e+02
5.903003215789794922e-01
3.580081176757812500e+02
6.627548217773437500e+01
4.503121972084045410e-01
1.513992462158203125e+02
2.097845268249511719e+01
1.562200188636779785e+00
1.073023438453674316e+00
4.300928592681884766e+00
1.436437487602233887e+00
7.945117187500000000e+02
1.968632507324218750e+02
2.144443206787109375e+02
2.545976638793945312e+01
1.352976837158203125e+02
3.587378692626953125e+01
4.604114532470703125e+01
1.656185607910156250e+02
4.770367126464843750e+02
6.404110908508300781e+00
1.100785255432128906e+01
1.021005859375000000e+03
1.567139267921447754e+00
5.676145076751708984e+00
2.948328247070312500e+02
2.322658538818359375e+01
1.095030212402343750e+01
6.499118041992187500e+01
3.895524501800537109e+00
2.054983901977539062e+01
5.899660587310791016e+00
2.770118713378906250e+01
3.172816772460937500e+02
2.713132858276367188e+00
1.097888378906250000e+04
5.878926277160644531e+00
9.589552283287048340e-01
1.600964736938476562e+01
2.268141326904296875e+02
5.095130157470703125e+01
2.239180088043212891e+00
1.409514160156250000e+02
7.419155597686767578e+00
6.309631729125976562e+01
1.097529754638671875e+02
1.966336250305175781e+00
5.905742645263671875e+01
1.201554059982299805e+00
3.559633970260620117e+00
2.529422760009765625e+00
1.953675270080566406e+01
5.163271903991699219e+00
7.254784584045410156e+00
4.028654479980468750e+01
7.643357086181640625e+01
7.812798023223876953e-01
2.886619377136230469e+01
4.990817871093750000e+02
8.828064918518066406e+00
2.496952056884765625e+01
1.252287960052490234e+01
4.089081287384033203e+00
1.892726898193359375e+00
3.614566162109375000e+03
1.582411670684814453e+01
2.751427307128906250e+02
8.132292747497558594e+00
3.787803344726562500e+02
1.101614594459533691e+00
2.273462219238281250e+02
3.007491210937500000e+03
1.817413568496704102e-01
2.639458894729614258e+00
5.081565856933593750e+02
3.416538238525390625e+00
8.605323486328125000e+02
4.080062389373779297e+00
2.287023544311523438e+01
4.889769554138183594e+00
1.344061279296875000e+01
1.516779512166976929e-01
1.175741863250732422e+01
1.809507846832275391e+00
2.875277099609375000e+02
2.495703315734863281e+01
3.003262710571289062e+01
4.524157524108886719e+00
2.153747367858886719e+01
1.478060340881347656e+01
1.164046049118041992e+00
4.177624816894531250e+02
6.379990386962890625e+01
1.274615478515625000e+01
1.491152477264404297e+01
1.246643524169921875e+02
7.615943908691406250e+01
2.062711791992187500e+02
4.959049522876739502e-01
2.968901611328125000e+03
9.114523887634277344e+00
4.488974761962890625e+01
3.901104736328125000e+01
1.709405899047851562e+00
3.115864562988281250e+02
8.015078735351562500e+01
1.116623520851135254e+00
2.154210205078125000e+02
5.500879287719726562e+01
4.785941123962402344e+00
1.394156860351562500e+03
5.298817062377929688e+01
9.018963623046875000e+01
4.444380950927734375e+01
5.475826416015625000e+02
9.375930786132812500e+01
1.035736160278320312e+02
2.923323822021484375e+01
4.735237426757812500e+02
3.339281976222991943e-01
1.088274383544921875e+01
1.052521850585937500e+03
2.317082214355468750e+01
4.726009216308593750e+02
9.875206947326660156e-01
4.614166021347045898e-01
3.671298599243164062e+01
9.887269973754882812e+00
7.455858230590820312e+00
5.444207763671875000e+01
7.923712134361267090e-01
1.300600051879882812e+01
3.371947526931762695e+00
9.416031837463378906e+00
3.196837615966796875e+01
1.617740035057067871e+00
2.243523359298706055e+00
5.518547363281250000e+02
1.305271362304687500e+03
4.543590545654296875e+00
1.154639205932617188e+02
2.253235054016113281e+01
7.517189979553222656e+00
3.145580810546875000e+03
6.156368732452392578e+00
1.035079040527343750e+02
2.044910430908203125e+01
2.501404190063476562e+01
6.258748168945312500e+02
1.441098403930664062e+01
1.390739288330078125e+02
3.613728332519531250e+02
8.997868347167968750e+01
4.546398544311523438e+01
4.464996032714843750e+02
3.517110061645507812e+01
4.626063346862792969e+00
7.554611206054687500e+01
1.919817352294921875e+01
1.785218048095703125e+01
1.198418457031250000e+03
4.729627380371093750e+02
4.706843261718750000e+02
7.490715332031250000e+02
6.158125400543212891e+00
5.955377101898193359e+00
1.143034577369689941e+00
1.662285232543945312e+01
1.696402549743652344e+01
8.057137489318847656e+00
2.739840269088745117e+00
4.980514049530029297e+00
1.303653836250305176e+00
1.864927062988281250e+02
3.418572616577148438e+01
7.542923736572265625e+01
2.803135070800781250e+02
1.097969722747802734e+01
6.524962615966796875e+01
2.707488822937011719e+01
1.343597030639648438e+01
5.533720850944519043e-01
5.254996093750000000e+03
1.267517944335937500e+03
5.905812835693359375e+01
1.520494384765625000e+02
5.852819061279296875e+01
6.500810546875000000e+02
4.152340698242187500e+01
8.511863708496093750e+00
3.003730392456054688e+01
1.940669536590576172e+00
6.068555831909179688e+01
1.140481201171875000e+03
4.768904876708984375e+01
7.197299480438232422e+00
5.024865627288818359e+00
1.205210952758789062e+02
1.082346801757812500e+03
6.586463165283203125e+01
1.958522605895996094e+01
1.473546314239501953e+01
1.673549413681030273e-01
1.105689704418182373e-01
3.026819038391113281e+01
1.657207870483398438e+01
5.572080135345458984e+00
1.520835113525390625e+01
1.083854370117187500e+02
4.392546844482421875e+01
7.333368682861328125e+01
4.207159519195556641e+00
1.855965495109558105e+00
8.192575454711914062e+00
1.835862159729003906e+01
8.582894897460937500e+02
3.009290456771850586e+00
7.674011230468750000e+01
6.063731908798217773e-01
6.956223487854003906e+00
3.584944605827331543e-01
1.461191844940185547e+01
2.558987060546875000e+03
2.562594335937500000e+04
4.433984756469726562e+00
1.501469268798828125e+02
3.373681640625000000e+01
6.062234878540039062e+00
1.075821838378906250e+02
3.236447143554687500e+02
4.233292579650878906e+00
4.725798606872558594e+00
1.521623611450195312e+01
9.119473266601562500e+01
2.345831489562988281e+01
5.472318649291992188e+00
2.152528381347656250e+02
1.189534057617187500e+03
1.209725475311279297e+01
3.886125802993774414e+00
4.047028064727783203e+00
2.089370269775390625e+02
3.129146814346313477e+00
9.397556304931640625e+00
2.794899902343750000e+02
2.652635192871093750e+01
3.979208984375000000e+02
1.068761718750000000e+03
1.380731964111328125e+02
1.737593889236450195e+00
3.537701034545898438e+01
