2.581935189664363861e-02
1.308800876140594482e-01
4.532221704721450806e-03
1.668160432018339634e-03
2.041514962911605835e-02
3.608196735382080078e+00
1.732388883829116821e-02
2.155427355319261551e-03
7.483563385903835297e-03
3.829533755779266357e-01
1.117187086492776871e-02
2.306717261672019958e-02
3.708747401833534241e-02
1.952948980033397675e-02
1.650037709623575211e-03
1.111554075032472610e-02
1.322502386756241322e-03
8.124698884785175323e-03
2.042083442211151123e-02
7.684207521378993988e-04
3.382814303040504456e-02
2.679268084466457367e-02
9.958265721797943115e-02
1.432797871530056000e-02
1.328245759010314941e+00
7.471030578017234802e-03
3.715162724256515503e-02
6.216926872730255127e-02
6.341598927974700928e-02
4.135921001434326172e-01
6.580465706065297127e-04
2.142399607691913843e-04
6.181672681123018265e-03
3.348995000123977661e-02
1.979900896549224854e-02
1.048781257122755051e-02
3.538345918059349060e-03
4.138363292440772057e-04
5.854777991771697998e-03
4.112363792955875397e-03
1.262626796960830688e-01
9.011691063642501831e-02
2.995632821694016457e-03
5.650204181671142578e+00
1.080683022737503052e-01
1.049099713563919067e-01
6.874475628137588501e-03
4.342184066772460938e-01
1.599696232005953789e-03
2.701845392584800720e-02
9.728610515594482422e-02
4.240047931671142578e-02
6.934121996164321899e-02
2.510952949523925781e-02
7.799230515956878662e-04
2.307589398697018623e-03
3.335851710289716721e-03
1.052181422710418701e-02
2.083812654018402100e-02
6.633650779724121094e+00
1.044461410492658615e-02
7.816707611083984375e+00
1.027666591107845306e-02
3.743951907381415367e-03
6.302976608276367188e-02
3.593269363045692444e-02
1.531524658203125000e-01
1.497839298099279404e-02
4.929920732975006104e-01
4.930807650089263916e-01
1.442750362912192941e-04
1.015873432159423828e+00
1.423507696017622948e-03
6.589204818010330200e-02
6.646323949098587036e-02
1.515584252774715424e-02
5.693927872925996780e-03
3.966714814305305481e-02
1.433743722736835480e-02
9.683134034276008606e-03
9.236335009336471558e-02
1.428093481808900833e-02
1.343719568103551865e-02
1.726591290207579732e-04
2.059006597846746445e-03
1.699164975434541702e-03
5.232885450823232532e-05
1.935095898807048798e-02
4.326555430889129639e-01
6.111687398515641689e-04
8.961022831499576569e-03
7.707385346293449402e-03
1.866028876975178719e-03
4.404498264193534851e-02
1.377582317218184471e-03
5.709561705589294434e-01
1.957776099443435669e-01
8.215831965208053589e-02
1.151682925410568714e-03
6.498556584119796753e-02
1.297951102256774902e+00
3.075818717479705811e-02
1.612578751519322395e-03
1.933102868497371674e-02
1.240360457450151443e-02
3.296863138675689697e-01
3.362848237156867981e-02
1.022095885127782822e-02
3.590302914381027222e-02
1.126751750707626343e-01
5.434358865022659302e-02
2.346177399158477783e-01
5.511466041207313538e-02
8.281083405017852783e-02
1.273192465305328369e-02
4.199489206075668335e-02
3.913116082549095154e-02
7.690982427448034286e-03
2.407924039289355278e-03
3.292581811547279358e-02
1.470544026233255863e-03
1.203442192077636719e+01
3.323533535003662109e-01
4.265523552894592285e-01
1.944352989085018635e-04
1.237812563776969910e-01
1.331088226288557053e-02
4.283005837351083755e-04
6.694389879703521729e-02
3.044024668633937836e-02
6.875613331794738770e-01
1.974659599363803864e-02
2.575766993686556816e-03
1.745210378430783749e-03
4.766367003321647644e-02
8.233125321567058563e-03
2.360764145851135254e-02
1.074374794960021973e+00
1.230270862579345703e-01
4.659802317619323730e-01
9.858793579041957855e-03
6.993669085204601288e-03
5.846831798553466797e-01
5.895322561264038086e-01
1.661791038513183594e+01
3.339656442403793335e-02
1.730210632085800171e-01
1.271069329231977463e-02
5.963704735040664673e-02
8.817149326205253601e-03
1.292103249579668045e-02
8.533185720443725586e-02
1.661815345287322998e-01
2.093736268579959869e-02
9.836269170045852661e-02
1.230361778289079666e-02
1.834806986153125763e-02
2.806398645043373108e-02
1.185650820843875408e-03
5.049201659858226776e-03
5.817211419343948364e-02
4.952396266162395477e-04
7.405867427587509155e-02
1.832463741302490234e-01
2.884099781513214111e-01
1.327067762613296509e-01
9.104111045598983765e-02
1.774713695049285889e-01
1.150367975234985352e+00
8.412567549385130405e-04
1.957326941192150116e-02
1.396284699440002441e-01
1.361851755063980818e-04
8.130892179906368256e-03
3.492967411875724792e-02
1.468533873558044434e+00
1.885286159813404083e-02
1.253913715481758118e-02
9.530520997941493988e-03
1.045774295926094055e-01
3.409777581691741943e-02
3.833881393074989319e-02
9.851444512605667114e-02
3.920387849211692810e-02
7.529737949371337891e-01
1.510123349726200104e-02
5.168062634766101837e-03
3.349974006414413452e-02
4.007486402988433838e-01
2.256824634969234467e-02
1.699119806289672852e-01
2.370856143534183502e-02
1.563395635457709432e-04
9.710491448640823364e-02
1.894241869449615479e-01
2.678382210433483124e-02
2.897012531757354736e-01
4.531498998403549194e-02
3.660082584246993065e-03
2.722612395882606506e-02
3.028296399861574173e-03
3.863829374313354492e-02
1.394197810441255569e-02
3.222345188260078430e-02
4.777990281581878662e-03
3.656130051240324974e-03
9.835366159677505493e-02
1.002810192108154297e+01
3.179264720529317856e-03
2.113024238497018814e-03
2.987530315294861794e-03
2.530232630670070648e-02
1.086699412553571165e-04
9.347193837165832520e-01
2.502475306391716003e-02
1.601802706718444824e+00
1.753098815679550171e-01
2.309975773096084595e-02
4.053579759784042835e-04
2.816798388957977295e-01
4.057838618755340576e-01
3.235903568565845490e-03
4.009593743830919266e-03
2.391494251787662506e-02
7.766201451886445284e-05
8.352369070053100586e-02
1.317650428973138332e-03
2.457815170288085938e+00
1.660872101783752441e-01
7.924309931695461273e-03
1.296118553727865219e-02
1.033891085535287857e-02
1.890195533633232117e-02
2.367762848734855652e-03
8.150172233581542969e-02
1.779544353485107422e-02
5.642601475119590759e-02
4.097636323422193527e-03
1.759326606988906860e-01
3.807807806879281998e-04
7.739295065402984619e-02
1.740905083715915680e-02
1.345093101263046265e-01
2.878053113818168640e-03
1.100969687104225159e-02
8.685101754963397980e-03
2.675567567348480225e-02
7.250828295946121216e-02
2.764945290982723236e-02
5.210022255778312683e-02
2.817054651677608490e-02
5.396425724029541016e-01
9.166464587906375527e-05
6.905604898929595947e-02
1.855758018791675568e-02
1.451914906501770020e-01
2.469133853912353516e+00
3.035860881209373474e-02
8.408296853303909302e-03
8.830571174621582031e-02
6.083519198000431061e-03
8.458785596303641796e-04
1.045489192008972168e+00
3.450109064579010010e-02
4.412214737385511398e-03
2.998573333024978638e-02
9.437749162316322327e-03
1.148559093475341797e+00
3.130089724436402321e-03
6.146290339529514313e-03
1.326194643974304199e+00
3.064929693937301636e-02
4.117171168327331543e-01
2.554665785282850266e-03
1.369908452033996582e-03
8.597779087722301483e-03
9.643879719078540802e-03
7.930308580398559570e-03
2.397764772176742554e-01
6.297451853752136230e-01
1.267484575510025024e-01
1.209342386573553085e-02
8.336373604834079742e-03
1.032787840813398361e-02
1.530375448055565357e-04
6.479582283645868301e-03
4.573749542236328125e+00
1.268622159957885742e+00
6.429773638956248760e-04
5.158030614256858826e-02
1.080148294568061829e-02
1.909638405777513981e-03
1.158216521143913269e-01
2.502614259719848633e-02
6.915688281878829002e-04
1.156820263713598251e-02
2.253455109894275665e-02
3.138133138418197632e-02
1.160338044166564941e+00
4.621458798646926880e-02
9.029830098152160645e-01
3.625191450119018555e-01
7.765354216098785400e-02
6.010671854019165039e-01
1.510826230049133301e+00
1.470954343676567078e-02
1.221345923840999603e-02
5.998359248042106628e-02
7.676740642637014389e-03
1.011274456977844238e-01
6.596948504447937012e-01
6.597448140382766724e-02
1.146891620010137558e-02
2.919777631759643555e-01
4.872076679021120071e-03
2.067330665886402130e-02
9.413725347258150578e-04
5.147299766540527344e-01
1.813665032386779785e-03
6.299322471022605896e-03
1.626098304986953735e-01
8.297737222164869308e-04
9.485052898526191711e-03
4.860732331871986389e-02
4.052416421473026276e-03
4.912627935409545898e-01
3.096878994256258011e-03
4.247203934937715530e-03
7.587596774101257324e-03
2.389953471720218658e-03
1.599985291250050068e-03
2.310625016689300537e-01
6.131890695542097092e-03
1.629961468279361725e-02
8.822839707136154175e-03
7.036851253360509872e-03
5.700021050870418549e-03
5.456594750285148621e-03
1.362206507474184036e-02
1.297117471694946289e-01
2.454160246998071671e-03
4.131042805965989828e-04
5.750800017267465591e-03
9.469782114028930664e-01
7.416581502184271812e-04
9.560037404298782349e-03
1.339989006519317627e-01
5.752596631646156311e-02
2.389173582196235657e-02
3.156718239188194275e-02
9.531714022159576416e-02
7.651661336421966553e-02
8.221218013204634190e-05
1.378589123487472534e-02
4.380457568913698196e-03
2.536221640184521675e-03
2.062773518264293671e-02
1.998000964522361755e-02
4.048771038651466370e-02
6.268423795700073242e-02
2.340918034315109253e-02
7.991355960257351398e-04
2.020282670855522156e-02
8.600219152867794037e-03
1.343567371368408203e-01
1.044663134962320328e-02
1.070761457085609436e-01
1.146563445217907429e-03
1.410117447376251221e-01
3.069082740694284439e-04
6.852513551712036133e-02
8.473749458789825439e-02
1.204200387001037598e-01
2.308110706508159637e-02
4.853193163871765137e-01
2.899142215028405190e-03
7.219044491648674011e-03
4.333843942731618881e-03
1.026085950434207916e-02
2.057517878711223602e-02
4.530704021453857422e-02
1.515423762612044811e-03
2.006487131118774414e+00
8.022405952215194702e-02
1.828715391457080841e-02
3.294776201248168945e+00
8.242059707641601562e+00
7.236704695969820023e-03
1.011176034808158875e-03
5.300427437759935856e-04
3.654237464070320129e-02
6.678209174424409866e-03
2.336344867944717407e-02
3.539988040924072266e+00
1.977456122403964400e-04
2.896247625350952148e+00
1.146443560719490051e-01
1.551979593932628632e-02
8.127798209898173809e-04
3.601320087909698486e-03
1.184805774688720703e+01
6.528254699707031250e+01
5.498985671997070312e+01
4.438164532184600830e-01
1.905209732055664062e+01
1.044228434562683105e+00
2.423558197021484375e+02
6.811403274536132812e+00
6.839559173583984375e+01
1.167197322845458984e+01
9.071185302734375000e+01
1.274092292785644531e+01
2.650763130187988281e+01
3.997715413570404053e-01
5.662530899047851562e+00
6.083407211303710938e+01
3.451731872558593750e+01
1.252594375610351562e+02
6.042124557495117188e+01
4.913223743438720703e+00
2.588786125183105469e+01
3.337863206863403320e+00
5.692433834075927734e+00
2.564982223510742188e+01
2.990930080413818359e+00
4.648666083812713623e-01
8.877101135253906250e+01
4.243002319335937500e+02
5.226044311523437500e+02
1.567940368652343750e+02
3.700235843658447266e+00
3.074765682220458984e+00
3.859231948852539062e+00
2.385271148681640625e+02
4.629252910614013672e+00
4.175886154174804688e+00
3.327075242996215820e-01
5.253699049353599548e-02
1.975588560104370117e+00
8.093611145019531250e+01
6.466629028320312500e+02
1.495430469512939453e+01
5.140575170516967773e-01
3.246283569335937500e+02
1.109261512756347656e+01
9.504608154296875000e+01
5.450953674316406250e+01
7.939596652984619141e+00
5.630438923835754395e-01
4.103491210937500000e+02
1.026655273437500000e+02
1.626541137695312500e+01
9.041080474853515625e+00
1.679648017883300781e+01
2.626929521560668945e+00
5.313568592071533203e+00
3.430096864700317383e+00
2.758415639400482178e-01
1.110916423797607422e+01
5.916885375976562500e+02
1.308914337158203125e+02
3.450343933105468750e+02
3.691555500030517578e+00
2.953727531433105469e+01
3.783110618591308594e+00
2.097461318969726562e+01
3.515207290649414062e+01
8.925594482421875000e+02
2.205876312255859375e+02
2.117507362365722656e+01
4.536735266447067261e-02
5.597676467895507812e+01
7.471376657485961914e-01
8.538783264160156250e+01
6.017265319824218750e+00
7.797976016998291016e+00
6.444499492645263672e-01
7.836786270141601562e+00
1.097143096923828125e+02
2.421051788330078125e+01
1.848374366760253906e+01
3.436405897140502930e+00
4.169353961944580078e+00
1.653074264526367188e+01
6.123505592346191406e+00
1.461470985412597656e+01
8.342073857784271240e-02
7.490593433380126953e+00
9.924242973327636719e+00
2.914159774780273438e+00
6.930959224700927734e+00
2.619090270996093750e+01
2.728609275817871094e+01
1.032405090332031250e+01
6.509893035888671875e+01
6.914044189453125000e+01
2.289021968841552734e+00
4.798652343750000000e+02
6.235970854759216309e-01
1.294154815673828125e+02
1.220313668251037598e+00
1.407183551788330078e+01
1.678656816482543945e+00
8.448500061035156250e+01
2.450554656982421875e+01
4.138349151611328125e+01
1.510111451148986816e+00
1.080600219726562500e+03
2.367723693847656250e+02
7.183561325073242188e-01
2.697323858737945557e-01
3.767193298339843750e+02
1.121975936889648438e+02
8.180435895919799805e-01
2.402917861938476562e+01
6.260416030883789062e+01
3.829108810424804688e+01
9.383187294006347656e+00
3.749265289306640625e+01
9.614877700805664062e+00
9.646446990966796875e+01
4.160344238281250000e+03
1.531505126953125000e+02
1.057722549438476562e+02
1.784841537475585938e+00
1.165079879760742188e+02
1.272772216796875000e+01
1.819182753562927246e+00
4.541485900878906250e+02
5.710620880126953125e+01
1.595826110839843750e+02
1.126444816589355469e+01
2.135502845048904419e-01
1.134247779846191406e+01
1.391173839569091797e+00
1.701290965080261230e+00
1.112710952758789062e+00
2.054687652587890625e+02
1.817754516601562500e+02
2.075600280761718750e+02
2.181464385986328125e+01
1.536244511604309082e+00
2.660868530273437500e+02
1.433316707611083984e+01
4.057622375488281250e+02
2.488143157958984375e+01
1.945895843505859375e+02
9.970603585243225098e-01
2.262331199645996094e+01
7.408814086914062500e+02
4.169879555702209473e-01
3.095448913574218750e+02
3.126892471313476562e+01
3.717003762722015381e-01
7.976228332519531250e+01
1.643380546569824219e+01
1.541025280952453613e+00
6.072366833686828613e-01
3.318662881851196289e+00
1.197366237640380859e+00
6.478283081054687500e+02
1.089389648437500000e+02
1.058192749023437500e+02
1.988010787963867188e+01
1.285429534912109375e+02
3.320008087158203125e+01
3.714048767089843750e+01
1.687427825927734375e+02
4.226947937011718750e+02
4.617800235748291016e+00
7.102046012878417969e+00
5.964082641601562500e+02
9.201473593711853027e-01
3.651929616928100586e+00
1.809929656982421875e+02
2.017964935302734375e+01
5.308494091033935547e+00
3.659584808349609375e+01
1.595384836196899414e+00
1.080439186096191406e+01
4.915867805480957031e+00
1.961320304870605469e+01
1.938588562011718750e+02
2.528394937515258789e+00
8.793323242187500000e+03
3.710592508316040039e+00
4.436715841293334961e-01
1.346129703521728516e+01
2.128756561279296875e+02
3.189450836181640625e+01
1.604960680007934570e+00
1.132068939208984375e+02
4.418327808380126953e+00
3.873134994506835938e+01
9.098915100097656250e+01
1.392305850982666016e+00
4.553877639770507812e+01
7.698520421981811523e-01
2.424033403396606445e+00
1.604903936386108398e+00
7.379691600799560547e+00
3.800400733947753906e+00
5.870768070220947266e+00
3.370060729980468750e+01
3.486950302124023438e+01
4.521218538284301758e-01
2.266121292114257812e+01
3.306786193847656250e+02
4.754144191741943359e+00
1.858877372741699219e+01
5.192781448364257812e+00
1.507050991058349609e+00
7.880610823631286621e-01
2.777423095703125000e+03
1.289113998413085938e+01
1.714228973388671875e+02
3.945931196212768555e+00
2.670081787109375000e+02
9.605722427368164062e-01
1.127281188964843750e+02
1.636121948242187500e+03
6.912986934185028076e-02
1.486917018890380859e+00
4.356897888183593750e+02
2.293775081634521484e+00
5.221630249023437500e+02
2.185280561447143555e+00
1.494749259948730469e+01
3.778902292251586914e+00
8.755422592163085938e+00
7.153646647930145264e-02
6.122434139251708984e+00
1.392867803573608398e+00
2.120621185302734375e+02
2.309500885009765625e+01
1.563457870483398438e+01
3.140157699584960938e+00
1.781182479858398438e+01
1.009132385253906250e+01
8.967610597610473633e-01
2.133605957031250000e+02
5.444991683959960938e+01
8.817937850952148438e+00
9.365722656250000000e+00
8.870719909667968750e+01
4.414468383789062500e+01
1.173166122436523438e+02
3.827578425407409668e-01
2.063955322265625000e+03
6.001272201538085938e+00
4.461878967285156250e+01
2.184617042541503906e+01
8.275911211967468262e-01
2.259025115966796875e+02
7.293665313720703125e+01
5.838379263877868652e-01
2.554467620849609375e+02
2.895664978027343750e+01
2.830951929092407227e+00
9.333274536132812500e+02
3.895927429199218750e+01
3.860058212280273438e+01
3.284945678710937500e+01
2.999579772949218750e+02
1.046628189086914062e+02
5.603824234008789062e+01
1.886682128906250000e+01
4.693322448730468750e+02
2.043578773736953735e-01
6.933944225311279297e+00
3.400382690429687500e+02
1.254751491546630859e+01
2.541105194091796875e+02
9.478047490119934082e-01
4.410218000411987305e-01
2.064030647277832031e+01
4.392841339111328125e+00
3.650204181671142578e+00
3.632967376708984375e+01
6.345829963684082031e-01
8.710617065429687500e+00
2.293287277221679688e+00
4.328429222106933594e+00
2.213072204589843750e+01
7.624762654304504395e-01
9.454769492149353027e-01
4.750246887207031250e+02
9.513568115234375000e+02
1.457055091857910156e+00
1.081103744506835938e+02
1.417551517486572266e+01
5.514509201049804688e+00
1.602711547851562500e+03
3.349729061126708984e+00
5.654741287231445312e+01
1.587079811096191406e+01
1.791220855712890625e+01
3.734180297851562500e+02
9.179286003112792969e+00
9.511571502685546875e+01
2.349265441894531250e+02
6.180633163452148438e+01
3.085651779174804688e+01
2.097848968505859375e+02
2.321101188659667969e+01
2.588393211364746094e+00
4.335438919067382812e+01
9.476985931396484375e+00
1.079771900177001953e+01
6.463398437500000000e+02
3.573722534179687500e+02
3.429806823730468750e+02
2.886665649414062500e+02
5.029684066772460938e+00
2.712150812149047852e+00
5.249539613723754883e-01
1.237388610839843750e+01
1.115057373046875000e+01
5.021537303924560547e+00
1.257682323455810547e+00
3.178590536117553711e+00
6.103301644325256348e-01
9.387338256835937500e+01
2.833525848388671875e+01
4.374475860595703125e+01
1.270081405639648438e+02
8.425151824951171875e+00
4.430111694335937500e+01
1.178127288818359375e+01
6.454358577728271484e+00
2.313244938850402832e-01
3.184751953125000000e+03
6.058196411132812500e+02
5.563108444213867188e+01
9.151124572753906250e+01
3.891501235961914062e+01
3.781726684570312500e+02
2.494808578491210938e+01
7.714962482452392578e+00
2.365065002441406250e+01
1.373620748519897461e+00
3.584496688842773438e+01
6.731826782226562500e+02
2.906214523315429688e+01
5.615557670593261719e+00
2.397002458572387695e+00
7.039342498779296875e+01
5.400832519531250000e+02
3.339117050170898438e+01
1.273974514007568359e+01
1.450737094879150391e+01
7.331700623035430908e-02
7.958979159593582153e-02
2.257426452636718750e+01
1.164804649353027344e+01
3.370796918869018555e+00
8.243860244750976562e+00
9.159204864501953125e+01
2.370153808593750000e+01
7.594272613525390625e+01
2.587271690368652344e+00
1.201835274696350098e+00
3.506813049316406250e+00
1.334846115112304688e+01
5.470515136718750000e+02
1.441577792167663574e+00
5.890268707275390625e+01
4.435174465179443359e-01
4.226347923278808594e+00
1.339721232652664185e-01
8.591902732849121094e+00
1.815589843750000000e+03
1.152162695312500000e+04
2.977705001831054688e+00
7.801560211181640625e+01
3.389782714843750000e+01
3.478690624237060547e+00
7.853287506103515625e+01
2.391959228515625000e+02
3.252376317977905273e+00
3.453152656555175781e+00
6.284578323364257812e+00
6.455497741699218750e+01
1.388318538665771484e+01
5.248604774475097656e+00
1.943592376708984375e+02
5.187796020507812500e+02
5.970787525177001953e+00
2.376950263977050781e+00
2.700180530548095703e+00
1.217420730590820312e+02
2.102417945861816406e+00
8.430533409118652344e+00
1.645220336914062500e+02
1.415829563140869141e+01
3.531843261718750000e+02
5.929400024414062500e+02
9.342883300781250000e+01
1.205424666404724121e+00
2.060621643066406250e+01
