1.008268669247627258e-01
6.798589229583740234e-01
4.089657366275787354e-01
3.141846880316734314e-02
9.348415136337280273e-01
2.351881027221679688e+00
1.597464531660079956e-01
4.563858360052108765e-02
1.311146974563598633e+00
1.296929121017456055e-01
5.484863519668579102e-01
3.790585696697235107e-01
7.316616922616958618e-02
5.768579244613647461e-02
8.787531405687332153e-02
2.607451677322387695e-01
2.597052454948425293e-01
1.767694056034088135e-01
4.517045989632606506e-02
1.167907342314720154e-01
3.479141294956207275e-01
6.867995113134384155e-02
1.477720856666564941e+00
6.479265540838241577e-02
9.626084327697753906e+00
1.347706764936447144e-01
2.098639458417892456e-01
3.997274041175842285e-01
2.542361736297607422e+00
1.401685357093811035e+00
4.368193075060844421e-02
2.046769112348556519e-02
3.474993705749511719e-01
1.727745413780212402e+00
2.151844650506973267e-02
3.470694422721862793e-01
3.734943643212318420e-02
5.731125921010971069e-02
1.245060488581657410e-01
2.178061157464981079e-01
3.968516349792480469e+00
1.787249326705932617e+00
1.676097363233566284e-01
2.088625431060791016e+00
3.212934732437133789e-01
1.067293047904968262e+00
2.131341844797134399e-01
2.703121602535247803e-01
2.687324397265911102e-02
1.085235357284545898e+00
5.232965350151062012e-01
8.037544041872024536e-02
8.545958399772644043e-01
4.656447768211364746e-01
1.398573815822601318e-01
2.985041961073875427e-02
1.873867958784103394e-02
4.252380728721618652e-01
8.945866674184799194e-02
1.718183875083923340e+00
1.374630331993103027e-01
1.259301066398620605e+00
1.050195768475532532e-01
1.258632093667984009e-01
5.270051956176757812e-01
1.465129852294921875e+00
2.940023541450500488e-01
3.037645518779754639e-01
1.737310767173767090e+00
1.807929158210754395e+00
3.099142108112573624e-03
5.531322360038757324e-01
6.525924801826477051e-02
3.092366456985473633e+00
1.750882983207702637e+00
4.955235719680786133e-01
6.304480880498886108e-02
1.081151291728019714e-01
1.811730116605758667e-01
1.648551374673843384e-01
3.090780973434448242e-01
4.875447973608970642e-02
1.652940362691879272e-01
6.408742815256118774e-02
8.319450914859771729e-02
8.873712271451950073e-02
9.298091754317283630e-03
2.342493087053298950e-01
3.165631294250488281e-01
8.872263133525848389e-03
1.113076582551002502e-01
2.394769042730331421e-01
1.316570341587066650e-01
1.877948939800262451e-01
2.274853289127349854e-01
7.854987978935241699e-01
7.498358190059661865e-02
1.027947306632995605e+00
5.931484699249267578e-02
2.570312023162841797e-01
6.787932515144348145e-01
1.147560402750968933e-01
2.679600939154624939e-02
4.180730879306793213e-01
1.405757814645767212e-01
3.301191031932830811e-01
9.940982609987258911e-02
5.205320715904235840e-01
2.731182098388671875e+00
5.669638514518737793e-01
3.978340700268745422e-02
7.068096995353698730e-01
1.096985340118408203e+00
4.779343008995056152e-01
3.445721566677093506e-01
1.279631555080413818e-01
3.166860640048980713e-01
5.164096876978874207e-02
1.546269562095403671e-02
1.941752433776855469e-01
3.248384222388267517e-02
6.574765682220458984e+00
1.015613913536071777e+00
1.379985690116882324e+00
2.197960019111633301e-02
3.394374623894691467e-02
4.092029854655265808e-02
1.149668172001838684e-02
3.560546040534973145e-01
1.621543467044830322e-01
3.755945563316345215e-01
3.715486228466033936e-01
1.090692635625600815e-02
7.626016438007354736e-02
1.138221248984336853e-01
3.295173496007919312e-02
4.873269051313400269e-02
4.349221289157867432e-01
1.501907110214233398e-01
1.387676835060119629e+00
4.937430620193481445e-01
4.126931428909301758e-01
3.109894514083862305e+00
7.151488661766052246e-01
5.872239470481872559e-01
1.923667788505554199e-01
2.017802745103836060e-01
4.927828311920166016e-01
8.352088332176208496e-01
1.198142319917678833e-01
3.998923301696777344e-02
1.791794538497924805e+00
3.696670234203338623e-01
9.120205044746398926e-02
1.979986280202865601e-01
1.402673125267028809e-01
6.033844873309135437e-02
4.713762700557708740e-01
7.681259512901306152e-02
1.928775385022163391e-02
2.604882001876831055e+00
6.213321536779403687e-02
2.428288608789443970e-01
2.460168302059173584e-01
6.320868134498596191e-01
2.783966660499572754e-01
2.622286677360534668e-01
3.765409290790557861e-01
5.035703182220458984e+00
2.484587952494621277e-02
3.787357807159423828e-01
3.588777482509613037e-01
4.721822217106819153e-02
5.599234998226165771e-02
3.437913656234741211e-01
1.104946494102478027e+00
1.380531340837478638e-01
1.219271570444107056e-01
1.654914319515228271e-01
1.903359413146972656e+00
1.142852157354354858e-01
1.481034517288208008e+00
4.637803435325622559e-01
5.504527315497398376e-02
7.761900424957275391e-01
4.693861603736877441e-01
1.591612994670867920e-01
2.316190302371978760e-01
5.629023909568786621e-01
2.360872030258178711e-01
5.781041979789733887e-01
3.331802487373352051e-01
6.425630301237106323e-02
1.464813053607940674e-01
3.009548187255859375e-01
7.613740861415863037e-02
7.370833754539489746e-01
3.233802914619445801e-01
2.829799614846706390e-02
3.375001549720764160e-01
8.249402046203613281e-02
1.090126410126686096e-01
6.573132276535034180e-01
9.139846265316009521e-02
8.136258721351623535e-01
1.731092482805252075e-02
4.941271990537643433e-02
1.207902050018310547e+01
5.249704793095588684e-02
3.823127970099449158e-02
8.965899795293807983e-02
2.413048893213272095e-01
2.251773513853549957e-02
2.856121957302093506e-01
8.916869759559631348e-01
4.902005791664123535e-01
6.194533705711364746e-01
1.117496713995933533e-01
8.867521770298480988e-03
7.476948499679565430e-01
3.295882642269134521e-01
1.143037676811218262e-01
5.406056717038154602e-02
1.898672282695770264e-01
1.949522830545902252e-02
4.332820475101470947e-01
6.642761081457138062e-02
1.805603623390197754e+00
2.375810295343399048e-01
3.864661231637001038e-02
6.594037264585494995e-02
2.910879552364349365e-01
8.010069280862808228e-02
4.608382284641265869e-01
3.061311542987823486e-01
5.672000646591186523e-01
1.401913017034530640e-01
1.854463852941989899e-02
9.545056521892547607e-02
2.595024406909942627e-01
7.071350216865539551e-01
3.039085678756237030e-02
5.004929006099700928e-02
1.098363697528839111e-01
3.207974433898925781e-01
1.293395906686782837e-01
3.503632247447967529e-01
4.923695698380470276e-02
1.678047031164169312e-01
1.935272067785263062e-01
1.175785809755325317e-01
6.283426880836486816e-01
7.883767783641815186e-02
7.767799496650695801e-01
1.035701036453247070e-01
1.438962966203689575e-01
2.105638742446899414e+00
4.727942496538162231e-02
1.529118120670318604e-01
3.039637207984924316e-01
1.524119675159454346e-01
7.572734355926513672e-02
4.488317966461181641e-01
1.924185007810592651e-01
3.307966887950897217e-01
5.496102571487426758e-01
2.760604023933410645e-01
9.711418747901916504e-01
2.445498295128345490e-02
8.965953439474105835e-02
1.068356513977050781e+00
1.604685038328170776e-01
1.554974913597106934e-01
3.946103900671005249e-02
1.165861710906028748e-01
6.891100108623504639e-02
6.175379827618598938e-02
2.110077291727066040e-01
9.297060966491699219e-02
2.406298667192459106e-01
4.998093247413635254e-01
3.908577859401702881e-01
1.224973499774932861e-01
2.817747928202152252e-02
2.509028464555740356e-02
2.311770617961883545e-01
1.343419194221496582e+00
8.181568980216979980e-01
5.456736683845520020e-02
1.549160629510879517e-01
3.101422637701034546e-02
3.514016047120094299e-02
4.431945085525512695e-01
2.667104639112949371e-02
7.925678044557571411e-02
4.378528147935867310e-02
8.602239191532135010e-02
3.099868632853031158e-02
1.284108906984329224e-01
1.958626508712768555e-01
9.182641506195068359e-01
8.986729383468627930e-01
2.532866895198822021e-01
1.216758966445922852e+00
4.339475333690643311e-01
2.348658889532089233e-01
1.034651324152946472e-01
4.468787908554077148e-01
4.450610280036926270e-01
1.719630062580108643e-01
2.031570672988891602e+00
1.307286500930786133e+00
8.819172978401184082e-01
2.199542284011840820e+00
3.957354128360748291e-01
1.346664428710937500e-01
2.834983170032501221e-02
6.717214584350585938e-01
2.615811862051486969e-02
8.864421397447586060e-02
1.260050535202026367e-01
1.808473914861679077e-01
2.039107084274291992e+00
5.902956008911132812e+00
2.375967502593994141e-01
6.541819572448730469e-01
1.426846235990524292e-01
2.188502550125122070e-01
2.496031969785690308e-01
1.086655408143997192e-01
1.431321538984775543e-02
2.405155897140502930e+00
2.468114793300628662e-01
2.119729965925216675e-01
5.958990380167961121e-02
1.111658215522766113e-01
5.459458231925964355e-01
8.958002179861068726e-02
1.135657206177711487e-01
1.160277724266052246e+00
7.025381326675415039e-01
3.041891008615493774e-02
6.027971208095550537e-02
2.023192167282104492e+00
1.326840668916702271e-01
5.292906239628791809e-02
1.872628688812255859e+00
1.103154793381690979e-01
3.751235008239746094e-01
2.048646360635757446e-01
4.745663404464721680e-01
3.398326039314270020e-02
4.749999381601810455e-03
1.300676614046096802e-01
3.081027865409851074e-01
5.084373056888580322e-02
5.831331014633178711e-02
9.994993805885314941e-01
6.578058004379272461e-01
4.442563056945800781e-01
3.284183144569396973e-01
1.075204014778137207e-01
1.721419245004653931e-01
9.381260722875595093e-02
5.385791659355163574e-01
9.278056025505065918e-02
2.820354104042053223e-01
6.256157159805297852e-02
3.116922676563262939e-01
1.461749989539384842e-02
3.929809331893920898e-01
8.318774402141571045e-02
8.559828400611877441e-01
3.675432801246643066e-01
4.255869984626770020e-01
4.533279687166213989e-02
5.055769681930541992e-01
9.903405308723449707e-01
1.971655488014221191e-01
9.418691508471965790e-03
2.247904837131500244e-01
1.489584594964981079e-01
7.871915102005004883e-01
9.650530219078063965e-01
1.860867589712142944e-01
1.276561975479125977e+00
1.699036002159118652e+00
1.002877280116081238e-01
1.816942095756530762e-01
7.374908775091171265e-02
2.102954387664794922e-01
7.251507639884948730e-01
8.712448924779891968e-02
3.056047916412353516e+00
2.734357118606567383e-01
6.299878597259521484e+00
1.061590909957885742e+00
5.411091446876525879e-01
3.496349602937698364e-02
1.678709387779235840e-01
1.127146244049072266e+00
2.175982666015625000e+01
1.061317920684814453e+01
5.098455548286437988e-01
1.011771774291992188e+01
1.400296211242675781e+01
5.684931278228759766e+00
7.308714389801025391e-01
2.036149024963378906e+01
7.565750479698181152e-01
1.790162086486816406e+01
4.013579368591308594e+00
1.028804540634155273e+00
5.790451169013977051e-01
1.017309546470642090e+00
8.522697448730468750e+00
2.678342580795288086e+00
1.853192448616027832e+00
2.085130214691162109e+00
1.253798007965087891e+00
1.866883158683776855e+00
7.344442009925842285e-01
1.160486698150634766e+01
1.771287560462951660e+00
4.175256729125976562e+01
2.340873479843139648e+00
4.006453514099121094e+00
3.378064632415771484e+00
2.900170516967773438e+01
1.935020446777343750e+01
1.136486411094665527e+00
6.320437788963317871e-01
3.547100782394409180e+00
3.634784317016601562e+01
3.357631266117095947e-01
4.012257575988769531e+00
3.618745803833007812e-01
2.734301686286926270e-01
1.099787592887878418e+00
2.369230508804321289e+00
3.183699607849121094e+01
7.932815074920654297e+00
7.366368174552917480e-01
1.208916187286376953e+01
2.054605007171630859e+00
7.237523078918457031e+00
6.454283714294433594e+00
2.616313219070434570e+00
8.185187578201293945e-01
1.426009368896484375e+01
7.380904674530029297e+00
2.073203325271606445e+00
9.447894096374511719e+00
1.348834133148193359e+01
2.043776750564575195e+00
1.427030414342880249e-01
1.948016732931137085e-01
9.728475213050842285e-01
4.144193232059478760e-01
1.050051689147949219e+01
2.785663843154907227e+00
1.966067695617675781e+01
8.388950228691101074e-01
1.623733878135681152e+00
1.177684307098388672e+00
1.457824897766113281e+01
2.102898359298706055e+00
6.325067520141601562e+00
6.350576400756835938e+00
4.947264480590820312e+01
1.632996089756488800e-02
3.611480474472045898e+00
5.283309221267700195e-01
1.996112823486328125e+01
2.433636665344238281e+01
2.584056377410888672e+00
1.434439301490783691e+00
1.101689934730529785e+00
2.130730390548706055e+00
2.349895477294921875e+00
2.420500040054321289e+00
4.047386050224304199e-01
3.323275327682495117e+00
1.757019996643066406e+00
1.949772119522094727e+00
8.779981136322021484e-01
4.807123541831970215e-01
4.251454830169677734e+00
1.909614324569702148e+00
1.138129234313964844e-01
2.238743066787719727e+00
3.151211500167846680e+00
3.238579511642456055e+00
1.931723594665527344e+00
3.760623693466186523e+00
1.630553436279296875e+01
3.308314681053161621e-01
1.410481929779052734e+01
8.033885955810546875e-01
2.084676504135131836e+00
1.534803390502929688e+00
2.021938562393188477e+00
3.082600235939025879e-01
2.172188377380371094e+01
2.522759914398193359e+00
2.864601135253906250e+00
5.779764056205749512e-01
1.211429500579833984e+01
4.148418426513671875e+01
1.909643411636352539e+00
3.527528345584869385e-01
5.717458248138427734e+00
6.422303676605224609e+00
2.886865377426147461e+00
3.586551427841186523e+00
1.017066717147827148e+00
2.006703376770019531e+00
7.457978725433349609e-01
4.263176918029785156e-01
4.213240146636962891e+00
5.841736793518066406e-01
1.390534362792968750e+02
5.103800201416015625e+01
1.759954833984375000e+01
4.747329652309417725e-01
1.625975012779235840e+00
1.568908691406250000e+00
7.042109966278076172e-01
1.471452236175537109e+01
3.225498437881469727e+00
7.951436042785644531e-01
4.177344322204589844e+00
1.287626922130584717e-01
4.314138889312744141e-01
1.563082098960876465e+00
4.589576125144958496e-01
3.288569450378417969e-01
2.788093566894531250e+00
1.744338154792785645e+00
1.266019916534423828e+01
1.454545402526855469e+01
2.333382368087768555e+00
2.212071990966796875e+01
5.837454795837402344e+00
6.871745109558105469e+00
4.697186946868896484e+00
4.020913124084472656e+00
4.692201614379882812e+00
9.646571159362792969e+00
2.286622285842895508e+00
6.910638809204101562e-01
1.753026390075683594e+01
1.357415556907653809e+00
9.741480350494384766e-01
4.317596435546875000e+00
1.309237718582153320e+00
5.701815485954284668e-01
5.704445838928222656e+00
1.712310314178466797e+00
2.785310447216033936e-01
9.749597549438476562e+00
1.911105036735534668e+00
6.303652286529541016e+00
1.261436581611633301e+00
2.374027013778686523e+00
1.637722492218017578e+00
3.208603620529174805e+00
4.354592323303222656e+00
6.671812438964843750e+01
3.954918980598449707e-01
5.502853870391845703e+00
6.743910789489746094e+00
9.655290842056274414e-01
2.849538326263427734e-01
1.162233638763427734e+01
9.578517913818359375e+00
1.421867966651916504e+00
3.669761419296264648e+00
3.520999193191528320e+00
1.437373638153076172e+01
5.495193004608154297e-01
1.750210380554199219e+01
6.079378128051757812e+00
6.909521669149398804e-02
1.294641208648681641e+01
1.571839714050292969e+01
3.612124919891357422e-01
2.633565187454223633e+00
1.384496402740478516e+01
3.008802413940429688e+00
2.085939168930053711e+00
2.751217603683471680e+00
6.591169834136962891e-01
1.975000262260437012e+00
7.012331962585449219e+00
7.148312330245971680e-01
5.000004291534423828e+00
1.804534554481506348e+00
4.996057450771331787e-01
2.690033674240112305e+00
2.527549028396606445e+00
1.153220772743225098e+00
7.846388339996337891e+00
1.291359663009643555e+00
5.081934452056884766e+00
1.004797667264938354e-01
6.571932435035705566e-01
5.850927352905273438e+01
2.319251298904418945e+00
1.431303858757019043e+00
1.751812577247619629e+00
3.089667081832885742e+00
3.191882669925689697e-01
2.796300649642944336e+00
5.746418476104736328e+00
9.111712455749511719e+00
1.358502745628356934e+00
2.587725639343261719e+00
2.001179307699203491e-01
3.854305505752563477e+00
6.415696144104003906e+00
1.044397234916687012e+00
4.802265167236328125e-01
4.078795433044433594e+00
5.864139795303344727e-01
2.198882675170898438e+01
5.736840963363647461e-01
1.664093017578125000e+01
1.278306603431701660e+00
7.341939210891723633e-01
4.431774616241455078e-01
3.877865314483642578e+00
1.122704148292541504e+00
1.729447555541992188e+01
3.224433660507202148e+00
1.920137763023376465e+00
5.029840469360351562e-01
2.869589626789093018e-01
2.729587554931640625e-01
4.256251335144042969e+00
5.234495639801025391e+00
1.332245230674743652e+00
8.194243907928466797e-01
9.146480560302734375e-01
6.589002609252929688e+00
1.547118902206420898e+00
2.079155683517456055e+00
8.598916530609130859e-01
5.101801395416259766e+00
5.948715806007385254e-01
1.026441216468811035e+00
4.625940322875976562e+00
1.246147871017456055e+00
9.093315124511718750e+00
1.879054188728332520e+00
1.074609875679016113e+00
1.600186538696289062e+01
6.897696852684020996e-01
3.439929485321044922e-01
1.042349910736083984e+01
4.897864818572998047e+00
2.776118755340576172e+00
2.566699743270874023e+00
2.611151218414306641e+00
7.820892810821533203e+00
5.085382938385009766e+00
1.379093551635742188e+01
8.055750846862792969e+00
7.851400971412658691e-01
2.010383367538452148e+00
7.263568878173828125e+00
3.524563074111938477e+00
5.933788776397705078e+00
5.339820981025695801e-01
1.670535087585449219e+00
8.827799558639526367e-01
5.929163098335266113e-01
3.672146558761596680e+00
3.072350263595581055e+00
1.167304754257202148e+00
4.207178592681884766e+00
2.182990312576293945e+00
1.469570636749267578e+00
1.061929702758789062e+00
9.458405524492263794e-02
4.409199237823486328e+00
1.415027427673339844e+01
4.380962371826171875e+00
1.066265940666198730e+00
6.269319057464599609e-01
7.340572476387023926e-01
6.944718360900878906e-01
1.250146389007568359e+01
6.457133889198303223e-01
8.173620700836181641e-01
1.001920938491821289e+00
2.089486598968505859e+00
1.928345680236816406e+00
4.420148134231567383e-01
3.140644788742065430e+00
1.384920692443847656e+01
8.251920700073242188e+00
1.596147298812866211e+00
6.379438400268554688e+00
3.086251974105834961e+00
4.092027187347412109e+00
4.421751499176025391e+00
2.429363012313842773e+00
4.500471591949462891e+00
3.736535549163818359e+00
1.914962959289550781e+01
2.340233612060546875e+01
1.034137248992919922e+01
1.661867904663085938e+01
1.787372589111328125e+00
3.536852896213531494e-01
3.829381167888641357e-01
3.923171281814575195e+00
3.410985469818115234e-01
3.707527518272399902e-01
5.589504837989807129e-01
8.039540052413940430e-01
3.343093490600585938e+01
1.627699851989746094e+01
6.643968105316162109e+00
6.129146575927734375e+00
1.256230354309082031e+00
3.713677167892456055e+00
2.707486152648925781e+00
2.683260679244995117e+00
5.164885520935058594e-01
1.883570098876953125e+01
1.156774902343750000e+01
1.614107728004455566e+00
1.187885880470275879e+00
3.336349487304687500e+00
2.643606758117675781e+01
1.157782077789306641e+00
2.681211233139038086e-01
7.467882633209228516e+00
2.728733777999877930e+00
6.342464685440063477e-01
9.778333306312561035e-01
1.414158344268798828e+01
1.117955446243286133e+00
1.303544640541076660e+00
2.324039459228515625e+01
3.858117341995239258e+00
2.598901748657226562e+00
2.752943754196166992e+00
4.781342029571533203e+00
2.492672502994537354e-01
7.191529870033264160e-02
3.946609020233154297e+00
1.732199192047119141e+00
8.700789213180541992e-01
3.200170516967773438e+00
2.017675399780273438e+01
2.041737556457519531e+01
5.023817062377929688e+00
1.702867507934570312e+00
1.171099781990051270e+00
2.088907718658447266e+00
1.715188264846801758e+00
4.002478122711181641e+00
6.996030807495117188e-01
5.366256713867187500e+00
4.549996554851531982e-01
3.538682460784912109e+00
3.082486391067504883e-01
2.158787727355957031e+00
3.216345071792602539e+00
3.821486282348632812e+01
3.965111255645751953e+00
5.283274650573730469e+00
6.794518232345581055e-01
4.951289653778076172e+00
8.477692604064941406e+00
5.339372158050537109e+00
8.893967419862747192e-02
2.281257390975952148e+00
2.753300428390502930e+00
5.748771190643310547e+00
2.499453544616699219e+01
1.407144188880920410e+00
4.118825435638427734e+00
1.119376182556152344e+01
2.274787425994873047e+00
3.587311029434204102e+00
1.361702680587768555e+00
2.297935009002685547e+00
6.960234642028808594e+00
1.669183850288391113e+00
6.857350158691406250e+01
4.718395233154296875e+00
1.937159538269042969e+01
2.845099639892578125e+01
7.929039001464843750e+00
9.027000069618225098e-01
5.974360942840576172e+00
