2.047913335263729095e-02
1.041667684912681580e-01
4.409592133015394211e-03
1.439639367163181305e-03
2.609658613801002502e-02
4.787237167358398438e+00
1.461107470095157623e-02
2.510766033083200455e-03
4.316748119890689850e-03
4.608852565288543701e-01
6.475255358964204788e-03
2.076817862689495087e-02
3.600407391786575317e-02
1.381004415452480316e-02
1.132925739511847496e-03
1.095446106046438217e-02
1.764688990078866482e-03
6.012632977217435837e-03
1.767710037529468536e-02
5.512444768100976944e-04
7.704614847898483276e-02
1.889172941446304321e-02
1.445712298154830933e-01
2.277838252484798431e-02
8.067501783370971680e-01
9.968425147235393524e-03
4.449269175529479980e-02
3.339400142431259155e-02
6.269561499357223511e-02
6.487730145454406738e-01
4.564308619592338800e-04
1.252724323421716690e-04
4.496076609939336777e-03
2.273279801011085510e-02
3.225978091359138489e-02
7.814165204763412476e-03
4.651762079447507858e-03
3.876355767715722322e-04
5.104206036776304245e-03
4.057060461491346359e-03
1.843540221452713013e-01
6.149679794907569885e-02
1.778121804818511009e-03
1.023210716247558594e+01
1.294441670179367065e-01
8.437208831310272217e-02
5.759784951806068420e-03
3.279528319835662842e-01
3.079217858612537384e-03
1.215058472007513046e-02
1.091493368148803711e-01
3.522988781332969666e-02
6.932038068771362305e-02
3.309091180562973022e-02
5.090902559459209442e-04
2.260642126202583313e-03
4.331026226282119751e-03
7.913287729024887085e-03
1.818224042654037476e-02
5.753246784210205078e+00
1.110169943422079086e-02
8.290321350097656250e+00
1.311499346047639847e-02
2.967491513118147850e-03
8.361230790615081787e-02
1.635614596307277679e-02
1.323983073234558105e-01
1.018898840993642807e-02
5.092322230339050293e-01
4.994055926799774170e-01
9.706687706056982279e-05
1.037487030029296875e+00
9.104399359785020351e-04
2.704881876707077026e-02
7.497044652700424194e-02
3.066578693687915802e-02
6.050556898117065430e-03
3.444393724203109741e-02
2.498130127787590027e-02
9.708132594823837280e-03
6.546285748481750488e-02
1.533368974924087524e-02
1.369500905275344849e-02
2.350420108996331692e-04
1.993828685954213142e-03
1.197348348796367645e-03
3.558122625690884888e-05
2.409987151622772217e-02
4.440931975841522217e-01
7.130157900974154472e-04
8.555936627089977264e-03
6.263490766286849976e-03
1.186833484098315239e-03
6.524978578090667725e-02
5.005949060432612896e-04
5.561519265174865723e-01
5.027043223381042480e-01
6.130718812346458435e-02
1.034031505696475506e-03
5.412074178457260132e-02
1.351317286491394043e+00
4.015948250889778137e-02
1.332393148913979530e-03
1.768026128411293030e-02
1.179594919085502625e-02
3.517399132251739502e-01
6.453283876180648804e-02
1.075069978833198547e-02
2.762513235211372375e-02
1.075707077980041504e-01
1.186585202813148499e-01
2.154399007558822632e-01
3.542908653616905212e-02
5.209162831306457520e-02
1.119357906281948090e-02
3.405660018324851990e-02
4.462774470448493958e-02
6.101173348724842072e-03
2.233695704489946365e-03
4.829877987504005432e-02
8.153153466992080212e-04
1.046350479125976562e+01
4.307244420051574707e-01
3.185000121593475342e-01
1.210635891766287386e-04
1.572779566049575806e-01
1.271183881908655167e-02
4.977401113137602806e-04
5.694731697440147400e-02
4.453144967555999756e-02
9.175350666046142578e-01
3.741522878408432007e-02
2.340623876079916954e-03
1.125796348787844181e-03
4.382832348346710205e-02
1.402483880519866943e-02
3.366381675004959106e-02
1.879563212394714355e+00
1.786212772130966187e-01
3.595812022686004639e-01
1.616458222270011902e-02
6.800780538469552994e-03
7.588064670562744141e-01
6.218838691711425781e-01
2.858590698242187500e+01
2.326132915914058685e-02
2.011504173278808594e-01
1.016062963753938675e-02
4.479418694972991943e-02
9.125326760113239288e-03
1.428771205246448517e-02
6.547790765762329102e-02
1.177701503038406372e-01
1.727401651442050934e-02
7.775478810071945190e-02
9.969570674002170563e-03
1.563348062336444855e-02
2.882920950651168823e-02
1.273632631637156010e-03
4.862192552536725998e-03
3.154221922159194946e-02
3.491546085570007563e-04
1.050798892974853516e-01
3.329575955867767334e-01
2.731852233409881592e-01
1.180084943771362305e-01
9.444572031497955322e-02
1.383658349514007568e-01
7.691574096679687500e-01
3.287806757725775242e-04
1.758664287626743317e-02
8.953829854726791382e-02
6.443062738981097937e-05
7.829292677342891693e-03
3.680387511849403381e-02
1.494995951652526855e+00
1.810265146195888519e-02
8.977514691650867462e-03
9.084166027605533600e-03
8.145292848348617554e-02
3.460272029042243958e-02
2.996004931628704071e-02
1.071398854255676270e-01
4.265039041638374329e-02
1.481804609298706055e+00
1.176291052252054214e-02
5.001139361411333084e-03
4.103899747133255005e-02
2.633579075336456299e-01
2.600728720426559448e-02
1.440782845020294189e-01
2.352047152817249298e-02
1.478256453992798924e-04
1.060374975204467773e-01
2.555020749568939209e-01
1.775177940726280212e-02
2.598144412040710449e-01
7.561256736516952515e-02
3.523754654452204704e-03
1.954296976327896118e-02
2.038792939856648445e-03
3.703253343701362610e-02
1.055525243282318115e-02
2.129782363772392273e-02
5.458470899611711502e-03
2.919884631410241127e-03
2.040834575891494751e-01
1.135980892181396484e+01
5.156520288437604904e-03
2.359788399189710617e-03
3.561275079846382141e-03
3.235150873661041260e-02
1.092151796910911798e-04
7.050503492355346680e-01
1.953289844095706940e-02
1.821515798568725586e+00
7.417567074298858643e-02
1.591031625866889954e-02
4.643141583073884249e-04
3.991505801677703857e-01
2.600787878036499023e-01
6.138314958661794662e-03
1.849506981670856476e-03
1.620861515402793884e-02
9.948367369361221790e-05
3.739254176616668701e-02
8.396589546464383602e-04
2.428719282150268555e+00
2.347350120544433594e-01
5.576219409704208374e-03
1.665154844522476196e-02
8.879428729414939880e-03
1.849206350743770599e-02
2.570542506873607635e-03
1.538201123476028442e-01
1.505696959793567657e-02
1.075792238116264343e-01
2.908528782427310944e-03
1.412201523780822754e-01
3.105132782366126776e-04
3.869935497641563416e-02
3.640751168131828308e-02
1.367263942956924438e-01
3.271848428994417191e-03
9.363665245473384857e-03
8.278834633529186249e-03
3.386744111776351929e-02
7.554052770137786865e-02
2.936341986060142517e-02
7.282236963510513306e-02
1.936920545995235443e-02
7.151564359664916992e-01
5.210054223425686359e-05
5.189481377601623535e-02
1.195171102881431580e-02
2.231597453355789185e-01
2.475103855133056641e+00
1.865234971046447754e-02
1.052790228277444839e-02
1.332103908061981201e-01
4.258871078491210938e-03
4.986204439774155617e-04
9.131527543067932129e-01
2.467343211174011230e-02
2.989170374348759651e-03
1.863019913434982300e-02
1.064837537705898285e-02
9.999184012413024902e-01
5.432012956589460373e-03
4.543425980955362320e-03
1.519149303436279297e+00
3.425733372569084167e-02
4.611412882804870605e-01
2.132619032636284828e-03
1.466420362703502178e-03
1.003589760512113571e-02
6.293305661529302597e-03
8.627706207334995270e-03
3.105073571205139160e-01
1.165644884109497070e+00
1.120669096708297729e-01
8.637511171400547028e-03
5.781233776360750198e-03
9.068624116480350494e-03
1.462232903577387333e-04
3.883510129526257515e-03
3.362516403198242188e+00
1.000474810600280762e+00
4.087626875843852758e-04
4.547347873449325562e-02
7.321673445403575897e-03
1.425050082616508007e-03
6.351122260093688965e-02
2.386315725743770599e-02
7.172913756221532822e-04
1.808550767600536346e-02
2.084667421877384186e-02
3.248733654618263245e-02
2.104701280593872070e+00
3.143984079360961914e-02
5.568788647651672363e-01
5.148856639862060547e-01
6.237757205963134766e-02
6.336609125137329102e-01
1.877066373825073242e+00
7.218407932668924332e-03
2.387947030365467072e-02
3.191913664340972900e-02
4.857270512729883194e-03
1.140393465757369995e-01
5.663393139839172363e-01
3.103600256145000458e-02
6.705526728183031082e-03
1.695142090320587158e-01
3.407655516639351845e-03
2.849499508738517761e-02
8.153794915415346622e-04
5.442652106285095215e-01
2.068029483780264854e-03
4.597019404172897339e-03
2.697005867958068848e-01
9.468982461839914322e-04
5.551254842430353165e-03
2.588988840579986572e-02
3.398167900741100311e-03
2.866633534431457520e-01
4.174231085926294327e-03
4.094948526471853256e-03
4.651667084544897079e-03
1.937104272656142712e-03
3.038616850972175598e-03
1.894599199295043945e-01
4.093652125447988510e-03
1.128530409187078476e-02
6.443505641072988510e-03
9.227836504578590393e-03
3.616577247157692909e-03
4.212441854178905487e-03
1.681177504360675812e-02
1.840200126171112061e-01
1.319811679422855377e-03
5.021055694669485092e-04
3.851530374959111214e-03
1.313995003700256348e+00
7.710270583629608154e-04
8.238371461629867554e-03
1.127864792943000793e-01
2.511030808091163635e-02
3.849861398339271545e-02
2.730725519359111786e-02
7.336431741714477539e-02
1.865325123071670532e-01
7.260065467562526464e-05
1.399759296327829361e-02
2.798234578222036362e-03
1.308494131080806255e-03
1.582029834389686584e-02
1.911169849336147308e-02
3.377199918031692505e-02
3.941751271486282349e-02
1.473334059119224548e-02
1.012800727039575577e-03
1.634342968463897705e-02
6.071602925658226013e-03
1.251879483461380005e-01
1.845158077776432037e-02
6.236603111028671265e-02
1.251177047379314899e-03
7.244965434074401855e-02
2.278570318594574928e-04
1.339308917522430420e-01
1.396934837102890015e-01
4.161388054490089417e-02
1.800327003002166748e-02
8.546317815780639648e-01
1.553066307678818703e-03
7.886418141424655914e-03
4.828798584640026093e-03
1.083520427346229553e-02
2.232731878757476807e-02
4.387454316020011902e-02
9.042068268172442913e-04
3.747281789779663086e+00
8.443836867809295654e-02
1.537991128861904144e-02
2.936108350753784180e+00
6.679416179656982422e+00
7.357265800237655640e-03
5.019162199459969997e-04
4.793302505277097225e-04
2.802267856895923615e-02
3.233730327337980270e-03
1.829039864242076874e-02
5.846729278564453125e+00
1.486937835579738021e-04
3.671093463897705078e+00
7.117725908756256104e-02
1.990796253085136414e-02
3.823277947958558798e-04
2.377917524427175522e-03
6.865443706512451172e+00
1.091314392089843750e+02
9.904614257812500000e+01
5.498085618019104004e-01
3.908517074584960938e+01
1.647733688354492188e+00
4.310321350097656250e+02
9.056986808776855469e+00
6.305387878417968750e+01
8.719023704528808594e+00
1.646310424804687500e+02
1.472992801666259766e+01
7.036898803710937500e+01
4.696676433086395264e-01
1.380866909027099609e+01
1.052748184204101562e+02
7.545391845703125000e+01
2.080178833007812500e+02
1.121796722412109375e+02
7.259501457214355469e+00
6.288591003417968750e+01
3.695568084716796875e+00
6.791119575500488281e+00
4.526039123535156250e+01
2.209461450576782227e+00
3.778418898582458496e-01
1.725541381835937500e+02
4.978455810546875000e+02
1.233950073242187500e+03
3.481441955566406250e+02
7.861368656158447266e+00
3.707933187484741211e+00
8.005432128906250000e+00
2.089586486816406250e+02
9.934033393859863281e+00
9.406766891479492188e+00
6.759667992591857910e-01
5.860079452395439148e-02
3.330113410949707031e+00
1.044074096679687500e+02
1.099744750976562500e+03
1.730825233459472656e+01
8.275910019874572754e-01
3.614298706054687500e+02
2.369955635070800781e+01
9.625531768798828125e+01
8.671732330322265625e+01
1.497429466247558594e+01
6.361380815505981445e-01
7.355225219726562500e+02
2.082999725341796875e+02
2.859181022644042969e+01
9.214237213134765625e+00
2.204832077026367188e+01
3.905167341232299805e+00
8.092875480651855469e+00
4.811815261840820312e+00
2.936275601387023926e-01
1.737783813476562500e+01
1.185766967773437500e+03
5.406171264648437500e+02
3.375478515625000000e+02
7.905700206756591797e+00
5.295371627807617188e+01
4.143060684204101562e+00
4.318225860595703125e+01
4.776918029785156250e+01
2.168245361328125000e+03
2.176755371093750000e+02
5.121449279785156250e+01
5.251392349600791931e-02
1.845670471191406250e+02
1.528100132942199707e+00
1.453847198486328125e+02
7.585255146026611328e+00
9.349968910217285156e+00
1.212282896041870117e+00
6.723676681518554688e+00
2.572190856933593750e+02
2.927075195312500000e+01
2.665554237365722656e+01
5.122966289520263672e+00
5.574140071868896484e+00
3.077760696411132812e+01
4.913446426391601562e+00
2.524486923217773438e+01
1.000279411673545837e-01
1.120925712585449219e+01
1.634555244445800781e+01
2.910076141357421875e+00
1.377507686614990234e+01
3.176348304748535156e+01
2.660710334777832031e+01
1.488200664520263672e+01
6.209236526489257812e+01
2.901863098144531250e+02
3.504042148590087891e+00
4.541498718261718750e+02
4.762391448020935059e-01
3.674631042480468750e+02
1.633412480354309082e+00
2.291331481933593750e+01
3.595305204391479492e+00
1.026476593017578125e+02
4.053544616699218750e+01
9.128108978271484375e+01
1.938886880874633789e+00
2.627747558593750000e+03
3.279949951171875000e+02
9.387101531028747559e-01
6.524830460548400879e-01
1.006930053710937500e+03
1.542421417236328125e+02
9.725448489189147949e-01
2.479277420043945312e+01
9.438411712646484375e+01
9.097635650634765625e+01
1.246421813964843750e+01
7.867057037353515625e+01
1.022980976104736328e+01
2.335935821533203125e+02
4.959451171875000000e+03
4.395338745117187500e+02
1.270387878417968750e+02
3.264461517333984375e+00
3.126249389648437500e+02
2.678081703186035156e+01
2.493175983428955078e+00
6.321171264648437500e+02
7.758718872070312500e+01
4.674639282226562500e+02
3.153397560119628906e+01
3.142489790916442871e-01
2.873674011230468750e+01
2.022358179092407227e+00
2.311549186706542969e+00
6.121205687522888184e-01
5.014634399414062500e+02
6.373760375976562500e+02
3.056351623535156250e+02
3.555710601806640625e+01
2.365941762924194336e+00
5.724456787109375000e+02
2.521858596801757812e+01
8.391231689453125000e+02
3.326478195190429688e+01
4.512073669433593750e+02
1.675462603569030762e+00
5.442106628417968750e+01
1.908863159179687500e+03
4.966290593147277832e-01
5.275686645507812500e+02
3.424710464477539062e+01
3.259886205196380615e-01
9.168665313720703125e+01
3.253878784179687500e+01
1.984638690948486328e+00
5.714519619941711426e-01
5.293426990509033203e+00
2.404550552368164062e+00
8.989956054687500000e+02
1.422605438232421875e+02
1.555945587158203125e+02
4.790757751464843750e+01
1.908146820068359375e+02
8.508661651611328125e+01
7.114485931396484375e+01
2.762795410156250000e+02
1.008141174316406250e+03
1.015743350982666016e+01
8.712021827697753906e+00
1.139410888671875000e+03
1.584904789924621582e+00
4.815604209899902344e+00
4.293842468261718750e+02
1.792473411560058594e+01
7.853582859039306641e+00
5.801938629150390625e+01
2.359323740005493164e+00
1.821448135375976562e+01
1.289607048034667969e+01
2.334159278869628906e+01
2.531975860595703125e+02
6.691871643066406250e+00
2.087989062500000000e+04
4.110329627990722656e+00
4.993872642517089844e-01
2.312497520446777344e+01
5.435211181640625000e+02
4.468235397338867188e+01
4.524873256683349609e+00
2.735951538085937500e+02
6.397060394287109375e+00
5.404646301269531250e+01
1.871109619140625000e+02
1.850710153579711914e+00
8.631768798828125000e+01
1.111882925033569336e+00
7.609982967376708984e+00
2.319722175598144531e+00
1.270581340789794922e+01
1.042424011230468750e+01
4.917146682739257812e+00
3.809006881713867188e+01
4.838188934326171875e+01
9.506720900535583496e-01
8.376815032958984375e+01
4.697406311035156250e+02
5.630569458007812500e+00
3.476213455200195312e+01
6.585852622985839844e+00
3.411397218704223633e+00
1.073899626731872559e+00
4.780190429687500000e+03
1.678525543212890625e+01
3.936489562988281250e+02
2.684825181961059570e+00
2.652501220703125000e+02
1.346837997436523438e+00
1.929265441894531250e+02
2.772242919921875000e+03
1.204163953661918640e-01
1.701482534408569336e+00
9.604089355468750000e+02
3.553296089172363281e+00
1.141665771484375000e+03
2.894380807876586914e+00
2.301887130737304688e+01
7.766623020172119141e+00
9.338867187500000000e+00
6.228287890553474426e-02
9.335187911987304688e+00
2.662638425827026367e+00
5.400950927734375000e+02
6.015750885009765625e+01
1.348215579986572266e+01
4.624138355255126953e+00
2.257930946350097656e+01
1.411752700805664062e+01
1.393472790718078613e+00
4.412566833496093750e+02
1.177880172729492188e+02
9.997122764587402344e+00
2.140834999084472656e+01
1.590138244628906250e+02
8.555876922607421875e+01
2.056931457519531250e+02
5.882177948951721191e-01
6.645732421875000000e+03
9.947208404541015625e+00
5.287105178833007812e+01
1.525819492340087891e+01
7.276414036750793457e-01
8.032299804687500000e+02
9.907117462158203125e+01
7.583523988723754883e-01
7.606181030273437500e+02
5.534545898437500000e+01
5.086551666259765625e+00
3.262216796875000000e+03
6.947048187255859375e+01
5.532822799682617188e+01
4.871887207031250000e+01
7.202895507812500000e+02
2.157994689941406250e+02
2.034389190673828125e+02
2.683958625793457031e+01
1.357064819335937500e+03
4.167798459529876709e-01
1.358549022674560547e+01
4.665306701660156250e+02
1.320221042633056641e+01
4.603352966308593750e+02
9.695018529891967773e-01
7.701551318168640137e-01
4.519884872436523438e+01
4.264203071594238281e+00
7.713640213012695312e+00
1.014839553833007812e+02
6.818765997886657715e-01
1.444316577911376953e+01
4.493530273437500000e+00
6.392299652099609375e+00
3.053512954711914062e+01
1.098806142807006836e+00
8.894866704940795898e-01
3.843849182128906250e+02
1.024001953125000000e+03
2.581862211227416992e+00
1.624215545654296875e+02
1.493949794769287109e+01
6.966139316558837891e+00
1.973537841796875000e+03
3.835628032684326172e+00
2.610558776855468750e+02
3.440922164916992188e+01
2.676373672485351562e+01
7.225830078125000000e+02
2.406999206542968750e+01
1.291820678710937500e+02
4.432275695800781250e+02
1.118206253051757812e+02
4.456172180175781250e+01
2.889213256835937500e+02
3.850157546997070312e+01
1.996708273887634277e+00
4.615432739257812500e+01
1.309522914886474609e+01
9.333796501159667969e+00
1.166154296875000000e+03
4.681061096191406250e+02
6.032828979492187500e+02
3.076988830566406250e+02
7.977576255798339844e+00
3.311997890472412109e+00
6.004084944725036621e-01
3.263419342041015625e+01
1.315628433227539062e+01
8.212953567504882812e+00
1.302976131439208984e+00
9.157545089721679688e+00
6.257243752479553223e-01
9.726797485351562500e+01
3.594825744628906250e+01
5.138469314575195312e+01
1.175720901489257812e+02
1.827530097961425781e+01
6.171294784545898438e+01
1.640847015380859375e+01
5.175999164581298828e+00
2.158901691436767578e-01
6.735506835937500000e+03
1.862883789062500000e+03
1.362580871582031250e+02
1.383358764648437500e+02
7.718883514404296875e+01
7.381397094726562500e+02
2.825116729736328125e+01
2.098714828491210938e+01
2.149128341674804688e+01
2.198970079421997070e+00
4.144339370727539062e+01
1.578647338867187500e+03
5.459596252441406250e+01
7.326642990112304688e+00
5.241349697113037109e+00
1.211368942260742188e+02
5.343118286132812500e+02
7.883095550537109375e+01
1.288054370880126953e+01
1.319319820404052734e+01
8.930554986000061035e-02
1.283776760101318359e-01
2.998972511291503906e+01
2.313408088684082031e+01
4.257708549499511719e+00
1.131033706665039062e+01
1.784526519775390625e+02
3.642963790893554688e+01
1.196835403442382812e+02
5.477980136871337891e+00
1.857696890830993652e+00
7.520452499389648438e+00
3.051887893676757812e+01
1.099310668945312500e+03
1.833297491073608398e+00
9.296647644042968750e+01
1.080977559089660645e+00
2.914217710494995117e+00
1.799211353063583374e-01
1.131848621368408203e+01
3.870573486328125000e+03
1.786140820312500000e+04
5.269465446472167969e+00
1.262510147094726562e+02
8.164904022216796875e+01
4.625083923339843750e+00
1.264547805786132812e+02
4.348423767089843750e+02
6.197403430938720703e+00
4.415486335754394531e+00
4.533735752105712891e+00
6.856693267822265625e+01
2.385168266296386719e+01
1.317637443542480469e+01
2.952941894531250000e+02
4.514654235839843750e+02
4.120210170745849609e+00
3.494082689285278320e+00
3.326920032501220703e+00
2.278870697021484375e+02
5.037267208099365234e+00
2.221002006530761719e+01
2.400500335693359375e+02
1.708811950683593750e+01
6.434010620117187500e+02
8.259558105468750000e+02
1.416253356933593750e+02
1.443636417388916016e+00
2.090847206115722656e+01
