3.004681318998336792e-02
1.406913101673126221e-01
8.286963216960430145e-03
1.842650468461215496e-03
3.638895601034164429e-02
4.892813205718994141e+00
1.752630062401294708e-02
3.765116678550839424e-03
6.894980557262897491e-03
5.276609063148498535e-01
6.796164438128471375e-03
1.794414222240447998e-02
5.592495948076248169e-02
1.607101783156394958e-02
1.751553965732455254e-03
1.368264015763998032e-02
3.359869122505187988e-03
4.677795805037021637e-03
2.403113432228565216e-02
5.989079945720732212e-04
1.318463534116744995e-01
2.178716287016868591e-02
2.757334411144256592e-01
4.423028603196144104e-02
8.238623738288879395e-01
1.896252669394016266e-02
4.830237105488777161e-02
2.023405954241752625e-02
7.819472998380661011e-02
7.226758003234863281e-01
5.647852667607367039e-04
1.367640943499282002e-04
7.260882761329412460e-03
2.957482449710369110e-02
7.574474811553955078e-02
8.362538181245326996e-03
8.831455372273921967e-03
5.712545244023203850e-04
1.004748046398162842e-02
5.755784921348094940e-03
2.623701393604278564e-01
7.107696682214736938e-02
1.775406417436897755e-03
1.491671276092529297e+01
1.534785777330398560e-01
9.249052405357360840e-02
5.060784053057432175e-03
3.229049742221832275e-01
4.253610502928495407e-03
1.194216310977935791e-02
1.910430490970611572e-01
2.879343368113040924e-02
1.357429921627044678e-01
4.655219614505767822e-02
5.270895780995488167e-04
1.858147792518138885e-03
6.600065622478723526e-03
1.396357454359531403e-02
2.974958717823028564e-02
7.799069404602050781e+00
1.379739958792924881e-02
1.355369091033935547e+01
1.179981417953968048e-02
3.289354499429464340e-03
1.411634832620620728e-01
1.968661323189735413e-02
1.632506102323532104e-01
8.940685540437698364e-03
5.888128280639648438e-01
5.576187968254089355e-01
1.560897362651303411e-04
1.311126232147216797e+00
7.877273601479828358e-04
3.064380213618278503e-02
9.335137903690338135e-02
4.693333059549331665e-02
6.310623604804277420e-03
4.396936669945716858e-02
3.406486660242080688e-02
1.482640299946069717e-02
7.734668999910354614e-02
1.767264120280742645e-02
1.763541623950004578e-02
3.507896908558905125e-04
3.366184188053011894e-03
1.539457007311284542e-03
3.179152554366737604e-05
4.270013421773910522e-02
8.057916760444641113e-01
1.226703869178891182e-03
7.075993344187736511e-03
8.379206992685794830e-03
1.507605076767504215e-03
8.657303452491760254e-02
5.553637165576219559e-04
6.629593372344970703e-01
5.486570000648498535e-01
5.379928275942802429e-02
1.749370479956269264e-03
5.782320350408554077e-02
1.691529512405395508e+00
5.388823524117469788e-02
9.790803305804729462e-04
1.822413876652717590e-02
1.185004785656929016e-02
5.099588036537170410e-01
9.591230005025863647e-02
1.468112226575613022e-02
3.504589945077896118e-02
9.805242717266082764e-02
1.397056430578231812e-01
3.656003475189208984e-01
4.566894099116325378e-02
6.017000973224639893e-02
1.529185101389884949e-02
3.054915182292461395e-02
6.746648252010345459e-02
6.851476151496171951e-03
3.306281287223100662e-03
6.669612228870391846e-02
7.349043153226375580e-04
7.358340740203857422e+00
6.376838088035583496e-01
4.056589007377624512e-01
1.716949482215568423e-04
1.971673816442489624e-01
1.451641414314508438e-02
1.050891820341348648e-03
5.764048174023628235e-02
6.612048298120498657e-02
1.557230830192565918e+00
5.947126448154449463e-02
4.373094532638788223e-03
1.096965628676116467e-03
3.584095463156700134e-02
2.942989021539688110e-02
6.111545115709304810e-02
2.662660837173461914e+00
1.557792574167251587e-01
5.109645724296569824e-01
2.285489439964294434e-02
1.001451537013053894e-02
7.925034165382385254e-01
6.659736633300781250e-01
2.628696060180664062e+01
2.534008957445621490e-02
3.169108331203460693e-01
7.547412998974323273e-03
4.960066452622413635e-02
1.203346811234951019e-02
1.813517324626445770e-02
7.411655783653259277e-02
7.800517976284027100e-02
1.593287847936153412e-02
7.431519031524658203e-02
1.004944089800119400e-02
1.326955109834671021e-02
3.764410316944122314e-02
3.057091496884822845e-03
4.018746782094240189e-03
4.353139922022819519e-02
4.093150491826236248e-04
1.835872679948806763e-01
5.315140485763549805e-01
3.501169085502624512e-01
1.152677685022354126e-01
1.552401185035705566e-01
1.625847369432449341e-01
1.196983933448791504e+00
2.427279541734606028e-04
2.172191813588142395e-02
1.241312250494956970e-01
1.017218164633959532e-04
1.491114962846040726e-02
4.330711439251899719e-02
1.550461053848266602e+00
2.162948623299598694e-02
1.109860837459564209e-02
1.388587523251771927e-02
9.801722317934036255e-02
4.797916114330291748e-02
3.321244940161705017e-02
1.982267200946807861e-01
3.339602425694465637e-02
2.170300245285034180e+00
9.999384172260761261e-03
7.786581292748451233e-03
7.513868808746337891e-02
2.555514574050903320e-01
2.838079817593097687e-02
1.362723559141159058e-01
2.953401952981948853e-02
3.780238621402531862e-04
8.317535370588302612e-02
3.664468824863433838e-01
1.385168544948101044e-02
2.484457939863204956e-01
6.179698184132575989e-02
4.695255775004625320e-03
2.750099077820777893e-02
3.181595820933580399e-03
3.120104223489761353e-02
1.410032995045185089e-02
2.194083482027053833e-02
8.845362812280654907e-03
2.241842448711395264e-03
1.931790560483932495e-01
1.426766681671142578e+01
9.744809009134769440e-03
4.112607333809137344e-03
7.429859135299921036e-03
4.187773168087005615e-02
1.625452568987384439e-04
9.196248054504394531e-01
2.325293421745300293e-02
2.919857740402221680e+00
5.290452390909194946e-02
1.715144515037536621e-02
6.825239979662001133e-04
6.169998049736022949e-01
2.883434593677520752e-01
1.848279871046543121e-02
1.245495397597551346e-03
1.889347657561302185e-02
1.087942655431106687e-04
2.821160666644573212e-02
1.024748198688030243e-03
4.064842700958251953e+00
3.561264276504516602e-01
7.334329653531312943e-03
2.207571268081665039e-02
1.250470895320177078e-02
2.662450075149536133e-02
2.438603434711694717e-03
2.982068359851837158e-01
1.915352232754230499e-02
1.700810045003890991e-01
4.017710220068693161e-03
1.337803006172180176e-01
4.277490952517837286e-04
2.863441035151481628e-02
5.546339973807334900e-02
1.988843828439712524e-01
3.329836530610918999e-03
7.890744134783744812e-03
8.669998496770858765e-03
3.640712052583694458e-02
9.229685366153717041e-02
3.599719330668449402e-02
1.003423780202865601e-01
3.087539039552211761e-02
1.593639135360717773e+00
6.135134026408195496e-05
5.356662347912788391e-02
1.786737516522407532e-02
3.512970805168151855e-01
3.533573865890502930e+00
1.951822079718112946e-02
1.936494372785091400e-02
2.173738628625869751e-01
3.565992228686809540e-03
6.400548154488205910e-04
7.959420680999755859e-01
2.728583104908466339e-02
4.107063170522451401e-03
2.140288241207599640e-02
1.342883054167032242e-02
1.860661268234252930e+00
7.850960828363895416e-03
8.453866466879844666e-03
1.669637918472290039e+00
3.464550897479057312e-02
5.551648736000061035e-01
2.982855541631579399e-03
1.482411287724971771e-03
1.664565876126289368e-02
6.680801976472139359e-03
1.205564849078655243e-02
2.770807743072509766e-01
1.486581206321716309e+00
1.470898836851119995e-01
1.021003257483243942e-02
4.916673526167869568e-03
1.182400528341531754e-02
2.121698926202952862e-04
4.315725062042474747e-03
4.100226879119873047e+00
9.630354046821594238e-01
5.386397824622690678e-04
6.498891115188598633e-02
1.108958385884761810e-02
1.144501497037708759e-03
8.317350596189498901e-02
1.860966160893440247e-02
8.529552724212408066e-04
2.069958485662937164e-02
2.314423955976963043e-02
5.531202629208564758e-02
2.400522947311401367e+00
4.718454927206039429e-02
4.336525499820709229e-01
8.367491960525512695e-01
9.029156714677810669e-02
9.629169106483459473e-01
2.243888616561889648e+00
5.555846728384494781e-03
4.060383886098861694e-02
3.395737707614898682e-02
5.566005129367113113e-03
1.183756962418556213e-01
5.466719269752502441e-01
3.365346416831016541e-02
9.270329959690570831e-03
1.613869518041610718e-01
2.774714259430766106e-03
2.865737117826938629e-02
8.967797621153295040e-04
5.818362832069396973e-01
2.473299857228994370e-03
4.118830431252717972e-03
3.508243858814239502e-01
1.436647376976907253e-03
9.329984895884990692e-03
3.211321309208869934e-02
6.108806468546390533e-03
3.119264245033264160e-01
6.649855058640241623e-03
4.874937701970338821e-03
6.982749328017234802e-03
2.990714507177472115e-03
5.574084818363189697e-03
2.325490117073059082e-01
4.799919202923774719e-03
1.025771908462047577e-02
5.528592038899660110e-03
1.980716735124588013e-02
2.881822641938924789e-03
5.629566963762044907e-03
2.990012988448143005e-02
2.374791949987411499e-01
1.217258628457784653e-03
8.123934967443346977e-04
3.682723967358469963e-03
1.623270988464355469e+00
1.517730648629367352e-03
1.183337904512882233e-02
1.686227172613143921e-01
1.917875558137893677e-02
3.604595363140106201e-02
2.381221763789653778e-02
8.952871710062026978e-02
2.230016440153121948e-01
7.742928573861718178e-05
1.687311753630638123e-02
3.943040035665035248e-03
1.286747865378856659e-03
2.040017209947109222e-02
2.250304073095321655e-02
3.976026922464370728e-02
3.425621241331100464e-02
1.756001263856887817e-02
1.140898209996521473e-03
1.786132715642452240e-02
6.809412036091089249e-03
7.257234305143356323e-02
2.627369388937950134e-02
7.073576748371124268e-02
1.502420054748654366e-03
7.259248942136764526e-02
4.132433678023517132e-04
2.520169317722320557e-01
1.364169716835021973e-01
3.233232349157333374e-02
1.637033931910991669e-02
8.712641000747680664e-01
1.349391066469252110e-03
1.073819864541292191e-02
5.758186802268028259e-03
1.777007989585399628e-02
2.330176718533039093e-02
5.730370432138442993e-02
1.042443793267011642e-03
4.009223461151123047e+00
1.261451244354248047e-01
2.075719274580478668e-02
3.759824991226196289e+00
9.689534187316894531e+00
1.145351026207208633e-02
7.508232956752181053e-04
5.779527709819376469e-04
3.764517977833747864e-02
4.266228526830673218e-03
2.298529073596000671e-02
8.404005050659179688e+00
2.617920399643480778e-04
4.083343029022216797e+00
8.527493476867675781e-02
2.274728007614612579e-02
4.261663998477160931e-04
3.143602516502141953e-03
7.769679069519042969e+00
1.348529968261718750e+02
1.699067993164062500e+02
8.430520892143249512e-01
4.371570205688476562e+01
2.822428703308105469e+00
6.277982177734375000e+02
1.136761760711669922e+01
1.334408264160156250e+02
6.648862361907958984e+00
2.676011352539062500e+02
2.003971290588378906e+01
9.483809661865234375e+01
9.790804982185363770e-01
2.967157936096191406e+01
1.434260253906250000e+02
1.767259368896484375e+02
2.186223449707031250e+02
1.465494384765625000e+02
9.087175369262695312e+00
8.876542663574218750e+01
4.459222793579101562e+00
9.713772773742675781e+00
6.362051391601562500e+01
2.815502166748046875e+00
7.661197781562805176e-01
3.115280456542968750e+02
3.468059387207031250e+02
1.591711669921875000e+03
3.350957946777343750e+02
1.235795974731445312e+01
5.050407886505126953e+00
1.852457809448242188e+01
3.560489501953125000e+02
2.128247070312500000e+01
1.958441925048828125e+01
1.385078549385070801e+00
7.576116919517517090e-02
6.891982555389404297e+00
1.174270324707031250e+02
1.294852416992187500e+03
1.819321823120117188e+01
1.048381924629211426e+00
4.751896362304687500e+02
2.730255699157714844e+01
1.081810760498046875e+02
1.165331039428710938e+02
2.587769126892089844e+01
7.925320863723754883e-01
1.179705322265625000e+03
4.212149353027343750e+02
4.398589706420898438e+01
1.531891059875488281e+01
2.463180160522460938e+01
5.691380023956298828e+00
9.353056907653808594e+00
6.852930068969726562e+00
4.899199306964874268e-01
2.076507568359375000e+01
2.146972412109375000e+03
8.303521728515625000e+02
6.886881713867187500e+02
1.670990180969238281e+01
7.048229217529296875e+01
3.146325349807739258e+00
1.346318511962890625e+02
5.261195373535156250e+01
4.326118652343750000e+03
1.744164123535156250e+02
7.588224029541015625e+01
7.920707762241363525e-02
4.504946899414062500e+02
2.789414882659912109e+00
2.527794647216796875e+02
8.332037925720214844e+00
1.167565536499023438e+01
1.607800841331481934e+00
9.283563613891601562e+00
3.227457885742187500e+02
3.586403656005859375e+01
4.592562484741210938e+01
8.635617256164550781e+00
1.366934776306152344e+01
4.843776321411132812e+01
8.014465332031250000e+00
2.441747093200683594e+01
1.620096415281295776e-01
1.765471076965332031e+01
2.373753929138183594e+01
2.414138793945312500e+00
2.839110183715820312e+01
4.558618164062500000e+01
5.646227264404296875e+01
2.114648818969726562e+01
7.674267578125000000e+01
7.477418212890625000e+02
2.849866390228271484e+00
4.062243347167968750e+02
4.773180484771728516e-01
8.236401367187500000e+02
3.085413217544555664e+00
1.916989898681640625e+01
5.634570121765136719e+00
1.161337585449218750e+02
5.926954650878906250e+01
1.576442413330078125e+02
2.631709814071655273e+00
4.375352539062500000e+03
4.745390930175781250e+02
1.020639300346374512e+00
1.184762120246887207e+00
1.402153076171875000e+03
1.947778472900390625e+02
2.132834672927856445e+00
3.409576416015625000e+01
1.245269317626953125e+02
1.604764862060546875e+02
1.923363304138183594e+01
1.051762237548828125e+02
9.708656311035156250e+00
3.682944030761718750e+02
4.803652343750000000e+03
7.526878051757812500e+02
1.921569061279296875e+02
7.810826301574707031e+00
6.896560058593750000e+02
5.760258483886718750e+01
3.818666696548461914e+00
6.266801757812500000e+02
1.277776031494140625e+02
6.571317138671875000e+02
5.879344558715820312e+01
6.902535557746887207e-01
4.637686920166015625e+01
2.053400754928588867e+00
3.607490062713623047e+00
9.204921722412109375e-01
7.798510131835937500e+02
7.882193603515625000e+02
3.357566833496093750e+02
5.439860916137695312e+01
3.290102720260620117e+00
7.731083984375000000e+02
2.450640678405761719e+01
1.042284912109375000e+03
5.092725372314453125e+01
7.928162231445312500e+02
1.461727857589721680e+00
1.472602996826171875e+02
2.517352783203125000e+03
6.430073976516723633e-01
7.752213745117187500e+02
2.890656471252441406e+01
4.683219790458679199e-01
1.484990234375000000e+02
7.224820709228515625e+01
2.428806543350219727e+00
8.548855781555175781e-01
8.121776580810546875e+00
3.515056610107421875e+00
1.211665283203125000e+03
1.504008789062500000e+02
1.520366668701171875e+02
6.191476440429687500e+01
3.123419799804687500e+02
1.611274719238281250e+02
1.409529571533203125e+02
4.615351562500000000e+02
3.133604248046875000e+03
2.018023300170898438e+01
1.333012962341308594e+01
2.741634033203125000e+03
4.641239166259765625e+00
5.305162429809570312e+00
5.437774658203125000e+02
1.754357719421386719e+01
1.162580585479736328e+01
6.495388031005859375e+01
4.921597003936767578e+00
2.420588302612304688e+01
2.735884284973144531e+01
4.431462860107421875e+01
3.939505310058593750e+02
6.876490116119384766e+00
2.478054296875000000e+04
4.818416118621826172e+00
9.935849308967590332e-01
4.393190002441406250e+01
1.257316528320312500e+03
7.022699737548828125e+01
1.082794570922851562e+01
4.181012878417968750e+02
1.216157913208007812e+01
7.178440856933593750e+01
2.200828094482421875e+02
2.288246393203735352e+00
1.215167007446289062e+02
1.592697739601135254e+00
1.468664455413818359e+01
4.766639709472656250e+00
3.967781829833984375e+01
2.290244102478027344e+01
7.676459312438964844e+00
4.361127853393554688e+01
4.962952041625976562e+01
1.473923087120056152e+00
1.669319305419921875e+02
5.861186523437500000e+02
1.210377502441406250e+01
8.724742889404296875e+01
1.425714588165283203e+01
7.826218128204345703e+00
1.214059591293334961e+00
5.491470703125000000e+03
1.553633499145507812e+01
7.904426879882812500e+02
2.586515426635742188e+00
2.109557342529296875e+02
1.752228140830993652e+00
2.585493469238281250e+02
3.211340820312500000e+03
2.954193651676177979e-01
2.624222278594970703e+00
1.285958129882812500e+03
4.064416885375976562e+00
1.037738769531250000e+03
4.696393966674804688e+00
3.982698059082031250e+01
1.433921337127685547e+01
1.317347526550292969e+01
5.409387126564979553e-02
1.767504501342773438e+01
4.619346141815185547e+00
8.758260498046875000e+02
8.958550262451171875e+01
1.111226654052734375e+01
7.985587596893310547e+00
2.878625679016113281e+01
2.576553535461425781e+01
1.947060465812683105e+00
7.614026489257812500e+02
1.667087249755859375e+02
1.667745590209960938e+01
2.571237373352050781e+01
2.060789794921875000e+02
1.608687438964843750e+02
1.779286499023437500e+02
8.405385613441467285e-01
1.130670117187500000e+04
1.412634468078613281e+01
7.371892547607421875e+01
2.483744812011718750e+01
7.731981277465820312e-01
1.495168579101562500e+03
1.781338348388671875e+02
1.092302680015563965e+00
1.211396728515625000e+03
7.182844543457031250e+01
1.184131336212158203e+01
6.107616210937500000e+03
7.393430328369140625e+01
8.522029113769531250e+01
6.014529037475585938e+01
8.962451171875000000e+02
2.816092834472656250e+02
3.840325927734375000e+02
5.135034179687500000e+01
3.559898681640625000e+03
7.067478895187377930e-01
3.247375488281250000e+01
4.919962463378906250e+02
9.884863853454589844e+00
5.811272583007812500e+02
1.147240996360778809e+00
1.990524530410766602e+00
7.343457031250000000e+01
5.263883590698242188e+00
1.661752700805664062e+01
2.300604553222656250e+02
9.476452469825744629e-01
2.357861328125000000e+01
1.156940650939941406e+01
5.042566776275634766e+00
5.515343093872070312e+01
1.240080356597900391e+00
1.358380079269409180e+00
2.794696044921875000e+02
8.437054443359375000e+02
7.653829097747802734e+00
1.720150604248046875e+02
1.782794761657714844e+01
1.266737270355224609e+01
2.820664794921875000e+03
4.179533004760742188e+00
4.046495056152343750e+02
4.920465469360351562e+01
3.191664314270019531e+01
1.164555541992187500e+03
4.413428497314453125e+01
1.996558380126953125e+02
9.422556152343750000e+02
2.716294250488281250e+02
8.034364318847656250e+01
3.363564758300781250e+02
5.513213348388671875e+01
2.323922872543334961e+00
4.672006225585937500e+01
2.270237159729003906e+01
6.913104057312011719e+00
1.788395629882812500e+03
4.414170532226562500e+02
1.044800781250000000e+03
2.924714660644531250e+02
1.296865177154541016e+01
3.794133424758911133e+00
6.006720066070556641e-01
4.705596542358398438e+01
1.817377090454101562e+01
9.276421546936035156e+00
1.435924291610717773e+00
2.453278923034667969e+01
5.924562811851501465e-01
1.318919830322265625e+02
3.896120452880859375e+01
1.012460021972656250e+02
1.260968093872070312e+02
2.939078140258789062e+01
8.227349090576171875e+01
1.842159652709960938e+01
1.084360122680664062e+01
2.985670864582061768e-01
1.014746679687500000e+04
4.079159912109375000e+03
2.960576477050781250e+02
2.424004364013671875e+02
1.745663452148437500e+02
1.091712646484375000e+03
2.575387191772460938e+01
5.144462585449218750e+01
2.215263938903808594e+01
3.464813232421875000e+00
8.215968322753906250e+01
1.423216796875000000e+03
9.384800720214843750e+01
8.927455902099609375e+00
1.481745719909667969e+01
2.187186889648437500e+02
4.452936401367187500e+02
1.330733032226562500e+02
1.051037502288818359e+01
2.210100936889648438e+01
1.389615684747695923e-01
1.523760855197906494e-01
4.484009552001953125e+01
4.269270706176757812e+01
6.615443229675292969e+00
2.946133804321289062e+01
2.940523376464843750e+02
7.539166259765625000e+01
1.166830673217773438e+02
1.210073089599609375e+01
2.453330039978027344e+00
1.419732475280761719e+01
5.798182678222656250e+01
1.292948364257812500e+03
3.072896480560302734e+00
1.437517242431640625e+02
1.420938611030578613e+00
4.680551528930664062e+00
3.671710491180419922e-01
1.134117698669433594e+01
5.360262207031250000e+03
2.253216992187500000e+04
8.493195533752441406e+00
1.238295822143554688e+02
7.357761383056640625e+01
5.158606052398681641e+00
1.670660247802734375e+02
7.695099487304687500e+02
8.599928855895996094e+00
5.899742126464843750e+00
3.532921075820922852e+00
7.760649871826171875e+01
3.816245269775390625e+01
2.877710914611816406e+01
2.813981323242187500e+02
6.370169067382812500e+02
6.478188991546630859e+00
6.990035057067871094e+00
5.010297775268554688e+00
2.513190917968750000e+02
1.640343666076660156e+01
4.246675872802734375e+01
3.344636230468750000e+02
2.188924980163574219e+01
1.004080139160156250e+03
1.230035766601562500e+03
2.320310668945312500e+02
1.504916906356811523e+00
2.898130035400390625e+01
