3.588377311825752258e-02
1.813103705644607544e-01
1.727002561092376709e-01
6.539124064147472382e-03
2.307384163141250610e-01
3.860281109809875488e-01
7.957018911838531494e-02
9.801238775253295898e-03
1.642126291990280151e-01
1.001690328121185303e-01
3.234076499938964844e-01
8.174873888492584229e-02
4.613898694515228271e-02
1.765699870884418488e-02
4.188129678368568420e-02
7.290364801883697510e-02
1.741882413625717163e-02
5.571419373154640198e-02
2.547168731689453125e-02
2.899920567870140076e-02
3.034017793834209442e-02
9.812194854021072388e-03
3.906737864017486572e-01
4.567492008209228516e-02
4.897976875305175781e+00
2.054067701101303101e-02
3.608939796686172485e-02
1.726114898920059204e-01
1.387829065322875977e+00
7.754880785942077637e-01
5.991968326270580292e-03
2.166352700442075729e-03
1.896453648805618286e-01
3.906289339065551758e-01
7.300898432731628418e-03
3.989292681217193604e-01
2.020660974085330963e-02
9.412186220288276672e-03
8.933785557746887207e-02
6.102987751364707947e-02
1.459939718246459961e+00
2.113858014345169067e-01
7.393567264080047607e-02
2.280281066894531250e+00
3.989153802394866943e-01
3.457565307617187500e-01
5.787456408143043518e-02
6.375703215599060059e-01
6.414924282580614090e-03
8.951825499534606934e-01
1.452485769987106323e-01
2.229641750454902649e-02
9.280313849449157715e-01
1.517050415277481079e-01
9.463842026889324188e-03
1.426890771836042404e-02
1.182521693408489227e-02
2.592906653881072998e-01
2.343597449362277985e-02
5.917566776275634766e+00
3.565820679068565369e-02
2.736365318298339844e+00
4.737549275159835815e-02
3.659007698297500610e-02
2.019497603178024292e-01
4.724259674549102783e-01
2.591733932495117188e-01
9.959471970796585083e-02
3.333575487136840820e+00
1.298361182212829590e+00
4.392769187688827515e-04
6.793491244316101074e-01
1.135197002440690994e-02
1.877414703369140625e+00
3.316724300384521484e-01
2.049490362405776978e-01
2.094412408769130707e-02
1.732474938035011292e-02
5.209229886531829834e-02
7.058645039796829224e-02
3.726583123207092285e-01
2.439996413886547089e-02
5.280873551964759827e-02
3.447031602263450623e-03
1.126409042626619339e-02
8.765984326601028442e-03
8.829678408801555634e-04
3.347647562623023987e-02
8.943008184432983398e-01
2.010846743360161781e-03
1.730436459183692932e-02
1.115980669856071472e-01
3.920286148786544800e-02
7.109735906124114990e-02
6.024119257926940918e-02
5.118724107742309570e-01
1.415167897939682007e-01
8.224378824234008789e-01
2.591080404818058014e-02
1.960418522357940674e-01
2.866544723510742188e-01
2.773538418114185333e-02
1.268521510064601898e-02
6.112591549754142761e-02
7.555293291807174683e-02
3.470292985439300537e-01
8.748448640108108521e-02
2.318676561117172241e-01
1.291167140007019043e+00
1.014513075351715088e-01
1.741579361259937286e-02
2.231234014034271240e-01
3.159913718700408936e-01
4.047744572162628174e-01
1.899914443492889404e-01
8.323378860950469971e-02
1.653405129909515381e-01
3.058641590178012848e-02
3.460191190242767334e-03
4.561601951718330383e-02
1.055420469492673874e-02
9.524100303649902344e+00
6.298099756240844727e-01
1.078468918800354004e+00
2.488521393388509750e-03
2.612572722136974335e-02
1.474313717335462570e-02
2.244986593723297119e-03
1.496470421552658081e-01
7.230544090270996094e-02
7.468023300170898438e-01
3.203395605087280273e-01
6.440148688852787018e-03
7.463471498340368271e-03
3.302544727921485901e-02
9.863364510238170624e-03
2.628940157592296600e-02
5.457944869995117188e-01
7.837613672018051147e-02
8.346227407455444336e-01
8.747304975986480713e-02
6.120701134204864502e-02
5.797631740570068359e+00
1.245017051696777344e+00
1.857612609863281250e+00
1.037653610110282898e-01
2.339627891778945923e-01
1.160491332411766052e-01
1.575320959091186523e-01
3.273558989167213440e-02
2.416286058723926544e-02
1.291248679161071777e+00
1.751938164234161377e-01
5.613338947296142578e-02
1.897940635681152344e-01
7.554832100868225098e-02
3.480411693453788757e-02
6.610786169767379761e-02
4.822652786970138550e-03
4.019145388156175613e-03
4.259004592895507812e-01
5.943429470062255859e-02
1.420416384935379028e-01
1.288910508155822754e-01
1.163486480712890625e+00
1.679848581552505493e-01
3.642995655536651611e-01
2.051459997892379761e-01
4.114988327026367188e+00
3.047062782570719719e-03
2.633484899997711182e-01
1.119075343012809753e-01
1.295340713113546371e-02
5.803296715021133423e-02
2.012045383453369141e-01
8.905345797538757324e-01
8.973786979913711548e-02
9.156961739063262939e-02
6.892247498035430908e-02
1.442733526229858398e+00
1.332276761531829834e-01
2.069341391324996948e-01
1.499448865652084351e-01
4.811220988631248474e-02
1.418029546737670898e+00
1.409102976322174072e-01
2.060441672801971436e-01
7.862184941768646240e-02
2.519454061985015869e-01
9.698265790939331055e-02
5.663013458251953125e-01
9.760578721761703491e-02
7.102465257048606873e-03
9.234875440597534180e-02
1.851758360862731934e-01
4.398379474878311157e-02
1.441775262355804443e-01
7.168777287006378174e-02
4.841241519898176193e-03
2.430585473775863647e-01
1.869405992329120636e-02
1.190111190080642700e-01
1.532917469739913940e-01
4.909813776612281799e-02
1.540571600198745728e-01
1.271073613315820694e-02
4.882959276437759399e-02
1.191791057586669922e+01
1.336245145648717880e-02
8.558996953070163727e-03
4.178025946021080017e-02
7.041547447443008423e-02
4.606977570801973343e-03
1.924396902322769165e-01
1.747777462005615234e-01
3.825732171535491943e-01
3.053567707538604736e-01
1.931938156485557556e-02
5.035590380430221558e-03
1.921024203300476074e+00
8.529476523399353027e-01
1.636993326246738434e-02
1.890290714800357819e-02
3.945666551589965820e-02
7.567420252598822117e-04
2.746117413043975830e-01
1.621407270431518555e-02
9.601659774780273438e-01
1.857922673225402832e-01
2.591301500797271729e-02
2.856341563165187836e-02
6.325079500675201416e-02
1.584491692483425140e-02
1.789254844188690186e-01
3.937898203730583191e-02
4.994882643222808838e-01
1.106313616037368774e-01
3.493822878226637840e-03
2.732715606689453125e-01
2.074772305786609650e-02
1.707482337951660156e-01
1.131076458841562271e-02
3.523819521069526672e-02
2.130939811468124390e-02
8.837468922138214111e-02
7.680235803127288818e-02
2.488366365432739258e-01
4.799806326627731323e-02
8.512250334024429321e-02
2.063200622797012329e-01
8.580999076366424561e-02
4.098631143569946289e-01
5.620366893708705902e-03
6.603766083717346191e-01
1.360337734222412109e-01
1.211274340748786926e-01
2.105416059494018555e+00
4.745009914040565491e-02
1.252134442329406738e-01
4.703376442193984985e-02
5.653357878327369690e-02
1.143987011164426804e-02
1.647764593362808228e-01
9.636975079774856567e-02
3.258690237998962402e-02
4.368425905704498291e-01
1.901889219880104065e-02
1.008665561676025391e+00
2.623504027724266052e-03
6.015332788228988647e-02
3.460786342620849609e+00
1.517527848482131958e-01
9.255392104387283325e-02
1.045156363397836685e-02
3.133998252451419830e-03
2.883624844253063202e-02
5.041758343577384949e-02
5.179421231150627136e-02
3.200753778219223022e-02
3.995985388755798340e-01
8.104955554008483887e-01
1.787453740835189819e-01
5.804158747196197510e-02
1.764037832617759705e-02
4.945286083966493607e-03
3.293651342391967773e-02
2.494994640350341797e+00
7.164204716682434082e-01
1.931924745440483093e-02
1.522354036569595337e-01
1.617257669568061829e-02
9.968054480850696564e-03
2.145870178937911987e-01
1.534262765198945999e-02
1.925226859748363495e-02
1.397258602082729340e-02
2.866004407405853271e-02
3.706755489110946655e-02
4.761081039905548096e-01
1.519802510738372803e-01
9.984625577926635742e-01
2.856515645980834961e-01
1.859094351530075073e-01
2.693004369735717773e+00
2.240282148122787476e-01
5.516290664672851562e-02
1.968599855899810791e-02
1.021774038672447205e-01
2.610747218132019043e-01
3.749952316284179688e-01
1.259573698043823242e+00
3.151477277278900146e-01
4.826268553733825684e-01
4.538525044918060303e-01
2.927014976739883423e-02
1.327227950096130371e-01
8.016224019229412079e-03
9.846044182777404785e-01
4.602854140102863312e-03
2.411657571792602539e-02
1.195901110768318176e-01
1.665271632373332977e-02
3.432000279426574707e-01
1.922426223754882812e+00
6.631288677453994751e-02
1.893999218940734863e+00
1.985901035368442535e-02
5.138889327645301819e-02
4.346062988042831421e-02
7.302455138415098190e-03
3.039171686396002769e-03
3.301661968231201172e+00
7.074399292469024658e-02
1.015104204416275024e-01
2.831128425896167755e-02
6.312780082225799561e-02
7.512593269348144531e-02
2.164870873093605042e-02
8.622553199529647827e-02
6.508445143699645996e-01
1.469969451427459717e-01
1.102490071207284927e-02
1.787926442921161652e-02
2.229657649993896484e+00
8.788995444774627686e-03
1.084867119789123535e-02
1.157405495643615723e+00
1.740103811025619507e-01
1.961722671985626221e-01
2.980742752552032471e-01
1.339517533779144287e-01
2.873709425330162048e-02
1.457220059819519520e-03
3.371723368763923645e-02
1.084344834089279175e-01
7.477399427443742752e-03
1.980928704142570496e-02
3.308174312114715576e-01
3.933185338973999023e-01
1.125900223851203918e-01
1.147112026810646057e-01
3.942400589585304260e-02
7.455778121948242188e-02
3.378320857882499695e-02
4.284771978855133057e-01
8.621385693550109863e-02
9.243457019329071045e-02
1.618253439664840698e-02
3.942852020263671875e-01
1.710561569780111313e-03
1.575369089841842651e-01
1.823244057595729828e-02
1.918313145637512207e+00
8.878134936094284058e-02
3.587304353713989258e-01
6.854122970253229141e-03
5.168915539979934692e-02
1.671908795833587646e-01
4.661821573972702026e-02
5.943433847278356552e-03
9.683813154697418213e-02
1.125419046729803085e-02
1.049835443496704102e+00
6.405212879180908203e-01
1.208404302597045898e-01
9.538703560829162598e-01
9.368277549743652344e+00
2.935076504945755005e-02
3.562995791435241699e-02
1.827976084314286709e-03
7.894042879343032837e-02
2.400275468826293945e-01
8.385986834764480591e-02
8.150355339050292969e+00
6.514671258628368378e-03
2.536300659179687500e+00
2.294548302888870239e-01
1.904689371585845947e-01
1.710046268999576569e-02
2.536407858133316040e-02
8.187729120254516602e-01
2.160818099975585938e+01
2.293272209167480469e+01
5.566384196281433105e-01
9.736010551452636719e+00
3.907776117324829102e+00
1.588586139678955078e+01
1.305853843688964844e+00
3.211168289184570312e+01
9.564811587333679199e-01
2.898143196105957031e+01
7.908944606781005859e+00
1.771144866943359375e+00
2.841218709945678711e-01
4.775917530059814453e+00
3.116694259643554688e+01
3.656302452087402344e+00
1.692753410339355469e+01
1.751186370849609375e+01
1.323881030082702637e+00
1.622135996818542480e+00
5.240783691406250000e-01
5.511775970458984375e+00
5.208703041076660156e+00
3.687949752807617188e+01
8.494110703468322754e-01
4.577761173248291016e+00
1.415951156616210938e+01
1.976685333251953125e+02
1.385946655273437500e+01
1.552277565002441406e+00
1.006520032882690430e+00
2.317281246185302734e+00
9.202285766601562500e+01
3.966634869575500488e-01
1.596429634094238281e+01
4.239273667335510254e-01
2.651931047439575195e-01
1.448384046554565430e+00
5.171560764312744141e+00
2.235384826660156250e+02
5.204220771789550781e+00
8.005369305610656738e-01
1.798886680603027344e+01
5.044530391693115234e+00
3.925491333007812500e+01
1.774735832214355469e+01
9.630645751953125000e+00
1.007832527160644531e+00
3.852244567871093750e+01
1.192668247222900391e+01
2.042720079421997070e+00
1.473147964477539062e+01
2.509726905822753906e+01
3.750141859054565430e+00
3.080862760543823242e-01
4.862632751464843750e-01
8.288562893867492676e-01
8.213545680046081543e-01
3.749432754516601562e+01
1.276898002624511719e+01
5.874325942993164062e+01
8.669306039810180664e-01
2.646342754364013672e+00
8.702085614204406738e-01
1.962816238403320312e+01
2.747304677963256836e+00
6.918328094482421875e+01
7.421096801757812500e+01
9.049436950683593750e+01
2.527734078466892242e-02
1.339363670349121094e+01
7.000898718833923340e-01
5.914402770996093750e+01
2.284709548950195312e+01
4.222933292388916016e+00
1.055526733398437500e+00
7.094046473503112793e-01
7.006864070892333984e+00
6.794359207153320312e+00
5.911115646362304688e+00
7.993537187576293945e-01
2.266078948974609375e+00
1.628018260002136230e+00
1.656802773475646973e+00
1.246978878974914551e+00
5.690011382102966309e-01
5.981768131256103516e+00
8.500020027160644531e+00
3.487459421157836914e-01
1.542442917823791504e+00
1.514665031433105469e+01
1.300376510620117188e+01
3.086128473281860352e+00
5.384169578552246094e+00
1.233307266235351562e+01
1.550581574440002441e+00
1.343460235595703125e+02
1.363998532295227051e+00
6.759145259857177734e+00
4.703864455223083496e-01
6.846134066581726074e-01
1.785110831260681152e-01
4.187401199340820312e+01
7.509582042694091797e+00
1.234353351593017578e+01
1.182653546333312988e+00
9.397962188720703125e+01
8.389550781250000000e+01
8.995810151100158691e-01
2.039825767278671265e-01
8.652960777282714844e+00
6.073094367980957031e+00
4.269103050231933594e+00
7.240179061889648438e+00
3.206396579742431641e+00
4.215557098388671875e+00
1.503137826919555664e+00
1.348481655120849609e+00
4.624069690704345703e+00
4.045025348663330078e+00
5.538690795898437500e+02
2.108964996337890625e+02
1.821870613098144531e+01
1.200391769409179688e+00
2.135493469238281250e+01
5.155844211578369141e+00
1.360572934150695801e+00
7.377480316162109375e+01
9.848352432250976562e+00
3.103224277496337891e+00
1.099572944641113281e+01
1.270361393690109253e-01
6.352773308753967285e-01
7.015279531478881836e-01
4.790745377540588379e-01
1.967863440513610840e+00
2.090785408020019531e+01
1.411678981781005859e+01
2.189320182800292969e+01
4.975514221191406250e+01
5.119449496269226074e-01
7.600978088378906250e+01
2.860607528686523438e+01
2.884222602844238281e+01
6.698487281799316406e+00
5.984690475463867188e+01
2.892410039901733398e+00
8.495708465576171875e+00
7.512095928192138672e+00
1.810248494148254395e+00
8.082060241699218750e+01
3.335166454315185547e+00
9.284357428550720215e-01
1.630908012390136719e+01
2.995117425918579102e+00
9.074279665946960449e-01
1.730171084403991699e+00
8.608447909355163574e-01
7.465982437133789062e-01
3.964383697509765625e+01
1.979641914367675781e+01
1.689177513122558594e+01
2.807517766952514648e+00
1.054417324066162109e+01
1.319444060325622559e+00
5.700289726257324219e+00
1.279401683807373047e+01
2.174985351562500000e+02
2.327720522880554199e-01
1.020562171936035156e+01
1.964481544494628906e+01
1.686911344528198242e+00
1.508796215057373047e+00
6.983252716064453125e+01
1.055557727813720703e+01
2.612925767898559570e+00
1.005212306976318359e+01
4.023668289184570312e+00
2.687827110290527344e+01
7.829077839851379395e-01
2.811028861999511719e+01
1.697678756713867188e+01
7.605180889368057251e-02
7.363102722167968750e+01
1.364089965820312500e+01
1.036531567573547363e+00
1.693275570869445801e+00
4.802593994140625000e+01
7.928887844085693359e+00
1.138804197311401367e+00
3.888470411300659180e+00
7.462689876556396484e-01
9.067825317382812500e+00
1.180052089691162109e+01
3.139433264732360840e-01
1.659427762031555176e+00
1.148684144020080566e+00
9.407470822334289551e-01
2.280571937561035156e+00
8.679353713989257812e+00
2.386842012405395508e+00
5.917410373687744141e+00
3.519172668457031250e+00
1.877968597412109375e+01
1.669622212648391724e-01
3.142902374267578125e+00
7.258045196533203125e+01
5.392421722412109375e+00
6.619861125946044922e+00
4.780605316162109375e+00
3.632045984268188477e+00
3.562715649604797363e-01
2.094204330444335938e+01
2.071024417877197266e+00
1.024467849731445312e+01
8.348875641822814941e-01
1.421321868896484375e+01
3.547718822956085205e-01
3.448651504516601562e+01
1.280943908691406250e+02
5.059345960617065430e-01
4.453051686286926270e-01
1.109627819061279297e+01
6.212674379348754883e-01
1.512731781005859375e+02
1.809979677200317383e+00
4.165005683898925781e+00
8.257700204849243164e-01
1.874598026275634766e+00
3.508371114730834961e-01
9.702623367309570312e+00
7.210885882377624512e-01
3.661333084106445312e+01
1.224909782409667969e+00
9.508281707763671875e+00
3.490147292613983154e-01
4.395976662635803223e-01
1.187824606895446777e+00
1.257007718086242676e+00
9.478136062622070312e+00
2.358640670776367188e+00
1.306732773780822754e+00
1.677235007286071777e+00
1.340625667572021484e+01
7.439367771148681641e+00
1.432293224334716797e+01
3.512621521949768066e-01
2.337570953369140625e+01
1.780284881591796875e+00
1.560937166213989258e+00
4.128250122070312500e+00
7.068665027618408203e-01
3.550949478149414062e+01
7.460967063903808594e+00
4.157535076141357422e+00
1.247148227691650391e+01
1.818699598312377930e+00
1.714005112648010254e+00
2.240329551696777344e+01
3.066627120971679688e+01
5.352431297302246094e+00
5.219223499298095703e+00
1.065836429595947266e+01
1.351145458221435547e+01
1.621451377868652344e+01
3.140132331848144531e+01
5.616049194335937500e+01
3.294437229633331299e-01
8.137942314147949219e+00
9.033493804931640625e+01
1.925360107421875000e+01
3.602642059326171875e+01
4.766097962856292725e-01
4.763872325420379639e-01
4.525375843048095703e+00
1.839372277259826660e+00
7.019528388977050781e+00
5.148234844207763672e+00
2.430386304855346680e+00
7.212885379791259766e+00
3.454553842544555664e+00
2.921412944793701172e+00
9.676287174224853516e-01
2.810333371162414551e-01
1.494355320930480957e+00
4.667776489257812500e+01
1.135701751708984375e+01
2.346655845642089844e+00
2.685065746307373047e+00
3.343571186065673828e+00
2.123985767364501953e+00
1.399178924560546875e+02
1.577759742736816406e+00
3.797426700592041016e+00
1.705107569694519043e+00
5.490079879760742188e+00
9.812163352966308594e+00
1.471060872077941895e+00
8.320554733276367188e+00
2.439540672302246094e+01
2.065110588073730469e+01
2.741420984268188477e+00
3.517071533203125000e+01
4.297276496887207031e+00
3.579770565032958984e+00
2.708890533447265625e+01
2.409227132797241211e+00
8.339978218078613281e+00
4.920803451538085938e+01
4.094403457641601562e+01
5.851443481445312500e+01
1.249715805053710938e+02
2.302477121353149414e+00
1.058581948280334473e+00
6.520781517028808594e-01
7.528580427169799805e-01
5.305415630340576172e+00
7.768065333366394043e-01
4.047223031520843506e-01
1.181774854660034180e+00
4.490812718868255615e-01
1.430644836425781250e+02
1.284578132629394531e+01
4.066075515747070312e+01
2.066742324829101562e+01
1.033720374107360840e+00
1.527880668640136719e+01
5.372821807861328125e+00
2.615370035171508789e+00
6.540352106094360352e-01
8.949929809570312500e+01
3.293288803100585938e+01
3.967813968658447266e+00
7.312843799591064453e+00
2.407331466674804688e+01
9.000803375244140625e+01
3.444172382354736328e+00
5.430865883827209473e-01
1.313185310363769531e+01
7.932088375091552734e-01
3.311693906784057617e+00
5.758186817169189453e+00
2.382924652099609375e+01
7.339055538177490234e-01
1.968475580215454102e+00
5.799070358276367188e+01
1.775499343872070312e+01
1.601972198486328125e+01
7.974050998687744141e+00
5.951889038085937500e+00
1.730888038873672485e-01
1.062982901930809021e-01
8.563950538635253906e+00
4.209011554718017578e+00
8.019148707389831543e-01
5.794395446777343750e+00
5.963703918457031250e+01
9.227722930908203125e+01
8.290791511535644531e+00
2.837598323822021484e+00
1.708090543746948242e+00
3.787333726882934570e+00
4.547367095947265625e+00
1.950534629821777344e+01
1.609925746917724609e+00
1.205635452270507812e+01
7.178354859352111816e-01
2.905075311660766602e+00
1.336752176284790039e-01
2.777212619781494141e+00
1.617762947082519531e+01
1.398061279296875000e+03
2.853734970092773438e+00
7.848070144653320312e+00
9.021087288856506348e-01
1.854088783264160156e+00
2.893825721740722656e+01
2.140165328979492188e+01
2.807613611221313477e-01
9.352533817291259766e-01
2.108860731124877930e+00
2.310196876525878906e+01
3.121933555603027344e+01
1.549829006195068359e+00
2.323370170593261719e+01
1.232887802124023438e+02
1.198356628417968750e+00
2.788042068481445312e+00
1.812197327613830566e+00
8.935321807861328125e+00
4.140699386596679688e+00
5.647778987884521484e+00
3.977937927246093750e+02
3.407369613647460938e+00
1.811238098144531250e+01
2.268258209228515625e+02
4.350096130371093750e+01
1.953660964965820312e+00
2.478710556030273438e+01
