2.818038128316402435e-02
1.119531989097595215e-01
6.595334038138389587e-03
1.640369649976491928e-03
4.068793356418609619e-02
4.723344802856445312e+00
1.628643646836280823e-02
3.201864892616868019e-03
4.372815135866403580e-03
4.859870672225952148e-01
4.991416819393634796e-03
1.639872230589389801e-02
4.860528185963630676e-02
1.489738374948501587e-02
1.436520717106759548e-03
1.220818422734737396e-02
3.134805243462324142e-03
4.509016871452331543e-03
2.086041122674942017e-02
5.159548018127679825e-04
1.678096055984497070e-01
2.203199267387390137e-02
2.647793591022491455e-01
4.534095898270606995e-02
7.799260020256042480e-01
1.529227476567029953e-02
3.852627053856849670e-02
2.362548001110553741e-02
7.850337773561477661e-02
7.751025557518005371e-01
4.395478463266044855e-04
1.257785770576447248e-04
6.355149671435356140e-03
2.101159840822219849e-02
6.759638339281082153e-02
6.924640387296676636e-03
6.159299518913030624e-03
7.083018426783382893e-04
1.004769653081893921e-02
5.506481509655714035e-03
2.277933955192565918e-01
6.697798520326614380e-02
1.930102589540183544e-03
1.481816387176513672e+01
1.558484435081481934e-01
6.983002275228500366e-02
4.426544532179832458e-03
2.494458705186843872e-01
4.180926363915205002e-03
1.094258949160575867e-02
2.139237076044082642e-01
3.268747776746749878e-02
9.974309802055358887e-02
3.342694044113159180e-02
5.090601625852286816e-04
1.650944352149963379e-03
4.767166916280984879e-03
1.420033909380435944e-02
2.368640899658203125e-02
6.458996772766113281e+00
1.182403881102800369e-02
1.068677330017089844e+01
1.246109697967767715e-02
3.420142922550439835e-03
1.186793446540832520e-01
1.526822242885828018e-02
1.345165222883224487e-01
7.129080593585968018e-03
5.006330013275146484e-01
5.368299484252929688e-01
1.547082210890948772e-04
1.355765700340270996e+00
8.241597097367048264e-04
2.384478785097599030e-02
8.600354194641113281e-02
4.320372641086578369e-02
6.544707808643579483e-03
4.506941512227058411e-02
3.650638461112976074e-02
1.495241001248359680e-02
6.079304590821266174e-02
1.854918338358402252e-02
1.502946112304925919e-02
3.085455682594329119e-04
2.587783616036176682e-03
1.301795826293528080e-03
2.919140933954622597e-05
4.099415987730026245e-02
6.731077432632446289e-01
9.508074144832789898e-04
6.158027797937393188e-03
8.022446185350418091e-03
1.192275434732437134e-03
9.954474866390228271e-02
4.324168839957565069e-04
5.310775637626647949e-01
4.857008755207061768e-01
4.477913305163383484e-02
1.503961859270930290e-03
5.210567638278007507e-02
1.602265357971191406e+00
4.535808414220809937e-02
1.037799520418047905e-03
1.521874498575925827e-02
9.830839000642299652e-03
4.632791578769683838e-01
9.782289713621139526e-02
1.350229140371084213e-02
3.740537539124488831e-02
7.645501196384429932e-02
1.172018945217132568e-01
3.564226031303405762e-01
3.839356079697608948e-02
5.469155684113502502e-02
1.402725931257009506e-02
3.646559268236160278e-02
6.475088745355606079e-02
6.002678070217370987e-03
2.999916905537247658e-03
6.070476770401000977e-02
7.182548870332539082e-04
7.194545269012451172e+00
5.033869147300720215e-01
2.892363965511322021e-01
1.498087076470255852e-04
2.094872295856475830e-01
1.298945490270853043e-02
7.850051042623817921e-04
5.811153724789619446e-02
6.999619305133819580e-02
1.415822029113769531e+00
5.861440300941467285e-02
3.748374758288264275e-03
1.181700383313000202e-03
3.470367565751075745e-02
2.689003571867942810e-02
4.546535015106201172e-02
2.700487613677978516e+00
1.461014449596405029e-01
3.351395726203918457e-01
2.040596678853034973e-02
9.466206654906272888e-03
6.980848312377929688e-01
5.951516628265380859e-01
2.384066390991210938e+01
2.455518767237663269e-02
2.981781363487243652e-01
5.928129889070987701e-03
4.682546108961105347e-02
9.984594769775867462e-03
1.929684355854988098e-02
8.220975846052169800e-02
7.635418325662612915e-02
1.658246293663978577e-02
6.224474310874938965e-02
1.036850828677415848e-02
1.285925414413213730e-02
3.569571673870086670e-02
2.800422487780451775e-03
5.073451902717351913e-03
4.130701348185539246e-02
3.593711880967020988e-04
1.995137333869934082e-01
4.972892105579376221e-01
2.902470231056213379e-01
1.033110469579696655e-01
1.292270869016647339e-01
1.805060356855392456e-01
1.173906445503234863e+00
2.132139052264392376e-04
1.782299019396305084e-02
8.932757377624511719e-02
8.757769683143123984e-05
1.136974431574344635e-02
4.169926047325134277e-02
1.336869359016418457e+00
1.878204755485057831e-02
1.148421131074428558e-02
1.075753010809421539e-02
9.661964327096939087e-02
4.207444563508033752e-02
3.057840280234813690e-02
1.278138756752014160e-01
2.924558892846107483e-02
1.597923636436462402e+00
1.046922057867050171e-02
6.162107922136783600e-03
6.293310225009918213e-02
2.755727171897888184e-01
2.089157886803150177e-02
1.300700753927230835e-01
2.738432399928569794e-02
2.796415064949542284e-04
7.954923063516616821e-02
3.504813313484191895e-01
1.324028149247169495e-02
2.064804434776306152e-01
7.893274724483489990e-02
3.721349406987428665e-03
2.410751581192016602e-02
2.692913869395852089e-03
2.536860294640064240e-02
1.111860480159521103e-02
2.118134871125221252e-02
8.284785784780979156e-03
1.968339318409562111e-03
1.744229644536972046e-01
1.344575023651123047e+01
7.604334037750959396e-03
3.421111730858683586e-03
7.047798484563827515e-03
3.645887225866317749e-02
1.150751340901479125e-04
6.473021507263183594e-01
2.073377370834350586e-02
2.196116447448730469e+00
4.725925251841545105e-02
1.566306687891483307e-02
5.205770721659064293e-04
5.809533596038818359e-01
2.966805696487426758e-01
1.445677969604730606e-02
1.069621648639440536e-03
2.038778364658355713e-02
1.028158076223917305e-04
3.099274449050426483e-02
7.587824366055428982e-04
3.821752071380615234e+00
3.505257070064544678e-01
6.980638485401868820e-03
2.223865129053592682e-02
1.262254733592271805e-02
2.818767912685871124e-02
2.030082279816269875e-03
2.889176607131958008e-01
1.742239668965339661e-02
1.769800186157226562e-01
4.375209566205739975e-03
1.053242161870002747e-01
3.624632663559168577e-04
2.489359863102436066e-02
5.437346175312995911e-02
1.578976213932037354e-01
3.663408802822232246e-03
8.681640028953552246e-03
8.108756504952907562e-03
3.297253698110580444e-02
9.529794007539749146e-02
2.806064672768115997e-02
1.016180068254470825e-01
3.008105419576168060e-02
1.251429319381713867e+00
4.504194293986074626e-05
4.866979271173477173e-02
1.732516102492809296e-02
2.719399333000183105e-01
3.110580921173095703e+00
1.786573976278305054e-02
1.750246621668338776e-02
2.185395359992980957e-01
3.090159967541694641e-03
5.681923357769846916e-04
8.520737886428833008e-01
2.319717966020107269e-02
3.899222938343882561e-03
2.001889608800411224e-02
1.128698326647281647e-02
1.687236428260803223e+00
7.387392688542604446e-03
9.087817743420600891e-03
1.582028985023498535e+00
3.068346343934535980e-02
4.891783893108367920e-01
2.885533962398767471e-03
1.461918582208454609e-03
1.276811677962541580e-02
5.515179596841335297e-03
1.078807376325130463e-02
2.549395561218261719e-01
1.730221271514892578e+00
1.235556378960609436e-01
9.722358547151088715e-03
4.484985023736953735e-03
1.265084370970726013e-02
1.705868926364928484e-04
3.441079985350370407e-03
4.399514675140380859e+00
1.002612233161926270e+00
3.914302797056734562e-04
6.421862542629241943e-02
1.196475699543952942e-02
9.730214951559901237e-04
6.616064906120300293e-02
2.010491490364074707e-02
8.766448008827865124e-04
1.635213010013103485e-02
1.590783521533012390e-02
5.592244118452072144e-02
2.239042282104492188e+00
4.204238951206207275e-02
4.221733212471008301e-01
8.956093192100524902e-01
8.149261027574539185e-02
7.502611279487609863e-01
2.051023960113525391e+00
4.516912158578634262e-03
4.010327905416488647e-02
2.987655065953731537e-02
5.397880915552377701e-03
1.027566865086555481e-01
6.057717204093933105e-01
2.834472805261611938e-02
8.070452138781547546e-03
1.442985236644744873e-01
3.087828168645501137e-03
2.974592708051204681e-02
7.438653847202658653e-04
5.689623355865478516e-01
2.288128715008497238e-03
3.626543330028653145e-03
3.006764352321624756e-01
1.267674262635409832e-03
7.517443504184484482e-03
2.588389068841934204e-02
5.020438227802515030e-03
2.632995545864105225e-01
6.545222830027341843e-03
3.891321597620844841e-03
6.041556131094694138e-03
2.132695401087403297e-03
4.430075176060199738e-03
2.423251420259475708e-01
4.311471711844205856e-03
9.851129725575447083e-03
4.624574445188045502e-03
1.762788370251655579e-02
2.651130082085728645e-03
4.890413489192724228e-03
2.486560121178627014e-02
2.342815697193145752e-01
1.168712507933378220e-03
7.499942439608275890e-04
3.994972910732030869e-03
1.423822999000549316e+00
1.027361257001757622e-03
1.256005186587572098e-02
1.298399269580841064e-01
2.032152563333511353e-02
3.346929326653480530e-02
2.767546474933624268e-02
8.590931445360183716e-02
2.122502624988555908e-01
6.850707723060622811e-05
1.696427166461944580e-02
3.830246860161423683e-03
1.071687787771224976e-03
1.842501945793628693e-02
1.922701112926006317e-02
3.713054955005645752e-02
3.957610949873924255e-02
1.627556048333644867e-02
1.105989911593496799e-03
1.453151833266019821e-02
6.961814127862453461e-03
8.369459956884384155e-02
2.774206362664699554e-02
5.636917427182197571e-02
1.636842614971101284e-03
6.392463296651840210e-02
3.050413506571203470e-04
2.346316128969192505e-01
1.318382769823074341e-01
2.983323670923709869e-02
1.529293041676282883e-02
6.815938949584960938e-01
1.206134096719324589e-03
1.131557673215866089e-02
4.970049019902944565e-03
1.422439794987440109e-02
1.645245216786861420e-02
6.396849453449249268e-02
9.005073225125670433e-04
3.209589958190917969e+00
1.048146635293960571e-01
2.206506207585334778e-02
3.644322395324707031e+00
8.708225250244140625e+00
8.400189690291881561e-03
5.886471481062471867e-04
4.745154583360999823e-04
2.960235066711902618e-02
3.316388232633471489e-03
2.118367142975330353e-02
7.316807270050048828e+00
2.290439733769744635e-04
3.886425971984863281e+00
7.549805194139480591e-02
2.151529490947723389e-02
3.652916639111936092e-04
2.738578710705041885e-03
7.248678684234619141e+00
1.273500442504882812e+02
1.272181549072265625e+02
7.793785929679870605e-01
4.001512145996093750e+01
2.854781389236450195e+00
6.741518554687500000e+02
1.002232646942138672e+01
7.856388092041015625e+01
5.987327098846435547e+00
2.035300292968750000e+02
2.106578826904296875e+01
9.262280273437500000e+01
8.096625804901123047e-01
2.770332717895507812e+01
1.149082489013671875e+02
1.630299682617187500e+02
1.940856475830078125e+02
1.489899139404296875e+02
8.082988739013671875e+00
1.016915206909179688e+02
4.945673942565917969e+00
9.460149765014648438e+00
6.300443649291992188e+01
2.513846874237060547e+00
6.080221533775329590e-01
2.675872192382812500e+02
4.107453308105468750e+02
1.636832763671875000e+03
3.684333496093750000e+02
1.032843112945556641e+01
5.771102905273437500e+00
1.604077339172363281e+01
2.606619262695312500e+02
1.709360313415527344e+01
1.615522003173828125e+01
1.012054324150085449e+00
8.082539588212966919e-02
7.511886596679687500e+00
1.201533966064453125e+02
1.158658813476562500e+03
1.540996932983398438e+01
1.116188645362854004e+00
4.396560974121093750e+02
3.001329421997070312e+01
7.662313842773437500e+01
9.146338653564453125e+01
2.052433013916015625e+01
8.232030868530273438e-01
1.034747924804687500e+03
3.832690124511718750e+02
4.277800750732421875e+01
1.368703937530517578e+01
2.030263710021972656e+01
5.988845348358154297e+00
1.055481529235839844e+01
4.950631141662597656e+00
4.945246577262878418e-01
1.749311828613281250e+01
1.990208984375000000e+03
7.364556884765625000e+02
5.152957153320312500e+02
1.446214866638183594e+01
7.549504852294921875e+01
2.657374143600463867e+00
1.076538772583007812e+02
4.392498779296875000e+01
3.566395751953125000e+03
1.758997497558593750e+02
6.624347686767578125e+01
9.417796134948730469e-02
3.893551330566406250e+02
2.509617567062377930e+00
2.110421600341796875e+02
7.875650405883789062e+00
1.294780445098876953e+01
1.737266778945922852e+00
1.099114227294921875e+01
2.973464965820312500e+02
3.024328994750976562e+01
3.702962112426757812e+01
7.179219722747802734e+00
1.035684776306152344e+01
4.494585418701171875e+01
5.891172885894775391e+00
2.227783393859863281e+01
1.418959051370620728e-01
1.493329143524169922e+01
2.030912017822265625e+01
2.219545125961303711e+00
2.097438812255859375e+01
4.093498611450195312e+01
3.668511199951171875e+01
1.754795646667480469e+01
6.375738906860351562e+01
6.350770263671875000e+02
2.522927522659301758e+00
3.267809143066406250e+02
3.818871974945068359e-01
7.014520874023437500e+02
2.598093509674072266e+00
1.850373077392578125e+01
5.133636474609375000e+00
1.045328979492187500e+02
5.181058120727539062e+01
1.759840698242187500e+02
2.241539001464843750e+00
5.320476074218750000e+03
4.819993591308593750e+02
1.113673806190490723e+00
7.651005387306213379e-01
1.606278442382812500e+03
1.686958007812500000e+02
1.814088225364685059e+00
3.386525726318359375e+01
1.116017532348632812e+02
1.465827026367187500e+02
1.997386741638183594e+01
1.171545486450195312e+02
8.443678855895996094e+00
3.713068847656250000e+02
4.703195800781250000e+03
7.982514038085937500e+02
1.470221710205078125e+02
7.004506587982177734e+00
7.335859375000000000e+02
4.747917556762695312e+01
3.899855613708496094e+00
5.887171630859375000e+02
1.365745391845703125e+02
7.261738891601562500e+02
5.212646865844726562e+01
6.943242549896240234e-01
6.011931228637695312e+01
2.060333013534545898e+00
3.127014398574829102e+00
6.508274078369140625e-01
7.893638916015625000e+02
7.343030395507812500e+02
2.614899291992187500e+02
6.142066574096679688e+01
3.529906034469604492e+00
7.108117675781250000e+02
2.321026039123535156e+01
9.850820922851562500e+02
4.813595581054687500e+01
8.138833618164062500e+02
1.317058682441711426e+00
1.352867126464843750e+02
2.339028808593750000e+03
6.965915560722351074e-01
7.689131469726562500e+02
2.830031967163085938e+01
4.436972737312316895e-01
1.282572174072265625e+02
6.240108108520507812e+01
2.119310379028320312e+00
7.370256185531616211e-01
9.177824974060058594e+00
4.130188941955566406e+00
1.256059326171875000e+03
1.487049407958984375e+02
1.618975372314453125e+02
6.352330017089843750e+01
2.567983703613281250e+02
1.529446411132812500e+02
1.351201782226562500e+02
4.585498046875000000e+02
3.234824218750000000e+03
1.751701545715332031e+01
1.182444000244140625e+01
2.076937011718750000e+03
4.571124076843261719e+00
4.543204307556152344e+00
4.347758178710937500e+02
1.572378253936767578e+01
9.571507453918457031e+00
6.997352600097656250e+01
4.394626140594482422e+00
2.077991867065429688e+01
2.090930938720703125e+01
3.468298339843750000e+01
2.919873962402343750e+02
6.471464633941650391e+00
2.045675195312500000e+04
4.184002876281738281e+00
7.761740088462829590e-01
3.305345916748046875e+01
1.221604736328125000e+03
5.642467498779296875e+01
9.676698684692382812e+00
4.568267822265625000e+02
1.059029388427734375e+01
6.831531524658203125e+01
2.142063903808593750e+02
2.043252468109130859e+00
1.227227706909179688e+02
1.795114636421203613e+00
1.595672035217285156e+01
4.499150753021240234e+00
3.334650421142578125e+01
1.828586196899414062e+01
6.792160511016845703e+00
3.689452743530273438e+01
5.361874771118164062e+01
1.545668959617614746e+00
1.485139617919921875e+02
5.419013671875000000e+02
1.037545776367187500e+01
7.991677093505859375e+01
1.310088729858398438e+01
6.645419597625732422e+00
9.376844763755798340e-01
4.813112792968750000e+03
1.496093463897705078e+01
5.576770629882812500e+02
2.147236347198486328e+00
2.136949768066406250e+02
1.496294140815734863e+00
2.572259521484375000e+02
3.641078125000000000e+03
2.315703183412551880e-01
2.181791782379150391e+00
1.575766845703125000e+03
3.050639629364013672e+00
1.003549255371093750e+03
4.017089366912841797e+00
3.775514984130859375e+01
1.300272655487060547e+01
1.153911781311035156e+01
5.546385049819946289e-02
1.665942573547363281e+01
4.448887825012207031e+00
6.739201049804687500e+02
9.537914276123046875e+01
1.057980060577392578e+01
7.635438919067382812e+00
2.961043548583984375e+01
2.294689750671386719e+01
1.763767957687377930e+00
6.744727783203125000e+02
1.455502929687500000e+02
1.493576240539550781e+01
2.558090972900390625e+01
2.102789306640625000e+02
1.367910614013671875e+02
1.637106628417968750e+02
8.251858353614807129e-01
1.015951269531250000e+04
1.277868843078613281e+01
7.091732025146484375e+01
1.907113456726074219e+01
5.682412981986999512e-01
1.387722656250000000e+03
1.497965240478515625e+02
7.614722847938537598e-01
1.093359863281250000e+03
7.061521148681640625e+01
1.025544357299804688e+01
6.383505859375000000e+03
6.290339279174804688e+01
8.361255645751953125e+01
5.671700286865234375e+01
7.500301513671875000e+02
2.995107727050781250e+02
3.785618286132812500e+02
4.739313507080078125e+01
3.280661621093750000e+03
6.335372924804687500e-01
2.650304985046386719e+01
4.196134033203125000e+02
9.629915237426757812e+00
5.052813110351562500e+02
1.149902224540710449e+00
1.906757593154907227e+00
5.540885925292968750e+01
4.549163341522216797e+00
1.629881095886230469e+01
2.048407287597656250e+02
1.043694972991943359e+00
1.864468574523925781e+01
1.035145378112792969e+01
5.771871089935302734e+00
5.183200454711914062e+01
1.279284000396728516e+00
1.061762452125549316e+00
2.501462097167968750e+02
9.291130371093750000e+02
5.158455848693847656e+00
1.609883117675781250e+02
1.746812820434570312e+01
1.100208854675292969e+01
2.411939697265625000e+03
3.751168966293334961e+00
4.054626464843750000e+02
4.135796356201171875e+01
2.751270484924316406e+01
1.288257202148437500e+03
4.231926345825195312e+01
1.827660064697265625e+02
7.912783203125000000e+02
2.553788146972656250e+02
7.994261169433593750e+01
2.926196289062500000e+02
4.700020599365234375e+01
1.928153872489929199e+00
4.734545135498046875e+01
2.068164443969726562e+01
5.871816158294677734e+00
1.374916259765625000e+03
5.091889038085937500e+02
1.004312316894531250e+03
2.737951049804687500e+02
1.096979618072509766e+01
3.508435249328613281e+00
6.788635253906250000e-01
4.030804443359375000e+01
1.824155044555664062e+01
8.737747192382812500e+00
1.217691183090209961e+00
1.929278755187988281e+01
4.654575884342193604e-01
9.422021484375000000e+01
3.169075202941894531e+01
9.136103820800781250e+01
1.201937408447265625e+02
2.956191253662109375e+01
6.876305389404296875e+01
1.756148338317871094e+01
8.619328498840332031e+00
2.271689474582672119e-01
1.033813867187500000e+04
3.444707275390625000e+03
2.525448913574218750e+02
1.995937805175781250e+02
1.587138519287109375e+02
1.056370727539062500e+03
2.565799331665039062e+01
4.287441635131835938e+01
1.918780517578125000e+01
3.057929039001464844e+00
8.896470642089843750e+01
1.374099609375000000e+03
8.251055145263671875e+01
7.400577545166015625e+00
1.332841682434082031e+01
1.928458862304687500e+02
5.025911865234375000e+02
1.049788131713867188e+02
1.187294769287109375e+01
2.098758316040039062e+01
1.216052845120429993e-01
1.378001272678375244e-01
4.396940231323242188e+01
3.644550323486328125e+01
6.251262664794921875e+00
2.438488006591796875e+01
2.438159637451171875e+02
6.038909912109375000e+01
1.464827270507812500e+02
1.228439331054687500e+01
2.135130882263183594e+00
1.272509193420410156e+01
5.115730285644531250e+01
1.221590209960937500e+03
2.715522289276123047e+00
1.279980468750000000e+02
1.478232026100158691e+00
3.907818078994750977e+00
3.243241608142852783e-01
1.009582901000976562e+01
4.737380859375000000e+03
2.281280078125000000e+04
8.257510185241699219e+00
1.124166793823242188e+02
7.550167846679687500e+01
4.981720924377441406e+00
1.525880584716796875e+02
7.070035400390625000e+02
7.452346324920654297e+00
6.258008956909179688e+00
2.776578426361083984e+00
7.671040344238281250e+01
3.170979690551757812e+01
3.217128753662109375e+01
2.837718200683593750e+02
6.330917968750000000e+02
4.958308696746826172e+00
5.444613933563232422e+00
4.217889785766601562e+00
2.313709259033203125e+02
1.217965984344482422e+01
4.152960586547851562e+01
2.866567687988281250e+02
1.762901115417480469e+01
8.888134765625000000e+02
1.040165405273437500e+03
2.045870208740234375e+02
1.391490340232849121e+00
2.239501953125000000e+01
