7.041241973638534546e-02
1.455105692148208618e-01
2.337969653308391571e-02
2.502387622371315956e-03
2.450750768184661865e-02
6.519991755485534668e-01
1.774692907929420471e-02
8.515886031091213226e-03
3.356435522437095642e-02
1.292155385017395020e-01
9.420445561408996582e-02
4.138572514057159424e-02
7.273940742015838623e-02
1.615638285875320435e-02
9.058969095349311829e-03
3.542619943618774414e-02
2.705973805859684944e-03
2.063134498894214630e-02
2.098400890827178955e-02
5.439042113721370697e-03
8.744446560740470886e-03
1.456624083220958710e-02
1.342497318983078003e-01
1.542371883988380432e-02
2.493106603622436523e+00
6.755013018846511841e-03
2.833895757794380188e-02
1.047407239675521851e-01
1.705497801303863525e-01
8.993678092956542969e-01
2.316016936674714088e-03
1.050504972226917744e-03
4.203589260578155518e-02
1.082263663411140442e-01
1.590806245803833008e-02
1.079498007893562317e-01
1.089343801140785217e-02
1.421870081685483456e-03
3.268874809145927429e-02
1.203858200460672379e-02
2.855284214019775391e-01
9.784208983182907104e-02
2.278629690408706665e-02
2.519761562347412109e+00
1.958843618631362915e-01
8.939751982688903809e-02
1.579573936760425568e-02
6.510712504386901855e-01
1.493127783760428429e-03
2.027642428874969482e-01
1.105362623929977417e-01
4.027694463729858398e-02
1.977639496326446533e-01
3.859311714768409729e-02
2.723871264606714249e-03
3.961229231208562851e-03
5.169840063899755478e-03
6.225437670946121216e-02
1.716198958456516266e-02
1.022395229339599609e+01
9.715184569358825684e-03
4.174095630645751953e+00
1.427413430064916611e-02
1.861975528299808502e-02
1.267828494310379028e-01
1.081531047821044922e-01
3.638541102409362793e-01
5.086661130189895630e-02
1.061484217643737793e+00
4.195907413959503174e-01
2.397637581452727318e-04
4.647509157657623291e-01
4.182635340839624405e-03
4.545609652996063232e-01
8.549720048904418945e-02
2.192629687488079071e-02
1.275207847356796265e-02
3.098530508577823639e-02
2.262942679226398468e-02
1.758565381169319153e-02
3.401587009429931641e-01
2.014306373894214630e-02
8.002864569425582886e-02
1.296013477258384228e-03
3.897988470271229744e-03
3.476270940154790878e-03
1.936717308126389980e-04
2.151113562285900116e-02
5.473012924194335938e-01
9.841185528784990311e-04
1.364728435873985291e-02
3.523546457290649414e-02
9.084022603929042816e-03
4.089004546403884888e-02
1.391330081969499588e-02
5.030185580253601074e-01
1.197879835963249207e-01
3.525958955287933350e-01
5.729688331484794617e-03
1.095881313085556030e-01
7.995529770851135254e-01
4.612547904253005981e-02
4.763611126691102982e-03
2.079341188073158264e-02
2.411612682044506073e-02
1.702391207218170166e-01
5.430980771780014038e-02
4.483150690793991089e-02
2.906678020954132080e-01
8.010800182819366455e-02
1.905025541782379150e-02
1.187353506684303284e-01
7.183403521776199341e-02
3.561250269412994385e-01
2.492431551218032837e-02
7.389638572931289673e-02
6.893677264451980591e-02
1.523075252771377563e-02
5.922784097492694855e-03
1.760099828243255615e-02
2.733884146437048912e-03
2.810912132263183594e+01
2.868237197399139404e-01
8.725017309188842773e-01
8.114225347526371479e-04
4.821475595235824585e-02
1.509883534163236618e-02
7.399801979772746563e-04
1.221495419740676880e-01
2.995033748447895050e-02
4.671396911144256592e-01
5.481634289026260376e-02
5.533558316528797150e-03
1.954462844878435135e-03
2.533697150647640228e-02
6.635971367359161377e-03
1.559246703982353210e-02
6.843858361244201660e-01
1.113617792725563049e-01
7.624086141586303711e-01
2.516454085707664490e-02
1.062523201107978821e-02
1.453279495239257812e+00
6.058163046836853027e-01
3.772949695587158203e+00
8.348771184682846069e-02
2.024711370468139648e-01
4.183627665042877197e-02
1.324537694454193115e-01
2.625895850360393524e-02
1.713422872126102448e-02
3.387721180915832520e-01
1.044532135128974915e-01
5.766316130757331848e-02
1.702508777379989624e-01
5.412625148892402649e-02
2.315435744822025299e-02
2.661513909697532654e-02
1.328193233348429203e-03
3.808209206908941269e-03
9.383613616228103638e-02
1.585707068443298340e-02
6.289163231849670410e-02
9.022747725248336792e-02
7.563256621360778809e-01
1.963749825954437256e-01
2.905716001987457275e-01
1.723207980394363403e-01
1.570336818695068359e+00
3.040277631953358650e-03
1.357125192880630493e-01
1.152806580066680908e-01
1.562204910442233086e-03
2.279494702816009521e-02
5.064693465828895569e-02
7.936788797378540039e-01
3.222916275262832642e-02
3.034877404570579529e-02
2.450232580304145813e-02
6.535778641700744629e-01
8.430562913417816162e-02
5.247613787651062012e-02
1.172833740711212158e-01
4.039945080876350403e-02
1.165767431259155273e+00
5.394869297742843628e-02
2.863922342658042908e-02
2.347606606781482697e-02
2.188858836889266968e-01
3.467787802219390869e-02
6.435773968696594238e-01
3.123304620385169983e-02
5.781517829746007919e-04
4.423811286687850952e-02
1.258158683776855469e-01
5.162674933671951294e-02
1.001656427979469299e-01
2.747115306556224823e-02
4.784232471138238907e-03
2.096653878688812256e-01
3.984906710684299469e-03
3.998074680566787720e-02
4.050693288445472717e-02
3.322790190577507019e-02
3.098322264850139618e-02
7.879930548369884491e-03
7.503659278154373169e-02
5.582806587219238281e+00
4.766376223415136337e-03
3.056757617741823196e-03
1.000371947884559631e-02
3.372861817479133606e-02
9.481000597588717937e-04
5.496824979782104492e-01
4.574196040630340576e-02
1.205070734024047852e+00
4.126670658588409424e-01
1.228734198957681656e-02
1.298959716223180294e-03
7.641798853874206543e-01
7.593760490417480469e-01
5.404273048043251038e-03
1.467639766633510590e-02
1.622715219855308533e-02
2.740646596066653728e-04
1.265785843133926392e-01
2.738488605245947838e-03
1.214879751205444336e+00
8.084011822938919067e-02
1.697811670601367950e-02
2.238648571074008942e-02
1.869632489979267120e-02
1.173356734216213226e-02
1.785328052937984467e-02
2.291684225201606750e-02
1.657935976982116699e-01
5.455837771296501160e-02
3.709576558321714401e-03
1.857021450996398926e-01
2.059866907075047493e-03
1.681879013776779175e-01
1.839818619191646576e-02
1.168124824762344360e-01
5.704267881810665131e-03
1.062679290771484375e-02
2.302876673638820648e-02
7.197020202875137329e-02
3.400642424821853638e-02
4.352254420518875122e-02
8.674092590808868408e-02
5.973985418677330017e-02
5.466581583023071289e-01
4.948079003952443600e-04
2.750115394592285156e-01
7.636683434247970581e-02
1.129285991191864014e-01
1.417927622795104980e+00
7.384302467107772827e-02
2.463280409574508667e-02
3.364536166191101074e-02
9.389830753207206726e-03
3.700060071423649788e-03
2.804804444313049316e-01
5.800801143050193787e-02
1.013384852558374405e-02
2.113213539123535156e-01
3.459575818851590157e-03
1.123003602027893066e+00
1.302776974625885487e-03
1.690383069217205048e-02
4.075692176818847656e+00
1.395866274833679199e-01
1.133619695901870728e-01
4.165210295468568802e-03
1.897678128443658352e-03
1.694957166910171509e-02
3.450378030538558960e-02
1.684175990521907806e-02
1.235885992646217346e-01
3.691768646240234375e-01
4.152576923370361328e-01
6.112917885184288025e-02
2.428019419312477112e-02
9.640155360102653503e-03
8.383415406569838524e-04
1.197371818125247955e-02
3.182049989700317383e+00
1.310468196868896484e+00
7.763654459267854691e-03
7.263059169054031372e-02
1.651743613183498383e-02
6.831618491560220718e-03
1.774506568908691406e-01
1.721668429672718048e-02
3.259282326325774193e-03
1.004017703235149384e-02
2.110590413212776184e-02
5.036763846874237061e-02
9.232907891273498535e-01
1.449408531188964844e-01
1.831405758857727051e+00
1.346679180860519409e-01
1.646082997322082520e-01
1.185913801193237305e+00
3.818268477916717529e-01
1.516684517264366150e-02
7.625572383403778076e-03
1.255190074443817139e-01
7.110513746738433838e-02
1.787821203470230103e-01
8.423292040824890137e-01
1.072500124573707581e-01
6.997146457433700562e-02
1.336903870105743408e-01
1.008097268640995026e-02
4.822226241230964661e-02
2.848027041181921959e-03
9.902216792106628418e-01
1.782463979907333851e-03
8.897607214748859406e-03
1.130129024386405945e-01
1.632172497920691967e-03
5.630513280630111694e-02
2.250456809997558594e-01
2.864296548068523407e-02
2.054372072219848633e+00
4.957634489983320236e-03
6.175464950501918793e-03
1.588395796716213226e-02
5.753885954618453979e-03
1.770170405507087708e-03
1.938923001289367676e+00
1.776462420821189880e-02
2.598510310053825378e-02
1.609229668974876404e-02
1.764904521405696869e-02
1.968825235962867737e-02
1.205029245465993881e-02
7.234012335538864136e-02
2.459865361452102661e-01
2.965185977518558502e-02
1.139693777076900005e-03
6.228296551853418350e-03
8.213850259780883789e-01
1.274383510462939739e-03
1.269452739506959915e-02
3.810886740684509277e-01
4.012890160083770752e-01
3.777392581105232239e-02
1.268590539693832397e-01
9.873681515455245972e-02
5.790187790989875793e-02
4.554955230560153723e-04
1.448000874370336533e-02
3.988391533493995667e-02
3.323036478832364082e-03
1.884915865957736969e-02
6.083106249570846558e-02
8.713566511869430542e-02
9.953910112380981445e-02
3.299710527062416077e-02
5.799091886729001999e-03
4.705873504281044006e-02
2.648419886827468872e-02
2.683091461658477783e-01
3.468284010887145996e-02
6.569685786962509155e-02
4.254859872162342072e-03
2.775228917598724365e-01
9.640338830649852753e-04
6.950950622558593750e-02
2.115326374769210815e-02
2.888739109039306641e+00
5.565349757671356201e-02
2.978794872760772705e-01
4.145434126257896423e-03
9.145103394985198975e-03
1.413319259881973267e-02
9.558109566569328308e-03
1.309081353247165680e-02
6.193059682846069336e-02
7.724225055426359177e-03
5.184105038642883301e-01
3.082662224769592285e-01
6.096410006284713745e-02
2.127975463867187500e+00
8.582481384277343750e+00
1.458239089697599411e-02
8.739382028579711914e-03
3.560023615136742592e-04
4.908785223960876465e-02
3.755978122353553772e-02
3.007236868143081665e-02
6.618040561676025391e+00
7.081576040945947170e-04
2.435744047164916992e+00
1.494764685630798340e-01
1.814111508429050446e-02
6.332212127745151520e-03
7.295341230928897858e-03
3.481201648712158203e+00
1.802440261840820312e+01
1.722766304016113281e+01
1.657958924770355225e-01
4.015801429748535156e+00
1.277173638343811035e+00
5.383172607421875000e+01
4.508349895477294922e+00
5.005559921264648438e+01
4.177865028381347656e+00
3.436470413208007812e+01
9.449482917785644531e+00
5.284268856048583984e+00
3.992757201194763184e-01
1.042194080352783203e+01
1.841662025451660156e+01
8.877168655395507812e+00
7.010079956054687500e+01
1.203234481811523438e+01
1.839668273925781250e+00
2.286592006683349609e+00
2.167794704437255859e+00
8.231482505798339844e+00
7.174393653869628906e+00
1.099724960327148438e+01
7.119346261024475098e-01
1.078300857543945312e+01
8.081216430664062500e+01
1.719484710693359375e+02
1.781864547729492188e+01
1.449583649635314941e+00
1.519920706748962402e+00
1.804828286170959473e+00
1.683805999755859375e+02
1.240896224975585938e+00
9.665575981140136719e+00
3.391148447990417480e-01
1.616333127021789551e-01
1.192077755928039551e+00
1.764093208312988281e+01
5.561145629882812500e+02
9.548484802246093750e+00
3.980820775032043457e-01
5.687814712524414062e+01
9.601034164428710938e+00
6.718108367919921875e+01
5.224991226196289062e+01
6.840195178985595703e+00
8.156583309173583984e-01
9.630365753173828125e+01
2.449311637878417969e+01
4.234823226928710938e+00
7.715481281280517578e+00
3.332081222534179688e+01
3.260012626647949219e+00
6.998494267463684082e-01
1.239613056182861328e+00
7.894948124885559082e-01
2.707775354385375977e+00
1.008496932983398438e+02
2.225254821777343750e+01
1.022701492309570312e+02
1.020154595375061035e+00
5.119989395141601562e+00
1.904375553131103516e+00
1.109697723388671875e+01
8.311899185180664062e+00
4.318836669921875000e+02
5.219387207031250000e+02
1.799047088623046875e+01
4.721136763691902161e-02
2.161170387268066406e+01
1.052282094955444336e+00
4.889031219482421875e+01
5.597821235656738281e+00
4.379903316497802734e+00
3.221938312053680420e-01
1.212054491043090820e+00
1.789998626708984375e+01
1.345224380493164062e+01
1.305198383331298828e+01
1.541831493377685547e+00
4.196231842041015625e+00
6.187555313110351562e+00
4.043550014495849609e+00
1.904589533805847168e+00
1.615337878465652466e-01
1.444836235046386719e+01
8.656067848205566406e+00
7.703979611396789551e-01
2.228568077087402344e+00
3.544347763061523438e+01
2.401602745056152344e+01
9.558623313903808594e+00
1.663064956665039062e+01
1.224194335937500000e+01
2.469448804855346680e+00
6.284286499023437500e+02
1.223026871681213379e+00
1.446033859252929688e+01
3.846829831600189209e-01
1.825267791748046875e+00
2.785984575748443604e-01
4.533297348022460938e+01
6.591410160064697266e+00
1.242100715637207031e+01
2.469127893447875977e+00
1.155397567749023438e+02
1.718742065429687500e+02
1.663925647735595703e+00
1.295204162597656250e-01
2.672060966491699219e+01
9.509222030639648438e+00
5.521483421325683594e+00
1.647340202331542969e+01
2.054256057739257812e+01
7.947579383850097656e+00
3.267207384109497070e+00
1.016051483154296875e+01
6.797295093536376953e+00
1.509034347534179688e+01
2.032702026367187500e+03
1.158825073242187500e+02
1.879657363891601562e+01
1.994216799736022949e+00
9.552155303955078125e+01
5.944911003112792969e+00
1.440506100654602051e+00
1.375253295898437500e+02
4.209013366699218750e+01
1.435608100891113281e+01
7.579804420471191406e+00
9.499441832304000854e-02
2.129199981689453125e+00
6.333898901939392090e-01
8.723706007003784180e-01
2.536662578582763672e+00
5.926765441894531250e+01
3.239645004272460938e+01
5.055611038208007812e+01
3.460477066040039062e+01
2.988325655460357666e-01
1.526717681884765625e+02
1.503826522827148438e+01
5.482948684692382812e+01
8.091638565063476562e+00
1.350848846435546875e+02
8.219146132469177246e-01
1.516529560089111328e+01
4.626158523559570312e+01
8.114622235298156738e-01
1.500304107666015625e+02
1.813950347900390625e+01
6.266972422599792480e-01
5.317866897583007812e+01
4.687323570251464844e+00
1.008174657821655273e+00
5.707911252975463867e-01
5.202280282974243164e-01
9.302144050598144531e-01
1.076577224731445312e+02
6.118439102172851562e+01
4.257288742065429688e+01
5.785978317260742188e+00
1.992382431030273438e+01
2.205262899398803711e+00
1.536691856384277344e+01
4.764381790161132812e+01
1.698600616455078125e+02
8.488024473190307617e-01
8.919463157653808594e+00
1.241199645996093750e+02
1.016909003257751465e+00
3.265582561492919922e+00
7.129332733154296875e+01
9.277323722839355469e+00
2.563469409942626953e+00
1.159415340423583984e+01
2.064163208007812500e+00
1.491803169250488281e+01
1.018724203109741211e+00
2.384114646911621094e+01
5.353515625000000000e+01
1.706837564706802368e-01
1.031371093750000000e+03
7.859764099121093750e+00
1.147480726242065430e+00
3.458126068115234375e+00
5.704260635375976562e+01
1.035895633697509766e+01
1.416426062583923340e+00
6.866500377655029297e+00
1.473864555358886719e+00
1.482339000701904297e+01
1.435166645050048828e+01
2.547732293605804443e-01
8.455750465393066406e+00
1.081504106521606445e+00
6.982240676879882812e-01
2.498118400573730469e+00
5.602882862091064453e+00
1.336701393127441406e+00
4.255946636199951172e+00
5.899411678314208984e+00
3.429183578491210938e+01
2.865006923675537109e-01
6.380654335021972656e+00
4.044353485107421875e+01
3.940408468246459961e+00
1.281022739410400391e+01
6.702459335327148438e+00
2.943108081817626953e+00
7.853833436965942383e-01
3.412638549804687500e+02
7.017307758331298828e+00
2.681282615661621094e+01
3.239056348800659180e+00
7.441770172119140625e+01
5.677555799484252930e-01
5.569353485107421875e+01
6.689256591796875000e+02
2.258099466562271118e-01
6.826227307319641113e-01
4.514631271362304688e+01
1.109086513519287109e+00
1.434102172851562500e+02
2.694030046463012695e+00
4.146555900573730469e+00
8.944376707077026367e-01
5.432384967803955078e+00
2.968280017375946045e-01
8.287750244140625000e+00
4.954483807086944580e-01
3.992517089843750000e+01
2.627617835998535156e+00
2.177188301086425781e+01
5.584843754768371582e-01
2.521338939666748047e+00
5.007615089416503906e+00
6.205157041549682617e-01
7.579740142822265625e+01
6.162895202636718750e+00
3.386477231979370117e+00
2.272267103195190430e+00
1.365210819244384766e+01
4.127155685424804688e+01
4.429121017456054688e+01
2.162490338087081909e-01
1.585751190185546875e+02
3.348144531250000000e+00
6.315262317657470703e+00
1.036402320861816406e+01
9.852898120880126953e-01
7.076662445068359375e+01
1.836142158508300781e+01
2.574289083480834961e+00
1.399679660797119141e+01
4.394128799438476562e+00
2.383182525634765625e+00
8.573208618164062500e+01
1.314841365814208984e+01
1.966543006896972656e+01
8.323506355285644531e+00
5.453159332275390625e+01
1.359972095489501953e+01
3.226656341552734375e+01
1.454266929626464844e+01
9.191681671142578125e+01
1.209082975983619690e-01
4.838212490081787109e+00
4.010619201660156250e+02
2.993651199340820312e+01
6.389254760742187500e+01
3.246445059776306152e-01
2.571980655193328857e-01
9.609196662902832031e+00
6.401143550872802734e+00
7.283539295196533203e+00
9.212664604187011719e+00
1.282692670822143555e+00
8.711159706115722656e+00
3.310586690902709961e+00
2.716291427612304688e+00
4.285413265228271484e+00
5.489408969879150391e-01
1.488783240318298340e+00
1.183842620849609375e+02
7.861409759521484375e+01
2.789785861968994141e+00
1.991398429870605469e+01
1.167144489288330078e+01
2.880948781967163086e+00
8.928625488281250000e+02
2.469974994659423828e+00
1.883281326293945312e+01
4.865683078765869141e+00
1.493982219696044922e+01
5.568718719482421875e+01
3.433275222778320312e+00
2.410652351379394531e+01
3.215909194946289062e+01
2.765781021118164062e+01
1.208113193511962891e+01
1.589387054443359375e+02
4.225689888000488281e+00
3.107443571090698242e+00
5.583379745483398438e+01
5.655775547027587891e+00
5.741792201995849609e+00
1.393408355712890625e+02
7.055250549316406250e+01
7.149200439453125000e+01
3.088152770996093750e+02
6.280766725540161133e-01
2.631765365600585938e+00
3.932737112045288086e-01
1.650650501251220703e+00
6.745289325714111328e+00
1.659834980964660645e+00
5.923726558685302734e-01
2.295125722885131836e+00
6.229159235954284668e-01
1.769811096191406250e+02
1.012565231323242188e+01
6.980715942382812500e+01
4.297097015380859375e+01
2.226373910903930664e+00
2.211175537109375000e+01
7.584380149841308594e+00
9.665343284606933594e+00
6.370909810066223145e-01
6.809475097656250000e+02
6.929093933105468750e+01
6.219052314758300781e+00
2.035474395751953125e+01
4.387659835815429688e+01
2.447948608398437500e+02
7.719341754913330078e+00
1.192172765731811523e+00
1.263283348083496094e+01
4.332686960697174072e-01
9.306478500366210938e+00
7.866749572753906250e+01
1.046543884277343750e+01
1.309123396873474121e+00
1.644902229309082031e+00
6.962940216064453125e+01
1.603842315673828125e+02
2.242749595642089844e+01
1.376816844940185547e+01
8.134068489074707031e+00
1.931117773056030273e-01
8.146809786558151245e-02
1.292569541931152344e+01
6.331109046936035156e+00
1.787805080413818359e+00
1.011935329437255859e+01
5.247899246215820312e+01
5.760173034667968750e+01
1.345617008209228516e+01
1.742002844810485840e+00
9.652263522148132324e-01
2.532210111618041992e+00
4.709857940673828125e+00
6.132464981079101562e+01
1.907350420951843262e+00
1.529328918457031250e+01
3.586005568504333496e-01
3.234788179397583008e+00
1.285204589366912842e-01
2.898578882217407227e+00
1.361854705810546875e+02
1.139204492187500000e+04
4.421874046325683594e+00
1.725342178344726562e+01
2.654096603393554688e+00
1.472728610038757324e+00
2.881590080261230469e+01
7.427405548095703125e+01
9.559123516082763672e-01
1.517638325691223145e+00
4.618655204772949219e+00
4.157260131835937500e+01
1.774906730651855469e+01
2.531533718109130859e+00
8.556607055664062500e+01
2.623899841308593750e+02
2.322033405303955078e+00
1.663551926612854004e+00
1.629157304763793945e+00
2.585218620300292969e+01
1.468852519989013672e+00
1.557993412017822266e+00
1.991313018798828125e+02
7.987661361694335938e+00
3.364636993408203125e+01
5.694083251953125000e+02
2.596496009826660156e+01
7.733003497123718262e-01
2.938170051574707031e+01
