2.978686988353729248e-02
1.305703520774841309e-01
5.811371374875307083e-03
2.126710955053567886e-03
3.775706142187118530e-02
6.869524002075195312e+00
2.146054431796073914e-02
3.571265609934926033e-03
5.808606278151273727e-03
7.378807663917541504e-01
1.146777346730232239e-02
2.526673674583435059e-02
5.484509095549583435e-02
1.818104460835456848e-02
1.564192818477749825e-03
1.544171106070280075e-02
2.169370185583829880e-03
6.630256306380033493e-03
2.225296571850776672e-02
8.471739129163324833e-04
9.698517620563507080e-02
2.594572491943836212e-02
1.858604550361633301e-01
3.730257228016853333e-02
1.067238688468933105e+00
1.232571434229612350e-02
6.341688334941864014e-02
4.780847206711769104e-02
8.993298560380935669e-02
9.321276545524597168e-01
8.121208520606160164e-04
1.314957771683111787e-04
5.917070433497428894e-03
2.962105907499790192e-02
5.329569056630134583e-02
1.130101829767227173e-02
7.390792481601238251e-03
4.284697060938924551e-04
7.188507355749607086e-03
5.165187641978263855e-03
1.771720945835113525e-01
8.662926405668258667e-02
2.504339208826422691e-03
1.154676055908203125e+01
1.755507439374923706e-01
1.371249705553054810e-01
8.474065922200679779e-03
4.515281915664672852e-01
3.229808295145630836e-03
1.988778635859489441e-02
1.329062581062316895e-01
5.738274008035659790e-02
1.256739646196365356e-01
4.095686972141265869e-02
6.523194024339318275e-04
3.071000566706061363e-03
6.523586343973875046e-03
1.032400783151388168e-02
2.730187773704528809e-02
7.979727745056152344e+00
1.314376760274171829e-02
1.065198707580566406e+01
1.543184742331504822e-02
3.689066972583532333e-03
1.243548691272735596e-01
2.334612049162387848e-02
1.711664199829101562e-01
1.612249761819839478e-02
5.391130447387695312e-01
7.620723843574523926e-01
1.719745196169242263e-04
1.120929598808288574e+00
1.219821628183126450e-03
3.709233552217483521e-02
8.915512263774871826e-02
4.472177475690841675e-02
6.208525039255619049e-03
5.370420590043067932e-02
3.612459078431129456e-02
1.222547423094511032e-02
9.663109481334686279e-02
1.903663389384746552e-02
2.433232031762599945e-02
3.136529121547937393e-04
3.635752946138381958e-03
1.842500176280736923e-03
3.477665086393244565e-05
3.545830026268959045e-02
6.317391991615295410e-01
9.928279323503375053e-04
1.245475187897682190e-02
8.276880718767642975e-03
1.918440335430204868e-03
9.188486635684967041e-02
7.071068976074457169e-04
6.790522336959838867e-01
6.423596739768981934e-01
7.660672813653945923e-02
1.330000115558505058e-03
7.310600578784942627e-02
2.051325321197509766e+00
5.064823850989341736e-02
1.632950967177748680e-03
2.138052321970462799e-02
1.916021853685379028e-02
5.491357445716857910e-01
8.623433113098144531e-02
1.454102154821157455e-02
3.227863088250160217e-02
1.689227670431137085e-01
1.446688026189804077e-01
2.833143472671508789e-01
5.389215424656867981e-02
6.914122402667999268e-02
1.623685657978057861e-02
4.529473558068275452e-02
5.857842788100242615e-02
9.831588715314865112e-03
3.877701703459024429e-03
5.784249305725097656e-02
9.980429895222187042e-04
1.308133697509765625e+01
5.766559243202209473e-01
4.005711078643798828e-01
1.854615838965401053e-04
2.133669108152389526e-01
2.612604387104511261e-02
6.884280010126531124e-04
7.339971512556076050e-02
5.405105650424957275e-02
1.234776735305786133e+00
3.771958872675895691e-02
3.595955902710556984e-03
1.808225759305059910e-03
6.179019063711166382e-02
1.766871474683284760e-02
4.327821359038352966e-02
2.297819614410400391e+00
2.300246357917785645e-01
4.601052403450012207e-01
1.733540929853916168e-02
9.092117659747600555e-03
9.181661605834960938e-01
7.800319194793701172e-01
2.624160575866699219e+01
2.851129882037639618e-02
2.733410894870758057e-01
1.391145680099725723e-02
5.651465803384780884e-02
1.112161111086606979e-02
1.800095103681087494e-02
9.076876193284988403e-02
2.056811600923538208e-01
2.514665573835372925e-02
1.123320609331130981e-01
1.294712629169225693e-02
2.269155904650688171e-02
3.750120475888252258e-02
2.221569418907165527e-03
7.069595623761415482e-03
3.635342046618461609e-02
4.817499429918825626e-04
1.511009335517883301e-01
3.146527409553527832e-01
3.596771955490112305e-01
1.546613425016403198e-01
1.221705973148345947e-01
1.832466572523117065e-01
1.021528363227844238e+00
4.551861202344298363e-04
2.353179641067981720e-02
1.342765241861343384e-01
9.542665793560445309e-05
1.201728079468011856e-02
5.100606381893157959e-02
1.812933683395385742e+00
2.430424652993679047e-02
1.204771269112825394e-02
1.278577279299497604e-02
1.160851120948791504e-01
4.451846703886985779e-02
4.083571210503578186e-02
1.655123680830001831e-01
5.432993546128273010e-02
1.688644528388977051e+00
1.304291840642690659e-02
7.363614626228809357e-03
5.721596255898475647e-02
4.070194065570831299e-01
3.937540575861930847e-02
1.867394596338272095e-01
3.390512242913246155e-02
2.281930064782500267e-04
1.617514342069625854e-01
3.582096099853515625e-01
2.309409156441688538e-02
3.803780376911163330e-01
8.519470691680908203e-02
6.001112516969442368e-03
2.699787542223930359e-02
3.400236135348677635e-03
4.384255781769752502e-02
1.300505362451076508e-02
3.290712460875511169e-02
7.550681475549936295e-03
3.491479437798261642e-03
2.544784843921661377e-01
1.069042778015136719e+01
5.542011000216007233e-03
2.753203967586159706e-03
5.553449504077434540e-03
4.806281998753547668e-02
1.540639204904437065e-04
1.075233817100524902e+00
3.066504746675491333e-02
2.362162351608276367e+00
1.102454587817192078e-01
1.787667348980903625e-02
6.195923197083175182e-04
5.055432319641113281e-01
4.300793707370758057e-01
9.207494556903839111e-03
2.735638059675693512e-03
2.322134003043174744e-02
1.247088657692074776e-04
4.323926568031311035e-02
1.288827159442007542e-03
3.622090339660644531e+00
3.537853062152862549e-01
7.369013503193855286e-03
2.171317860484123230e-02
1.005636714398860931e-02
2.417250536382198334e-02
3.734898986294865608e-03
2.299388796091079712e-01
2.081135474145412445e-02
1.763731092214584351e-01
4.575037863105535507e-03
2.049216032028198242e-01
3.981732588727027178e-04
5.376153439283370972e-02
5.274017527699470520e-02
1.966093480587005615e-01
4.242259077727794647e-03
1.204680465161800385e-02
9.114881046116352081e-03
3.910787403583526611e-02
9.848663955926895142e-02
3.990292549133300781e-02
9.472241252660751343e-02
3.014392405748367310e-02
1.039494276046752930e+00
7.616446964675560594e-05
7.770406454801559448e-02
1.525928452610969543e-02
3.400606513023376465e-01
2.933579921722412109e+00
2.499356307089328766e-02
1.574712805449962616e-02
1.517062038183212280e-01
4.379467573016881943e-03
6.623578956350684166e-04
1.047357797622680664e+00
2.990494854748249054e-02
3.981402609497308731e-03
2.461494505405426025e-02
1.254759449511766434e-02
1.334540367126464844e+00
1.049189921468496323e-02
5.536414217203855515e-03
1.714416861534118652e+00
3.709680959582328796e-02
7.667841315269470215e-01
2.784309908747673035e-03
1.863218378275632858e-03
1.513602491468191147e-02
1.318043284118175507e-02
1.049523241817951202e-02
4.584205746650695801e-01
1.261314153671264648e+00
1.570216268301010132e-01
1.170832198113203049e-02
8.456414565443992615e-03
1.194056309759616852e-02
2.441243268549442291e-04
5.471197888255119324e-03
5.103109359741210938e+00
1.374733209609985352e+00
6.355404038913547993e-04
6.295365095138549805e-02
1.142457872629165649e-02
2.126111648976802826e-03
7.597666978836059570e-02
3.777778148651123047e-02
8.134210947901010513e-04
2.154616825282573700e-02
2.666791714727878571e-02
5.630606040358543396e-02
2.602151393890380859e+00
5.095162242650985718e-02
6.695962548255920410e-01
6.650997400283813477e-01
1.109798178076744080e-01
7.624494433403015137e-01
2.076946496963500977e+00
9.005966596305370331e-03
2.516271732747554779e-02
5.237737670540809631e-02
6.507319398224353790e-03
1.167308017611503601e-01
8.345489501953125000e-01
3.921314328908920288e-02
8.338305167853832245e-03
2.142436355352401733e-01
4.286158364266157150e-03
3.705196082592010498e-02
1.025037956424057484e-03
5.770353674888610840e-01
3.345669247210025787e-03
6.756301503628492355e-03
4.114685952663421631e-01
1.425116672180593014e-03
7.399294525384902954e-03
2.974568679928779602e-02
5.632058251649141312e-03
3.925292491912841797e-01
6.488607730716466904e-03
5.448129493743181229e-03
6.904788315296173096e-03
2.556530293077230453e-03
4.703643266111612320e-03
2.741835415363311768e-01
5.794110707938671112e-03
1.156040001660585403e-02
1.009884662926197052e-02
1.158364769071340561e-02
4.888282623142004013e-03
4.284764640033245087e-03
2.593064121901988983e-02
2.225650846958160400e-01
1.933951512910425663e-03
6.566651863977313042e-04
4.763270262628793716e-03
1.837803125381469727e+00
1.035899971611797810e-03
1.324125379323959351e-02
1.684172749519348145e-01
3.419264033436775208e-02
4.035407304763793945e-02
3.942335769534111023e-02
1.057149171829223633e-01
2.179513722658157349e-01
9.480304288445040584e-05
1.709028892219066620e-02
3.702576737850904465e-03
1.823129248805344105e-03
2.447173930704593658e-02
2.462443150579929352e-02
4.479791596531867981e-02
5.762972310185432434e-02
2.297803014516830444e-02
1.212669070810079575e-03
2.744244225323200226e-02
8.809811435639858246e-03
1.644879132509231567e-01
2.236615493893623352e-02
8.293966203927993774e-02
1.553987036459147930e-03
1.103740409016609192e-01
3.693896869663149118e-04
1.792398095130920410e-01
2.021241337060928345e-01
5.834597721695899963e-02
1.929078437387943268e-02
8.960148692131042480e-01
2.203480107709765434e-03
8.794088847935199738e-03
5.981942173093557358e-03
1.923788338899612427e-02
2.942087501287460327e-02
5.619142577052116394e-02
1.377351814880967140e-03
4.472355365753173828e+00
1.062106117606163025e-01
2.288858965039253235e-02
4.050613880157470703e+00
1.028145790100097656e+01
9.854972362518310547e-03
7.347806240431964397e-04
7.124798139557242393e-04
3.797846660017967224e-02
5.763079039752483368e-03
2.730263210833072662e-02
8.228859901428222656e+00
1.770958042470738292e-04
3.874395132064819336e+00
1.002818197011947632e-01
2.554024010896682739e-02
4.950781003572046757e-04
3.708908101543784142e-03
9.238161087036132812e+00
1.102382431030273438e+02
1.039997711181640625e+02
8.643599748611450195e-01
4.694294738769531250e+01
2.326023817062377930e+00
5.701549682617187500e+02
1.035094547271728516e+01
7.773931884765625000e+01
1.435847663879394531e+01
2.166940917968750000e+02
1.865891265869140625e+01
8.555966949462890625e+01
5.505418777465820312e-01
1.672767448425292969e+01
1.264669570922851562e+02
8.831039428710937500e+01
2.131888427734375000e+02
1.361266479492187500e+02
9.931239128112792969e+00
7.756732177734375000e+01
4.976215839385986328e+00
8.054193496704101562e+00
5.902066040039062500e+01
2.517472743988037109e+00
4.419926404953002930e-01
2.259837493896484375e+02
6.411583251953125000e+02
1.516506835937500000e+03
3.759659729003906250e+02
1.106396007537841797e+01
3.819722890853881836e+00
1.041400814056396484e+01
2.792040100097656250e+02
1.646918869018554688e+01
1.126433849334716797e+01
9.465432763099670410e-01
6.163882836699485779e-02
4.079912185668945312e+00
1.171772918701171875e+02
9.448449096679687500e+02
2.016793823242187500e+01
1.050897717475891113e+00
4.446407470703125000e+02
2.849461746215820312e+01
1.359411926269531250e+02
1.145666885375976562e+02
1.772446060180664062e+01
7.559340000152587891e-01
9.697108764648437500e+02
2.088575439453125000e+02
3.707907867431640625e+01
1.338126850128173828e+01
2.580267143249511719e+01
4.392458438873291016e+00
1.150656604766845703e+01
6.756794452667236328e+00
3.136425018310546875e-01
2.280517387390136719e+01
1.468987792968750000e+03
4.745924987792968750e+02
4.654028320312500000e+02
9.021711349487304688e+00
5.589043045043945312e+01
5.732565402984619141e+00
4.798699188232421875e+01
5.885277175903320312e+01
2.907460205078125000e+03
2.138994750976562500e+02
6.320107269287109375e+01
8.221364021301269531e-02
1.875884704589843750e+02
1.891312122344970703e+00
1.716176300048828125e+02
7.736965179443359375e+00
1.190305900573730469e+01
1.272230267524719238e+00
9.042351722717285156e+00
3.478688964843750000e+02
3.099405670166015625e+01
2.972952461242675781e+01
6.763942718505859375e+00
9.072643280029296875e+00
4.018746566772460938e+01
7.856686115264892578e+00
3.224385833740234375e+01
9.398113191127777100e-02
1.435672473907470703e+01
2.082104492187500000e+01
3.722975969314575195e+00
1.794927787780761719e+01
4.158655929565429688e+01
4.332714080810546875e+01
1.960499382019042969e+01
7.417922973632812500e+01
3.092361145019531250e+02
4.506900310516357422e+00
5.870708007812500000e+02
5.794638395309448242e-01
4.682753295898437500e+02
2.089353799819946289e+00
2.402575302124023438e+01
3.840834856033325195e+00
1.031862564086914062e+02
5.687974548339843750e+01
1.414185028076171875e+02
2.603421926498413086e+00
3.165952636718750000e+03
3.623491210937500000e+02
1.267584085464477539e+00
7.205724120140075684e-01
1.043343505859375000e+03
1.671387786865234375e+02
1.369072079658508301e+00
3.499606323242187500e+01
1.223858795166015625e+02
1.083668823242187500e+02
1.831538391113281250e+01
1.137540130615234375e+02
1.211116504669189453e+01
2.470234680175781250e+02
6.009274902343750000e+03
5.238513793945312500e+02
1.627525177001953125e+02
4.790498733520507812e+00
3.564710998535156250e+02
4.173334121704101562e+01
3.024970293045043945e+00
6.979258422851562500e+02
8.477793884277343750e+01
5.388068847656250000e+02
2.763431739807128906e+01
4.458345174789428711e-01
3.401223373413085938e+01
2.661056756973266602e+00
3.028345584869384766e+00
8.196020126342773438e-01
5.572639770507812500e+02
7.487780151367187500e+02
3.442231140136718750e+02
4.238551330566406250e+01
3.067781448364257812e+00
5.980332031250000000e+02
2.905882072448730469e+01
8.423543701171875000e+02
3.240145492553710938e+01
4.483125610351562500e+02
2.106484651565551758e+00
6.353523635864257812e+01
2.088392333984375000e+03
6.515844464302062988e-01
6.734289550781250000e+02
4.830247879028320312e+01
4.983870685100555420e-01
1.333115386962890625e+02
3.959516143798828125e+01
2.496600151062011719e+00
7.538029551506042480e-01
8.449957847595214844e+00
3.299364566802978516e+00
1.055697509765625000e+03
1.958927612304687500e+02
1.963269348144531250e+02
4.554381561279296875e+01
2.503579101562500000e+02
1.038510055541992188e+02
8.336807250976562500e+01
3.638783569335937500e+02
1.038974609375000000e+03
1.328460121154785156e+01
1.137416458129882812e+01
1.557572021484375000e+03
1.931306123733520508e+00
7.243121147155761719e+00
4.549234313964843750e+02
1.972598266601562500e+01
8.830148696899414062e+00
6.476377105712890625e+01
3.338031530380249023e+00
2.001071357727050781e+01
1.538726234436035156e+01
2.443232727050781250e+01
3.569458007812500000e+02
8.610149383544921875e+00
2.211227343750000000e+04
4.386918544769287109e+00
7.540550827980041504e-01
2.696897315979003906e+01
7.043364868164062500e+02
5.731041717529296875e+01
5.623367309570312500e+00
3.805775451660156250e+02
9.165575027465820312e+00
6.473200225830078125e+01
2.167369689941406250e+02
2.244958639144897461e+00
1.004428710937500000e+02
1.382389307022094727e+00
9.692598342895507812e+00
2.918169021606445312e+00
1.778718185424804688e+01
1.354610919952392578e+01
6.594587326049804688e+00
5.194704818725585938e+01
5.307003402709960938e+01
1.243609070777893066e+00
8.500685119628906250e+01
4.252682189941406250e+02
6.363291263580322266e+00
3.579099655151367188e+01
8.292897224426269531e+00
4.311437606811523438e+00
1.364073157310485840e+00
5.674754882812500000e+03
2.193045616149902344e+01
5.027992553710937500e+02
4.298478603363037109e+00
2.583604431152343750e+02
1.808348417282104492e+00
2.580857238769531250e+02
3.522154541015625000e+03
1.657885611057281494e-01
2.181770086288452148e+00
1.100010131835937500e+03
4.570440292358398438e+00
1.153615112304687500e+03
4.230495929718017578e+00
2.554839134216308594e+01
9.745788574218750000e+00
1.245581912994384766e+01
8.557934314012527466e-02
9.465024948120117188e+00
3.341545581817626953e+00
6.911532592773437500e+02
7.697209167480468750e+01
1.745781135559082031e+01
6.938337802886962891e+00
3.086010742187500000e+01
1.956429100036621094e+01
1.857386350631713867e+00
5.526104736328125000e+02
1.366587829589843750e+02
1.280406188964843750e+01
2.404175567626953125e+01
1.816979827880859375e+02
8.661946105957031250e+01
2.394512176513671875e+02
6.681134700775146484e-01
8.371162109375000000e+03
1.117677974700927734e+01
6.943305969238281250e+01
2.444424819946289062e+01
9.351996183395385742e-01
9.453226318359375000e+02
1.156364898681640625e+02
1.139916062355041504e+00
8.681959838867187500e+02
6.726789093017578125e+01
7.298113822937011719e+00
3.557288818359375000e+03
7.138330841064453125e+01
6.276972961425781250e+01
5.058148956298828125e+01
7.655411987304687500e+02
2.310316009521484375e+02
2.243348541259765625e+02
2.749272537231445312e+01
1.365989746093750000e+03
6.881234049797058105e-01
1.187043380737304688e+01
4.689040832519531250e+02
1.356802082061767578e+01
6.203450927734375000e+02
1.234794259071350098e+00
9.214512109756469727e-01
6.009669876098632812e+01
6.549306392669677734e+00
8.678345680236816406e+00
1.469390563964843750e+02
7.270768880844116211e-01
1.720054626464843750e+01
4.970884323120117188e+00
8.407846450805664062e+00
3.068603324890136719e+01
1.679898858070373535e+00
1.273965358734130859e+00
4.822901611328125000e+02
1.218467285156250000e+03
3.603382110595703125e+00
2.030516510009765625e+02
1.768205070495605469e+01
8.726057052612304688e+00
2.174003417968750000e+03
5.199489116668701172e+00
2.703411560058593750e+02
4.390988922119140625e+01
3.203716278076171875e+01
1.059261962890625000e+03
3.159377288818359375e+01
1.763982543945312500e+02
5.534802246093750000e+02
1.416200714111328125e+02
6.679786682128906250e+01
3.612713623046875000e+02
4.190900802612304688e+01
2.632717847824096680e+00
4.628302383422851562e+01
1.850999069213867188e+01
1.170461082458496094e+01
1.147217773437500000e+03
6.066507568359375000e+02
6.603793945312500000e+02
3.391093139648437500e+02
9.273978233337402344e+00
3.849008798599243164e+00
7.170505523681640625e-01
3.497402954101562500e+01
1.424506759643554688e+01
1.002565860748291016e+01
1.678646683692932129e+00
1.078085994720458984e+01
9.308174848556518555e-01
1.105712203979492188e+02
4.046842193603515625e+01
8.359736633300781250e+01
1.273640747070312500e+02
2.334332847595214844e+01
7.145342254638671875e+01
1.767004013061523438e+01
5.940466880798339844e+00
2.722886800765991211e-01
8.671439453125000000e+03
2.007245971679687500e+03
1.330773010253906250e+02
1.910417480468750000e+02
9.233440399169921875e+01
8.023434448242187500e+02
2.772817230224609375e+01
3.203088378906250000e+01
2.403294181823730469e+01
2.728211402893066406e+00
5.368745422363281250e+01
1.749299072265625000e+03
6.504993438720703125e+01
8.556245803833007812e+00
7.891843318939208984e+00
1.474365234375000000e+02
5.954650878906250000e+02
7.601210021972656250e+01
1.446435546875000000e+01
1.631177902221679688e+01
1.065990105271339417e-01
1.747105419635772705e-01
3.623398590087890625e+01
2.989233398437500000e+01
5.311851024627685547e+00
1.634295654296875000e+01
2.118072509765625000e+02
4.234375762939453125e+01
1.592333374023437500e+02
7.248709201812744141e+00
2.378944396972656250e+00
1.024610519409179688e+01
3.600109863281250000e+01
1.295590454101562500e+03
1.899517416954040527e+00
9.627046203613281250e+01
1.218183994293212891e+00
3.984942674636840820e+00
2.962529361248016357e-01
1.665319442749023438e+01
5.013506347656250000e+03
2.238616015625000000e+04
4.874996662139892578e+00
1.192293853759765625e+02
9.031103515625000000e+01
4.272988796234130859e+00
1.534305419921875000e+02
7.087307128906250000e+02
8.135482788085937500e+00
5.015311717987060547e+00
5.564929962158203125e+00
8.079532623291015625e+01
2.507798385620117188e+01
1.815955543518066406e+01
3.472210998535156250e+02
6.164754028320312500e+02
5.470240592956542969e+00
4.447830677032470703e+00
5.152582645416259766e+00
2.450290069580078125e+02
7.404213428497314453e+00
2.703492736816406250e+01
3.067234191894531250e+02
1.999040985107421875e+01
6.625491333007812500e+02
8.236345825195312500e+02
1.765634460449218750e+02
1.775365710258483887e+00
2.931397628784179688e+01
