3.529266268014907837e-02
1.160250976681709290e-01
7.630319334566593170e-03
2.895572222769260406e-03
3.683554008603096008e-02
4.847012519836425781e+00
2.425127290189266205e-02
2.860648091882467270e-03
7.129519246518611908e-03
6.182144880294799805e-01
1.329685002565383911e-02
3.702292591333389282e-02
7.336566597223281860e-02
2.411147579550743103e-02
2.538085915148258209e-03
1.636109128594398499e-02
2.577284350991249084e-03
9.048797190189361572e-03
2.668083272874355316e-02
8.858278742991387844e-04
6.087841838598251343e-02
3.081875294446945190e-02
1.696924716234207153e-01
2.954271622002124786e-02
1.219943284988403320e+00
1.394866779446601868e-02
5.897143855690956116e-02
6.678768247365951538e-02
9.738846868276596069e-02
7.919256687164306641e-01
8.390558068640530109e-04
1.610410254215821624e-04
9.155828505754470825e-03
3.917808830738067627e-02
4.114131256937980652e-02
1.281714905053377151e-02
6.679543759673833847e-03
5.602065357379615307e-04
6.797249894589185715e-03
6.867712829262018204e-03
1.911803036928176880e-01
1.238347366452217102e-01
3.896984970197081566e-03
1.091304016113281250e+01
1.856951415538787842e-01
1.384748220443725586e-01
9.600722230970859528e-03
3.785499930381774902e-01
3.530608490109443665e-03
2.562208287417888641e-02
1.920815855264663696e-01
5.892774090170860291e-02
1.311461627483367920e-01
5.025029554963111877e-02
9.700214723125100136e-04
3.232148475944995880e-03
5.519302096217870712e-03
1.315008010715246201e-02
3.006533719599246979e-02
8.264883995056152344e+00
1.379682775586843491e-02
1.103080654144287109e+01
1.616909168660640717e-02
4.294296260923147202e-03
1.089933067560195923e-01
3.194732964038848877e-02
1.947366148233413696e-01
1.716994680464267731e-02
8.248376846313476562e-01
7.243399620056152344e-01
1.728088682284578681e-04
1.226310014724731445e+00
1.877219416201114655e-03
7.370261102914810181e-02
8.947434276342391968e-02
3.384602069854736328e-02
5.440066568553447723e-03
6.157707795500755310e-02
3.099559061229228973e-02
1.520291902124881744e-02
1.277133524417877197e-01
2.125223353505134583e-02
2.880667336285114288e-02
2.630280505400151014e-04
3.312359564006328583e-03
2.755298744887113571e-03
5.715433144359849393e-05
3.322175517678260803e-02
6.395650506019592285e-01
9.187539690174162388e-04
1.284270267933607101e-02
1.132618449628353119e-02
2.628668211400508881e-03
7.407684624195098877e-02
1.261522411368787289e-03
1.013431429862976074e+00
4.983812868595123291e-01
1.017960160970687866e-01
1.454192213714122772e-03
9.483598917722702026e-02
2.255362272262573242e+00
4.673910886049270630e-02
1.913491287268698215e-03
2.814074978232383728e-02
2.025122568011283875e-02
5.551695823669433594e-01
8.871842175722122192e-02
1.693516597151756287e-02
3.380845114588737488e-02
1.937660723924636841e-01
1.157005727291107178e-01
3.360531926155090332e-01
5.671511590480804443e-02
9.125651419162750244e-02
1.484306249767541885e-02
5.459632351994514465e-02
4.062780365347862244e-02
1.119466777890920639e-02
4.054681863635778427e-03
4.904843866825103760e-02
1.409602700732648373e-03
1.430471897125244141e+01
4.790661931037902832e-01
5.049572587013244629e-01
2.740698691923171282e-04
1.651332825422286987e-01
1.974310353398323059e-02
5.979546695016324520e-04
8.922908455133438110e-02
4.891108348965644836e-02
1.086374521255493164e+00
2.281283400952816010e-02
4.411213565617799759e-03
2.323998603969812393e-03
6.258772313594818115e-02
1.703634485602378845e-02
3.944212570786476135e-02
2.359361171722412109e+00
2.407216280698776245e-01
4.654044210910797119e-01
1.474865619093179703e-02
9.017216041684150696e-03
9.323800206184387207e-01
9.107295870780944824e-01
2.762072372436523438e+01
4.218937084078788757e-02
3.010542988777160645e-01
1.514504943042993546e-02
6.876490265130996704e-02
1.218881458044052124e-02
1.388486195355653763e-02
1.126835048198699951e-01
2.247782647609710693e-01
2.927531488239765167e-02
1.602881848812103271e-01
1.494627259671688080e-02
2.239301428198814392e-02
4.655866697430610657e-02
1.989963930100202560e-03
7.835750468075275421e-03
5.181588977575302124e-02
5.644635530188679695e-04
1.356877982616424561e-01
3.114931881427764893e-01
4.246530234813690186e-01
1.867012679576873779e-01
1.315608620643615723e-01
1.843947470188140869e-01
1.191521048545837402e+00
7.745753391645848751e-04
2.284487150609493256e-02
1.712212413549423218e-01
1.599757961230352521e-04
1.042173895984888077e-02
5.424031987786293030e-02
2.185753345489501953e+00
2.523940242826938629e-02
1.818700134754180908e-02
1.515026390552520752e-02
1.408708095550537109e-01
5.615158379077911377e-02
5.214995890855789185e-02
1.727126687765121460e-01
6.054902076721191406e-02
1.423521280288696289e+00
1.773449406027793884e-02
6.920573767274618149e-03
4.531447216868400574e-02
5.252036452293395996e-01
4.781622439622879028e-02
2.952282726764678955e-01
4.096684232354164124e-02
2.685685176402330399e-04
1.331243216991424561e-01
2.545878291130065918e-01
2.986302599310874939e-02
3.781486153602600098e-01
6.410697102546691895e-02
7.048067171126604080e-03
4.683486372232437134e-02
3.360574133694171906e-03
5.394668504595756531e-02
1.587546989321708679e-02
3.751841187477111816e-02
7.423990871757268906e-03
5.216831341385841370e-03
1.947498023509979248e-01
1.752183723449707031e+01
4.493432119488716125e-03
3.523460822179913521e-03
5.569076631218194962e-03
4.578573629260063171e-02
1.466991670895367861e-04
1.436832308769226074e+00
4.057369381189346313e-02
2.740999460220336914e+00
1.784123033285140991e-01
3.211909160017967224e-02
5.729218246415257454e-04
4.113675951957702637e-01
4.763764142990112305e-01
6.337464787065982819e-03
2.777872839942574501e-03
3.026333823800086975e-02
9.970668907044455409e-05
8.968266099691390991e-02
2.214645734056830406e-03
3.923894405364990234e+00
3.387428820133209229e-01
8.499629795551300049e-03
1.978653110563755035e-02
1.394832134246826172e-02
2.670443803071975708e-02
2.864322392269968987e-03
1.584955900907516479e-01
2.112589590251445770e-02
9.839744865894317627e-02
4.677304998040199280e-03
3.219941258430480957e-01
4.509704594966024160e-04
7.054812461137771606e-02
4.452844336628913879e-02
2.018592655658721924e-01
4.614243749529123306e-03
1.393393613398075104e-02
1.160325016826391220e-02
4.562289640307426453e-02
8.071564882993698120e-02
4.433747380971908569e-02
5.946536362171173096e-02
2.631799317896366119e-02
1.178502917289733887e+00
1.175376528408378363e-04
8.095324039459228516e-02
1.831883192062377930e-02
2.979212999343872070e-01
3.273786544799804688e+00
3.709864243865013123e-02
1.232395134866237640e-02
1.465484499931335449e-01
6.947173271328210831e-03
1.130902790464460850e-03
1.129558324813842773e+00
3.818618506193161011e-02
6.480360869318246841e-03
4.082909971475601196e-02
1.315491553395986557e-02
1.549528598785400391e+00
8.150591515004634857e-03
8.656808175146579742e-03
2.364738464355468750e+00
3.811673074960708618e-02
5.907464027404785156e-01
3.178928280249238014e-03
1.690361299552023411e-03
1.414576638489961624e-02
1.068513933569192886e-02
1.051004044711589813e-02
3.972979485988616943e-01
1.265860557556152344e+00
1.936218589544296265e-01
1.564683020114898682e-02
9.071967564523220062e-03
1.239562314003705978e-02
3.105956129729747772e-04
8.577207103371620178e-03
4.796867370605468750e+00
1.615763783454895020e+00
7.822191691957414150e-04
7.155485451221466064e-02
1.347244344651699066e-02
2.689772285521030426e-03
1.309562474489212036e-01
3.440046682953834534e-02
9.362477576360106468e-04
1.473701465874910355e-02
3.904244676232337952e-02
5.253696441650390625e-02
2.215981721878051758e+00
5.240818113088607788e-02
1.073030352592468262e+00
5.508306622505187988e-01
9.628941863775253296e-02
8.893723487854003906e-01
1.548396110534667969e+00
1.248685177415609360e-02
2.330433949828147888e-02
8.272510766983032227e-02
9.422770701348781586e-03
1.361585557460784912e-01
8.669568896293640137e-01
7.517526298761367798e-02
1.181782688945531845e-02
4.439972341060638428e-01
5.924529395997524261e-03
3.693713247776031494e-02
1.336076878942549229e-03
5.130153894424438477e-01
3.556848969310522079e-03
7.252508774399757385e-03
3.027557730674743652e-01
1.393874059431254864e-03
1.245304755866527557e-02
5.218294262886047363e-02
5.164325702935457230e-03
5.843139886856079102e-01
6.586747709661722183e-03
5.225759465247392654e-03
1.025215443223714828e-02
3.150654025375843048e-03
3.741075051948428154e-03
2.898816466331481934e-01
7.946112193167209625e-03
1.639934815466403961e-02
1.064395904541015625e-02
1.127606909722089767e-02
6.602766457945108414e-03
6.672587711364030838e-03
2.384025789797306061e-02
1.609126627445220947e-01
2.794187981635332108e-03
6.345686852000653744e-04
5.442547146230936050e-03
1.821302533149719238e+00
1.492944778874516487e-03
1.469563413411378860e-02
2.012189179658889771e-01
5.319057032465934753e-02
3.670782968401908875e-02
3.873735666275024414e-02
1.278310567140579224e-01
1.483372896909713745e-01
1.228327018907293677e-04
1.944478787481784821e-02
5.031202919781208038e-03
3.314189147204160690e-03
2.644666098058223724e-02
2.849138900637626648e-02
4.351143538951873779e-02
7.001665979623794556e-02
2.677083760499954224e-02
1.027968944981694221e-03
2.899409085512161255e-02
1.163326110690832138e-02
1.817000210285186768e-01
1.670867949724197388e-02
9.914011508226394653e-02
1.257884781807661057e-03
1.343215107917785645e-01
4.697454569395631552e-04
1.085470020771026611e-01
1.146784201264381409e-01
9.562388062477111816e-02
2.464236132800579071e-02
9.191600084304809570e-01
2.584439236670732498e-03
1.369288749992847443e-02
6.301200017333030701e-03
1.664464175701141357e-02
2.568454109132289886e-02
6.418126821517944336e-02
1.598957926034927368e-03
3.022172689437866211e+00
9.527040272951126099e-02
2.248144522309303284e-02
4.928915023803710938e+00
1.226469516754150391e+01
9.706308133900165558e-03
9.864055318757891655e-04
6.974859279580414295e-04
3.851991519331932068e-02
7.391722872853279114e-03
4.107619449496269226e-02
7.160636425018310547e+00
2.119096461683511734e-04
3.958084583282470703e+00
1.477763801813125610e-01
1.920976489782333374e-02
8.507155580446124077e-04
5.765368696302175522e-03
1.250996208190917969e+01
8.045938873291015625e+01
1.032953491210937500e+02
8.034135699272155762e-01
3.643646621704101562e+01
1.694044828414916992e+00
4.540013427734375000e+02
1.097877311706542969e+01
8.813555908203125000e+01
1.386354732513427734e+01
1.475780334472656250e+02
2.224090766906738281e+01
6.419821166992187500e+01
5.974296927452087402e-01
1.216668319702148438e+01
1.359000396728515625e+02
8.320960998535156250e+01
1.876962890625000000e+02
1.158805236816406250e+02
8.679428100585937500e+00
4.486528015136718750e+01
5.400700569152832031e+00
8.004055976867675781e+00
4.439597320556640625e+01
2.452014923095703125e+00
5.815917849540710449e-01
1.715489044189453125e+02
6.007426757812500000e+02
1.128619384765625000e+03
3.084791259765625000e+02
9.498715400695800781e+00
3.402304887771606445e+00
8.335036277770996094e+00
3.104118041992187500e+02
9.453867912292480469e+00
7.989411830902099609e+00
6.661599278450012207e-01
6.897654384374618530e-02
3.441541910171508789e+00
1.162256622314453125e+02
8.567794189453125000e+02
2.603893089294433594e+01
1.041614651679992676e+00
4.977143249511718750e+02
1.936764144897460938e+01
1.452191925048828125e+02
1.100171127319335938e+02
1.141600608825683594e+01
8.602347970008850098e-01
6.473005981445312500e+02
2.731989746093750000e+02
2.722285461425781250e+01
1.440299129486083984e+01
2.834415054321289062e+01
4.065333843231201172e+00
9.480361938476562500e+00
5.544409751892089844e+00
3.655795156955718994e-01
1.889593696594238281e+01
9.556287841796875000e+02
2.563443603515625000e+02
5.934915771484375000e+02
6.785059452056884766e+00
4.821018600463867188e+01
5.561798572540283203e+00
2.974079704284667969e+01
6.061250686645507812e+01
1.929227905273437500e+03
2.693151855468750000e+02
4.277330398559570312e+01
8.007825165987014771e-02
1.128894958496093750e+02
1.292605161666870117e+00
1.536707763671875000e+02
7.325485706329345703e+00
1.120569801330566406e+01
8.277492523193359375e-01
1.104548931121826172e+01
2.603759765625000000e+02
3.565313339233398438e+01
3.111099433898925781e+01
6.251893997192382812e+00
1.164536094665527344e+01
3.658884429931640625e+01
8.128913879394531250e+00
3.586601257324218750e+01
1.016041487455368042e-01
1.128200435638427734e+01
1.459272861480712891e+01
4.070079803466796875e+00
1.371703243255615234e+01
3.941152954101562500e+01
5.641619873046875000e+01
1.753705787658691406e+01
8.140750885009765625e+01
1.951672058105468750e+02
4.496508598327636719e+00
5.616250000000000000e+02
7.390906810760498047e-01
2.510365447998046875e+02
2.458209991455078125e+00
2.788829421997070312e+01
3.431666374206542969e+00
1.287881164550781250e+02
5.151518630981445312e+01
9.037935638427734375e+01
2.859054803848266602e+00
2.752977294921875000e+03
2.926860351562500000e+02
1.063290357589721680e+00
5.319468379020690918e-01
6.872949218750000000e+02
1.867523803710937500e+02
1.285194516181945801e+00
3.173147201538085938e+01
1.025372467041015625e+02
6.988053131103515625e+01
1.605596351623535156e+01
7.652112579345703125e+01
1.194239234924316406e+01
1.690527648925781250e+02
6.432234863281250000e+03
3.126881408691406250e+02
1.482072906494140625e+02
3.633741378784179688e+00
1.881290740966796875e+02
2.980585479736328125e+01
3.007956743240356445e+00
7.303897705078125000e+02
8.040093994140625000e+01
3.744356079101562500e+02
2.192227935791015625e+01
3.295843303203582764e-01
2.695249748229980469e+01
2.372367858886718750e+00
2.954668760299682617e+00
1.382508277893066406e+00
3.744913024902343750e+02
6.359628295898437500e+02
2.497612457275390625e+02
2.956232833862304688e+01
2.266958713531494141e+00
4.594651184082031250e+02
2.399486351013183594e+01
7.250490722656250000e+02
3.962237548828125000e+01
3.894572448730468750e+02
1.918290019035339355e+00
4.250830841064453125e+01
1.611066528320312500e+03
4.721494317054748535e-01
5.642959594726562500e+02
4.727320480346679688e+01
4.859690368175506592e-01
1.496893463134765625e+02
2.703310394287109375e+01
1.994233489036560059e+00
8.982422351837158203e-01
6.187662124633789062e+00
2.737880945205688477e+00
7.619053344726562500e+02
1.368976135253906250e+02
1.939899902343750000e+02
3.894916915893554688e+01
2.201587982177734375e+02
7.297022247314453125e+01
5.987202453613281250e+01
2.822406921386718750e+02
7.209713134765625000e+02
9.495832443237304688e+00
9.293790817260742188e+00
1.348919189453125000e+03
1.781176924705505371e+00
6.370814800262451172e+00
3.436810607910156250e+02
2.423298072814941406e+01
7.709391117095947266e+00
7.091522216796875000e+01
2.704986095428466797e+00
1.985076713562011719e+01
1.268906402587890625e+01
2.681368255615234375e+01
4.078331298828125000e+02
5.441036701202392578e+00
1.786157812500000000e+04
4.800126075744628906e+00
6.223925352096557617e-01
2.095595359802246094e+01
4.901739501953125000e+02
5.603038787841796875e+01
4.535645961761474609e+00
2.740435180664062500e+02
8.273620605468750000e+00
4.906682968139648438e+01
1.294067230224609375e+02
2.004493474960327148e+00
7.095906066894531250e+01
1.056590318679809570e+00
6.786064147949218750e+00
4.003703594207763672e+00
1.423239803314208984e+01
1.028168296813964844e+01
6.890883922576904297e+00
4.945782089233398438e+01
5.751933670043945312e+01
9.635795354843139648e-01
6.401641845703125000e+01
5.560512084960937500e+02
5.250854969024658203e+00
4.361164093017578125e+01
9.066586494445800781e+00
3.827030897140502930e+00
1.215982556343078613e+00
3.911779296875000000e+03
1.748797607421875000e+01
4.091194152832031250e+02
5.147721767425537109e+00
2.952761535644531250e+02
1.081339001655578613e+00
1.809069519042968750e+02
2.547801513671875000e+03
1.434050351381301880e-01
1.704377293586730957e+00
7.160541381835937500e+02
3.483632564544677734e+00
9.350161132812500000e+02
4.390101432800292969e+00
2.387484931945800781e+01
7.776790142059326172e+00
1.331618499755859375e+01
1.101017221808433533e-01
1.229067134857177734e+01
2.542823791503906250e+00
3.994474792480468750e+02
4.475517272949218750e+01
1.903873825073242188e+01
4.919685363769531250e+00
2.394125556945800781e+01
1.947045707702636719e+01
1.420101642608642578e+00
3.392251281738281250e+02
1.271348342895507812e+02
1.450756168365478516e+01
2.355850219726562500e+01
1.600219116210937500e+02
7.796119689941406250e+01
2.206110992431640625e+02
5.364795923233032227e-01
4.800579589843750000e+03
7.118376255035400391e+00
5.148935317993164062e+01
3.819028854370117188e+01
1.032673478126525879e+00
5.526829833984375000e+02
1.015443649291992188e+02
9.717164635658264160e-01
5.889288940429687500e+02
6.320107269287109375e+01
5.334440708160400391e+00
2.242102783203125000e+03
8.844727325439453125e+01
7.310667419433593750e+01
4.483855438232421875e+01
5.082414245605468750e+02
1.880089874267578125e+02
1.226709976196289062e+02
2.825495910644531250e+01
8.149104614257812500e+02
5.038344264030456543e-01
1.314083290100097656e+01
5.936865844726562500e+02
1.414795684814453125e+01
3.943696594238281250e+02
1.359412908554077148e+00
5.909588932991027832e-01
4.296987152099609375e+01
4.904692649841308594e+00
5.772566318511962891e+00
9.492632293701171875e+01
8.468376994132995605e-01
1.464977741241455078e+01
3.977487802505493164e+00
6.115700721740722656e+00
3.322500610351562500e+01
1.787074804306030273e+00
1.694293856620788574e+00
4.436650390625000000e+02
1.568956054687500000e+03
3.279753684997558594e+00
1.621994323730468750e+02
1.962032127380371094e+01
9.174403190612792969e+00
2.586976074218750000e+03
4.820609569549560547e+00
1.438070526123046875e+02
2.312860488891601562e+01
3.035601234436035156e+01
8.230080566406250000e+02
2.169936370849609375e+01
1.233108291625976562e+02
5.371107788085937500e+02
1.192591781616210938e+02
5.361262512207031250e+01
3.123534545898437500e+02
3.593119812011718750e+01
2.394642353057861328e+00
6.042620086669921875e+01
2.035955810546875000e+01
1.550630474090576172e+01
1.208061401367187500e+03
5.676884765625000000e+02
6.281617431640625000e+02
3.791196594238281250e+02
1.041795349121093750e+01
5.119728088378906250e+00
9.329493045806884766e-01
3.341434478759765625e+01
1.289380168914794922e+01
9.311043739318847656e+00
1.569083929061889648e+00
5.512339115142822266e+00
9.918473362922668457e-01
1.222310333251953125e+02
3.868283462524414062e+01
6.024124145507812500e+01
1.509721832275390625e+02
1.768380737304687500e+01
5.319908523559570312e+01
1.629458808898925781e+01
9.712511062622070312e+00
3.271989524364471436e-01
5.682157714843750000e+03
1.506964965820312500e+03
1.003273162841796875e+02
1.734770660400390625e+02
9.307399749755859375e+01
6.278805541992187500e+02
3.467613601684570312e+01
1.736377906799316406e+01
2.320471572875976562e+01
2.257726907730102539e+00
5.373871612548828125e+01
1.022880493164062500e+03
6.158395767211914062e+01
1.072395133972167969e+01
5.251494407653808594e+00
1.186019668579101562e+02
6.641300048828125000e+02
7.691526031494140625e+01
1.571354770660400391e+01
2.015313911437988281e+01
8.356223255395889282e-02
1.522251069545745850e-01
2.739709472656250000e+01
1.816979789733886719e+01
4.909045696258544922e+00
1.184149456024169922e+01
1.989769592285156250e+02
3.919560241699218750e+01
1.003033981323242188e+02
4.937549114227294922e+00
2.207273721694946289e+00
7.548869609832763672e+00
2.463250732421875000e+01
1.204437133789062500e+03
2.018284320831298828e+00
8.021524810791015625e+01
7.664067745208740234e-01
5.267241001129150391e+00
2.825463712215423584e-01
1.353984165191650391e+01
3.254029541015625000e+03
2.060145312500000000e+04
4.567615985870361328e+00
1.144078750610351562e+02
4.449275970458984375e+01
5.952807426452636719e+00
1.335526123046875000e+02
4.731068725585937500e+02
4.976951122283935547e+00
4.160960197448730469e+00
8.597614288330078125e+00
7.251890563964843750e+01
1.967455673217773438e+01
7.985260486602783203e+00
2.623524475097656250e+02
6.893308105468750000e+02
6.811711311340332031e+00
4.007980346679687500e+00
3.507382631301879883e+00
2.043327636718750000e+02
6.089585304260253906e+00
2.121676063537597656e+01
2.867932434082031250e+02
1.696637153625488281e+01
5.101359863281250000e+02
9.349644165039062500e+02
1.426118927001953125e+02
1.750794410705566406e+00
3.298703002929687500e+01
