5.389708653092384338e-02
1.305123716592788696e-01
5.411823745816946030e-03
2.232523169368505478e-03
2.000624686479568481e-02
2.577630519866943359e+00
1.411187835037708282e-02
2.577532548457384109e-03
9.116454981267452240e-03
2.869221568107604980e-01
1.730801910161972046e-02
2.303259447216987610e-02
4.939215630292892456e-02
1.626975648105144501e-02
2.150571439415216446e-03
1.574499532580375671e-02
1.230057794600725174e-03
1.027364283800125122e-02
2.118628285825252533e-02
7.855394505895674229e-04
1.855755783617496490e-02
2.180375531315803528e-02
8.273252844810485840e-02
1.479266956448554993e-02
1.831668615341186523e+00
6.066986825317144394e-03
3.382043913006782532e-02
7.764992862939834595e-02
7.552914321422576904e-02
3.569822013378143311e-01
6.904415786266326904e-04
2.675844880286604166e-04
1.031329203397035599e-02
4.511987045407295227e-02
1.813959144055843353e-02
1.445432566106319427e-02
3.814959432929754257e-03
3.040848823729902506e-04
7.009423803538084030e-03
4.904247354716062546e-03
9.718739241361618042e-02
7.975402474403381348e-02
5.372746381908655167e-03
3.746796846389770508e+00
9.540639817714691162e-02
9.237357228994369507e-02
8.531541563570499420e-03
3.972931206226348877e-01
9.757944499142467976e-04
3.932734206318855286e-02
8.367993682622909546e-02
4.433124512434005737e-02
8.055538684129714966e-02
2.433129400014877319e-02
8.516864036209881306e-04
1.646385528147220612e-03
2.774138702079653740e-03
1.391983777284622192e-02
2.253161743283271790e-02
6.757258415222167969e+00
7.763680536299943924e-03
5.273083686828613281e+00
9.553429670631885529e-03
5.575519986450672150e-03
7.174303382635116577e-02
4.884803667664527893e-02
1.671562790870666504e-01
1.733678020536899567e-02
4.611490666866302490e-01
4.274461567401885986e-01
9.675975161371752620e-05
6.939377188682556152e-01
1.625410863198339939e-03
1.336182355880737305e-01
6.578442454338073730e-02
1.141260564327239990e-02
5.570128560066223145e-03
4.352596029639244080e-02
1.446864102035760880e-02
8.800755254924297333e-03
1.407395750284194946e-01
1.364351715892553329e-02
2.276987396180629730e-02
1.744035689625889063e-04
2.111237496137619019e-03
1.882139244116842747e-03
6.968951493036001921e-05
1.753797195851802826e-02
5.801828503608703613e-01
3.748512244783341885e-04
8.982562460005283356e-03
6.975540891289710999e-03
2.397283213213086128e-03
2.900105901062488556e-02
1.928724348545074463e-03
6.972495317459106445e-01
1.431146860122680664e-01
1.145602017641067505e-01
1.243006438016891479e-03
6.907033920288085938e-02
2.169417858123779297e+00
3.107697889208793640e-02
1.781142782419919968e-03
1.544742658734321594e-02
1.173772010952234268e-02
2.555101513862609863e-01
3.516091033816337585e-02
1.314816717058420181e-02
5.340741202235221863e-02
1.412997394800186157e-01
3.025591559708118439e-02
1.736721396446228027e-01
5.603378638625144958e-02
1.135822385549545288e-01
8.958134800195693970e-03
3.831979632377624512e-02
3.512323275208473206e-02
1.173508353531360626e-02
3.073658095672726631e-03
2.338373288512229919e-02
1.864442136138677597e-03
1.832672691345214844e+01
3.055359423160552979e-01
4.564578235149383545e-01
2.467653539497405291e-04
1.438333243131637573e-01
1.012095436453819275e-02
3.480112063698470592e-04
7.126227766275405884e-02
3.164555132389068604e-02
4.774320125579833984e-01
1.691741123795509338e-02
3.198108170181512833e-03
1.493104267865419388e-03
3.211180865764617920e-02
6.687412038445472717e-03
1.961386576294898987e-02
9.196113944053649902e-01
1.253970861434936523e-01
4.636333286762237549e-01
1.060854643583297729e-02
6.025108974426984787e-03
8.149232268333435059e-01
5.731321573257446289e-01
8.964694976806640625e+00
3.934466093778610229e-02
2.221229523420333862e-01
1.654038764536380768e-02
7.868437469005584717e-02
1.259080786257982254e-02
1.103731989860534668e-02
1.202548071742057800e-01
1.461263447999954224e-01
3.150337934494018555e-02
1.239445880055427551e-01
1.446968317031860352e-02
1.644347980618476868e-02
3.108015842735767365e-02
8.432641043327748775e-04
3.357714973390102386e-03
6.314249336719512939e-02
7.612003246322274208e-04
5.115917697548866272e-02
1.458033472299575806e-01
3.595250248908996582e-01
1.306029409170150757e-01
9.090331941843032837e-02
1.637427061796188354e-01
1.282056093215942383e+00
9.670574218034744263e-04
2.997687645256519318e-02
1.303456276655197144e-01
2.532827784307301044e-04
6.928049027919769287e-03
3.680005669593811035e-02
9.673207998275756836e-01
1.580217294394969940e-02
1.285858545452356339e-02
1.349597051739692688e-02
1.545042544603347778e-01
3.475731611251831055e-02
2.654430456459522247e-02
1.071354672312736511e-01
4.613964632153511047e-02
6.702558398246765137e-01
1.517727784812450409e-02
4.580903798341751099e-03
2.537703514099121094e-02
3.597894310951232910e-01
2.517153136432170868e-02
2.897054255008697510e-01
2.033390849828720093e-02
1.406310911988839507e-04
6.746000051498413086e-02
1.342708021402359009e-01
2.738269977271556854e-02
2.317783087491989136e-01
2.434138394892215729e-02
4.682442173361778259e-03
4.421745613217353821e-02
2.708781743422150612e-03
4.607538133859634399e-02
1.360375992953777313e-02
3.886094316840171814e-02
6.055466365069150925e-03
4.866091534495353699e-03
6.836669892072677612e-02
8.327192306518554688e+00
2.294922014698386192e-03
1.559864613227546215e-03
2.309793373569846153e-03
2.408532239496707916e-02
1.216173041029833257e-04
8.566086888313293457e-01
2.355836518108844757e-02
1.494861006736755371e+00
2.345122545957565308e-01
1.916246116161346436e-02
3.551691479515284300e-04
3.279320597648620605e-01
5.339086651802062988e-01
2.505478681996464729e-03
4.495393019169569016e-03
2.013118937611579895e-02
5.733421494369395077e-05
8.405663818120956421e-02
1.296699629165232182e-03
1.886415243148803711e+00
1.338961869478225708e-01
6.126185879111289978e-03
1.007987186312675476e-02
8.585214614868164062e-03
1.444268226623535156e-02
2.131575951352715492e-03
6.066071614623069763e-02
2.917493693530559540e-02
4.561928287148475647e-02
2.543559763580560684e-03
2.010246217250823975e-01
3.967968514189124107e-04
1.232488900423049927e-01
1.726720668375492096e-02
1.111062094569206238e-01
2.464408287778496742e-03
9.759447537362575531e-03
8.402589708566665649e-03
3.244579210877418518e-02
4.332136362791061401e-02
2.792946621775627136e-02
4.026801511645317078e-02
2.322903648018836975e-02
5.059087276458740234e-01
1.013157670968212187e-04
7.241675257682800293e-02
2.002389729022979736e-02
1.259990036487579346e-01
2.185905218124389648e+00
4.604087769985198975e-02
6.889340933412313461e-03
7.500284165143966675e-02
5.382729228585958481e-03
1.053945394232869148e-03
9.875906705856323242e-01
3.626826032996177673e-02
5.200664512813091278e-03
6.621473282575607300e-02
5.183013156056404114e-03
8.661046028137207031e-01
2.567936666309833527e-03
6.505104247480630875e-03
1.713402271270751953e+00
3.583734855055809021e-02
4.067719578742980957e-01
2.220887225121259689e-03
1.065692980773746967e-03
1.182255055755376816e-02
1.023009605705738068e-02
8.258438669145107269e-03
1.999387741088867188e-01
4.579032361507415771e-01
1.846474409103393555e-01
1.744545623660087585e-02
9.519379585981369019e-03
8.217244409024715424e-03
1.766863861121237278e-04
8.042235858738422394e-03
3.647928237915039062e+00
1.031072974205017090e+00
8.095404482446610928e-04
4.865441843867301941e-02
9.860528632998466492e-03
2.073453506454825401e-03
1.456356495618820190e-01
2.679252810776233673e-02
9.567507077008485794e-04
7.392128463834524155e-03
2.090607769787311554e-02
3.511882200837135315e-02
9.791619181632995605e-01
5.800370872020721436e-02
1.481667041778564453e+00
2.371793091297149658e-01
1.195046305656433105e-01
6.520358324050903320e-01
9.110439419746398926e-01
1.742516271770000458e-02
7.659164257347583771e-03
8.573611080646514893e-02
9.259996004402637482e-03
1.019078865647315979e-01
7.020007371902465820e-01
8.301782608032226562e-02
1.849640160799026489e-02
1.700507253408432007e-01
5.899291019886732101e-03
2.571641094982624054e-02
1.451830961741507053e-03
4.582822620868682861e-01
1.638372312299907207e-03
6.924650631844997406e-03
1.263674795627593994e-01
6.268178694881498814e-04
1.428459212183952332e-02
5.352652445435523987e-02
4.395134747028350830e-03
8.871831893920898438e-01
2.909936709329485893e-03
3.447902854532003403e-03
1.276942621916532516e-02
2.590203192085027695e-03
1.029871054925024509e-03
4.259909689426422119e-01
7.885462604463100433e-03
2.177591994404792786e-02
9.781992994248867035e-03
8.228375576436519623e-03
7.262790575623512268e-03
7.056094240397214890e-03
1.594432443380355835e-02
9.995213150978088379e-02
4.334255121648311615e-03
3.435710386838763952e-04
4.409486893564462662e-03
8.766549825668334961e-01
6.152908899821341038e-04
7.664966396987438202e-03
1.782023459672927856e-01
1.155472397804260254e-01
2.229150198400020599e-02
3.515398129820823669e-02
1.020915657281875610e-01
6.341250985860824585e-02
7.858181197661906481e-05
1.435703132301568985e-02
5.963120143860578537e-03
2.800064627081155777e-03
1.639302261173725128e-02
2.168609015643596649e-02
3.775929659605026245e-02
5.874241143465042114e-02
2.666402608156204224e-02
9.788343450054526329e-04
2.622653543949127197e-02
8.926282636821269989e-03
1.842318773269653320e-01
8.980973623692989349e-03
1.072342619299888611e-01
1.492227427661418915e-03
1.509038656949996948e-01
4.739051510114222765e-04
6.087138131260871887e-02
5.805198103189468384e-02
3.012619316577911377e-01
2.074564620852470398e-02
4.887132048606872559e-01
3.203332424163818359e-03
7.366227451711893082e-03
3.966583870351314545e-03
7.514107041060924530e-03
1.865686848759651184e-02
3.065052442252635956e-02
1.981697278097271919e-03
9.003881216049194336e-01
9.559121727943420410e-02
2.490681968629360199e-02
4.163676738739013672e+00
8.546612739562988281e+00
6.295055616647005081e-03
1.695834216661751270e-03
4.467425169423222542e-04
3.186590224504470825e-02
1.077277027070522308e-02
2.930759266018867493e-02
2.830452203750610352e+00
2.280961925862357020e-04
2.659291505813598633e+00
1.455071568489074707e-01
1.467697136104106903e-02
1.091688405722379684e-03
3.950716461986303329e-03
1.757492065429687500e+01
4.952006149291992188e+01
3.826506805419921875e+01
5.278995037078857422e-01
1.584862136840820312e+01
8.435855507850646973e-01
2.137518463134765625e+02
6.542840957641601562e+00
7.533567047119140625e+01
1.047190284729003906e+01
7.588234710693359375e+01
1.376428508758544922e+01
1.669342041015625000e+01
4.161686599254608154e-01
5.931455612182617188e+00
6.620886230468750000e+01
2.274452781677246094e+01
1.169431304931640625e+02
3.130958175659179688e+01
3.825235605239868164e+00
1.427240943908691406e+01
2.718391895294189453e+00
5.640293598175048828e+00
2.070288276672363281e+01
4.152862548828125000e+00
5.361943840980529785e-01
5.767904663085937500e+01
3.833121643066406250e+02
4.472358093261718750e+02
1.085608825683593750e+02
2.493483781814575195e+00
2.072787284851074219e+00
3.561320304870605469e+00
2.796585083007812500e+02
3.221199512481689453e+00
4.278494834899902344e+00
3.178810179233551025e-01
4.653241112828254700e-02
1.754088163375854492e+00
6.498910522460937500e+01
7.318009643554687500e+02
1.341554450988769531e+01
4.853866696357727051e-01
2.435681152343750000e+02
7.532259464263916016e+00
1.189885711669921875e+02
7.150737762451171875e+01
7.003170490264892578e+00
4.660475850105285645e-01
2.743029174804687500e+02
6.982463836669921875e+01
1.207223987579345703e+01
1.014528369903564453e+01
2.079724502563476562e+01
1.927222371101379395e+00
3.501611232757568359e+00
2.599265336990356445e+00
3.216660618782043457e-01
8.045094490051269531e+00
4.298728332519531250e+02
7.456027221679687500e+01
2.771551818847656250e+02
1.900100231170654297e+00
1.760375213623046875e+01
3.120745420455932617e+00
1.284019374847412109e+01
2.912927436828613281e+01
7.102046508789062500e+02
3.661925048828125000e+02
1.626828765869140625e+01
3.531539812684059143e-02
3.967574691772460938e+01
7.305283546447753906e-01
8.673125457763671875e+01
6.285018444061279297e+00
6.284108161926269531e+00
3.658465445041656494e-01
5.763001441955566406e+00
8.156576538085937500e+01
1.987559127807617188e+01
1.667123413085937500e+01
2.460991382598876953e+00
6.807064533233642578e+00
1.485029506683349609e+01
7.508438110351562500e+00
8.778182029724121094e+00
9.466277062892913818e-02
9.953105926513671875e+00
8.575341224670410156e+00
2.010491132736206055e+00
6.161280632019042969e+00
2.748533248901367188e+01
3.082781791687011719e+01
9.315679550170898438e+00
5.435583877563476562e+01
4.774863815307617188e+01
2.614220142364501953e+00
7.695910034179687500e+02
8.708379864692687988e-01
6.527841186523437500e+01
1.107640862464904785e+00
9.094612121582031250e+00
1.056987404823303223e+00
8.292572784423828125e+01
1.671102523803710938e+01
3.496469116210937500e+01
1.783351182937622070e+00
6.182160034179687500e+02
2.152441101074218750e+02
8.494263887405395508e-01
1.282955855131149292e-01
2.187716827392578125e+02
9.580017089843750000e+01
1.371852993965148926e+00
2.132181549072265625e+01
5.315655136108398438e+01
2.621061706542968750e+01
8.993567466735839844e+00
4.412093353271484375e+01
9.755142211914062500e+00
5.933331298828125000e+01
4.236884277343750000e+03
1.560743560791015625e+02
7.030322265625000000e+01
1.334240913391113281e+00
1.201801605224609375e+02
1.155809783935546875e+01
1.588327527046203613e+00
4.292024536132812500e+02
7.627272033691406250e+01
9.486030578613281250e+01
7.050952911376953125e+00
1.821620315313339233e-01
6.916100502014160156e+00
1.092934012413024902e+00
1.411966204643249512e+00
1.952000379562377930e+00
1.200365753173828125e+02
1.191698226928710938e+02
1.701467132568359375e+02
2.425436782836914062e+01
1.112066984176635742e+00
2.966757507324218750e+02
1.418725109100341797e+01
2.181775512695312500e+02
2.068963813781738281e+01
2.358446655273437500e+02
6.718048453330993652e-01
1.985239028930664062e+01
5.056177673339843750e+02
3.952181339263916016e-01
2.337294006347656250e+02
5.314840316772460938e+01
3.927996456623077393e-01
9.412479400634765625e+01
1.089314842224121094e+01
9.460730552673339844e-01
7.222695350646972656e-01
1.772901296615600586e+00
9.351491928100585938e-01
4.015973815917968750e+02
1.076271820068359375e+02
1.037597274780273438e+02
1.573339366912841797e+01
9.742594146728515625e+01
1.373047351837158203e+01
2.617754936218261719e+01
7.062571716308593750e+01
3.194048767089843750e+02
3.153402566909790039e+00
6.326429843902587891e+00
5.072998046875000000e+02
1.191247940063476562e+00
4.146020412445068359e+00
1.369906616210937500e+02
1.478625011444091797e+01
5.531054973602294922e+00
2.834173774719238281e+01
2.026003360748291016e+00
9.720969200134277344e+00
3.269197225570678711e+00
1.689625358581542969e+01
1.673414916992187500e+02
1.147459864616394043e+00
6.137599121093750000e+03
3.447431325912475586e+00
4.624687433242797852e-01
1.271684837341308594e+01
1.335051116943359375e+02
2.585414505004882812e+01
1.387741088867187500e+00
6.482191467285156250e+01
3.557894945144653320e+00
4.368665313720703125e+01
5.272783279418945312e+01
8.880131840705871582e-01
3.464436340332031250e+01
7.206971645355224609e-01
1.783505558967590332e+00
1.481542110443115234e+00
9.333589553833007812e+00
2.718931198120117188e+00
5.014868736267089844e+00
2.803650856018066406e+01
4.317927169799804688e+01
4.332129955291748047e-01
1.280033588409423828e+01
2.029385833740234375e+02
3.590946912765502930e+00
1.415573120117187500e+01
5.061946392059326172e+00
1.652293920516967773e+00
6.802534461021423340e-01
1.724227172851562500e+03
1.172394943237304688e+01
1.430738983154296875e+02
4.971108913421630859e+00
2.121983642578125000e+02
7.635725140571594238e-01
1.084484558105468750e+02
2.113499267578125000e+03
8.324518054723739624e-02
1.173250317573547363e+00
2.593389892578125000e+02
1.865937829017639160e+00
4.478882141113281250e+02
2.041295528411865234e+00
1.035774421691894531e+01
3.167445421218872070e+00
7.555560588836669922e+00
8.329094201326370239e-02
5.006181240081787109e+00
1.324063301086425781e+00
1.087977676391601562e+02
1.547260665893554688e+01
1.863112831115722656e+01
1.948409318923950195e+00
9.682871818542480469e+00
9.434242248535156250e+00
6.249253153800964355e-01
2.485741882324218750e+02
3.343484115600585938e+01
7.078523635864257812e+00
5.670134067535400391e+00
7.318135070800781250e+01
3.965122604370117188e+01
1.134787979125976562e+02
2.539453506469726562e-01
1.316936523437500000e+03
5.063793182373046875e+00
2.712633132934570312e+01
2.504871559143066406e+01
9.072337150573730469e-01
1.176733856201171875e+02
4.892465209960937500e+01
7.057982087135314941e-01
1.158232879638671875e+02
2.615515136718750000e+01
1.977345585823059082e+00
7.535996093750000000e+02
2.862755203247070312e+01
4.183407592773437500e+01
2.539796829223632812e+01
2.444470367431640625e+02
6.895754241943359375e+01
5.177861022949218750e+01
1.677340126037597656e+01
2.358531036376953125e+02
1.727530658245086670e-01
5.588512420654296875e+00
4.142867736816406250e+02
1.455740928649902344e+01
1.907863922119140625e+02
7.015013098716735840e-01
2.790675461292266846e-01
2.186775398254394531e+01
4.217579364776611328e+00
3.652292490005493164e+00
2.798644638061523438e+01
6.992329955101013184e-01
7.241189002990722656e+00
2.152458190917968750e+00
3.296010494232177734e+00
1.774330139160156250e+01
7.142482399940490723e-01
9.975093007087707520e-01
3.665237121582031250e+02
5.919173583984375000e+02
1.268238186836242676e+00
8.271334838867187500e+01
1.219860744476318359e+01
4.642072200775146484e+00
1.972540527343750000e+03
3.387895345687866211e+00
4.736325454711914062e+01
8.879711151123046875e+00
1.486978149414062500e+01
3.285881042480468750e+02
8.500309944152832031e+00
7.778726196289062500e+01
2.080774078369140625e+02
4.790787506103515625e+01
2.777393913269042969e+01
2.479820098876953125e+02
1.713476943969726562e+01
3.445612430572509766e+00
5.159807205200195312e+01
9.242726325988769531e+00
7.764702796936035156e+00
5.130545654296875000e+02
3.026838684082031250e+02
2.727979125976562500e+02
4.635386657714843750e+02
2.850365400314331055e+00
3.374807834625244141e+00
6.483104825019836426e-01
9.308644294738769531e+00
7.782341480255126953e+00
4.141149044036865234e+00
1.202001452445983887e+00
2.506408452987670898e+00
7.534420490264892578e-01
1.200966873168945312e+02
1.893429374694824219e+01
5.001482391357421875e+01
1.849904174804687500e+02
6.203394412994384766e+00
3.040121650695800781e+01
1.450353240966796875e+01
7.341342926025390625e+00
3.270269334316253662e-01
3.005323730468750000e+03
4.356218566894531250e+02
2.847095870971679688e+01
7.844577789306640625e+01
3.085319328308105469e+01
2.923579711914062500e+02
2.584058761596679688e+01
4.244151115417480469e+00
1.711886215209960938e+01
1.054185986518859863e+00
3.033643531799316406e+01
4.532429809570312500e+02
2.497522926330566406e+01
3.844264984130859375e+00
2.110060691833496094e+00
6.787987518310546875e+01
6.912778320312500000e+02
3.653389358520507812e+01
1.232310581207275391e+01
1.407548904418945312e+01
9.510072320699691772e-02
5.042842403054237366e-02
1.714989280700683594e+01
8.422900199890136719e+00
3.103189706802368164e+00
7.079173088073730469e+00
7.576512908935546875e+01
2.546946144104003906e+01
3.587972259521484375e+01
1.754100441932678223e+00
1.349028587341308594e+00
3.172435998916625977e+00
8.096476554870605469e+00
4.596708984375000000e+02
1.685720086097717285e+00
5.596026992797851562e+01
3.181980550289154053e-01
3.776234149932861328e+00
1.941414028406143188e-01
9.796300888061523438e+00
1.225416259765625000e+03
1.577564453125000000e+04
2.089891672134399414e+00
5.677951049804687500e+01
1.992311668395996094e+01
2.797210454940795898e+00
4.819380950927734375e+01
1.954313964843750000e+02
1.896194100379943848e+00
2.176042556762695312e+00
9.299580574035644531e+00
4.780248260498046875e+01
1.554954910278320312e+01
4.094703197479248047e+00
1.448248901367187500e+02
7.089507446289062500e+02
5.998723030090332031e+00
2.005173683166503906e+00
2.363826274871826172e+00
8.659451293945312500e+01
1.482323765754699707e+00
6.661478996276855469e+00
1.423252716064453125e+02
1.476767253875732422e+01
1.899248199462890625e+02
6.831772460937500000e+02
9.269071197509765625e+01
9.665701985359191895e-01
2.213969230651855469e+01
