5.487336963415145874e-02
5.373475551605224609e-01
4.421169459819793701e-01
1.830950938165187836e-02
7.938708662986755371e-01
1.023472666740417480e+00
1.887917071580886841e-01
2.431011758744716644e-02
7.183270454406738281e-01
1.551647931337356567e-01
7.293910980224609375e-01
1.601381599903106689e-01
7.274105399847030640e-02
3.805111721158027649e-02
7.951024174690246582e-02
2.100968807935714722e-01
8.453995734453201294e-02
1.196440681815147400e-01
6.039255112409591675e-02
6.177618354558944702e-02
1.242940127849578857e-01
2.186022512614727020e-02
1.092106580734252930e+00
7.955825328826904297e-02
8.482907295227050781e+00
5.207272991538047791e-02
1.162398457527160645e-01
2.629804909229278564e-01
3.300290107727050781e+00
1.617999196052551270e+00
1.385556999593973160e-02
6.038779392838478088e-03
4.728145301342010498e-01
8.573281764984130859e-01
1.227672398090362549e-02
7.952215671539306641e-01
3.973431140184402466e-02
3.001872263848781586e-02
1.735989451408386230e-01
2.044079452753067017e-01
4.166679382324218750e+00
4.808693826198577881e-01
1.404604315757751465e-01
3.241476297378540039e+00
5.781952738761901855e-01
1.171583771705627441e+00
1.110157296061515808e-01
8.246801495552062988e-01
1.928151585161685944e-02
1.598407030105590820e+00
2.869783937931060791e-01
4.564623162150382996e-02
1.107689499855041504e+00
4.375891685485839844e-01
3.319392725825309753e-02
2.511658333241939545e-02
1.440568547695875168e-02
4.541049599647521973e-01
4.908723011612892151e-02
5.238185882568359375e+00
8.875354379415512085e-02
2.412947177886962891e+00
1.052765399217605591e-01
1.003047749400138855e-01
4.685245156288146973e-01
1.204268217086791992e+00
3.815953135490417480e-01
2.108000069856643677e-01
5.002647876739501953e+00
2.422178745269775391e+00
1.074454397894442081e-03
1.002618193626403809e+00
2.835427969694137573e-02
3.959179401397705078e+00
1.256740093231201172e+00
4.175795018672943115e-01
3.294124826788902283e-02
2.805351652204990387e-02
1.515406370162963867e-01
1.546386629343032837e-01
4.769688844680786133e-01
4.601964354515075684e-02
1.002701818943023682e-01
1.189839653670787811e-02
3.590834513306617737e-02
2.448288537561893463e-02
2.492072992026805878e-03
6.604205816984176636e-02
1.545642971992492676e+00
4.834823776036500931e-03
4.975884780287742615e-02
1.778003871440887451e-01
1.077575832605361938e-01
1.210887432098388672e-01
1.199634671211242676e-01
1.094992160797119141e+00
1.313910186290740967e-01
2.069291591644287109e+00
4.224172979593276978e-02
2.691145539283752441e-01
5.860005617141723633e-01
4.833944514393806458e-02
2.304779924452304840e-02
2.344901710748672485e-01
1.413851082324981689e-01
5.408467054367065430e-01
1.311407536268234253e-01
4.622907936573028564e-01
2.732393264770507812e+00
4.087256491184234619e-01
3.278205171227455139e-02
5.033019185066223145e-01
8.087117075920104980e-01
6.454572677612304688e-01
4.426855146884918213e-01
1.600376665592193604e-01
2.984927892684936523e-01
5.195694044232368469e-02
5.397963337600231171e-03
1.473826467990875244e-01
2.508862130343914032e-02
9.836693763732910156e+00
1.285299777984619141e+00
1.839604258537292480e+00
6.270017009228467941e-03
3.900627046823501587e-02
2.407704293727874756e-02
6.276523228734731674e-03
2.666110992431640625e-01
1.303634345531463623e-01
1.091961860656738281e+00
4.720251560211181641e-01
7.398916874080896378e-03
2.302772924304008484e-02
7.081968337297439575e-02
1.606245152652263641e-02
7.192888110876083374e-02
8.276584148406982422e-01
1.258566081523895264e-01
1.457442998886108398e+00
2.368630766868591309e-01
2.215519249439239502e-01
9.808799743652343750e+00
1.312552809715270996e+00
1.872166037559509277e+00
1.535145193338394165e-01
3.385202884674072266e-01
3.550634384155273438e-01
4.274173080921173096e-01
7.577991485595703125e-02
3.762387111783027649e-02
2.897413492202758789e+00
4.363916516304016113e-01
1.026277095079421997e-01
2.963821291923522949e-01
1.047339066863059998e-01
4.993826150894165039e-02
2.710891067981719971e-01
1.469627209007740021e-02
8.045519702136516571e-03
1.571334481239318848e+00
8.703289180994033813e-02
2.940755486488342285e-01
2.088921070098876953e-01
1.517807126045227051e+00
2.409648001194000244e-01
4.284676313400268555e-01
4.090876877307891846e-01
9.419640541076660156e+00
8.642055094242095947e-03
4.150761067867279053e-01
1.968491077423095703e-01
3.558297827839851379e-02
9.494218230247497559e-02
4.338218271732330322e-01
1.482105493545532227e+00
1.195505410432815552e-01
1.424009054899215698e-01
1.795616745948791504e-01
2.212047100067138672e+00
2.102221995592117310e-01
7.733287811279296875e-01
3.432039618492126465e-01
5.300336703658103943e-02
1.428413152694702148e+00
3.553676009178161621e-01
3.631315827369689941e-01
2.132639735937118530e-01
4.148556590080261230e-01
2.212635874748229980e-01
5.498007535934448242e-01
2.621670663356781006e-01
3.235527873039245605e-02
1.455393135547637939e-01
3.236950039863586426e-01
6.615193188190460205e-02
3.793618083000183105e-01
1.679260283708572388e-01
1.193678285926580429e-02
4.031649231910705566e-01
5.781058967113494873e-02
2.336761057376861572e-01
3.787937760353088379e-01
8.222130686044692993e-02
5.456487536430358887e-01
2.536409720778465271e-02
5.718935653567314148e-02
2.368292045593261719e+01
2.754999883472919464e-02
1.817201450467109680e-02
7.386852055788040161e-02
1.323802769184112549e-01
1.059185620397329330e-02
3.180342316627502441e-01
5.018792152404785156e-01
3.762762248516082764e-01
4.803948402404785156e-01
4.765008389949798584e-02
7.192295975983142853e-03
2.318923473358154297e+00
1.092545509338378906e+00
5.372345447540283203e-02
4.191913828253746033e-02
1.101122498512268066e-01
2.832207828760147095e-03
6.281166672706604004e-01
3.368121385574340820e-02
2.116243124008178711e+00
2.595862448215484619e-01
3.496972098946571350e-02
4.054883122444152832e-02
1.346801519393920898e-01
3.229402005672454834e-02
3.481073379516601562e-01
9.314193576574325562e-02
1.102364063262939453e+00
1.661392897367477417e-01
9.648985229432582855e-03
2.500704526901245117e-01
8.895573019981384277e-02
4.487662315368652344e-01
2.356530167162418365e-02
4.579334706068038940e-02
6.576751917600631714e-02
2.810142636299133301e-01
1.508875638246536255e-01
4.177350103855133057e-01
6.118467450141906738e-02
1.680814027786254883e-01
2.359836548566818237e-01
1.344425529241561890e-01
7.532986998558044434e-01
1.895513571798801422e-02
1.079831957817077637e+00
1.676397174596786499e-01
1.279382407665252686e-01
3.662955522537231445e+00
4.912589117884635925e-02
2.922156453132629395e-01
1.067461073398590088e-01
1.376245319843292236e-01
2.687496133148670197e-02
2.995901405811309814e-01
1.766832768917083740e-01
9.183280915021896362e-02
7.152149677276611328e-01
4.317165166139602661e-02
1.504643678665161133e+00
8.165965788066387177e-03
1.222128421068191528e-01
4.127812385559082031e+00
2.458261102437973022e-01
2.074313312768936157e-01
2.396329678595066071e-02
1.099957991391420364e-02
8.441584557294845581e-02
7.193628698587417603e-02
1.401585787534713745e-01
4.789983853697776794e-02
4.321094751358032227e-01
1.027363538742065430e+00
3.429349362850189209e-01
1.313352137804031372e-01
2.374964021146297455e-02
1.373145077377557755e-02
1.576699167490005493e-01
2.902437448501586914e+00
9.357609748840332031e-01
3.737017139792442322e-02
2.206150442361831665e-01
3.365556150674819946e-02
1.819531992077827454e-02
3.665318489074707031e-01
3.443591669201850891e-02
4.983403533697128296e-02
2.756777219474315643e-02
4.298378527164459229e-02
4.544111713767051697e-02
4.887183308601379395e-01
2.647705972194671631e-01
1.252943515777587891e+00
8.247593641281127930e-01
3.200917840003967285e-01
3.719644784927368164e+00
3.555585145950317383e-01
1.830813437700271606e-01
5.618336051702499390e-02
1.983671933412551880e-01
5.902953743934631348e-01
3.719635307788848877e-01
2.207910776138305664e+00
8.574671149253845215e-01
1.188057780265808105e+00
1.571100354194641113e+00
9.234610944986343384e-02
2.250136584043502808e-01
1.635564677417278290e-02
1.140870571136474609e+00
1.185229141265153885e-02
5.909908562898635864e-02
1.342891454696655273e-01
7.806687057018280029e-02
1.356305837631225586e+00
6.570767879486083984e+00
1.638967096805572510e-01
1.767538189888000488e+00
7.746609300374984741e-02
1.536018848419189453e-01
1.644931286573410034e-01
2.439393848180770874e-02
8.154083043336868286e-03
4.190608501434326172e+00
2.122504860162734985e-01
2.298392057418823242e-01
3.934730961918830872e-02
1.815837025642395020e-01
2.460895478725433350e-01
5.239580199122428894e-02
1.450225710868835449e-01
1.117013096809387207e+00
4.387865364551544189e-01
3.461825102567672729e-02
4.545361176133155823e-02
4.455540180206298828e+00
3.510032966732978821e-02
2.175724133849143982e-02
2.332344055175781250e+00
1.284510344266891479e-01
3.996685743331909180e-01
3.217663466930389404e-01
2.949339151382446289e-01
3.269764780998229980e-02
2.582522341981530190e-03
7.464717328548431396e-02
2.547802329063415527e-01
2.483657002449035645e-02
3.244115039706230164e-02
1.163108706474304199e+00
8.961771130561828613e-01
2.904808223247528076e-01
3.674314320087432861e-01
1.104549616575241089e-01
1.570040285587310791e-01
5.796386674046516418e-02
6.785314083099365234e-01
1.486846506595611572e-01
2.216722220182418823e-01
3.633475676178932190e-02
5.226861238479614258e-01
5.077072419226169586e-03
2.771392762660980225e-01
3.434451669454574585e-02
1.905465126037597656e+00
2.093553394079208374e-01
5.362316966056823730e-01
1.604947447776794434e-02
1.914229691028594971e-01
5.799826383590698242e-01
1.710327863693237305e-01
1.069869566708803177e-02
1.828791797161102295e-01
3.939773514866828918e-02
1.621212720870971680e+00
1.213994026184082031e+00
1.802209913730621338e-01
1.370984196662902832e+00
8.355918884277343750e+00
5.916287750005722046e-02
7.210557907819747925e-02
9.428730234503746033e-03
2.055213600397109985e-01
6.641760468482971191e-01
1.505092233419418335e-01
1.116351222991943359e+01
4.553851112723350525e-02
5.499892234802246094e+00
5.036367177963256836e-01
4.455666840076446533e-01
3.320263326168060303e-02
8.643145859241485596e-02
1.008560895919799805e+00
4.657533645629882812e+01
3.461462402343750000e+01
9.919987916946411133e-01
2.122580146789550781e+01
1.130606365203857422e+01
1.934835433959960938e+01
1.492439150810241699e+00
4.899808883666992188e+01
1.062653779983520508e+00
4.547949981689453125e+01
7.680039882659912109e+00
2.219097375869750977e+00
6.077348589897155762e-01
4.088222503662109375e+00
4.955419158935546875e+01
4.599340438842773438e+00
9.678945541381835938e+00
2.033218002319335938e+01
1.345466732978820801e+00
2.501819372177124023e+00
6.047915816307067871e-01
9.375461578369140625e+00
5.886029720306396484e+00
6.597033691406250000e+01
1.586715102195739746e+00
8.874341011047363281e+00
8.384869575500488281e+00
1.726961364746093750e+02
3.686158370971679688e+01
1.475208282470703125e+00
1.214501857757568359e+00
5.658582687377929688e+00
1.098202972412109375e+02
5.533380508422851562e-01
2.314690208435058594e+01
7.401862144470214844e-01
4.223427772521972656e-01
2.236608982086181641e+00
6.780039787292480469e+00
2.081672210693359375e+02
5.299583911895751953e+00
1.175531387329101562e+00
2.331408882141113281e+01
4.364302635192871094e+00
4.411830520629882812e+01
1.352887439727783203e+01
1.278887176513671875e+01
1.729796648025512695e+00
3.942856216430664062e+01
1.060189437866210938e+01
3.289656877517700195e+00
1.599342536926269531e+01
4.098334503173828125e+01
3.825423240661621094e+00
3.418145477771759033e-01
4.357860088348388672e-01
1.194544553756713867e+00
6.943249106407165527e-01
3.563682556152343750e+01
1.067948913574218750e+01
4.940404510498046875e+01
1.286187529563903809e+00
3.756583213806152344e+00
1.158548235893249512e+00
3.085514831542968750e+01
4.365079879760742188e+00
3.567073440551757812e+01
4.079657363891601562e+01
1.401777343750000000e+02
3.163015842437744141e-02
1.099648666381835938e+01
7.605040669441223145e-01
7.349093627929687500e+01
6.415167236328125000e+01
4.301002025604248047e+00
1.859303236007690430e+00
8.593408465385437012e-01
7.605881690979003906e+00
6.172207355499267578e+00
6.669055461883544922e+00
9.035026431083679199e-01
4.150106906890869141e+00
1.887122750282287598e+00
3.162208080291748047e+00
1.542682766914367676e+00
9.276556968688964844e-01
5.542901992797851562e+00
1.063355541229248047e+01
3.263697326183319092e-01
2.638815641403198242e+00
9.517290115356445312e+00
1.652871322631835938e+01
3.183533668518066406e+00
5.429491996765136719e+00
2.481833457946777344e+01
9.230459928512573242e-01
1.042749176025390625e+02
1.414725542068481445e+00
5.220232963562011719e+00
1.222266793251037598e+00
1.287013888359069824e+00
3.153557181358337402e-01
7.701754760742187500e+01
8.389394760131835938e+00
1.334401226043701172e+01
1.228348970413208008e+00
7.904757690429687500e+01
9.916371917724609375e+01
1.862229347229003906e+00
3.656190037727355957e-01
1.104671096801757812e+01
1.117722225189208984e+01
5.293138504028320312e+00
8.254120826721191406e+00
3.028091907501220703e+00
4.349791049957275391e+00
1.489169478416442871e+00
9.599992036819458008e-01
8.785782814025878906e+00
2.858570575714111328e+00
4.955014343261718750e+02
2.472254333496093750e+02
2.939215469360351562e+01
1.069876670837402344e+00
1.238805484771728516e+01
5.389826774597167969e+00
1.919980645179748535e+00
6.435237884521484375e+01
7.509596347808837891e+00
2.909085988998413086e+00
1.288461017608642578e+01
1.563275307416915894e-01
6.105059981346130371e-01
1.390431642532348633e+00
5.442646741867065430e-01
2.217857360839843750e+00
1.594263839721679688e+01
1.043233013153076172e+01
3.519005966186523438e+01
5.129563140869140625e+01
1.680132985115051270e+00
8.910552978515625000e+01
2.196260261535644531e+01
3.395594787597656250e+01
8.880598068237304688e+00
4.215575408935546875e+01
6.901387691497802734e+00
1.609869194030761719e+01
7.563501834869384766e+00
2.221935749053955078e+00
9.102065277099609375e+01
2.974320888519287109e+00
1.797657608985900879e+00
1.946036720275878906e+01
2.797363519668579102e+00
8.940843343734741211e-01
5.827867984771728516e+00
1.481198191642761230e+00
8.010928034782409668e-01
4.000904464721679688e+01
1.357722377777099609e+01
2.124173355102539062e+01
2.469072103500366211e+00
9.504381179809570312e+00
2.067247390747070312e+00
5.385454177856445312e+00
1.238869857788085938e+01
3.546148376464843750e+02
4.307476878166198730e-01
1.450519943237304688e+01
1.666001701354980469e+01
3.112865924835205078e+00
1.261935114860534668e+00
6.490687561035156250e+01
1.741435813903808594e+01
3.262005329132080078e+00
1.080215835571289062e+01
7.804297924041748047e+00
3.450865554809570312e+01
1.217174172401428223e+00
4.273676300048828125e+01
1.700329971313476562e+01
6.270579248666763306e-02
4.395870208740234375e+01
3.251765441894531250e+01
1.168180942535400391e+00
3.584714412689208984e+00
5.316993331909179688e+01
9.260516166687011719e+00
1.395639777183532715e+00
6.618275165557861328e+00
1.095821261405944824e+00
8.811904907226562500e+00
1.791725349426269531e+01
6.666822433471679688e-01
2.811417102813720703e+00
1.576862692832946777e+00
1.223515510559082031e+00
3.849996805191040039e+00
1.112627410888671875e+01
3.953551292419433594e+00
7.651823997497558594e+00
3.565432310104370117e+00
2.343562507629394531e+01
2.310497760772705078e-01
2.987651348114013672e+00
1.448293762207031250e+02
6.700081825256347656e+00
5.199891090393066406e+00
4.530428886413574219e+00
4.854683876037597656e+00
4.290294647216796875e-01
9.571167945861816406e+00
3.500874519348144531e+00
1.235368537902832031e+01
1.131704092025756836e+00
9.332913398742675781e+00
3.826717734336853027e-01
2.369636344909667969e+01
8.553392791748046875e+01
9.217173457145690918e-01
8.237968683242797852e-01
1.227429294586181641e+01
8.548282384872436523e-01
1.565596008300781250e+02
1.392443656921386719e+00
1.333544731140136719e+01
1.310891151428222656e+00
1.854957818984985352e+00
4.661912024021148682e-01
8.891521453857421875e+00
1.157277584075927734e+00
4.682547760009765625e+01
2.014110326766967773e+00
9.051693916320800781e+00
5.783739089965820312e-01
7.027872204780578613e-01
6.742358207702636719e-01
3.105218172073364258e+00
1.034133720397949219e+01
3.126681566238403320e+00
1.843893289566040039e+00
2.362139701843261719e+00
2.082189369201660156e+01
4.494552612304687500e+00
1.006122684478759766e+01
8.158729672431945801e-01
1.667775726318359375e+01
1.297493219375610352e+00
1.908519864082336426e+00
8.418957710266113281e+00
1.007498979568481445e+00
2.869782447814941406e+01
6.123173236846923828e+00
2.889105081558227539e+00
2.677133178710937500e+01
1.487473607063293457e+00
1.603866100311279297e+00
1.675977897644042969e+01
3.209251022338867188e+01
5.015974998474121094e+00
5.152725219726562500e+00
1.050606346130371094e+01
1.911763381958007812e+01
1.701300621032714844e+01
2.428565025329589844e+01
5.203066635131835938e+01
8.030543327331542969e-01
1.052821731567382812e+01
7.151522064208984375e+01
2.111916542053222656e+01
4.067121505737304688e+01
8.646235466003417969e-01
9.787032604217529297e-01
5.078419685363769531e+00
1.609482526779174805e+00
9.666319847106933594e+00
5.904737949371337891e+00
2.694823980331420898e+00
7.996060371398925781e+00
4.110771656036376953e+00
4.029746055603027344e+00
1.242310762405395508e+00
2.768048942089080811e-01
4.541759967803955078e+00
5.231764984130859375e+01
9.147031784057617188e+00
2.573565244674682617e+00
1.779059648513793945e+00
2.830521345138549805e+00
1.884811639785766602e+00
8.418098449707031250e+01
2.229040145874023438e+00
2.610673666000366211e+00
2.034104824066162109e+00
4.298436641693115234e+00
9.906534194946289062e+00
1.489796757698059082e+00
1.048005771636962891e+01
3.219246292114257812e+01
2.941982650756835938e+01
2.969444036483764648e+00
2.847712326049804688e+01
5.475953102111816406e+00
7.825286865234375000e+00
2.171851921081542969e+01
3.722950220108032227e+00
1.230901718139648438e+01
2.998798751831054688e+01
4.637142944335937500e+01
7.339557647705078125e+01
9.537914276123046875e+01
1.058068370819091797e+01
1.168275356292724609e+00
8.725088834762573242e-01
6.648914217948913574e-01
7.037983894348144531e+00
9.695016145706176758e-01
4.833673238754272461e-01
9.982630014419555664e-01
7.632973194122314453e-01
1.540728454589843750e+02
2.689585494995117188e+01
3.825917434692382812e+01
2.365961837768554688e+01
1.889891505241394043e+00
1.273941993713378906e+01
8.018333435058593750e+00
3.675546884536743164e+00
1.004344224929809570e+00
6.788035583496093750e+01
4.920105361938476562e+01
4.456624031066894531e+00
5.169353961944580078e+00
2.205152702331542969e+01
7.763962554931640625e+01
3.926109313964843750e+00
5.927579402923583984e-01
1.596637058258056641e+01
1.955868482589721680e+00
3.742684841156005859e+00
3.912740945816040039e+00
4.744601058959960938e+01
1.200014710426330566e+00
2.617172002792358398e+00
7.301975250244140625e+01
1.154542255401611328e+01
1.347963523864746094e+01
7.205715179443359375e+00
7.833164215087890625e+00
2.417732179164886475e-01
1.251104921102523804e-01
8.311657905578613281e+00
4.433184623718261719e+00
1.344180941581726074e+00
6.384469509124755859e+00
7.276466369628906250e+01
1.127883987426757812e+02
1.283639144897460938e+01
4.201217651367187500e+00
2.939080476760864258e+00
5.515763282775878906e+00
5.140851020812988281e+00
1.494319534301757812e+01
2.290862321853637695e+00
1.723682785034179688e+01
8.317542672157287598e-01
4.441547870635986328e+00
2.802247703075408936e-01
3.688971996307373047e+00
9.515338897705078125e+00
5.070226440429687500e+02
4.580262184143066406e+00
1.053546619415283203e+01
1.062434673309326172e+00
4.170484542846679688e+00
3.515093994140625000e+01
2.248215103149414062e+01
2.609328627586364746e-01
2.019401788711547852e+00
3.331878185272216797e+00
1.803643417358398438e+01
6.269378280639648438e+01
2.070094347000122070e+00
1.664875602722167969e+01
9.291852569580078125e+01
2.256252288818359375e+00
4.347653388977050781e+00
2.060897350311279297e+00
1.012202739715576172e+01
9.546399116516113281e+00
9.171222686767578125e+00
6.520689086914062500e+02
5.906986713409423828e+00
3.179525947570800781e+01
1.259067687988281250e+02
3.540846252441406250e+01
3.132650375366210938e+00
2.767794227600097656e+01
