3.817161172628402710e-02
1.931563615798950195e-01
6.044800858944654465e-03
2.436383394524455070e-03
2.568562515079975128e-02
4.676662921905517578e+00
1.960531435906887054e-02
3.439337946474552155e-03
9.710655547678470612e-03
4.626863896846771240e-01
1.447365060448646545e-02
2.601578831672668457e-02
5.263937264680862427e-02
2.669749967753887177e-02
2.203939482569694519e-03
1.761006377637386322e-02
2.012461889535188675e-03
1.011413335800170898e-02
3.230988234281539917e-02
1.062349416315555573e-03
4.027340188622474670e-02
4.005988687276840210e-02
1.329108774662017822e-01
1.636665500700473785e-02
1.593327879905700684e+00
1.074957195669412613e-02
5.695501342415809631e-02
6.321860849857330322e-02
7.995964586734771729e-02
5.107457041740417480e-01
9.999169269576668739e-04
2.441641408950090408e-04
9.297852404415607452e-03
4.325913637876510620e-02
3.219315037131309509e-02
1.357818674296140671e-02
4.988035652786493301e-03
4.395128344185650349e-04
7.816215045750141144e-03
5.166333168745040894e-03
1.634599864482879639e-01
1.009352281689643860e-01
3.989520948380231857e-03
7.555151462554931641e+00
1.520676165819168091e-01
1.487305313348770142e-01
8.888040669262409210e-03
5.145658254623413086e-01
2.041256753727793694e-03
3.338636457920074463e-02
1.390790194272994995e-01
5.490443482995033264e-02
9.635227173566818237e-02
2.973951026797294617e-02
9.706636774353682995e-04
3.031659871339797974e-03
4.970217123627662659e-03
1.378829032182693481e-02
2.602961845695972443e-02
1.009477424621582031e+01
1.542603597044944763e-02
1.025844097137451172e+01
1.280531007796525955e-02
4.942480940371751785e-03
9.492796659469604492e-02
4.357118532061576843e-02
1.987682729959487915e-01
2.024453505873680115e-02
6.051062345504760742e-01
5.989812612533569336e-01
1.796993019524961710e-04
1.336325407028198242e+00
1.753496937453746796e-03
8.124142885208129883e-02
8.663742244243621826e-02
2.342287078499794006e-02
8.456495590507984161e-03
5.803800374269485474e-02
1.994022540748119354e-02
1.234273519366979599e-02
1.523970067501068115e-01
1.815284788608551025e-02
2.083088830113410950e-02
2.107889740727841854e-04
3.093472681939601898e-03
1.815960044041275978e-03
5.786142355646006763e-05
3.132913634181022644e-02
5.109062194824218750e-01
6.954494747333228588e-04
1.370784081518650055e-02
8.509022183716297150e-03
2.661101520061492920e-03
5.811723321676254272e-02
1.784045482054352760e-03
8.173534870147705078e-01
2.714952230453491211e-01
1.125285997986793518e-01
1.356740482151508331e-03
8.365400135517120361e-02
1.462143421173095703e+00
3.651905059814453125e-02
2.181158401072025299e-03
2.284520305693149567e-02
1.861535198986530304e-02
4.032167196273803711e-01
5.299929529428482056e-02
1.435591559857130051e-02
3.558897599577903748e-02
1.446439921855926514e-01
9.038075059652328491e-02
2.782159447669982910e-01
7.742971181869506836e-02
1.186230480670928955e-01
1.706359721720218658e-02
4.646981507539749146e-02
5.199987813830375671e-02
1.101520005613565445e-02
3.336028195917606354e-03
4.587841033935546875e-02
2.031796611845493317e-03
1.624272918701171875e+01
3.717004060745239258e-01
5.556429624557495117e-01
2.355549950152635574e-04
2.061115056276321411e-01
1.812933571636676788e-02
6.444033933803439140e-04
1.022179946303367615e-01
3.526228293776512146e-02
8.193902373313903809e-01
2.372597716748714447e-02
3.610705025494098663e-03
2.304617082700133324e-03
5.626232549548149109e-02
1.229079905897378922e-02
3.867954015731811523e-02
1.329744219779968262e+00
1.662719398736953735e-01
6.444076299667358398e-01
1.281971577554941177e-02
9.110388346016407013e-03
7.636597752571105957e-01
8.438142538070678711e-01
2.393182754516601562e+01
4.202018305659294128e-02
2.473870366811752319e-01
1.703762076795101166e-02
8.168102055788040161e-02
1.144189946353435516e-02
1.730905100703239441e-02
9.611145406961441040e-02
2.296466976404190063e-01
2.885313890874385834e-02
1.375578045845031738e-01
1.620988175272941589e-02
2.544177137315273285e-02
3.458219394087791443e-02
1.812030444853007793e-03
6.143556907773017883e-03
7.096368819475173950e-02
6.445521721616387367e-04
1.083798483014106750e-01
2.350604981184005737e-01
3.403596878051757812e-01
1.826462298631668091e-01
1.113865822553634644e-01
2.379852980375289917e-01
1.770220160484313965e+00
1.082531991414725780e-03
2.828854508697986603e-02
1.926665455102920532e-01
1.612907799426466227e-04
8.753061294555664062e-03
4.775311052799224854e-02
1.765812039375305176e+00
2.358094416558742523e-02
1.751725189387798309e-02
1.389215327799320221e-02
1.431261897087097168e-01
4.853416979312896729e-02
5.138537660241127014e-02
1.408321559429168701e-01
5.371218547224998474e-02
1.038721561431884766e+00
1.696849428117275238e-02
8.274245075881481171e-03
3.843675553798675537e-02
5.491567850112915039e-01
3.152224421501159668e-02
2.308317720890045166e-01
3.265239298343658447e-02
1.818354066926985979e-04
1.214446276426315308e-01
2.167544662952423096e-01
3.619210794568061829e-02
4.313226938247680664e-01
6.160734593868255615e-02
6.684115622192621231e-03
4.004256427288055420e-02
4.172324668616056442e-03
5.123858153820037842e-02
1.652363501489162445e-02
4.574487358331680298e-02
5.312099121510982513e-03
5.499753169715404510e-03
1.495911777019500732e-01
1.361007785797119141e+01
4.089270252734422684e-03
2.609614981338381767e-03
3.654998727142810822e-03
3.909751400351524353e-02
1.385509240208193660e-04
1.191856145858764648e+00
2.505723759531974792e-02
2.271663427352905273e+00
2.412773966789245605e-01
2.681764960289001465e-02
4.693932423833757639e-04
4.704300761222839355e-01
5.330547690391540527e-01
5.537496414035558701e-03
5.291321314871311188e-03
2.805274724960327148e-02
9.127785597229376435e-05
1.070103049278259277e-01
1.657624030485749245e-03
2.973690271377563477e+00
2.270819842815399170e-01
1.160167902708053589e-02
2.103020250797271729e-02
1.401191111654043198e-02
2.066864445805549622e-02
2.998509444296360016e-03
1.035206988453865051e-01
2.336948178708553314e-02
7.940595597028732300e-02
4.864799324423074722e-03
3.060491681098937988e-01
4.673011426348239183e-04
8.594617247581481934e-02
2.348124422132968903e-02
1.920894831418991089e-01
3.962400369346141815e-03
1.233840361237525940e-02
1.143964659422636032e-02
3.261325135827064514e-02
9.522450715303421021e-02
3.834204003214836121e-02
7.772983610630035400e-02
3.590895235538482666e-02
6.655606031417846680e-01
1.102860114770010114e-04
9.763628244400024414e-02
2.099362760782241821e-02
2.136738598346710205e-01
3.190523862838745117e+00
4.774465039372444153e-02
1.206016819924116135e-02
1.152720823884010315e-01
7.395403925329446793e-03
1.172168413177132607e-03
1.243427634239196777e+00
5.521922558546066284e-02
4.706373438239097595e-03
3.918024897575378418e-02
1.195779908448457718e-02
1.390543103218078613e+00
4.079631529748439789e-03
6.603500340133905411e-03
1.883091092109680176e+00
3.732388094067573547e-02
6.585473418235778809e-01
2.853171899914741516e-03
1.557024428620934486e-03
1.241168659180402756e-02
1.316494308412075043e-02
1.102811843156814575e-02
3.361005485057830811e-01
7.501390576362609863e-01
1.824743896722793579e-01
1.562745124101638794e-02
1.138447318226099014e-02
1.350010931491851807e-02
2.091889036819338799e-04
9.083030745387077332e-03
5.231081485748291016e+00
1.554807305335998535e+00
9.299780940636992455e-04
6.577941030263900757e-02
1.279481779783964157e-02
2.763742581009864807e-03
1.634470671415328979e-01
3.582861647009849548e-02
9.781726403161883354e-04
1.472284831106662750e-02
3.089354932308197021e-02
4.883757978677749634e-02
1.708575606346130371e+00
7.192587852478027344e-02
1.279148936271667480e+00
4.218256473541259766e-01
1.107028126716613770e-01
7.969213724136352539e-01
2.033098697662353516e+00
1.682543382048606873e-02
1.559713762253522873e-02
9.648314118385314941e-02
9.390856139361858368e-03
1.653724908828735352e-01
8.725556731224060059e-01
7.876016199588775635e-02
1.713060215115547180e-02
3.398100137710571289e-01
5.226499401032924652e-03
3.825440257787704468e-02
1.283779740333557129e-03
7.352299690246582031e-01
2.687582513317465782e-03
9.051736444234848022e-03
2.132512480020523071e-01
1.100865192711353302e-03
1.244501024484634399e-02
6.299620121717453003e-02
5.346321035176515579e-03
6.992301344871520996e-01
3.672899678349494934e-03
6.001401692628860474e-03
1.010278612375259399e-02
3.320575226098299026e-03
2.273685298860073090e-03
2.888270020484924316e-01
8.399813435971736908e-03
2.272217348217964172e-02
1.163961924612522125e-02
1.037742663174867630e-02
7.863804697990417480e-03
8.009186945855617523e-03
2.198720909655094147e-02
1.574471294879913330e-01
2.805288648232817650e-03
5.166747141629457474e-04
6.945719011127948761e-03
1.379654526710510254e+00
8.372804732061922550e-04
1.451426092535257339e-02
1.495618224143981934e-01
7.441744208335876465e-02
3.606713563203811646e-02
3.769901022315025330e-02
1.160014420747756958e-01
1.116241440176963806e-01
1.152374461526051164e-04
1.799700409173965454e-02
6.251201033592224121e-03
3.585282480344176292e-03
2.845633216202259064e-02
2.429388836026191711e-02
4.937397688627243042e-02
6.421994417905807495e-02
2.824161574244499207e-02
9.253966272808611393e-04
3.305408731102943420e-02
1.079506706446409225e-02
1.576240360736846924e-01
1.427061576396226883e-02
1.227354630827903748e-01
1.504619722254574299e-03
2.068544030189514160e-01
4.338245780672878027e-04
8.874911814928054810e-02
1.266739219427108765e-01
1.490132212638854980e-01
2.971496619284152985e-02
7.701154947280883789e-01
3.619505092501640320e-03
9.813406504690647125e-03
5.756465718150138855e-03
1.151121314615011215e-02
3.087243065237998962e-02
5.984657257795333862e-02
2.211822662502527237e-03
2.584851980209350586e+00
9.499955922365188599e-02
1.964802667498588562e-02
3.947106361389160156e+00
9.168291091918945312e+00
1.047454401850700378e-02
1.394764287397265434e-03
7.026691455394029617e-04
5.138973891735076904e-02
9.526327252388000488e-03
2.819516696035861969e-02
4.376595020294189453e+00
2.277004095958545804e-04
4.248376369476318359e+00
1.528312414884567261e-01
2.061068639159202576e-02
9.001205326057970524e-04
5.037953611463308334e-03
1.595465850830078125e+01
8.784526062011718750e+01
7.962821197509765625e+01
6.090507507324218750e-01
2.611828613281250000e+01
1.340028405189514160e+00
3.172140502929687500e+02
1.099898815155029297e+01
1.019189529418945312e+02
1.401704788208007812e+01
1.017222671508789062e+02
1.440597915649414062e+01
3.530027389526367188e+01
5.151233673095703125e-01
7.742084026336669922e+00
9.617997741699218750e+01
4.473361587524414062e+01
1.754139404296875000e+02
8.747291564941406250e+01
6.837607383728027344e+00
3.289281463623046875e+01
4.753927707672119141e+00
6.215572357177734375e+00
2.550955963134765625e+01
3.707798004150390625e+00
6.430290341377258301e-01
1.246566238403320312e+02
5.121203613281250000e+02
7.419462280273437500e+02
1.989358825683593750e+02
5.461023807525634766e+00
4.060153484344482422e+00
5.647225856781005859e+00
2.868044433593750000e+02
6.429644584655761719e+00
5.559038162231445312e+00
4.541513919830322266e-01
7.012334465980529785e-02
2.632292270660400391e+00
9.216790771484375000e+01
9.090021362304687500e+02
1.832699775695800781e+01
6.713854074478149414e-01
4.204010925292968750e+02
1.506278800964355469e+01
1.419941406250000000e+02
7.168562316894531250e+01
8.752669334411621094e+00
7.221872210502624512e-01
5.204590454101562500e+02
1.493623657226562500e+02
1.958654403686523438e+01
1.229868316650390625e+01
1.996297073364257812e+01
3.360646724700927734e+00
7.735579967498779297e+00
5.561122417449951172e+00
3.862206339836120605e-01
1.437203311920166016e+01
9.598742065429687500e+02
2.083593902587890625e+02
5.057448425292968750e+02
4.451665401458740234e+00
3.881554794311523438e+01
4.993707656860351562e+00
2.483301925659179688e+01
4.360768890380859375e+01
1.251578247070312500e+03
3.211066589355468750e+02
2.340373611450195312e+01
7.249865680932998657e-02
6.892939758300781250e+01
9.769032001495361328e-01
1.027190017700195312e+02
8.337509155273437500e+00
1.084564399719238281e+01
9.358041882514953613e-01
9.984276771545410156e+00
1.670115509033203125e+02
3.309535598754882812e+01
2.759445953369140625e+01
4.591524600982666016e+00
6.556157588958740234e+00
2.232239913940429688e+01
9.378257751464843750e+00
1.739222145080566406e+01
1.116875037550926208e-01
1.260143661499023438e+01
1.061385250091552734e+01
3.341308116912841797e+00
9.285573959350585938e+00
3.405019760131835938e+01
4.653939437866210938e+01
1.374684810638427734e+01
9.986495971679687500e+01
9.921470642089843750e+01
3.085715770721435547e+00
6.818101196289062500e+02
8.391293883323669434e-01
1.921013793945312500e+02
1.268648982048034668e+00
1.647614288330078125e+01
2.546183347702026367e+00
1.248396606445312500e+02
3.617316818237304688e+01
5.121488189697265625e+01
2.271059036254882812e+00
1.344944091796875000e+03
2.585316162109375000e+02
7.416935563087463379e-01
4.120602607727050781e-01
4.673845825195312500e+02
1.632763519287109375e+02
1.246600151062011719e+00
3.306795501708984375e+01
7.743114471435546875e+01
5.353682708740234375e+01
1.180614376068115234e+01
5.561296844482421875e+01
1.338436985015869141e+01
1.570864105224609375e+02
5.347518066406250000e+03
1.713816223144531250e+02
1.333288879394531250e+02
2.544865846633911133e+00
1.801194458007812500e+02
1.925265502929687500e+01
2.759055852890014648e+00
5.652412719726562500e+02
6.737655639648437500e+01
2.083271942138671875e+02
1.360485458374023438e+01
2.869520783424377441e-01
1.447270965576171875e+01
1.641844034194946289e+00
2.497058629989624023e+00
1.740939736366271973e+00
2.433146972656250000e+02
2.765469970703125000e+02
2.886851501464843750e+02
2.727262306213378906e+01
2.077038288116455078e+00
3.292713317871093750e+02
2.074384689331054688e+01
5.972418212890625000e+02
3.156750869750976562e+01
2.502410583496093750e+02
1.273343801498413086e+00
3.035666465759277344e+01
9.929691772460937500e+02
5.767562389373779297e-01
3.452264709472656250e+02
4.879059219360351562e+01
4.158870577812194824e-01
1.129728546142578125e+02
2.499693870544433594e+01
1.945833683013916016e+00
7.887407541275024414e-01
4.695358753204345703e+00
1.718834400177001953e+00
9.000198364257812500e+02
1.504300689697265625e+02
1.663879699707031250e+02
2.673031425476074219e+01
1.483944091796875000e+02
4.487275695800781250e+01
4.129320144653320312e+01
2.335764312744140625e+02
5.628252563476562500e+02
6.503871917724609375e+00
9.995559692382812500e+00
8.304685668945312500e+02
1.171599507331848145e+00
4.935306549072265625e+00
2.660072937011718750e+02
2.162263488769531250e+01
7.235145568847656250e+00
4.580068588256835938e+01
2.344982385635375977e+00
1.565585136413574219e+01
6.606037616729736328e+00
2.523032569885253906e+01
3.034615173339843750e+02
3.308956861495971680e+00
1.238641406250000000e+04
3.895788908004760742e+00
7.128503322601318359e-01
1.696857643127441406e+01
2.938468627929687500e+02
4.295083236694335938e+01
2.035662412643432617e+00
1.599674377441406250e+02
5.713160514831542969e+00
5.489635086059570312e+01
1.089524765014648438e+02
1.823368191719055176e+00
5.842064666748046875e+01
1.054472565650939941e+00
3.957233905792236328e+00
2.076300859451293945e+00
1.204129600524902344e+01
5.337309837341308594e+00
7.153526782989501953e+00
4.596554183959960938e+01
4.418174743652343750e+01
6.867671608924865723e-01
3.169517135620117188e+01
4.259391479492187500e+02
5.952210903167724609e+00
2.304802131652832031e+01
6.308428764343261719e+00
2.252309083938598633e+00
1.104611873626708984e+00
3.509627685546875000e+03
1.304672336578369141e+01
2.504990539550781250e+02
6.088825225830078125e+00
3.291149902343750000e+02
1.025308012962341309e+00
1.786776885986328125e+02
2.065519775390625000e+03
1.134605258703231812e-01
2.268315553665161133e+00
5.052622680664062500e+02
3.178039550781250000e+00
7.818822021484375000e+02
3.004348278045654297e+00
1.450837802886962891e+01
4.803993225097656250e+00
1.260080909729003906e+01
1.076904982328414917e-01
8.073135375976562500e+00
1.709475398063659668e+00
3.293076171875000000e+02
2.849992370605468750e+01
1.907171630859375000e+01
4.558774471282958984e+00
2.099217796325683594e+01
1.527319335937500000e+01
1.121390104293823242e+00
2.764694519042968750e+02
6.671494293212890625e+01
1.257229137420654297e+01
1.438731002807617188e+01
1.127202224731445312e+02
6.165476608276367188e+01
1.545083923339843750e+02
4.635092020034790039e-01
3.073329101562500000e+03
9.393235206604003906e+00
6.019423675537109375e+01
2.934726142883300781e+01
1.176519274711608887e+00
3.246031188964843750e+02
8.658819580078125000e+01
7.607976198196411133e-01
3.440327453613281250e+02
4.586433792114257812e+01
4.275159835815429688e+00
1.235259887695312500e+03
4.715044784545898438e+01
5.750532150268554688e+01
4.345852279663085938e+01
4.722148132324218750e+02
1.198983154296875000e+02
7.545553588867187500e+01
2.179300308227539062e+01
6.422834472656250000e+02
2.425762265920639038e-01
8.350423812866210938e+00
4.766295166015625000e+02
1.483504676818847656e+01
3.713336181640625000e+02
9.888467788696289062e-01
5.378348231315612793e-01
2.857374382019042969e+01
5.861062049865722656e+00
4.604718208312988281e+00
4.926574325561523438e+01
6.961953043937683105e-01
1.100235366821289062e+01
2.989937305450439453e+00
5.505260944366455078e+00
2.843135070800781250e+01
1.322512626647949219e+00
1.268791913986206055e+00
5.106714172363281250e+02
1.176747314453125000e+03
2.325752258300781250e+00
1.421955108642578125e+02
1.666710853576660156e+01
7.980378627777099609e+00
2.362343261718750000e+03
4.384149551391601562e+00
8.306163024902343750e+01
2.215137290954589844e+01
2.519905281066894531e+01
5.383261108398437500e+02
1.367402839660644531e+01
1.327186889648437500e+02
3.423785400390625000e+02
7.555162811279296875e+01
3.838210678100585938e+01
2.748027648925781250e+02
3.150441169738769531e+01
3.200854539871215820e+00
5.800707626342773438e+01
1.476661968231201172e+01
1.363965415954589844e+01
1.067039062500000000e+03
4.397783203125000000e+02
4.416122131347656250e+02
4.480715026855468750e+02
5.892101764678955078e+00
3.313879728317260742e+00
8.300721645355224609e-01
1.851114654541015625e+01
1.562545204162597656e+01
6.807271480560302734e+00
1.709917068481445312e+00
4.215096950531005859e+00
9.134721755981445312e-01
1.210080947875976562e+02
3.853275299072265625e+01
4.898465728759765625e+01
1.844669189453125000e+02
9.135685920715332031e+00
6.297560501098632812e+01
1.410241222381591797e+01
8.242531776428222656e+00
3.441189527511596680e-01
4.378127929687500000e+03
8.308571777343750000e+02
7.112348937988281250e+01
1.398215179443359375e+02
5.213831710815429688e+01
5.394958496093750000e+02
3.533377838134765625e+01
1.314429473876953125e+01
2.798329162597656250e+01
1.610967636108398438e+00
4.524065780639648438e+01
8.932091674804687500e+02
4.406983947753906250e+01
6.364942073822021484e+00
4.117070674896240234e+00
8.768468475341796875e+01
7.294882812500000000e+02
4.912007522583007812e+01
1.291413784027099609e+01
1.709642028808593750e+01
1.198399960994720459e-01
1.257649660110473633e-01
3.005144309997558594e+01
1.892222023010253906e+01
4.670649528503417969e+00
1.151261138916015625e+01
1.080371398925781250e+02
3.166785049438476562e+01
8.206567382812500000e+01
3.523784160614013672e+00
1.612258195877075195e+00
5.310555934906005859e+00
1.710225486755371094e+01
6.852849731445312500e+02
2.095698833465576172e+00
7.924069213867187500e+01
6.112262010574340820e-01
5.923349380493164062e+00
2.176129966974258423e-01
1.219935512542724609e+01
2.658160888671875000e+03
1.560283105468750000e+04
4.044767379760742188e+00
1.160205688476562500e+02
4.272542190551757812e+01
4.069433689117431641e+00
1.151465148925781250e+02
2.994779052734375000e+02
4.420408248901367188e+00
4.217959880828857422e+00
9.621252059936523438e+00
7.049688720703125000e+01
1.570758152008056641e+01
6.076972007751464844e+00
2.474750213623046875e+02
6.690504150390625000e+02
8.580134391784667969e+00
3.437407732009887695e+00
3.820327281951904297e+00
1.630972290039062500e+02
3.018973350524902344e+00
1.051030731201171875e+01
1.905371856689453125e+02
1.777521324157714844e+01
5.157263793945312500e+02
7.312003173828125000e+02
1.389150695800781250e+02
1.394875407218933105e+00
2.731918144226074219e+01
